Timestamp,Exchange,Symbol,LTP,Open,High,Low,Close,Volume,VWAP,Best_Bid,Bid_Qty,Best_Ask,Ask_Qty,OI
2026-04-10T09:31:56.539,NC,COFORGE,1246.3,1271.0,1272.0,1238.1,1264.9,506542,1247.49,1245.9,161,1246.3,28,
2026-04-10T09:31:57.503,NC,COFORGE,1245.9,1271.0,1272.0,1238.1,1264.9,506742,1247.49,1245.8,69,1246.3,19,
2026-04-10T09:31:58.600,NC,COFORGE,1245.8,1271.0,1272.0,1238.1,1264.9,506793,1247.49,1245.8,19,1246.3,26,
2026-04-10T09:32:00.802,NC,COFORGE,1245.9,1271.0,1272.0,1238.1,1264.9,506803,1247.49,1245.6,1,1246.0,10,
2026-04-10T09:32:03.002,NC,COFORGE,1245.4,1271.0,1272.0,1238.1,1264.9,508003,1247.48,1245.5,222,1246.2,253,
2026-04-10T09:32:04.006,NC,COFORGE,1245.8,1271.0,1272.0,1238.1,1264.9,508005,1247.48,1245.4,244,1246.0,19,
2026-04-10T09:32:05.108,NC,COFORGE,1245.4,1271.0,1272.0,1238.1,1264.9,508250,1247.48,1245.4,368,1246.1,82,
2026-04-10T09:32:06.206,NC,COFORGE,1246.3,1271.0,1272.0,1238.1,1264.9,508564,1247.48,1245.9,10,1246.3,32,
2026-04-10T09:32:07.311,NC,COFORGE,1245.9,1271.0,1272.0,1238.1,1264.9,508624,1247.48,1245.9,130,1246.3,22,
2026-04-10T09:32:08.414,NC,COFORGE,1246.3,1271.0,1272.0,1238.1,1264.9,508681,1247.48,1246.2,390,1246.5,114,
2026-04-10T09:32:09.555,NC,COFORGE,1247.0,1271.0,1272.0,1238.1,1264.9,508943,1247.48,1246.3,210,1246.9,29,
2026-04-10T09:32:10.660,NC,COFORGE,1246.9,1271.0,1272.0,1238.1,1264.9,508946,1247.48,1246.2,114,1246.8,77,
2026-04-10T09:32:11.564,NC,COFORGE,1246.3,1271.0,1272.0,1238.1,1264.9,508953,1247.48,1246.3,155,1246.8,29,
2026-04-10T09:32:12.767,NC,COFORGE,1246.3,1271.0,1272.0,1238.1,1264.9,509054,1247.48,1246.3,219,1247.0,108,
2026-04-10T09:32:13.865,NC,COFORGE,1247.2,1271.0,1272.0,1238.1,1264.9,509326,1247.48,1246.4,25,1246.9,37,
2026-04-10T09:32:16.067,NC,COFORGE,1246.9,1271.0,1272.0,1238.1,1264.9,509327,1247.48,1246.3,58,1246.9,178,
2026-04-10T09:32:18.272,NC,COFORGE,1246.7,1271.0,1272.0,1238.1,1264.9,509714,1247.48,1246.3,195,1246.7,206,
2026-04-10T09:32:19.171,NC,COFORGE,1246.7,1271.0,1272.0,1238.1,1264.9,509726,1247.48,1246.3,195,1246.7,196,
2026-04-10T09:32:20.288,NC,COFORGE,1246.3,1271.0,1272.0,1238.1,1264.9,509921,1247.48,1246.2,1,1246.6,334,
2026-04-10T09:32:21.409,NC,COFORGE,1246.6,1271.0,1272.0,1238.1,1264.9,510185,1247.48,1246.2,1,1246.6,68,
2026-04-10T09:32:22.478,NC,COFORGE,1246.7,1271.0,1272.0,1238.1,1264.9,510390,1247.48,1246.3,19,1246.8,38,
2026-04-10T09:32:23.574,NC,COFORGE,1246.2,1271.0,1272.0,1238.1,1264.9,510420,1247.48,1246.3,57,1246.9,77,
2026-04-10T09:32:24.674,NC,COFORGE,1246.9,1271.0,1272.0,1238.1,1264.9,510425,1247.48,1246.3,25,1246.8,38,
2026-04-10T09:32:25.778,NC,COFORGE,1246.8,1271.0,1272.0,1238.1,1264.9,510730,1247.48,1247.0,60,1247.3,20,
2026-04-10T09:32:26.779,NC,COFORGE,1247.2,1271.0,1272.0,1238.1,1264.9,511032,1247.48,1247.1,2,1247.6,35,
2026-04-10T09:32:27.878,NC,COFORGE,1246.7,1271.0,1272.0,1238.1,1264.9,512032,1247.47,1247.2,42,1247.6,13,
2026-04-10T09:32:28.999,NC,COFORGE,1248.0,1271.0,1272.0,1238.1,1264.9,512387,1247.47,1247.3,340,1248.0,109,
2026-04-10T09:32:33.385,NC,COFORGE,1247.9,1271.0,1272.0,1238.1,1264.9,512655,1247.47,1247.3,44,1247.8,36,
2026-04-10T09:32:34.493,NC,COFORGE,1247.8,1271.0,1272.0,1238.1,1264.9,512755,1247.47,1247.3,25,1247.8,38,
2026-04-10T09:32:36.603,NC,COFORGE,1247.3,1271.0,1272.0,1238.1,1264.9,512757,1247.47,1247.3,24,1247.8,38,
2026-04-10T09:32:38.805,NC,COFORGE,1247.2,1271.0,1272.0,1238.1,1264.9,512857,1247.47,1247.2,97,1247.6,36,
2026-04-10T09:32:39.905,NC,COFORGE,1247.7,1271.0,1272.0,1238.1,1264.9,512907,1247.47,1247.2,97,1247.6,8,
2026-04-10T09:32:41.015,NC,COFORGE,1247.7,1271.0,1272.0,1238.1,1264.9,513174,1247.47,1247.1,25,1247.7,88,
2026-04-10T09:32:43.223,NC,COFORGE,1247.7,1271.0,1272.0,1238.1,1264.9,513175,1247.47,1247.3,25,1247.7,29,
2026-04-10T09:32:45.840,NC,COFORGE,1248.0,1271.0,1272.0,1238.1,1264.9,513226,1247.47,1247.3,46,1247.8,2,
2026-04-10T09:32:53.443,NC,COFORGE,1247.8,1271.0,1272.0,1238.1,1264.9,513359,1247.47,1247.8,26,1248.0,1126,
2026-04-10T09:33:00.869,NC,COFORGE,1248.3,1271.0,1272.0,1238.1,1264.9,514645,1247.48,1248.3,30,1248.6,84,
2026-04-10T09:33:08.382,NC,COFORGE,1248.6,1271.0,1272.0,1238.1,1264.9,514725,1247.48,1248.2,29,1248.5,248,
2026-04-10T09:33:16.167,NC,COFORGE,1249.1,1271.0,1272.0,1238.1,1264.9,515149,1247.48,1248.9,74,1249.6,140,
2026-04-10T09:33:23.682,NC,COFORGE,1250.0,1271.0,1272.0,1238.1,1264.9,515639,1247.48,1250.0,116,1250.5,35,
2026-04-10T09:33:31.118,NC,COFORGE,1250.0,1271.0,1272.0,1238.1,1264.9,517116,1247.49,1249.6,147,1250.0,27,
2026-04-10T09:33:38.420,NC,COFORGE,1250.0,1271.0,1272.0,1238.1,1264.9,517818,1247.49,1249.5,42,1250.0,91,
2026-04-10T09:33:44.218,NC,COFORGE,1250.0,1271.0,1272.0,1238.1,1264.9,518118,1247.49,1249.5,72,1250.0,119,
2026-04-10T09:33:45.321,NC,COFORGE,1250.4,1271.0,1272.0,1238.1,1264.9,518273,1247.49,1249.7,2,1250.3,234,
2026-04-10T09:33:46.445,NC,COFORGE,1249.6,1271.0,1272.0,1238.1,1264.9,518276,1247.49,1249.6,82,1250.1,35,
2026-04-10T09:33:47.534,NC,COFORGE,1250.0,1271.0,1272.0,1238.1,1264.9,518296,1247.49,1249.6,1,1250.0,29,
2026-04-10T09:33:48.622,NC,COFORGE,1250.0,1271.0,1272.0,1238.1,1264.9,518405,1247.49,1249.6,1,1250.0,31,
2026-04-10T09:33:49.626,NC,COFORGE,1250.0,1271.0,1272.0,1238.1,1264.9,518410,1247.49,1249.6,1,1250.0,22,
2026-04-10T09:33:50.757,NC,COFORGE,1250.0,1271.0,1272.0,1238.1,1264.9,518412,1247.49,1249.5,500,1250.0,20,
2026-04-10T09:33:52.934,NC,COFORGE,1250.0,1271.0,1272.0,1238.1,1264.9,518477,1247.49,1249.6,52,1250.0,62,
2026-04-10T09:33:55.142,NC,COFORGE,1250.0,1271.0,1272.0,1238.1,1264.9,519341,1247.5,1250.1,59,1250.6,79,
2026-04-10T09:33:56.246,NC,COFORGE,1250.6,1271.0,1272.0,1238.1,1264.9,519346,1247.5,1250.1,139,1250.6,109,
2026-04-10T09:33:58.382,NC,COFORGE,1250.2,1271.0,1272.0,1238.1,1264.9,519370,1247.5,1250.0,146,1250.4,120,
2026-04-10T09:33:59.445,NC,COFORGE,1250.2,1271.0,1272.0,1238.1,1264.9,519546,1247.5,1250.0,20,1250.2,163,
2026-04-10T09:34:00.545,NC,COFORGE,1250.3,1271.0,1272.0,1238.1,1264.9,520046,1247.5,1250.0,40,1250.3,159,
2026-04-10T09:34:01.644,NC,COFORGE,1250.3,1271.0,1272.0,1238.1,1264.9,520116,1247.5,1250.0,40,1250.3,52,
2026-04-10T09:34:02.742,NC,COFORGE,1249.3,1271.0,1272.0,1238.1,1264.9,521792,1247.51,1249.5,85,1250.2,175,
2026-04-10T09:34:03.844,NC,COFORGE,1250.1,1271.0,1272.0,1238.1,1264.9,521896,1247.51,1249.4,92,1250.1,47,
2026-04-10T09:34:04.856,NC,COFORGE,1250.2,1271.0,1272.0,1238.1,1264.9,522398,1247.51,1249.5,87,1250.2,141,
2026-04-10T09:34:07.052,NC,COFORGE,1249.9,1271.0,1272.0,1238.1,1264.9,522918,1247.51,1249.3,39,1249.9,220,
2026-04-10T09:34:08.148,NC,COFORGE,1249.9,1271.0,1272.0,1238.1,1264.9,522924,1247.51,1249.5,43,1250.1,202,
2026-04-10T09:34:09.275,NC,COFORGE,1250.1,1271.0,1272.0,1238.1,1264.9,523474,1247.52,1249.4,86,1250.1,50,
2026-04-10T09:34:10.355,NC,COFORGE,1249.3,1271.0,1272.0,1238.1,1264.9,523569,1247.52,1249.1,5,1249.6,278,
2026-04-10T09:34:11.466,NC,COFORGE,1249.5,1271.0,1272.0,1238.1,1264.9,523584,1247.52,1249.1,5,1249.5,170,
2026-04-10T09:34:12.458,NC,COFORGE,1249.5,1271.0,1272.0,1238.1,1264.9,523594,1247.52,1249.1,5,1249.5,130,
2026-04-10T09:34:13.556,NC,COFORGE,1249.5,1271.0,1272.0,1238.1,1264.9,523644,1247.52,1249.1,5,1249.5,104,
2026-04-10T09:34:14.657,NC,COFORGE,1249.8,1271.0,1272.0,1238.1,1264.9,523894,1247.52,1249.2,137,1249.8,38,
2026-04-10T09:34:15.770,NC,COFORGE,1250.0,1271.0,1272.0,1238.1,1264.9,524014,1247.52,1249.4,56,1250.0,42,
2026-04-10T09:34:16.877,NC,COFORGE,1249.4,1271.0,1272.0,1238.1,1264.9,524015,1247.52,1249.5,56,1250.0,42,
2026-04-10T09:34:19.073,NC,COFORGE,1249.9,1271.0,1272.0,1238.1,1264.9,524065,1247.52,1249.3,61,1249.8,54,
2026-04-10T09:34:21.177,NC,COFORGE,1249.8,1271.0,1272.0,1238.1,1264.9,524066,1247.52,1249.6,146,1249.8,31,
2026-04-10T09:34:22.295,NC,COFORGE,1249.6,1271.0,1272.0,1238.1,1264.9,524106,1247.52,1249.6,126,1249.8,11,
2026-04-10T09:34:23.374,NC,COFORGE,1250.0,1271.0,1272.0,1238.1,1264.9,524157,1247.52,1250.0,111,1250.2,3000,
2026-04-10T09:34:24.475,NC,COFORGE,1250.2,1271.0,1272.0,1238.1,1264.9,524172,1247.52,1250.0,77,1250.2,3020,
2026-04-10T09:34:25.578,NC,COFORGE,1250.0,1271.0,1272.0,1238.1,1264.9,524414,1247.52,1249.7,57,1250.0,4652,
2026-04-10T09:34:26.676,NC,COFORGE,1249.5,1271.0,1272.0,1238.1,1264.9,524424,1247.52,1249.5,29,1250.0,4686,
2026-04-10T09:34:27.678,NC,COFORGE,1249.8,1271.0,1272.0,1238.1,1264.9,524447,1247.52,1249.4,175,1249.8,204,
2026-04-10T09:34:28.781,NC,COFORGE,1249.8,1271.0,1272.0,1238.1,1264.9,524482,1247.52,1249.4,175,1249.8,105,
2026-04-10T09:34:30.886,NC,COFORGE,1249.8,1271.0,1272.0,1238.1,1264.9,524502,1247.52,1249.4,175,1249.8,32,
2026-04-10T09:34:31.986,NC,COFORGE,1249.5,1271.0,1272.0,1238.1,1264.9,524662,1247.52,1249.5,8,1250.0,4576,
2026-04-10T09:34:33.087,NC,COFORGE,1249.9,1271.0,1272.0,1238.1,1264.9,524743,1247.52,1249.4,100,1249.9,142,
2026-04-10T09:34:34.197,NC,COFORGE,1248.9,1271.0,1272.0,1238.1,1264.9,525564,1247.52,1249.0,114,1249.6,168,
2026-04-10T09:34:36.291,NC,COFORGE,1249.6,1271.0,1272.0,1238.1,1264.9,525614,1247.52,1249.0,186,1249.6,118,
2026-04-10T09:34:37.390,NC,COFORGE,1249.6,1271.0,1272.0,1238.1,1264.9,525634,1247.53,1249.0,209,1249.6,47,
2026-04-10T09:34:39.595,NC,COFORGE,1249.6,1271.0,1272.0,1238.1,1264.9,525664,1247.53,1249.2,70,1249.6,21,
2026-04-10T09:34:40.695,NC,COFORGE,1250.1,1271.0,1272.0,1238.1,1264.9,530265,1247.55,1250.1,28,1250.2,2985,
2026-04-10T09:34:46.107,NC,COFORGE,1250.2,1271.0,1272.0,1238.1,1264.9,534128,1247.57,1250.4,1,1250.9,84,
2026-04-10T09:34:53.735,NC,COFORGE,1250.7,1271.0,1272.0,1238.1,1264.9,534392,1247.57,1250.4,1,1250.6,47,
2026-04-10T09:35:01.238,NC,COFORGE,1250.6,1271.0,1272.0,1238.1,1264.9,535462,1247.57,1250.1,162,1250.8,182,
2026-04-10T09:35:08.838,NC,COFORGE,1250.8,1271.0,1272.0,1238.1,1264.9,536448,1247.58,1250.6,213,1250.8,1,
2026-04-10T09:35:16.451,NC,COFORGE,1251.1,1271.0,1272.0,1238.1,1264.9,536556,1247.58,1251.1,402,1251.7,1,
2026-04-10T09:35:24.280,NC,COFORGE,1251.2,1271.0,1272.0,1238.1,1264.9,537101,1247.58,1250.8,60,1251.2,38,
2026-04-10T09:35:31.973,NC,COFORGE,1250.8,1271.0,1272.0,1238.1,1264.9,539774,1247.6,1250.6,48,1251.2,71,
2026-04-10T09:35:39.785,NC,COFORGE,1251.2,1271.0,1272.0,1238.1,1264.9,539907,1247.6,1251.2,382,1251.9,63,
2026-04-10T09:35:47.196,NC,COFORGE,1250.8,1271.0,1272.0,1238.1,1264.9,544385,1247.63,1250.6,78,1250.8,24,
2026-04-10T09:35:54.651,NC,COFORGE,1250.4,1271.0,1272.0,1238.1,1264.9,544889,1247.63,1251.2,10,1251.6,142,
2026-04-10T09:36:01.860,NC,COFORGE,1251.6,1271.0,1272.0,1238.1,1264.9,545138,1247.64,1251.0,46,1251.6,71,
2026-04-10T09:36:09.129,NC,COFORGE,1251.0,1271.0,1272.0,1238.1,1264.9,545274,1247.64,1251.0,193,1251.4,24,
2026-04-10T09:36:16.347,NC,COFORGE,1252.0,1271.0,1272.0,1238.1,1264.9,545466,1247.64,1251.7,99,1252.0,998,
2026-04-10T09:36:23.850,NC,COFORGE,1252.0,1271.0,1272.0,1238.1,1264.9,545588,1247.64,1251.6,450,1252.0,1124,
2026-04-10T09:36:30.958,NC,COFORGE,1252.0,1271.0,1272.0,1238.1,1264.9,546931,1247.65,1252.0,53,1252.4,25,
2026-04-10T09:36:38.066,NC,COFORGE,1251.4,1271.0,1272.0,1238.1,1264.9,550516,1247.67,1250.8,306,1251.4,30,
2026-04-10T09:36:45.367,NC,COFORGE,1251.4,1271.0,1272.0,1238.1,1264.9,550774,1247.68,1251.1,34,1251.4,13,
2026-04-10T09:36:52.398,NC,COFORGE,1251.3,1271.0,1272.0,1238.1,1264.9,551278,1247.68,1251.0,40,1251.3,55,
2026-04-10T09:36:59.388,NC,COFORGE,1251.0,1271.0,1272.0,1238.1,1264.9,553249,1247.69,1251.0,100,1251.3,38,
2026-04-10T09:37:06.386,NC,COFORGE,1251.3,1271.0,1272.0,1238.1,1264.9,555925,1247.7,1251.0,100,1251.3,45,
2026-04-10T09:37:13.400,NC,COFORGE,1251.4,1271.0,1272.0,1238.1,1264.9,556196,1247.7,1251.4,254,1252.0,138,
2026-04-10T09:37:20.703,NC,COFORGE,1251.0,1271.0,1272.0,1238.1,1264.9,557986,1247.71,1250.3,24,1250.9,67,
2026-04-10T09:37:28.041,NC,COFORGE,1249.7,1271.0,1272.0,1238.1,1264.9,563307,1247.74,1249.0,67,1249.6,60,
2026-04-10T09:37:35.337,NC,COFORGE,1249.4,1271.0,1272.0,1238.1,1264.9,563399,1247.74,1249.4,244,1249.6,42,
2026-04-10T09:37:42.656,NC,COFORGE,1250.7,1271.0,1272.0,1238.1,1264.9,563835,1247.74,1250.0,102,1250.7,38,
2026-04-10T09:37:49.685,NC,COFORGE,1250.7,1271.0,1272.0,1238.1,1264.9,563895,1247.74,1249.8,54,1250.5,57,
2026-04-10T09:37:56.776,NC,COFORGE,1249.0,1271.0,1272.0,1238.1,1264.9,565943,1247.75,1249.0,451,1249.6,49,
2026-04-10T09:38:03.692,NC,COFORGE,1249.6,1271.0,1272.0,1238.1,1264.9,566212,1247.75,1249.2,207,1249.6,34,
2026-04-10T09:38:10.697,NC,COFORGE,1249.0,1271.0,1272.0,1238.1,1264.9,566551,1247.75,1249.0,234,1249.3,73,
2026-04-10T09:38:18.104,NC,COFORGE,1249.0,1271.0,1272.0,1238.1,1264.9,567604,1247.75,1248.5,226,1249.0,34,
2026-04-10T09:38:25.119,NC,COFORGE,1249.0,1271.0,1272.0,1238.1,1264.9,567901,1247.75,1248.5,100,1249.0,75,
2026-04-10T09:38:32.012,NC,COFORGE,1248.2,1271.0,1272.0,1238.1,1264.9,571208,1247.75,1248.0,190,1248.3,118,
2026-04-10T09:38:39.222,NC,COFORGE,1247.6,1271.0,1272.0,1238.1,1264.9,571838,1247.75,1247.0,862,1247.6,2,
2026-04-10T09:38:46.724,NC,COFORGE,1246.4,1271.0,1272.0,1238.1,1264.9,572908,1247.75,1246.3,500,1246.5,110,
2026-04-10T09:38:54.244,NC,COFORGE,1246.5,1271.0,1272.0,1238.1,1264.9,573607,1247.75,1246.5,65,1247.3,387,
2026-04-10T09:39:01.599,NC,COFORGE,1246.0,1271.0,1272.0,1238.1,1264.9,573773,1247.75,1246.0,6,1246.2,96,
2026-04-10T09:39:08.963,NC,COFORGE,1245.5,1271.0,1272.0,1238.1,1264.9,576344,1247.74,1245.1,151,1245.5,150,
2026-04-10T09:39:16.359,NC,COFORGE,1243.4,1271.0,1272.0,1238.1,1264.9,584541,1247.69,1243.4,200,1244.1,290,
2026-04-10T09:39:23.680,NC,COFORGE,1243.1,1271.0,1272.0,1238.1,1264.9,585240,1247.69,1242.6,61,1243.1,157,
2026-04-10T09:39:30.982,NC,COFORGE,1243.2,1271.0,1272.0,1238.1,1264.9,585725,1247.68,1242.7,100,1243.1,29,
2026-04-10T09:39:38.392,NC,COFORGE,1243.2,1271.0,1272.0,1238.1,1264.9,586982,1247.67,1243.3,87,1243.9,67,
2026-04-10T09:39:43.946,NC,COFORGE,1243.0,1271.0,1272.0,1238.1,1264.9,590498,1247.65,1242.8,25,1243.0,20,
2026-04-10T09:39:44.908,NC,COFORGE,1243.0,1271.0,1272.0,1238.1,1264.9,590684,1247.65,1242.8,5,1243.0,95,
2026-04-10T09:39:45.896,NC,COFORGE,1243.0,1271.0,1272.0,1238.1,1264.9,591432,1247.64,1243.0,1852,1243.2,4706,
2026-04-10T09:39:47.002,NC,COFORGE,1243.0,1271.0,1272.0,1238.1,1264.9,591532,1247.64,1243.0,1752,1243.2,4847,
2026-04-10T09:39:47.994,NC,COFORGE,1242.9,1271.0,1272.0,1238.1,1264.9,593337,1247.62,1242.7,18,1242.8,10,
2026-04-10T09:39:48.895,NC,COFORGE,1242.6,1271.0,1272.0,1238.1,1264.9,593436,1247.62,1242.6,35,1242.7,130,
2026-04-10T09:39:50.000,NC,COFORGE,1242.7,1271.0,1272.0,1238.1,1264.9,593456,1247.62,1242.6,35,1242.7,200,
2026-04-10T09:39:50.998,NC,COFORGE,1242.7,1271.0,1272.0,1238.1,1264.9,593458,1247.62,1242.6,35,1242.7,25,
2026-04-10T09:39:52.104,NC,COFORGE,1243.0,1271.0,1272.0,1238.1,1264.9,593558,1247.62,1242.6,46,1243.0,327,
2026-04-10T09:39:53.120,NC,COFORGE,1242.0,1271.0,1272.0,1238.1,1264.9,595058,1247.61,1242.2,87,1242.9,500,
2026-04-10T09:39:54.115,NC,COFORGE,1243.1,1271.0,1272.0,1238.1,1264.9,595150,1247.61,1242.7,86,1243.2,4706,
2026-04-10T09:39:56.129,NC,COFORGE,1243.0,1271.0,1272.0,1238.1,1264.9,595160,1247.61,1242.8,205,1243.2,4706,
2026-04-10T09:39:57.211,NC,COFORGE,1243.0,1271.0,1272.0,1238.1,1264.9,595165,1247.61,1243.0,5,1243.2,4706,
2026-04-10T09:39:58.319,NC,COFORGE,1243.2,1271.0,1272.0,1238.1,1264.9,595190,1247.61,1243.1,200,1243.2,4681,
2026-04-10T09:39:59.405,NC,COFORGE,1243.1,1271.0,1272.0,1238.1,1264.9,595250,1247.61,1243.1,163,1243.2,4698,
2026-04-10T09:40:00.520,NC,COFORGE,1243.3,1271.0,1272.0,1238.1,1264.9,600425,1247.57,1243.4,29,1244.0,76,
2026-04-10T09:40:01.632,NC,COFORGE,1243.2,1271.0,1272.0,1238.1,1264.9,600526,1247.57,1243.2,29,1243.8,124,
2026-04-10T09:40:03.812,NC,COFORGE,1243.2,1271.0,1272.0,1238.1,1264.9,600532,1247.57,1243.2,43,1243.7,71,
2026-04-10T09:40:04.913,NC,COFORGE,1243.2,1271.0,1272.0,1238.1,1264.9,600629,1247.57,1243.2,40,1243.7,27,
2026-04-10T09:40:07.118,NC,COFORGE,1243.7,1271.0,1272.0,1238.1,1264.9,600839,1247.57,1243.2,132,1243.7,17,
2026-04-10T09:40:09.318,NC,COFORGE,1242.9,1271.0,1272.0,1238.1,1264.9,602231,1247.56,1242.3,168,1243.0,75,
2026-04-10T09:40:10.319,NC,COFORGE,1243.1,1271.0,1272.0,1238.1,1264.9,602358,1247.56,1242.5,242,1243.1,38,
2026-04-10T09:40:11.422,NC,COFORGE,1243.3,1271.0,1272.0,1238.1,1264.9,602458,1247.56,1242.6,150,1243.0,74,
2026-04-10T09:40:13.627,NC,COFORGE,1242.8,1271.0,1272.0,1238.1,1264.9,602499,1247.56,1242.8,10,1243.0,187,
2026-04-10T09:40:14.729,NC,COFORGE,1242.6,1271.0,1272.0,1238.1,1264.9,603116,1247.55,1242.6,50,1242.9,23,
2026-04-10T09:40:15.828,NC,COFORGE,1242.6,1271.0,1272.0,1238.1,1264.9,603206,1247.55,1242.6,10,1242.9,61,
2026-04-10T09:40:16.931,NC,COFORGE,1242.9,1271.0,1272.0,1238.1,1264.9,603258,1247.55,1242.6,10,1242.9,87,
2026-04-10T09:40:17.848,NC,COFORGE,1243.0,1271.0,1272.0,1238.1,1264.9,603272,1247.55,1242.8,1,1243.0,263,
2026-04-10T09:40:18.941,NC,COFORGE,1242.6,1271.0,1272.0,1238.1,1264.9,603319,1247.55,1242.5,1,1242.6,4671,
2026-04-10T09:40:20.055,NC,COFORGE,1242.6,1271.0,1272.0,1238.1,1264.9,605364,1247.53,1242.2,47,1242.6,2666,
2026-04-10T09:40:23.354,NC,COFORGE,1242.6,1271.0,1272.0,1238.1,1264.9,605608,1247.53,1242.2,261,1242.6,2455,
2026-04-10T09:40:24.459,NC,COFORGE,1242.2,1271.0,1272.0,1238.1,1264.9,605761,1247.53,1242.2,45,1242.6,2456,
2026-04-10T09:40:25.574,NC,COFORGE,1242.2,1271.0,1272.0,1238.1,1264.9,605984,1247.53,1242.0,1202,1242.2,4,
2026-04-10T09:40:26.677,NC,COFORGE,1241.7,1271.0,1272.0,1238.1,1264.9,607927,1247.51,1241.6,2,1241.7,70,
2026-04-10T09:40:27.752,NC,COFORGE,1241.7,1271.0,1272.0,1238.1,1264.9,609196,1247.5,1241.5,40,1241.7,187,
2026-04-10T09:40:28.854,NC,COFORGE,1241.7,1271.0,1272.0,1238.1,1264.9,609366,1247.5,1241.5,7,1241.7,250,
2026-04-10T09:40:29.952,NC,COFORGE,1241.9,1271.0,1272.0,1238.1,1264.9,609867,1247.49,1241.3,20,1241.7,79,
2026-04-10T09:40:31.067,NC,COFORGE,1241.7,1271.0,1272.0,1238.1,1264.9,610131,1247.49,1241.3,20,1241.7,9,
2026-04-10T09:40:32.171,NC,COFORGE,1241.3,1271.0,1272.0,1238.1,1264.9,610136,1247.49,1241.3,15,1241.7,186,
2026-04-10T09:40:33.155,NC,COFORGE,1241.7,1271.0,1272.0,1238.1,1264.9,610157,1247.49,1241.3,15,1241.7,238,
2026-04-10T09:40:34.258,NC,COFORGE,1241.2,1271.0,1272.0,1238.1,1264.9,611576,1247.47,1241.2,108,1241.7,257,
2026-04-10T09:40:35.369,NC,COFORGE,1241.7,1271.0,1272.0,1238.1,1264.9,611680,1247.47,1241.6,153,1242.1,2,
2026-04-10T09:40:36.461,NC,COFORGE,1241.6,1271.0,1272.0,1238.1,1264.9,611695,1247.47,1241.6,143,1242.1,204,
2026-04-10T09:40:37.570,NC,COFORGE,1241.3,1271.0,1272.0,1238.1,1264.9,615801,1247.43,1241.0,78,1241.3,228,
2026-04-10T09:40:38.568,NC,COFORGE,1241.3,1271.0,1272.0,1238.1,1264.9,615915,1247.43,1241.0,78,1241.3,14,
2026-04-10T09:40:39.676,NC,COFORGE,1241.0,1271.0,1272.0,1238.1,1264.9,616003,1247.43,1240.8,15,1241.0,147,
2026-04-10T09:40:40.765,NC,COFORGE,1241.0,1271.0,1272.0,1238.1,1264.9,616271,1247.43,1241.0,82,1241.2,201,
2026-04-10T09:40:41.866,NC,COFORGE,1241.0,1271.0,1272.0,1238.1,1264.9,616603,1247.42,1240.8,15,1241.0,254,
2026-04-10T09:40:42.876,NC,COFORGE,1241.0,1271.0,1272.0,1238.1,1264.9,616613,1247.42,1240.8,15,1241.0,209,
2026-04-10T09:40:43.887,NC,COFORGE,1240.5,1271.0,1272.0,1238.1,1264.9,616763,1247.42,1240.5,269,1240.9,272,
2026-04-10T09:40:45.095,NC,COFORGE,1240.5,1271.0,1272.0,1238.1,1264.9,617015,1247.42,1240.5,64,1240.8,135,
2026-04-10T09:40:46.183,NC,COFORGE,1240.8,1271.0,1272.0,1238.1,1264.9,617093,1247.42,1240.5,14,1240.8,192,
2026-04-10T09:40:48.392,NC,COFORGE,1240.8,1271.0,1272.0,1238.1,1264.9,617193,1247.42,1240.5,19,1240.8,233,
2026-04-10T09:40:49.492,NC,COFORGE,1240.6,1271.0,1272.0,1238.1,1264.9,617557,1247.41,1240.3,6,1240.7,35,
2026-04-10T09:40:50.601,NC,COFORGE,1240.2,1271.0,1272.0,1238.1,1264.9,619017,1247.4,1240.1,269,1240.8,270,
2026-04-10T09:40:52.832,NC,COFORGE,1241.0,1271.0,1272.0,1238.1,1264.9,619206,1247.39,1240.6,164,1241.0,74,
2026-04-10T09:40:53.800,NC,COFORGE,1241.2,1271.0,1272.0,1238.1,1264.9,619406,1247.39,1240.6,27,1241.2,238,
2026-04-10T09:40:54.897,NC,COFORGE,1241.0,1271.0,1272.0,1238.1,1264.9,619409,1247.39,1240.5,256,1241.1,51,
2026-04-10T09:40:55.996,NC,COFORGE,1241.1,1271.0,1272.0,1238.1,1264.9,619459,1247.39,1240.5,140,1241.2,286,
2026-04-10T09:40:57.107,NC,COFORGE,1241.2,1271.0,1272.0,1238.1,1264.9,619469,1247.39,1241.0,550,1241.3,228,
2026-04-10T09:40:58.200,NC,COFORGE,1241.0,1271.0,1272.0,1238.1,1264.9,619669,1247.39,1241.0,365,1241.3,82,
2026-04-10T09:40:59.305,NC,COFORGE,1241.3,1271.0,1272.0,1238.1,1264.9,620119,1247.38,1241.1,1,1241.3,121,
2026-04-10T09:41:00.401,NC,COFORGE,1240.8,1271.0,1272.0,1238.1,1264.9,620444,1247.38,1240.8,234,1241.2,30,
2026-04-10T09:41:01.315,NC,COFORGE,1241.0,1271.0,1272.0,1238.1,1264.9,620448,1247.38,1240.8,101,1241.2,28,
2026-04-10T09:41:02.419,NC,COFORGE,1240.7,1271.0,1272.0,1238.1,1264.9,620770,1247.38,1241.0,50,1241.2,45,
2026-04-10T09:41:04.605,NC,COFORGE,1241.0,1271.0,1272.0,1238.1,1264.9,620844,1247.38,1241.0,6,1241.2,175,
2026-04-10T09:41:05.712,NC,COFORGE,1241.0,1271.0,1272.0,1238.1,1264.9,624152,1247.34,1240.4,239,1241.0,9,
2026-04-10T09:41:06.807,NC,COFORGE,1240.6,1271.0,1272.0,1238.1,1264.9,624202,1247.34,1240.5,196,1241.2,131,
2026-04-10T09:41:07.919,NC,COFORGE,1241.2,1271.0,1272.0,1238.1,1264.9,624403,1247.34,1240.6,151,1241.2,179,
2026-04-10T09:41:09.006,NC,COFORGE,1240.4,1271.0,1272.0,1238.1,1264.9,624553,1247.33,1240.5,27,1241.1,114,
2026-04-10T09:41:10.123,NC,COFORGE,1241.0,1271.0,1272.0,1238.1,1264.9,624619,1247.33,1241.0,974,1241.1,32,
2026-04-10T09:41:11.210,NC,COFORGE,1241.4,1271.0,1272.0,1238.1,1264.9,624849,1247.33,1241.0,974,1241.4,134,
2026-04-10T09:41:12.373,NC,COFORGE,1241.0,1271.0,1272.0,1238.1,1264.9,624898,1247.33,1241.0,1063,1241.6,44,
2026-04-10T09:41:13.421,NC,COFORGE,1241.0,1271.0,1272.0,1238.1,1264.9,625276,1247.33,1241.0,582,1241.4,267,
2026-04-10T09:41:14.514,NC,COFORGE,1241.0,1271.0,1272.0,1238.1,1264.9,625577,1247.32,1241.0,382,1241.4,161,
2026-04-10T09:41:15.521,NC,COFORGE,1241.4,1271.0,1272.0,1238.1,1264.9,625580,1247.32,1241.0,382,1241.2,284,
2026-04-10T09:41:16.533,NC,COFORGE,1240.8,1271.0,1272.0,1238.1,1264.9,626217,1247.32,1240.5,224,1240.8,198,
2026-04-10T09:41:17.629,NC,COFORGE,1240.8,1271.0,1272.0,1238.1,1264.9,626317,1247.32,1240.5,224,1240.8,282,
2026-04-10T09:41:18.730,NC,COFORGE,1240.8,1271.0,1272.0,1238.1,1264.9,627321,1247.31,1240.5,224,1240.7,65,
2026-04-10T09:41:19.830,NC,COFORGE,1240.5,1271.0,1272.0,1238.1,1264.9,627382,1247.31,1240.5,223,1240.7,164,
2026-04-10T09:41:20.933,NC,COFORGE,1240.8,1271.0,1272.0,1238.1,1264.9,627504,1247.3,1240.5,223,1240.9,54,
2026-04-10T09:41:22.047,NC,COFORGE,1240.5,1271.0,1272.0,1238.1,1264.9,628242,1247.3,1240.1,210,1240.5,4759,
2026-04-10T09:41:22.939,NC,COFORGE,1240.5,1271.0,1272.0,1238.1,1264.9,628771,1247.29,1240.0,12566,1240.5,4863,
2026-04-10T09:41:25.142,NC,COFORGE,1240.0,1271.0,1272.0,1238.1,1264.9,628806,1247.29,1240.0,12380,1240.5,5083,
2026-04-10T09:41:26.242,NC,COFORGE,1240.5,1271.0,1272.0,1238.1,1264.9,628856,1247.29,1240.0,12402,1240.4,137,
2026-04-10T09:41:27.350,NC,COFORGE,1239.5,1271.0,1272.0,1238.1,1264.9,642486,1247.13,1239.3,11,1239.5,136,
2026-04-10T09:41:28.447,NC,COFORGE,1240.0,1271.0,1272.0,1238.1,1264.9,642722,1247.13,1239.4,212,1239.9,35,
2026-04-10T09:41:29.564,NC,COFORGE,1240.0,1271.0,1272.0,1238.1,1264.9,642762,1247.13,1239.3,11,1239.8,291,
2026-04-10T09:41:30.644,NC,COFORGE,1239.3,1271.0,1272.0,1238.1,1264.9,643787,1247.12,1239.3,11,1239.7,3,
2026-04-10T09:41:31.742,NC,COFORGE,1239.2,1271.0,1272.0,1238.1,1264.9,643967,1247.12,1239.2,35,1239.7,258,
2026-04-10T09:41:32.848,NC,COFORGE,1239.6,1271.0,1272.0,1238.1,1264.9,644009,1247.12,1239.3,5,1239.6,309,
2026-04-10T09:41:33.953,NC,COFORGE,1239.1,1271.0,1272.0,1238.1,1264.9,644404,1247.11,1239.1,159,1239.6,173,
2026-04-10T09:41:35.067,NC,COFORGE,1239.6,1271.0,1272.0,1238.1,1264.9,644479,1247.11,1239.1,159,1239.6,223,
2026-04-10T09:41:36.163,NC,COFORGE,1239.6,1271.0,1272.0,1238.1,1264.9,644484,1247.11,1239.1,159,1239.6,255,
2026-04-10T09:41:37.260,NC,COFORGE,1239.2,1271.0,1272.0,1238.1,1264.9,644734,1247.11,1239.3,65,1239.6,2,
2026-04-10T09:41:38.264,NC,COFORGE,1239.9,1271.0,1272.0,1238.1,1264.9,644738,1247.11,1239.6,3,1239.9,178,
2026-04-10T09:41:39.377,NC,COFORGE,1239.6,1271.0,1272.0,1238.1,1264.9,644931,1247.11,1239.2,165,1239.6,45,
2026-04-10T09:41:40.472,NC,COFORGE,1239.2,1271.0,1272.0,1238.1,1264.9,645041,1247.1,1239.1,239,1239.6,176,
2026-04-10T09:41:41.570,NC,COFORGE,1239.6,1271.0,1272.0,1238.1,1264.9,645089,1247.1,1239.1,174,1239.6,316,
2026-04-10T09:41:42.671,NC,COFORGE,1239.6,1271.0,1272.0,1238.1,1264.9,645139,1247.1,1239.1,174,1239.6,492,
2026-04-10T09:41:43.770,NC,COFORGE,1239.2,1271.0,1272.0,1238.1,1264.9,645159,1247.1,1239.2,80,1239.3,300,
2026-04-10T09:41:44.971,NC,COFORGE,1239.0,1271.0,1272.0,1238.1,1264.9,646437,1247.09,1239.2,5,1239.3,327,
2026-04-10T09:41:45.989,NC,COFORGE,1239.3,1271.0,1272.0,1238.1,1264.9,646798,1247.08,1239.2,4,1239.3,37,
2026-04-10T09:41:47.078,NC,COFORGE,1239.6,1271.0,1272.0,1238.1,1264.9,647168,1247.08,1239.0,604,1239.2,5,
2026-04-10T09:41:48.178,NC,COFORGE,1239.6,1271.0,1272.0,1238.1,1264.9,647202,1247.08,1239.3,4,1239.6,322,
2026-04-10T09:41:49.313,NC,COFORGE,1239.7,1271.0,1272.0,1238.1,1264.9,647477,1247.07,1239.3,4,1239.8,302,
2026-04-10T09:41:50.379,NC,COFORGE,1239.7,1271.0,1272.0,1238.1,1264.9,647580,1247.07,1239.3,4,1239.6,30,
2026-04-10T09:41:53.382,NC,COFORGE,1239.2,1271.0,1272.0,1238.1,1264.9,648241,1247.07,1239.0,33,1239.2,236,
2026-04-10T09:41:54.491,NC,COFORGE,1238.7,1271.0,1272.0,1238.1,1264.9,649594,1247.05,1238.5,172,1238.6,40,
2026-04-10T09:41:55.689,NC,COFORGE,1238.5,1271.0,1272.0,1238.1,1264.9,649784,1247.05,1238.3,51,1238.6,125,
2026-04-10T09:41:56.682,NC,COFORGE,1238.6,1271.0,1272.0,1238.1,1264.9,650033,1247.04,1238.1,547,1238.6,38,
2026-04-10T09:41:57.883,NC,COFORGE,1238.7,1271.0,1272.0,1238.1,1264.9,650468,1247.04,1238.4,1,1238.7,1,
2026-04-10T09:41:58.798,NC,COFORGE,1238.9,1271.0,1272.0,1238.1,1264.9,650728,1247.03,1238.5,100,1238.9,118,
2026-04-10T09:41:59.987,NC,COFORGE,1238.9,1271.0,1272.0,1238.1,1264.9,651598,1247.02,1238.6,100,1238.9,30,
2026-04-10T09:42:01.089,NC,COFORGE,1238.5,1271.0,1272.0,1238.1,1264.9,652762,1247.01,1238.2,32,1238.5,8,
2026-04-10T09:42:02.198,NC,COFORGE,1238.5,1271.0,1272.0,1238.1,1264.9,652763,1247.01,1238.2,48,1238.5,60,
2026-04-10T09:42:03.298,NC,COFORGE,1239.3,1271.0,1272.0,1238.1,1264.9,653683,1247.0,1238.7,274,1239.3,38,
2026-04-10T09:42:04.300,NC,COFORGE,1238.4,1271.0,1272.0,1238.1,1264.9,653968,1246.99,1238.5,157,1239.1,74,
2026-04-10T09:42:05.520,NC,COFORGE,1238.9,1271.0,1272.0,1238.1,1264.9,654118,1246.99,1238.5,116,1239.0,139,
2026-04-10T09:42:06.398,NC,COFORGE,1239.0,1271.0,1272.0,1238.1,1264.9,654471,1246.99,1238.5,125,1239.0,121,
2026-04-10T09:42:07.500,NC,COFORGE,1239.0,1271.0,1272.0,1238.1,1264.9,654483,1246.99,1238.6,1,1239.0,180,
2026-04-10T09:42:08.513,NC,COFORGE,1239.0,1271.0,1272.0,1238.1,1264.9,654499,1246.99,1238.5,332,1239.0,166,
2026-04-10T09:42:09.720,NC,COFORGE,1238.9,1271.0,1272.0,1238.1,1264.9,654929,1246.98,1238.5,2,1239.0,242,
2026-04-10T09:42:10.726,NC,COFORGE,1238.5,1271.0,1272.0,1238.1,1264.9,654937,1246.98,1238.5,253,1239.0,122,
2026-04-10T09:42:11.821,NC,COFORGE,1239.0,1271.0,1272.0,1238.1,1264.9,655036,1246.98,1238.4,210,1239.0,352,
2026-04-10T09:42:13.023,NC,COFORGE,1238.3,1271.0,1272.0,1238.1,1264.9,655854,1246.97,1238.0,1557,1238.4,5295,
2026-04-10T09:42:13.912,NC,COFORGE,1238.4,1271.0,1272.0,1238.0,1264.9,656702,1246.96,1238.1,5,1238.4,5299,
2026-04-10T09:42:14.919,NC,COFORGE,1238.0,1271.0,1272.0,1238.0,1264.9,656827,1246.95,1238.0,916,1238.4,5147,
2026-04-10T09:42:16.019,NC,COFORGE,1238.4,1271.0,1272.0,1238.0,1264.9,657877,1246.94,1238.0,1041,1238.4,4022,
2026-04-10T09:42:17.132,NC,COFORGE,1238.4,1271.0,1272.0,1238.0,1264.9,658485,1246.93,1238.0,657,1238.4,3897,
2026-04-10T09:42:18.226,NC,COFORGE,1238.0,1271.0,1272.0,1238.0,1264.9,659118,1246.92,1237.9,1,1238.0,8,
2026-04-10T09:42:19.329,NC,COFORGE,1238.4,1271.0,1272.0,1238.0,1264.9,659343,1246.92,1238.0,25,1238.4,3945,
2026-04-10T09:42:20.429,NC,COFORGE,1237.8,1271.0,1272.0,1237.8,1264.9,659456,1246.92,1237.8,130,1238.4,3792,
2026-04-10T09:42:21.531,NC,COFORGE,1238.4,1271.0,1272.0,1237.8,1264.9,659628,1246.92,1237.9,29,1238.4,3753,
2026-04-10T09:42:22.729,NC,COFORGE,1238.4,1271.0,1272.0,1237.8,1264.9,659727,1246.92,1237.9,72,1238.4,3749,
2026-04-10T09:42:23.830,NC,COFORGE,1238.4,1271.0,1272.0,1237.8,1264.9,659985,1246.91,1238.0,1,1238.4,3858,
2026-04-10T09:42:24.849,NC,COFORGE,1238.0,1271.0,1272.0,1237.8,1264.9,659997,1246.91,1237.7,17,1238.0,8,
2026-04-10T09:42:25.849,NC,COFORGE,1238.4,1271.0,1272.0,1237.8,1264.9,660117,1246.91,1238.0,43,1238.4,3729,
2026-04-10T09:42:26.949,NC,COFORGE,1237.8,1271.0,1272.0,1237.8,1264.9,660173,1246.91,1237.8,22,1238.3,98,
2026-04-10T09:42:28.053,NC,COFORGE,1238.4,1271.0,1272.0,1237.8,1264.9,660225,1246.91,1237.9,54,1238.4,3612,
2026-04-10T09:42:29.279,NC,COFORGE,1238.4,1271.0,1272.0,1237.8,1264.9,664167,1246.86,1238.5,120,1238.9,10,
2026-04-10T09:42:30.354,NC,COFORGE,1238.5,1271.0,1272.0,1237.8,1264.9,664172,1246.86,1238.5,202,1238.9,10,
2026-04-10T09:42:32.562,NC,COFORGE,1238.9,1271.0,1272.0,1237.8,1264.9,664177,1246.86,1238.6,183,1238.9,12,
2026-04-10T09:42:33.665,NC,COFORGE,1238.9,1271.0,1272.0,1237.8,1264.9,664189,1246.86,1238.9,436,1239.0,380,
2026-04-10T09:42:34.582,NC,COFORGE,1238.9,1271.0,1272.0,1237.8,1264.9,664197,1246.86,1238.9,255,1239.0,380,
2026-04-10T09:42:37.776,NC,COFORGE,1239.0,1271.0,1272.0,1237.8,1264.9,664199,1246.86,1238.9,205,1239.0,637,
2026-04-10T09:42:38.889,NC,COFORGE,1238.9,1271.0,1272.0,1237.8,1264.9,664404,1246.86,1238.7,31,1238.8,509,
2026-04-10T09:42:39.978,NC,COFORGE,1238.5,1271.0,1272.0,1237.8,1264.9,664559,1246.85,1238.5,94,1238.8,429,
2026-04-10T09:42:41.187,NC,COFORGE,1238.4,1271.0,1272.0,1237.8,1264.9,664675,1246.85,1238.0,110,1238.4,478,
2026-04-10T09:42:42.342,NC,COFORGE,1238.0,1271.0,1272.0,1237.8,1264.9,665034,1246.85,1237.8,26,1238.0,215,
2026-04-10T09:42:43.383,NC,COFORGE,1237.8,1271.0,1272.0,1237.6,1264.9,665436,1246.84,1237.5,5,1237.8,187,
2026-04-10T09:42:44.585,NC,COFORGE,1237.8,1271.0,1272.0,1237.6,1264.9,665463,1246.84,1237.5,5,1237.8,212,
2026-04-10T09:42:45.489,NC,COFORGE,1237.4,1271.0,1272.0,1237.1,1264.9,665533,1246.84,1237.1,636,1237.4,5,
2026-04-10T09:42:47.520,NC,COFORGE,1237.4,1271.0,1272.0,1237.1,1264.9,665545,1246.84,1237.1,805,1237.4,36,
2026-04-10T09:42:48.500,NC,COFORGE,1237.5,1271.0,1272.0,1237.1,1264.9,665678,1246.84,1237.1,619,1237.5,4691,
2026-04-10T09:42:49.515,NC,COFORGE,1237.4,1271.0,1272.0,1237.1,1264.9,665718,1246.84,1237.4,560,1237.5,4702,
2026-04-10T09:42:50.622,NC,COFORGE,1237.1,1271.0,1272.0,1236.8,1264.9,672523,1246.74,1237.1,29,1237.4,375,
2026-04-10T09:42:51.716,NC,COFORGE,1237.0,1271.0,1272.0,1236.5,1264.9,672730,1246.74,1237.0,69,1237.4,484,
2026-04-10T09:42:52.821,NC,COFORGE,1237.4,1271.0,1272.0,1236.5,1264.9,672777,1246.74,1237.0,269,1237.4,329,
2026-04-10T09:42:53.924,NC,COFORGE,1237.3,1271.0,1272.0,1236.1,1264.9,673936,1246.72,1236.5,18,1237.1,72,
2026-04-10T09:42:54.918,NC,COFORGE,1236.5,1271.0,1272.0,1236.1,1264.9,673981,1246.72,1236.1,104,1236.6,23,
2026-04-10T09:42:57.171,NC,COFORGE,1236.6,1271.0,1272.0,1236.1,1264.9,674181,1246.72,1236.4,235,1237.1,44,
2026-04-10T09:42:58.226,NC,COFORGE,1236.6,1271.0,1272.0,1236.1,1264.9,674262,1246.71,1236.6,65,1237.2,363,
2026-04-10T09:42:59.334,NC,COFORGE,1236.5,1271.0,1272.0,1236.0,1264.9,674745,1246.71,1236.3,32,1236.9,68,
2026-04-10T09:43:00.481,NC,COFORGE,1235.5,1271.0,1272.0,1235.5,1264.9,676474,1246.68,1235.8,32,1236.4,438,
2026-04-10T09:43:01.352,NC,COFORGE,1236.7,1271.0,1272.0,1235.5,1264.9,677550,1246.66,1236.3,107,1237.0,521,
2026-04-10T09:43:02.538,NC,COFORGE,1236.1,1271.0,1272.0,1235.5,1264.9,678045,1246.66,1236.0,107,1236.6,132,
2026-04-10T09:43:03.641,NC,COFORGE,1236.5,1271.0,1272.0,1235.5,1264.9,678270,1246.65,1236.1,32,1236.5,48,
2026-04-10T09:43:04.748,NC,COFORGE,1236.5,1271.0,1272.0,1235.5,1264.9,678295,1246.65,1236.0,152,1236.5,2,
2026-04-10T09:43:05.848,NC,COFORGE,1236.8,1271.0,1272.0,1235.5,1264.9,678306,1246.65,1236.5,99,1236.9,7,
2026-04-10T09:43:06.944,NC,COFORGE,1235.1,1271.0,1272.0,1235.0,1264.9,685682,1246.53,1235.0,2283,1235.3,409,
2026-04-10T09:43:08.059,NC,COFORGE,1235.5,1271.0,1272.0,1235.0,1264.9,689910,1246.46,1235.5,126,1236.0,114,
2026-04-10T09:43:09.046,NC,COFORGE,1236.0,1271.0,1272.0,1235.0,1264.9,689950,1246.46,1235.5,33,1236.0,297,
2026-04-10T09:43:10.155,NC,COFORGE,1234.8,1271.0,1272.0,1234.4,1264.9,694318,1246.38,1234.6,80,1235.0,45,
2026-04-10T09:43:11.258,NC,COFORGE,1235.2,1271.0,1272.0,1234.4,1264.9,694759,1246.38,1235.1,80,1235.8,380,
2026-04-10T09:43:12.371,NC,COFORGE,1235.0,1271.0,1272.0,1234.4,1264.9,694774,1246.38,1234.4,2034,1234.9,52,
2026-04-10T09:43:13.455,NC,COFORGE,1235.0,1271.0,1272.0,1234.4,1264.9,696224,1246.35,1235.0,223,1235.6,150,
2026-04-10T09:43:14.563,NC,COFORGE,1235.0,1271.0,1272.0,1234.4,1264.9,696625,1246.35,1234.7,80,1235.0,174,
2026-04-10T09:43:15.618,NC,COFORGE,1235.0,1271.0,1272.0,1234.4,1264.9,696691,1246.34,1234.4,1753,1235.0,186,
2026-04-10T09:43:16.661,NC,COFORGE,1234.9,1271.0,1272.0,1234.4,1264.9,696822,1246.34,1234.4,1621,1234.9,606,
2026-04-10T09:43:17.772,NC,COFORGE,1234.4,1271.0,1272.0,1234.4,1264.9,697001,1246.34,1234.4,1620,1234.8,265,
2026-04-10T09:43:18.867,NC,COFORGE,1234.0,1271.0,1272.0,1234.0,1264.9,699136,1246.3,1234.0,1792,1234.2,89,
2026-04-10T09:43:19.985,NC,COFORGE,1233.9,1271.0,1272.0,1233.4,1264.9,701796,1246.26,1233.4,111,1233.9,337,
2026-04-10T09:43:21.129,NC,COFORGE,1233.5,1271.0,1272.0,1231.8,1264.9,712041,1246.06,1233.5,175,1233.9,106,
2026-04-10T09:43:22.179,NC,COFORGE,1233.9,1271.0,1272.0,1231.8,1264.9,712044,1246.06,1233.5,175,1233.9,105,
2026-04-10T09:43:23.280,NC,COFORGE,1234.0,1271.0,1272.0,1231.8,1264.9,712973,1246.04,1233.9,20,1234.0,220,
2026-04-10T09:43:24.372,NC,COFORGE,1233.9,1271.0,1272.0,1231.8,1264.9,713132,1246.04,1233.5,500,1233.8,375,
2026-04-10T09:43:25.485,NC,COFORGE,1233.1,1271.0,1272.0,1231.8,1264.9,713830,1246.02,1233.1,182,1233.7,258,
2026-04-10T09:43:26.579,NC,COFORGE,1233.1,1271.0,1272.0,1231.8,1264.9,713895,1246.02,1233.2,121,1233.7,64,
2026-04-10T09:43:27.682,NC,COFORGE,1233.5,1271.0,1272.0,1231.8,1264.9,714220,1246.02,1233.0,1,1233.3,78,
2026-04-10T09:43:28.792,NC,COFORGE,1233.1,1271.0,1272.0,1231.8,1264.9,714558,1246.01,1232.5,34,1233.1,37,
2026-04-10T09:43:29.791,NC,COFORGE,1233.5,1271.0,1272.0,1231.8,1264.9,714770,1246.01,1232.7,220,1233.1,24,
2026-04-10T09:43:30.898,NC,COFORGE,1232.4,1271.0,1272.0,1231.8,1264.9,715123,1246.0,1232.5,78,1232.9,1470,
2026-04-10T09:43:31.998,NC,COFORGE,1232.6,1271.0,1272.0,1231.8,1264.9,716787,1245.97,1232.2,34,1232.6,386,
2026-04-10T09:43:33.086,NC,COFORGE,1232.6,1271.0,1272.0,1231.8,1264.9,716815,1245.97,1232.0,273,1232.6,649,
2026-04-10T09:43:34.194,NC,COFORGE,1232.1,1271.0,1272.0,1231.8,1264.9,717015,1245.97,1232.1,168,1232.6,560,
2026-04-10T09:43:35.298,NC,COFORGE,1232.1,1271.0,1272.0,1231.8,1264.9,717406,1245.96,1232.2,233,1232.6,251,
2026-04-10T09:43:36.302,NC,COFORGE,1232.1,1271.0,1272.0,1231.8,1264.9,717751,1245.95,1232.1,121,1232.4,286,
2026-04-10T09:43:37.334,NC,COFORGE,1233.4,1271.0,1272.0,1231.8,1264.9,718936,1245.93,1233.4,181,1233.8,361,
2026-04-10T09:43:38.312,NC,COFORGE,1233.8,1271.0,1272.0,1231.8,1264.9,719014,1245.93,1233.3,56,1233.8,333,
2026-04-10T09:43:39.392,NC,COFORGE,1233.6,1271.0,1272.0,1231.8,1264.9,719514,1245.92,1233.5,109,1233.9,2,
2026-04-10T09:43:40.504,NC,COFORGE,1233.4,1271.0,1272.0,1231.8,1264.9,719660,1245.92,1233.4,59,1233.8,375,
2026-04-10T09:43:41.609,NC,COFORGE,1233.6,1271.0,1272.0,1231.8,1264.9,720162,1245.91,1233.6,101,1233.8,402,
2026-04-10T09:43:42.724,NC,COFORGE,1234.0,1271.0,1272.0,1231.8,1264.9,720573,1245.9,1234.1,137,1234.4,22,
2026-04-10T09:43:44.014,NC,COFORGE,1234.9,1271.0,1272.0,1231.8,1264.9,721074,1245.89,1234.3,143,1234.9,62,
2026-04-10T09:43:45.110,NC,COFORGE,1235.0,1271.0,1272.0,1231.8,1264.9,721396,1245.89,1234.5,152,1235.0,2,
2026-04-10T09:43:46.213,NC,COFORGE,1235.1,1271.0,1272.0,1231.8,1264.9,721416,1245.89,1234.8,72,1235.3,56,
2026-04-10T09:43:47.221,NC,COFORGE,1235.3,1271.0,1272.0,1231.8,1264.9,721426,1245.89,1234.8,238,1235.3,73,
2026-04-10T09:43:48.314,NC,COFORGE,1235.0,1271.0,1272.0,1231.8,1264.9,721474,1245.89,1234.4,1,1234.8,305,
2026-04-10T09:43:49.423,NC,COFORGE,1234.2,1271.0,1272.0,1231.8,1264.9,721557,1245.89,1234.3,34,1234.8,99,
2026-04-10T09:43:50.429,NC,COFORGE,1234.2,1271.0,1272.0,1231.8,1264.9,722387,1245.87,1234.0,538,1234.2,4687,
2026-04-10T09:43:51.421,NC,COFORGE,1234.0,1271.0,1272.0,1231.8,1264.9,722619,1245.87,1234.0,350,1234.2,4680,
2026-04-10T09:43:52.527,NC,COFORGE,1234.2,1271.0,1272.0,1231.8,1264.9,722724,1245.87,1234.0,350,1234.2,4575,
2026-04-10T09:43:53.641,NC,COFORGE,1234.2,1271.0,1272.0,1231.8,1264.9,722824,1245.87,1234.0,350,1234.2,4975,
2026-04-10T09:43:54.623,NC,COFORGE,1234.2,1271.0,1272.0,1231.8,1264.9,722879,1245.87,1234.0,440,1234.2,4960,
2026-04-10T09:43:55.804,NC,COFORGE,1234.2,1271.0,1272.0,1231.8,1264.9,723316,1245.86,1234.0,492,1234.2,4523,
2026-04-10T09:43:57.003,NC,COFORGE,1234.2,1271.0,1272.0,1231.8,1264.9,723691,1245.85,1234.1,35,1234.2,4348,
2026-04-10T09:43:58.005,NC,COFORGE,1234.2,1271.0,1272.0,1231.8,1264.9,723703,1245.85,1234.1,35,1234.2,4336,
2026-04-10T09:43:59.106,NC,COFORGE,1234.2,1271.0,1272.0,1231.8,1264.9,723725,1245.85,1234.1,35,1234.2,4436,
2026-04-10T09:44:00.024,NC,COFORGE,1234.2,1271.0,1272.0,1231.8,1264.9,723935,1245.85,1234.0,1616,1234.2,4226,
2026-04-10T09:44:01.108,NC,COFORGE,1234.0,1271.0,1272.0,1231.8,1264.9,724525,1245.84,1234.1,35,1234.2,3703,
2026-04-10T09:44:02.259,NC,COFORGE,1235.0,1271.0,1272.0,1231.8,1264.9,728233,1245.78,1234.7,220,1235.0,89,
2026-04-10T09:44:03.315,NC,COFORGE,1235.0,1271.0,1272.0,1231.8,1264.9,728235,1245.78,1234.8,256,1235.0,87,
2026-04-10T09:44:04.414,NC,COFORGE,1235.4,1271.0,1272.0,1231.8,1264.9,729281,1245.76,1234.7,36,1235.3,585,
2026-04-10T09:44:05.411,NC,COFORGE,1234.2,1271.0,1272.0,1231.8,1264.9,730081,1245.75,1234.3,136,1234.9,94,
2026-04-10T09:44:06.415,NC,COFORGE,1234.9,1271.0,1272.0,1231.8,1264.9,730130,1245.75,1234.6,288,1234.9,16,
2026-04-10T09:44:07.423,NC,COFORGE,1235.1,1271.0,1272.0,1231.8,1264.9,730263,1245.75,1234.5,104,1235.2,345,
2026-04-10T09:44:08.413,NC,COFORGE,1235.2,1271.0,1272.0,1231.8,1264.9,730447,1245.75,1235.0,60,1235.2,10,
2026-04-10T09:44:09.529,NC,COFORGE,1234.3,1271.0,1272.0,1231.8,1264.9,732011,1245.72,1234.2,35,1234.9,644,
2026-04-10T09:44:10.526,NC,COFORGE,1234.9,1271.0,1272.0,1231.8,1264.9,732041,1245.72,1234.1,155,1234.9,614,
2026-04-10T09:44:11.520,NC,COFORGE,1234.8,1271.0,1272.0,1231.8,1264.9,732177,1245.72,1234.1,1,1234.8,124,
2026-04-10T09:44:12.468,NC,COFORGE,1233.8,1271.0,1272.0,1231.8,1264.9,734202,1245.69,1233.6,62,1233.8,115,
2026-04-10T09:44:13.527,NC,COFORGE,1233.6,1271.0,1272.0,1231.8,1264.9,734640,1245.68,1233.6,61,1234.0,57,
2026-04-10T09:44:14.626,NC,COFORGE,1234.0,1271.0,1272.0,1231.8,1264.9,734896,1245.68,1233.6,31,1234.0,8,
2026-04-10T09:44:15.824,NC,COFORGE,1234.0,1271.0,1272.0,1231.8,1264.9,735052,1245.68,1233.8,267,1234.1,2,
2026-04-10T09:44:16.924,NC,COFORGE,1234.0,1271.0,1272.0,1231.8,1264.9,735472,1245.67,1233.6,1,1234.3,429,
2026-04-10T09:44:18.024,NC,COFORGE,1233.6,1271.0,1272.0,1231.8,1264.9,735554,1245.67,1233.6,1,1233.8,8,
2026-04-10T09:44:19.135,NC,COFORGE,1233.6,1271.0,1272.0,1231.8,1264.9,736566,1245.65,1233.2,205,1233.6,47,
2026-04-10T09:44:20.027,NC,COFORGE,1233.2,1271.0,1272.0,1231.8,1264.9,736953,1245.64,1233.0,600,1233.1,253,
2026-04-10T09:44:21.026,NC,COFORGE,1233.0,1271.0,1272.0,1231.8,1264.9,737313,1245.64,1233.0,346,1233.1,197,
2026-04-10T09:44:22.128,NC,COFORGE,1233.1,1271.0,1272.0,1231.8,1264.9,737510,1245.64,1233.3,201,1234.0,111,
2026-04-10T09:44:23.232,NC,COFORGE,1234.2,1271.0,1272.0,1231.8,1264.9,737660,1245.63,1233.6,267,1234.2,40,
2026-04-10T09:44:24.231,NC,COFORGE,1234.2,1271.0,1272.0,1231.8,1264.9,737671,1245.63,1233.7,249,1234.2,29,
2026-04-10T09:44:25.336,NC,COFORGE,1234.5,1271.0,1272.0,1231.8,1264.9,737821,1245.63,1233.9,35,1234.6,96,
2026-04-10T09:44:26.430,NC,COFORGE,1234.1,1271.0,1272.0,1231.8,1264.9,737826,1245.63,1234.1,30,1234.6,75,
2026-04-10T09:44:27.529,NC,COFORGE,1234.1,1271.0,1272.0,1231.8,1264.9,737843,1245.63,1234.1,58,1234.6,68,
2026-04-10T09:44:28.629,NC,COFORGE,1234.1,1271.0,1272.0,1231.8,1264.9,737862,1245.63,1234.0,63,1234.6,320,
2026-04-10T09:44:29.738,NC,COFORGE,1233.9,1271.0,1272.0,1231.8,1264.9,737873,1245.63,1234.0,68,1234.6,68,
2026-04-10T09:44:31.930,NC,COFORGE,1234.4,1271.0,1272.0,1231.8,1264.9,737898,1245.63,1233.7,123,1234.4,1119,
2026-04-10T09:44:33.041,NC,COFORGE,1234.0,1271.0,1272.0,1231.8,1264.9,737899,1245.63,1233.4,137,1234.0,909,
2026-04-10T09:44:33.934,NC,COFORGE,1234.0,1271.0,1272.0,1231.8,1264.9,737952,1245.63,1233.3,111,1233.7,1231,
2026-04-10T09:44:35.037,NC,COFORGE,1233.7,1271.0,1272.0,1231.8,1264.9,737960,1245.63,1233.3,1,1233.7,1275,
2026-04-10T09:44:36.146,NC,COFORGE,1233.4,1271.0,1272.0,1231.8,1264.9,738130,1245.63,1233.1,81,1233.4,806,
2026-04-10T09:44:37.242,NC,COFORGE,1233.3,1271.0,1272.0,1231.8,1264.9,740187,1245.59,1233.1,5,1233.3,4665,
2026-04-10T09:44:38.337,NC,COFORGE,1232.0,1271.0,1272.0,1231.8,1264.9,742347,1245.55,1231.8,18,1232.3,75,
2026-04-10T09:44:39.437,NC,COFORGE,1231.8,1271.0,1272.0,1231.8,1264.9,742409,1245.55,1231.8,17,1232.4,8,
2026-04-10T09:44:40.543,NC,COFORGE,1232.0,1271.0,1272.0,1231.7,1264.9,742998,1245.54,1231.6,27,1232.0,8,
2026-04-10T09:44:41.453,NC,COFORGE,1231.6,1271.0,1272.0,1231.2,1264.9,743424,1245.53,1231.4,76,1231.6,2,
2026-04-10T09:44:42.542,NC,COFORGE,1232.5,1271.0,1272.0,1231.2,1264.9,743597,1245.53,1232.0,5,1232.5,347,
2026-04-10T09:44:43.644,NC,COFORGE,1231.8,1271.0,1272.0,1231.2,1264.9,743662,1245.53,1231.8,155,1232.4,443,
2026-04-10T09:44:45.199,NC,COFORGE,1231.4,1271.0,1272.0,1231.2,1264.9,743863,1245.52,1231.4,37,1231.8,291,
2026-04-10T09:44:46.107,NC,COFORGE,1231.4,1271.0,1272.0,1231.2,1264.9,743883,1245.52,1231.4,17,1231.8,419,
2026-04-10T09:44:47.120,NC,COFORGE,1231.8,1271.0,1272.0,1231.2,1264.9,744049,1245.52,1231.4,18,1231.6,5,
2026-04-10T09:44:48.027,NC,COFORGE,1231.0,1271.0,1272.0,1231.0,1264.9,744631,1245.51,1231.0,497,1231.6,227,
2026-04-10T09:44:49.018,NC,COFORGE,1231.5,1271.0,1272.0,1231.0,1264.9,744872,1245.5,1231.2,1,1231.4,35,
2026-04-10T09:44:50.137,NC,COFORGE,1231.2,1271.0,1272.0,1230.6,1264.9,745474,1245.49,1230.7,76,1231.2,1,
2026-04-10T09:44:51.218,NC,COFORGE,1231.2,1271.0,1272.0,1230.6,1264.9,745544,1245.49,1230.8,46,1231.2,13,
2026-04-10T09:44:53.426,NC,COFORGE,1231.2,1271.0,1272.0,1230.6,1264.9,746066,1245.48,1231.0,100,1231.2,310,
2026-04-10T09:44:54.537,NC,COFORGE,1231.0,1271.0,1272.0,1230.6,1264.9,746743,1245.47,1230.8,100,1231.1,1000,
2026-04-10T09:44:55.626,NC,COFORGE,1231.1,1271.0,1272.0,1230.6,1264.9,746785,1245.47,1231.0,6,1231.1,986,
2026-04-10T09:44:56.625,NC,COFORGE,1231.1,1271.0,1272.0,1230.6,1264.9,746854,1245.47,1230.9,35,1231.1,956,
2026-04-10T09:44:57.627,NC,COFORGE,1231.1,1271.0,1272.0,1230.6,1264.9,746879,1245.46,1231.0,1000,1231.1,931,
2026-04-10T09:44:58.727,NC,COFORGE,1231.2,1271.0,1272.0,1230.6,1264.9,748195,1245.44,1231.4,201,1231.5,7,
2026-04-10T09:44:59.732,NC,COFORGE,1231.5,1271.0,1272.0,1230.6,1264.9,748213,1245.44,1231.4,246,1231.5,6,
2026-04-10T09:45:00.833,NC,COFORGE,1231.2,1271.0,1272.0,1230.6,1264.9,750880,1245.39,1231.2,10,1231.4,257,
2026-04-10T09:45:01.934,NC,COFORGE,1231.4,1271.0,1272.0,1230.6,1264.9,750890,1245.39,1231.2,100,1231.4,273,
2026-04-10T09:45:03.029,NC,COFORGE,1230.5,1271.0,1272.0,1230.5,1264.9,751730,1245.37,1230.5,269,1230.8,6,
2026-04-10T09:45:04.138,NC,COFORGE,1230.9,1271.0,1272.0,1230.5,1264.9,751835,1245.37,1230.9,94,1231.2,276,
2026-04-10T09:45:05.232,NC,COFORGE,1231.5,1271.0,1272.0,1230.5,1264.9,754068,1245.33,1231.4,103,1231.9,370,
2026-04-10T09:45:06.350,NC,COFORGE,1231.4,1271.0,1272.0,1230.5,1264.9,754263,1245.33,1231.6,35,1231.9,370,
2026-04-10T09:45:07.440,NC,COFORGE,1231.9,1271.0,1272.0,1230.5,1264.9,754273,1245.33,1231.5,95,1231.9,387,
2026-04-10T09:45:08.538,NC,COFORGE,1231.4,1271.0,1272.0,1230.5,1264.9,754316,1245.32,1231.3,90,1231.9,387,
2026-04-10T09:45:09.537,NC,COFORGE,1231.3,1271.0,1272.0,1230.5,1264.9,754357,1245.32,1231.4,103,1231.9,366,
2026-04-10T09:45:10.541,NC,COFORGE,1231.9,1271.0,1272.0,1230.5,1264.9,754369,1245.32,1231.5,5,1231.9,364,
2026-04-10T09:45:11.662,NC,COFORGE,1231.3,1271.0,1272.0,1230.5,1264.9,754409,1245.32,1231.3,223,1231.9,364,
2026-04-10T09:45:12.742,NC,COFORGE,1231.5,1271.0,1272.0,1230.5,1264.9,755461,1245.3,1231.0,418,1231.5,15,
2026-04-10T09:45:13.846,NC,COFORGE,1231.5,1271.0,1272.0,1230.5,1264.9,755466,1245.3,1231.4,10,1231.5,10,
2026-04-10T09:45:14.943,NC,COFORGE,1230.9,1271.0,1272.0,1230.5,1264.9,756809,1245.28,1230.9,8,1231.0,8,
2026-04-10T09:45:15.960,NC,COFORGE,1231.0,1271.0,1272.0,1230.5,1264.9,757190,1245.27,1230.6,270,1231.0,7,
2026-04-10T09:45:17.062,NC,COFORGE,1231.0,1271.0,1272.0,1230.5,1264.9,757262,1245.27,1230.6,49,1231.0,3,
2026-04-10T09:45:18.161,NC,COFORGE,1231.4,1271.0,1272.0,1230.5,1264.9,757834,1245.26,1230.7,2,1231.3,110,
2026-04-10T09:45:19.254,NC,COFORGE,1230.8,1271.0,1272.0,1230.5,1264.9,758484,1245.25,1230.4,25,1230.8,58,
2026-04-10T09:45:20.364,NC,COFORGE,1230.8,1271.0,1272.0,1230.5,1264.9,758509,1245.25,1230.4,25,1230.8,12,
2026-04-10T09:45:21.456,NC,COFORGE,1230.8,1271.0,1272.0,1230.3,1264.9,759095,1245.23,1230.3,6,1230.7,19,
2026-04-10T09:45:23.461,NC,COFORGE,1229.9,1271.0,1272.0,1229.4,1264.9,768866,1245.04,1229.5,58,1229.9,2,
2026-04-10T09:45:24.579,NC,COFORGE,1229.7,1271.0,1272.0,1228.6,1264.9,770107,1245.01,1229.1,15,1229.7,361,
2026-04-10T09:45:25.663,NC,COFORGE,1228.9,1271.0,1272.0,1228.5,1264.9,771035,1244.99,1228.6,37,1229.3,270,
2026-04-10T09:45:26.769,NC,COFORGE,1228.0,1271.0,1272.0,1228.0,1264.9,771418,1244.99,1228.0,81,1228.5,43,
2026-04-10T09:45:27.879,NC,COFORGE,1229.4,1271.0,1272.0,1228.0,1264.9,773157,1244.95,1228.8,34,1229.4,65,
2026-04-10T09:45:28.975,NC,COFORGE,1228.8,1271.0,1272.0,1228.0,1264.9,773386,1244.94,1228.1,10,1228.8,148,
2026-04-10T09:45:29.982,NC,COFORGE,1228.1,1271.0,1272.0,1228.0,1264.9,775966,1244.89,1227.9,100,1228.6,51,
2026-04-10T09:45:30.883,NC,COFORGE,1228.1,1271.0,1272.0,1228.0,1264.9,776017,1244.89,1228.0,52,1228.1,1531,
2026-04-10T09:45:31.988,NC,COFORGE,1228.1,1271.0,1272.0,1227.9,1264.9,776092,1244.89,1227.9,86,1228.1,1523,
2026-04-10T09:45:33.088,NC,COFORGE,1228.1,1271.0,1272.0,1227.9,1264.9,776110,1244.89,1228.0,50,1228.1,1520,
2026-04-10T09:45:34.198,NC,COFORGE,1226.7,1271.0,1272.0,1226.7,1264.9,779825,1244.8,1227.4,81,1227.8,826,
2026-04-10T09:45:35.308,NC,COFORGE,1227.2,1271.0,1272.0,1226.6,1264.9,783632,1244.72,1227.2,55,1227.8,44,
2026-04-10T09:45:36.400,NC,COFORGE,1228.4,1271.0,1272.0,1226.6,1264.9,785028,1244.69,1228.0,52,1228.4,38,
2026-04-10T09:45:37.496,NC,COFORGE,1228.5,1271.0,1272.0,1226.6,1264.9,789083,1244.6,1228.0,154,1228.5,374,
2026-04-10T09:45:38.622,NC,COFORGE,1227.9,1271.0,1272.0,1226.6,1264.9,789286,1244.6,1227.4,1,1227.8,54,
2026-04-10T09:45:39.619,NC,COFORGE,1227.8,1271.0,1272.0,1226.6,1264.9,789415,1244.6,1227.2,35,1227.8,347,
2026-04-10T09:45:40.623,NC,COFORGE,1227.7,1271.0,1272.0,1226.6,1264.9,789444,1244.6,1227.7,80,1228.0,174,
2026-04-10T09:45:42.656,NC,COFORGE,1227.7,1271.0,1272.0,1226.6,1264.9,789674,1244.59,1227.5,125,1227.7,145,
2026-04-10T09:45:43.630,NC,COFORGE,1227.7,1271.0,1272.0,1226.6,1264.9,789695,1244.59,1227.3,92,1227.7,124,
2026-04-10T09:45:44.578,NC,COFORGE,1227.5,1271.0,1272.0,1226.6,1264.9,789758,1244.59,1227.3,92,1227.5,87,
2026-04-10T09:45:45.633,NC,COFORGE,1227.2,1271.0,1272.0,1226.6,1264.9,789875,1244.59,1227.2,89,1227.5,71,
2026-04-10T09:45:46.733,NC,COFORGE,1227.5,1271.0,1272.0,1226.6,1264.9,789894,1244.59,1227.2,33,1227.5,1266,
2026-04-10T09:45:48.934,NC,COFORGE,1227.5,1271.0,1272.0,1226.6,1264.9,789920,1244.59,1227.2,76,1227.5,1297,
2026-04-10T09:45:50.036,NC,COFORGE,1227.2,1271.0,1272.0,1226.6,1264.9,790648,1244.57,1227.1,105,1227.5,957,
2026-04-10T09:45:51.043,NC,COFORGE,1227.5,1271.0,1272.0,1226.6,1264.9,790774,1244.57,1227.1,58,1227.5,856,
2026-04-10T09:45:52.042,NC,COFORGE,1227.5,1271.0,1272.0,1226.6,1264.9,791780,1244.55,1227.5,196,1227.7,154,
2026-04-10T09:45:53.040,NC,COFORGE,1227.7,1271.0,1272.0,1226.6,1264.9,791786,1244.55,1227.5,206,1227.7,148,
2026-04-10T09:45:54.145,NC,COFORGE,1226.7,1271.0,1272.0,1226.6,1264.9,793831,1244.5,1226.8,33,1227.0,67,
2026-04-10T09:45:55.249,NC,COFORGE,1227.4,1271.0,1272.0,1226.6,1264.9,794462,1244.49,1226.7,338,1227.3,124,
2026-04-10T09:45:56.348,NC,COFORGE,1227.1,1271.0,1272.0,1226.6,1264.9,794779,1244.48,1227.0,1,1227.1,110,
2026-04-10T09:45:57.444,NC,COFORGE,1227.1,1271.0,1272.0,1226.6,1264.9,794784,1244.48,1227.0,1,1227.1,36,
2026-04-10T09:45:58.371,NC,COFORGE,1227.0,1271.0,1272.0,1226.6,1264.9,795365,1244.47,1226.6,2,1227.0,507,
2026-04-10T09:45:59.448,NC,COFORGE,1226.0,1271.0,1272.0,1225.8,1264.9,796205,1244.45,1225.8,114,1226.0,67,
2026-04-10T09:46:00.553,NC,COFORGE,1226.2,1271.0,1272.0,1225.6,1264.9,797320,1244.42,1225.6,33,1226.2,55,
2026-04-10T09:46:01.653,NC,COFORGE,1225.2,1271.0,1272.0,1225.1,1264.9,799353,1244.37,1225.3,93,1225.9,391,
2026-04-10T09:46:02.768,NC,COFORGE,1224.9,1271.0,1272.0,1224.0,1264.9,805651,1244.22,1224.4,49,1225.0,51,
2026-04-10T09:46:03.857,NC,COFORGE,1225.3,1271.0,1272.0,1224.0,1264.9,806944,1244.19,1224.5,60,1225.1,75,
2026-04-10T09:46:04.861,NC,COFORGE,1225.1,1271.0,1272.0,1224.0,1264.9,807001,1244.19,1225.1,150,1225.4,88,
2026-04-10T09:46:05.957,NC,COFORGE,1224.9,1271.0,1272.0,1224.0,1264.9,807163,1244.18,1224.3,33,1224.8,60,
2026-04-10T09:46:07.061,NC,COFORGE,1224.2,1271.0,1272.0,1224.0,1264.9,807296,1244.18,1224.2,23,1224.8,61,
2026-04-10T09:46:08.176,NC,COFORGE,1224.1,1271.0,1272.0,1223.8,1264.9,808577,1244.15,1224.0,117,1224.6,249,
2026-04-10T09:46:09.264,NC,COFORGE,1224.3,1271.0,1272.0,1223.8,1264.9,808995,1244.14,1224.0,2,1224.3,20,
2026-04-10T09:46:10.373,NC,COFORGE,1223.8,1271.0,1272.0,1223.6,1264.9,809686,1244.12,1223.8,118,1224.5,29,
2026-04-10T09:46:11.470,NC,COFORGE,1224.2,1271.0,1272.0,1223.6,1264.9,811375,1244.08,1224.5,217,1225.0,1900,
2026-04-10T09:46:12.579,NC,COFORGE,1224.9,1271.0,1272.0,1223.6,1264.9,811597,1244.08,1224.5,32,1225.0,1900,
2026-04-10T09:46:13.666,NC,COFORGE,1224.6,1271.0,1272.0,1222.8,1264.9,814430,1244.0,1224.3,108,1224.6,49,
2026-04-10T09:46:14.798,NC,COFORGE,1224.4,1271.0,1272.0,1222.8,1264.9,814727,1244.0,1224.4,32,1224.5,333,
2026-04-10T09:46:15.878,NC,COFORGE,1224.3,1271.0,1272.0,1222.8,1264.9,814773,1244.0,1224.4,32,1224.5,332,
2026-04-10T09:46:16.985,NC,COFORGE,1224.0,1271.0,1272.0,1222.8,1264.9,818904,1243.9,1224.5,60,1225.0,164,
2026-04-10T09:46:18.102,NC,COFORGE,1224.9,1271.0,1272.0,1222.8,1264.9,819190,1243.89,1224.8,226,1224.9,198,
2026-04-10T09:46:19.080,NC,COFORGE,1225.4,1271.0,1272.0,1222.8,1264.9,822348,1243.82,1225.5,105,1226.0,2,
2026-04-10T09:46:20.099,NC,COFORGE,1226.5,1271.0,1272.0,1222.8,1264.9,823090,1243.8,1226.0,92,1226.5,71,
2026-04-10T09:46:21.191,NC,COFORGE,1226.1,1271.0,1272.0,1222.8,1264.9,823650,1243.79,1226.1,221,1226.6,4307,
2026-04-10T09:46:22.296,NC,COFORGE,1227.2,1271.0,1272.0,1222.8,1264.9,828284,1243.7,1226.9,63,1227.2,10,
2026-04-10T09:46:23.407,NC,COFORGE,1227.5,1271.0,1272.0,1222.8,1264.9,828629,1243.69,1227.1,35,1227.7,73,
2026-04-10T09:46:24.486,NC,COFORGE,1226.9,1271.0,1272.0,1222.8,1264.9,830160,1243.66,1226.4,2,1226.9,204,
2026-04-10T09:46:25.494,NC,COFORGE,1226.0,1271.0,1272.0,1222.8,1264.9,830571,1243.65,1225.4,75,1226.0,60,
2026-04-10T09:46:26.588,NC,COFORGE,1225.9,1271.0,1272.0,1222.8,1264.9,831036,1243.64,1225.5,188,1226.0,100,
2026-04-10T09:46:27.693,NC,COFORGE,1226.0,1271.0,1272.0,1222.8,1264.9,831587,1243.63,1225.7,40,1226.0,30,
2026-04-10T09:46:28.792,NC,COFORGE,1226.0,1271.0,1272.0,1222.8,1264.9,831607,1243.63,1225.6,62,1226.0,30,
2026-04-10T09:46:29.893,NC,COFORGE,1226.4,1271.0,1272.0,1222.8,1264.9,831643,1243.63,1226.1,34,1226.7,154,
2026-04-10T09:46:31.011,NC,COFORGE,1226.0,1271.0,1272.0,1222.8,1264.9,832155,1243.62,1225.5,159,1226.0,1446,
2026-04-10T09:46:32.095,NC,COFORGE,1225.7,1271.0,1272.0,1222.8,1264.9,832695,1243.6,1225.3,183,1225.7,743,
2026-04-10T09:46:33.115,NC,COFORGE,1226.0,1271.0,1272.0,1222.8,1264.9,833663,1243.58,1225.3,117,1226.0,490,
2026-04-10T09:46:34.111,NC,COFORGE,1225.2,1271.0,1272.0,1222.8,1264.9,833779,1243.58,1225.2,26,1225.8,176,
2026-04-10T09:46:35.097,NC,COFORGE,1225.1,1271.0,1272.0,1222.8,1264.9,834778,1243.56,1225.0,178,1225.7,235,
2026-04-10T09:46:36.099,NC,COFORGE,1225.1,1271.0,1272.0,1222.8,1264.9,835163,1243.55,1224.8,192,1225.3,5,
2026-04-10T09:46:37.099,NC,COFORGE,1225.6,1271.0,1272.0,1222.8,1264.9,835973,1243.53,1225.1,70,1225.7,194,
2026-04-10T09:46:38.098,NC,COFORGE,1225.5,1271.0,1272.0,1222.8,1264.9,836014,1243.53,1224.9,37,1225.5,623,
2026-04-10T09:46:39.220,NC,COFORGE,1225.5,1271.0,1272.0,1222.8,1264.9,836288,1243.52,1225.1,1,1225.5,359,
2026-04-10T09:46:40.119,NC,COFORGE,1225.5,1271.0,1272.0,1222.8,1264.9,836412,1243.52,1225.2,123,1225.5,23,
2026-04-10T09:46:41.220,NC,COFORGE,1225.5,1271.0,1272.0,1222.8,1264.9,836413,1243.52,1225.2,123,1225.5,22,
2026-04-10T09:46:42.340,NC,COFORGE,1225.5,1271.0,1272.0,1222.8,1264.9,836618,1243.52,1225.1,45,1225.6,292,
2026-04-10T09:46:43.442,NC,COFORGE,1225.6,1271.0,1272.0,1222.8,1264.9,837759,1243.49,1225.1,91,1225.6,365,
2026-04-10T09:46:44.628,NC,COFORGE,1225.5,1271.0,1272.0,1222.8,1264.9,837829,1243.49,1225.2,112,1225.5,389,
2026-04-10T09:46:45.630,NC,COFORGE,1226.4,1271.0,1272.0,1222.8,1264.9,839713,1243.45,1225.7,185,1226.4,169,
2026-04-10T09:46:46.545,NC,COFORGE,1226.5,1271.0,1272.0,1222.8,1264.9,840126,1243.44,1225.9,117,1226.5,353,
2026-04-10T09:46:47.631,NC,COFORGE,1226.5,1271.0,1272.0,1222.8,1264.9,840163,1243.44,1225.9,125,1226.5,351,
2026-04-10T09:46:48.732,NC,COFORGE,1226.8,1271.0,1272.0,1222.8,1264.9,840440,1243.44,1226.2,119,1226.8,8,
2026-04-10T09:46:49.834,NC,COFORGE,1226.9,1271.0,1272.0,1222.8,1264.9,840545,1243.43,1226.3,62,1226.9,262,
2026-04-10T09:46:50.941,NC,COFORGE,1226.9,1271.0,1272.0,1222.8,1264.9,840992,1243.43,1226.3,114,1226.9,102,
2026-04-10T09:46:52.061,NC,COFORGE,1226.9,1271.0,1272.0,1222.8,1264.9,841011,1243.43,1226.3,108,1226.9,130,
2026-04-10T09:46:53.150,NC,COFORGE,1227.0,1271.0,1272.0,1222.8,1264.9,842544,1243.4,1226.4,23,1227.0,151,
2026-04-10T09:46:54.042,NC,COFORGE,1226.9,1271.0,1272.0,1222.8,1264.9,842750,1243.39,1226.5,10,1226.9,230,
2026-04-10T09:46:55.143,NC,COFORGE,1226.9,1271.0,1272.0,1222.8,1264.9,842784,1243.39,1226.5,10,1226.9,82,
2026-04-10T09:46:56.246,NC,COFORGE,1227.0,1271.0,1272.0,1222.8,1264.9,842974,1243.39,1226.6,13,1227.0,100,
2026-04-10T09:46:57.352,NC,COFORGE,1227.0,1271.0,1272.0,1222.8,1264.9,843438,1243.38,1226.5,73,1227.0,89,
2026-04-10T09:46:58.485,NC,COFORGE,1227.3,1271.0,1272.0,1222.8,1264.9,846118,1243.33,1227.3,173,1227.7,38,
2026-04-10T09:46:59.552,NC,COFORGE,1227.0,1271.0,1272.0,1222.8,1264.9,846474,1243.32,1227.1,168,1227.7,65,
2026-04-10T09:47:01.578,NC,COFORGE,1227.7,1271.0,1272.0,1222.8,1264.9,846938,1243.31,1227.2,278,1227.7,8,
2026-04-10T09:47:03.659,NC,COFORGE,1227.4,1271.0,1272.0,1222.8,1264.9,846993,1243.31,1227.4,2,1227.9,396,
2026-04-10T09:47:04.661,NC,COFORGE,1227.2,1271.0,1272.0,1222.8,1264.9,848363,1243.28,1227.1,55,1227.5,615,
2026-04-10T09:47:05.658,NC,COFORGE,1227.3,1271.0,1272.0,1222.8,1264.9,849564,1243.26,1227.2,33,1227.7,170,
2026-04-10T09:47:06.664,NC,COFORGE,1227.5,1271.0,1272.0,1222.8,1264.9,850059,1243.25,1227.0,310,1227.5,115,
2026-04-10T09:47:07.674,NC,COFORGE,1227.5,1271.0,1272.0,1222.8,1264.9,850063,1243.25,1227.2,1,1227.5,165,
2026-04-10T09:47:08.688,NC,COFORGE,1227.6,1271.0,1272.0,1222.8,1264.9,850114,1243.25,1227.2,1,1227.6,178,
2026-04-10T09:47:09.679,NC,COFORGE,1227.2,1271.0,1272.0,1222.8,1264.9,850370,1243.25,1227.0,310,1227.5,81,
2026-04-10T09:47:10.674,NC,COFORGE,1227.0,1271.0,1272.0,1222.8,1264.9,851052,1243.23,1227.1,55,1227.6,47,
2026-04-10T09:47:11.702,NC,COFORGE,1227.0,1271.0,1272.0,1222.8,1264.9,855633,1243.15,1227.3,33,1227.7,42,
2026-04-10T09:47:13.691,NC,COFORGE,1227.7,1271.0,1272.0,1222.8,1264.9,855693,1243.15,1227.4,96,1227.5,20,
2026-04-10T09:47:14.697,NC,COFORGE,1227.5,1271.0,1272.0,1222.8,1264.9,855695,1243.15,1227.4,230,1227.5,18,
2026-04-10T09:47:15.709,NC,COFORGE,1227.5,1271.0,1272.0,1222.8,1264.9,856860,1243.12,1227.5,100,1228.0,2032,
2026-04-10T09:47:17.699,NC,COFORGE,1228.0,1271.0,1272.0,1222.8,1264.9,857060,1243.12,1227.5,117,1228.0,1909,
2026-04-10T09:47:18.699,NC,COFORGE,1227.5,1271.0,1272.0,1222.8,1264.9,857120,1243.12,1227.5,41,1228.0,285,
2026-04-10T09:47:19.702,NC,COFORGE,1228.0,1271.0,1272.0,1222.8,1264.9,859960,1243.07,1228.0,20,1228.3,286,
2026-04-10T09:47:20.702,NC,COFORGE,1227.6,1271.0,1272.0,1222.8,1264.9,860616,1243.06,1227.6,4,1228.0,176,
2026-04-10T09:47:21.712,NC,COFORGE,1228.0,1271.0,1272.0,1222.8,1264.9,860716,1243.06,1227.6,4,1228.0,168,
2026-04-10T09:47:22.707,NC,COFORGE,1226.3,1271.0,1272.0,1222.8,1264.9,862966,1243.02,1226.3,2,1226.9,69,
2026-04-10T09:47:23.705,NC,COFORGE,1227.2,1271.0,1272.0,1222.8,1264.9,864212,1242.99,1226.5,365,1227.1,123,
2026-04-10T09:47:24.706,NC,COFORGE,1227.0,1271.0,1272.0,1222.8,1264.9,864333,1242.99,1226.4,113,1227.0,68,
2026-04-10T09:47:25.806,NC,COFORGE,1227.0,1271.0,1272.0,1222.8,1264.9,864541,1242.99,1226.4,170,1227.0,13,
2026-04-10T09:47:26.807,NC,COFORGE,1226.4,1271.0,1272.0,1222.8,1264.9,864547,1242.99,1226.2,50,1226.7,208,
2026-04-10T09:47:27.813,NC,COFORGE,1227.0,1271.0,1272.0,1222.8,1264.9,864711,1242.98,1226.5,70,1227.0,52,
2026-04-10T09:47:28.826,NC,COFORGE,1227.0,1271.0,1272.0,1222.8,1264.9,864717,1242.98,1226.4,107,1227.0,462,
2026-04-10T09:47:29.915,NC,COFORGE,1227.0,1271.0,1272.0,1222.8,1264.9,865128,1242.98,1226.4,2,1227.0,1081,
2026-04-10T09:47:30.916,NC,COFORGE,1227.0,1271.0,1272.0,1222.8,1264.9,865381,1242.97,1226.8,1,1227.0,761,
2026-04-10T09:47:32.925,NC,COFORGE,1227.0,1271.0,1272.0,1222.8,1264.9,865751,1242.96,1226.4,333,1227.0,679,
2026-04-10T09:47:33.914,NC,COFORGE,1227.0,1271.0,1272.0,1222.8,1264.9,865981,1242.96,1226.5,512,1227.0,478,
2026-04-10T09:47:34.917,NC,COFORGE,1227.0,1271.0,1272.0,1222.8,1264.9,865982,1242.96,1226.5,427,1227.0,477,
2026-04-10T09:47:35.929,NC,COFORGE,1227.0,1271.0,1272.0,1222.8,1264.9,866082,1242.96,1226.5,407,1227.0,377,
2026-04-10T09:47:37.022,NC,COFORGE,1227.0,1271.0,1272.0,1222.8,1264.9,866097,1242.96,1226.7,221,1227.0,370,
2026-04-10T09:47:38.020,NC,COFORGE,1228.0,1271.0,1272.0,1222.8,1264.9,868684,1242.91,1227.6,8,1228.0,904,
2026-04-10T09:47:39.021,NC,COFORGE,1228.0,1271.0,1272.0,1222.8,1264.9,868809,1242.91,1227.5,469,1228.0,879,
2026-04-10T09:47:40.131,NC,COFORGE,1227.5,1271.0,1272.0,1222.8,1264.9,868892,1242.91,1227.5,469,1228.0,856,
2026-04-10T09:47:41.269,NC,COFORGE,1228.0,1271.0,1272.0,1222.8,1264.9,868972,1242.91,1227.4,275,1228.0,813,
2026-04-10T09:47:42.263,NC,COFORGE,1227.9,1271.0,1272.0,1222.8,1264.9,869003,1242.91,1227.4,28,1227.9,185,
2026-04-10T09:47:43.377,NC,COFORGE,1227.1,1271.0,1272.0,1222.8,1264.9,869203,1242.9,1227.4,256,1227.9,29,
2026-04-10T09:47:44.565,NC,COFORGE,1228.0,1271.0,1272.0,1222.8,1264.9,869468,1242.9,1227.6,43,1228.0,615,
2026-04-10T09:47:45.582,NC,COFORGE,1228.6,1271.0,1272.0,1222.8,1264.9,870864,1242.88,1228.6,29,1229.0,25,
2026-04-10T09:47:46.581,NC,COFORGE,1228.6,1271.0,1272.0,1222.8,1264.9,870904,1242.87,1228.5,35,1229.0,25,
2026-04-10T09:47:47.578,NC,COFORGE,1228.9,1271.0,1272.0,1222.8,1264.9,870909,1242.87,1228.4,81,1228.9,4,
2026-04-10T09:47:48.685,NC,COFORGE,1228.9,1271.0,1272.0,1222.8,1264.9,871471,1242.87,1228.4,57,1228.9,22,
2026-04-10T09:47:49.686,NC,COFORGE,1229.0,1271.0,1272.0,1222.8,1264.9,871597,1242.86,1228.3,35,1228.9,149,
2026-04-10T09:47:50.783,NC,COFORGE,1229.0,1271.0,1272.0,1222.8,1264.9,871621,1242.86,1228.5,129,1229.1,54,
2026-04-10T09:47:51.833,NC,COFORGE,1229.5,1271.0,1272.0,1222.8,1264.9,872760,1242.85,1229.4,1,1229.7,190,
2026-04-10T09:47:52.811,NC,COFORGE,1229.6,1271.0,1272.0,1222.8,1264.9,872770,1242.85,1229.2,8,1229.7,139,
2026-04-10T09:47:53.791,NC,COFORGE,1229.5,1271.0,1272.0,1222.8,1264.9,873772,1242.83,1229.5,92,1230.1,85,
2026-04-10T09:47:54.789,NC,COFORGE,1230.2,1271.0,1272.0,1222.8,1264.9,873809,1242.83,1229.9,34,1230.4,1,
2026-04-10T09:47:55.787,NC,COFORGE,1230.8,1271.0,1272.0,1222.8,1264.9,874410,1242.82,1230.1,34,1230.7,64,
2026-04-10T09:47:56.818,NC,COFORGE,1230.6,1271.0,1272.0,1222.8,1264.9,874437,1242.82,1230.3,98,1230.7,29,
2026-04-10T09:47:57.899,NC,COFORGE,1231.1,1271.0,1272.0,1222.8,1264.9,874638,1242.82,1230.3,34,1230.9,254,
2026-04-10T09:47:58.920,NC,COFORGE,1231.1,1271.0,1272.0,1222.8,1264.9,875631,1242.81,1230.5,34,1231.1,505,
2026-04-10T09:47:59.986,NC,COFORGE,1230.4,1271.0,1272.0,1222.8,1264.9,877479,1242.78,1230.6,60,1231.0,51,
2026-04-10T09:48:01.097,NC,COFORGE,1231.0,1271.0,1272.0,1222.8,1264.9,877679,1242.78,1230.6,60,1231.0,141,
2026-04-10T09:48:02.203,NC,COFORGE,1230.9,1271.0,1272.0,1222.8,1264.9,878074,1242.77,1230.3,34,1230.9,319,
2026-04-10T09:48:03.300,NC,COFORGE,1230.9,1271.0,1272.0,1222.8,1264.9,878129,1242.77,1230.6,17,1230.9,256,
2026-04-10T09:48:04.406,NC,COFORGE,1230.8,1271.0,1272.0,1222.8,1264.9,878260,1242.77,1230.6,17,1230.8,52,
2026-04-10T09:48:05.495,NC,COFORGE,1230.9,1271.0,1272.0,1222.8,1264.9,878460,1242.77,1230.2,45,1230.7,89,
2026-04-10T09:48:06.602,NC,COFORGE,1231.0,1271.0,1272.0,1222.8,1264.9,879046,1242.76,1230.3,45,1230.8,234,
2026-04-10T09:48:07.706,NC,COFORGE,1231.0,1271.0,1272.0,1222.8,1264.9,885034,1242.67,1230.7,8,1231.0,62,
2026-04-10T09:48:08.799,NC,COFORGE,1230.9,1271.0,1272.0,1222.8,1264.9,885475,1242.67,1230.2,208,1230.9,136,
2026-04-10T09:48:09.904,NC,COFORGE,1230.2,1271.0,1272.0,1222.8,1264.9,885492,1242.67,1230.4,72,1230.9,50,
2026-04-10T09:48:10.905,NC,COFORGE,1230.9,1271.0,1272.0,1222.8,1264.9,885512,1242.67,1230.6,115,1230.9,17,
2026-04-10T09:48:11.899,NC,COFORGE,1230.6,1271.0,1272.0,1222.8,1264.9,885712,1242.67,1230.8,33,1230.9,100,
2026-04-10T09:48:12.805,NC,COFORGE,1230.7,1271.0,1272.0,1222.8,1264.9,886789,1242.65,1230.2,78,1230.7,399,
2026-04-10T09:48:13.901,NC,COFORGE,1232.0,1271.0,1272.0,1222.8,1264.9,887866,1242.64,1231.3,34,1231.9,181,
2026-04-10T09:48:14.907,NC,COFORGE,1231.9,1271.0,1272.0,1222.8,1264.9,889239,1242.62,1231.1,220,1231.8,254,
2026-04-10T09:48:15.908,NC,COFORGE,1232.0,1271.0,1272.0,1222.8,1264.9,889252,1242.62,1231.3,235,1232.0,493,
2026-04-10T09:48:16.909,NC,COFORGE,1231.8,1271.0,1272.0,1222.8,1264.9,889988,1242.61,1231.2,807,1231.8,5,
2026-04-10T09:48:17.914,NC,COFORGE,1232.0,1271.0,1272.0,1222.8,1264.9,890090,1242.61,1231.6,303,1232.0,482,
2026-04-10T09:48:18.913,NC,COFORGE,1231.7,1271.0,1272.0,1222.8,1264.9,891617,1242.59,1231.7,353,1232.4,343,
2026-04-10T09:48:19.821,NC,COFORGE,1232.3,1271.0,1272.0,1222.8,1264.9,891623,1242.59,1231.8,243,1232.3,175,
2026-04-10T09:48:20.823,NC,COFORGE,1232.6,1271.0,1272.0,1222.8,1264.9,892195,1242.58,1232.0,428,1232.5,93,
2026-04-10T09:48:21.926,NC,COFORGE,1231.9,1271.0,1272.0,1222.8,1264.9,892459,1242.58,1231.7,27,1232.0,383,
2026-04-10T09:48:23.030,NC,COFORGE,1232.0,1271.0,1272.0,1222.8,1264.9,894434,1242.56,1231.5,6,1232.1,93,
2026-04-10T09:48:24.129,NC,COFORGE,1232.3,1271.0,1272.0,1222.8,1264.9,894555,1242.56,1231.6,183,1232.3,218,
2026-04-10T09:48:25.233,NC,COFORGE,1232.5,1271.0,1272.0,1222.8,1264.9,894689,1242.55,1232.3,259,1232.5,142,
2026-04-10T09:48:26.352,NC,COFORGE,1232.6,1271.0,1272.0,1222.8,1264.9,895732,1242.54,1232.7,10,1233.3,324,
2026-04-10T09:48:27.232,NC,COFORGE,1232.7,1271.0,1272.0,1222.8,1264.9,896147,1242.54,1232.7,108,1233.4,105,
2026-04-10T09:48:28.231,NC,COFORGE,1233.0,1271.0,1272.0,1222.8,1264.9,896197,1242.54,1232.8,172,1233.0,150,
2026-04-10T09:48:29.358,NC,COFORGE,1233.0,1271.0,1272.0,1222.8,1264.9,896208,1242.54,1232.7,2,1233.0,139,
2026-04-10T09:48:30.439,NC,COFORGE,1232.2,1271.0,1272.0,1222.8,1264.9,897423,1242.52,1232.0,2567,1232.1,375,
2026-04-10T09:48:31.533,NC,COFORGE,1232.4,1271.0,1272.0,1222.8,1264.9,898095,1242.52,1232.0,2548,1232.4,439,
2026-04-10T09:48:32.634,NC,COFORGE,1232.3,1271.0,1272.0,1222.8,1264.9,902287,1242.47,1232.0,100,1232.3,90,
2026-04-10T09:48:33.760,NC,COFORGE,1232.4,1271.0,1272.0,1222.8,1264.9,902404,1242.47,1232.0,97,1232.4,167,
2026-04-10T09:48:34.760,NC,COFORGE,1232.4,1271.0,1272.0,1222.8,1264.9,902437,1242.47,1232.0,96,1232.4,155,
2026-04-10T09:48:35.863,NC,COFORGE,1231.3,1271.0,1272.0,1222.8,1264.9,903655,1242.45,1231.2,84,1231.6,134,
2026-04-10T09:48:36.965,NC,COFORGE,1231.9,1271.0,1272.0,1222.8,1264.9,903749,1242.45,1231.5,84,1231.9,93,
2026-04-10T09:48:37.960,NC,COFORGE,1231.2,1271.0,1272.0,1222.8,1264.9,903865,1242.45,1231.2,14,1231.8,230,
2026-04-10T09:48:39.060,NC,COFORGE,1231.7,1271.0,1272.0,1222.8,1264.9,903871,1242.45,1231.2,49,1231.8,102,
2026-04-10T09:48:40.163,NC,COFORGE,1232.0,1271.0,1272.0,1222.8,1264.9,904317,1242.44,1231.4,73,1232.0,279,
2026-04-10T09:48:41.075,NC,COFORGE,1232.0,1271.0,1272.0,1222.8,1264.9,905518,1242.43,1231.3,118,1232.0,329,
2026-04-10T09:48:42.168,NC,COFORGE,1232.1,1271.0,1272.0,1222.8,1264.9,905708,1242.43,1231.4,195,1232.0,59,
2026-04-10T09:48:43.273,NC,COFORGE,1232.0,1271.0,1272.0,1222.8,1264.9,905715,1242.43,1231.8,1,1232.0,352,
2026-04-10T09:48:44.270,NC,COFORGE,1231.9,1271.0,1272.0,1222.8,1264.9,905716,1242.43,1231.8,1,1231.9,96,
2026-04-10T09:48:45.380,NC,COFORGE,1231.5,1271.0,1272.0,1222.8,1264.9,905768,1242.43,1231.2,6,1231.4,187,
2026-04-10T09:48:46.506,NC,COFORGE,1231.4,1271.0,1272.0,1222.8,1264.9,905790,1242.43,1231.2,6,1231.4,187,
2026-04-10T09:48:47.591,NC,COFORGE,1231.4,1271.0,1272.0,1222.8,1264.9,906601,1242.42,1231.0,231,1231.4,152,
2026-04-10T09:48:48.596,NC,COFORGE,1231.1,1271.0,1272.0,1222.8,1264.9,906852,1242.41,1230.9,18,1231.1,269,
2026-04-10T09:48:49.673,NC,COFORGE,1230.7,1271.0,1272.0,1222.8,1264.9,907083,1242.41,1230.4,40,1230.7,627,
2026-04-10T09:48:50.784,NC,COFORGE,1230.2,1271.0,1272.0,1222.8,1264.9,907824,1242.4,1230.1,55,1230.2,163,
2026-04-10T09:48:51.787,NC,COFORGE,1230.2,1271.0,1272.0,1222.8,1264.9,908007,1242.4,1230.2,37,1230.7,415,
2026-04-10T09:48:52.779,NC,COFORGE,1230.7,1271.0,1272.0,1222.8,1264.9,908024,1242.4,1230.1,279,1230.7,491,
2026-04-10T09:48:54.987,NC,COFORGE,1231.3,1271.0,1272.0,1222.8,1264.9,908939,1242.39,1230.7,217,1231.3,62,
2026-04-10T09:48:56.099,NC,COFORGE,1230.8,1271.0,1272.0,1222.8,1264.9,909069,1242.38,1230.9,110,1231.5,96,
2026-04-10T09:48:57.203,NC,COFORGE,1231.3,1271.0,1272.0,1222.8,1264.9,909480,1242.38,1230.7,61,1231.3,76,
2026-04-10T09:48:58.200,NC,COFORGE,1230.6,1271.0,1272.0,1222.8,1264.9,909575,1242.38,1230.5,63,1230.7,375,
2026-04-10T09:48:59.195,NC,COFORGE,1230.7,1271.0,1272.0,1222.8,1264.9,910163,1242.37,1230.2,5,1230.7,783,
2026-04-10T09:49:00.311,NC,COFORGE,1230.2,1271.0,1272.0,1222.8,1264.9,910229,1242.37,1230.1,25,1230.2,49,
2026-04-10T09:49:01.312,NC,COFORGE,1230.5,1271.0,1272.0,1222.8,1264.9,910361,1242.37,1230.1,25,1230.5,101,
2026-04-10T09:49:02.316,NC,COFORGE,1230.0,1271.0,1272.0,1222.8,1264.9,912310,1242.34,1229.7,89,1230.3,91,
2026-04-10T09:49:03.413,NC,COFORGE,1230.5,1271.0,1272.0,1222.8,1264.9,913386,1242.33,1230.1,9,1230.4,69,
2026-04-10T09:49:04.503,NC,COFORGE,1230.4,1271.0,1272.0,1222.8,1264.9,913889,1242.32,1230.1,9,1230.4,34,
2026-04-10T09:49:05.604,NC,COFORGE,1229.7,1271.0,1272.0,1222.8,1264.9,914051,1242.32,1229.7,192,1230.4,26,
2026-04-10T09:49:06.706,NC,COFORGE,1230.4,1271.0,1272.0,1222.8,1264.9,914061,1242.32,1230.0,10,1230.4,171,
2026-04-10T09:49:07.705,NC,COFORGE,1229.0,1271.0,1272.0,1222.8,1264.9,915485,1242.3,1229.2,288,1230.0,274,
2026-04-10T09:49:08.819,NC,COFORGE,1230.0,1271.0,1272.0,1222.8,1264.9,915505,1242.3,1229.5,113,1230.2,159,
2026-04-10T09:49:09.806,NC,COFORGE,1230.2,1271.0,1272.0,1222.8,1264.9,915521,1242.3,1229.6,308,1230.2,50,
2026-04-10T09:49:10.908,NC,COFORGE,1229.3,1271.0,1272.0,1222.8,1264.9,915753,1242.29,1229.1,85,1229.8,178,
2026-04-10T09:49:12.007,NC,COFORGE,1229.5,1271.0,1272.0,1222.8,1264.9,915754,1242.29,1229.0,91,1229.5,13,
2026-04-10T09:49:13.108,NC,COFORGE,1228.8,1271.0,1272.0,1222.8,1264.9,916259,1242.29,1229.0,185,1229.6,110,
2026-04-10T09:49:14.209,NC,COFORGE,1229.8,1271.0,1272.0,1222.8,1264.9,916512,1242.28,1229.6,87,1230.2,76,
2026-04-10T09:49:15.315,NC,COFORGE,1230.0,1271.0,1272.0,1222.8,1264.9,916812,1242.28,1229.8,162,1230.0,50,
2026-04-10T09:49:16.215,NC,COFORGE,1230.0,1271.0,1272.0,1222.8,1264.9,916847,1242.28,1229.8,262,1230.0,15,
2026-04-10T09:49:17.320,NC,COFORGE,1230.0,1271.0,1272.0,1222.8,1264.9,917187,1242.27,1230.3,75,1230.7,201,
2026-04-10T09:49:18.413,NC,COFORGE,1230.5,1271.0,1272.0,1222.8,1264.9,917481,1242.27,1230.4,298,1231.0,278,
2026-04-10T09:49:20.513,NC,COFORGE,1230.1,1271.0,1272.0,1222.8,1264.9,918244,1242.26,1230.0,1,1230.3,449,
2026-04-10T09:49:21.525,NC,COFORGE,1230.0,1271.0,1272.0,1222.8,1264.9,918249,1242.26,1230.0,256,1230.3,441,
2026-04-10T09:49:22.513,NC,COFORGE,1229.8,1271.0,1272.0,1222.8,1264.9,919206,1242.25,1229.6,72,1229.9,119,
2026-04-10T09:49:23.534,NC,COFORGE,1229.9,1271.0,1272.0,1222.8,1264.9,919293,1242.25,1229.6,72,1229.9,59,
2026-04-10T09:49:24.520,NC,COFORGE,1229.4,1271.0,1272.0,1222.8,1264.9,920102,1242.24,1228.9,103,1229.6,132,
2026-04-10T09:49:25.623,NC,COFORGE,1229.7,1271.0,1272.0,1222.8,1264.9,920520,1242.23,1228.9,187,1229.6,225,
2026-04-10T09:49:26.615,NC,COFORGE,1229.3,1271.0,1272.0,1222.8,1264.9,920528,1242.23,1228.6,169,1229.3,115,
2026-04-10T09:49:27.719,NC,COFORGE,1229.0,1271.0,1272.0,1222.8,1264.9,920537,1242.23,1228.6,57,1229.0,42,
2026-04-10T09:49:28.719,NC,COFORGE,1229.0,1271.0,1272.0,1222.8,1264.9,920541,1242.23,1228.6,57,1229.1,51,
2026-04-10T09:49:29.724,NC,COFORGE,1228.7,1271.0,1272.0,1222.8,1264.9,920682,1242.23,1229.0,500,1229.5,349,
2026-04-10T09:49:30.630,NC,COFORGE,1229.0,1271.0,1272.0,1222.8,1264.9,921393,1242.22,1228.6,1,1229.0,389,
2026-04-10T09:49:31.626,NC,COFORGE,1228.9,1271.0,1272.0,1222.8,1264.9,921594,1242.21,1228.6,1,1228.9,1068,
2026-04-10T09:49:32.724,NC,COFORGE,1228.7,1271.0,1272.0,1222.8,1264.9,921704,1242.21,1228.4,108,1228.7,863,
2026-04-10T09:49:33.827,NC,COFORGE,1228.7,1271.0,1272.0,1222.8,1264.9,921710,1242.21,1228.4,3,1228.6,959,
2026-04-10T09:49:34.827,NC,COFORGE,1229.0,1271.0,1272.0,1222.8,1264.9,923340,1242.19,1229.0,1029,1229.5,137,
2026-04-10T09:49:35.930,NC,COFORGE,1229.8,1271.0,1272.0,1222.8,1264.9,923885,1242.18,1229.2,35,1229.5,27,
2026-04-10T09:49:36.935,NC,COFORGE,1229.2,1271.0,1272.0,1222.8,1264.9,923920,1242.18,1229.2,133,1229.5,2,
2026-04-10T09:49:38.059,NC,COFORGE,1229.5,1271.0,1272.0,1222.8,1264.9,923957,1242.18,1229.5,61,1229.9,4,
2026-04-10T09:49:39.133,NC,COFORGE,1229.6,1271.0,1272.0,1222.8,1264.9,924137,1242.18,1229.5,84,1230.0,209,
2026-04-10T09:49:40.238,NC,COFORGE,1229.5,1271.0,1272.0,1222.8,1264.9,924512,1242.17,1229.6,308,1230.0,197,
2026-04-10T09:49:41.344,NC,COFORGE,1229.8,1271.0,1272.0,1222.8,1264.9,924766,1242.17,1229.8,60,1230.0,109,
2026-04-10T09:49:42.450,NC,COFORGE,1230.0,1271.0,1272.0,1222.8,1264.9,924778,1242.17,1229.7,193,1230.0,107,
2026-04-10T09:49:43.558,NC,COFORGE,1230.0,1271.0,1272.0,1222.8,1264.9,924815,1242.17,1229.6,242,1230.0,107,
2026-04-10T09:49:44.769,NC,COFORGE,1230.5,1271.0,1272.0,1222.8,1264.9,925170,1242.16,1230.1,75,1230.5,642,
2026-04-10T09:49:46.973,NC,COFORGE,1231.5,1271.0,1272.0,1222.8,1264.9,930619,1242.1,1231.0,58,1231.5,173,
2026-04-10T09:49:48.079,NC,COFORGE,1231.6,1271.0,1272.0,1222.8,1264.9,930897,1242.09,1231.0,87,1231.6,70,
2026-04-10T09:49:49.179,NC,COFORGE,1231.1,1271.0,1272.0,1222.8,1264.9,930921,1242.09,1231.0,87,1231.5,173,
2026-04-10T09:49:50.290,NC,COFORGE,1231.5,1271.0,1272.0,1222.8,1264.9,931552,1242.09,1231.3,71,1231.5,2,
2026-04-10T09:49:51.283,NC,COFORGE,1231.5,1271.0,1272.0,1222.8,1264.9,931554,1242.09,1231.2,146,1231.5,1,
2026-04-10T09:49:52.383,NC,COFORGE,1231.9,1271.0,1272.0,1222.8,1264.9,931757,1242.08,1231.4,155,1232.0,2124,
2026-04-10T09:49:53.484,NC,COFORGE,1232.0,1271.0,1272.0,1222.8,1264.9,931964,1242.08,1231.5,71,1232.0,1884,
2026-04-10T09:49:54.594,NC,COFORGE,1231.5,1271.0,1272.0,1222.8,1264.9,932326,1242.08,1231.7,38,1232.0,1622,
2026-04-10T09:49:55.687,NC,COFORGE,1231.4,1271.0,1272.0,1222.8,1264.9,932701,1242.07,1231.5,37,1232.0,1622,
2026-04-10T09:49:56.795,NC,COFORGE,1232.0,1271.0,1272.0,1222.8,1264.9,933333,1242.07,1231.4,459,1231.9,115,
2026-04-10T09:49:57.901,NC,COFORGE,1231.9,1271.0,1272.0,1222.8,1264.9,933353,1242.07,1231.6,169,1231.9,7,
2026-04-10T09:49:58.997,NC,COFORGE,1232.0,1271.0,1272.0,1222.8,1264.9,933620,1242.06,1231.7,69,1232.0,787,
2026-04-10T09:50:00.108,NC,COFORGE,1232.0,1271.0,1272.0,1222.8,1264.9,933632,1242.06,1231.7,80,1232.0,775,
2026-04-10T09:50:01.200,NC,COFORGE,1232.7,1271.0,1272.0,1222.8,1264.9,934751,1242.05,1232.3,7,1232.8,90,
2026-04-10T09:50:02.206,NC,COFORGE,1232.8,1271.0,1272.0,1222.8,1264.9,934851,1242.05,1232.4,39,1232.9,250,
2026-04-10T09:50:03.214,NC,COFORGE,1232.3,1271.0,1272.0,1222.8,1264.9,936477,1242.03,1232.1,2,1232.7,115,
2026-04-10T09:50:04.204,NC,COFORGE,1232.4,1271.0,1272.0,1222.8,1264.9,936738,1242.03,1231.9,73,1232.4,154,
2026-04-10T09:50:05.209,NC,COFORGE,1231.9,1271.0,1272.0,1222.8,1264.9,936739,1242.03,1231.9,1,1232.2,378,
2026-04-10T09:50:06.206,NC,COFORGE,1232.0,1271.0,1272.0,1222.8,1264.9,937004,1242.03,1231.5,55,1232.0,129,
2026-04-10T09:50:07.311,NC,COFORGE,1232.0,1271.0,1272.0,1222.8,1264.9,937015,1242.03,1231.5,74,1232.0,142,
2026-04-10T09:50:08.305,NC,COFORGE,1232.2,1271.0,1272.0,1222.8,1264.9,937105,1242.03,1231.7,110,1232.4,339,
2026-04-10T09:50:09.342,NC,COFORGE,1232.0,1271.0,1272.0,1222.8,1264.9,937421,1242.02,1231.8,35,1232.3,114,
2026-04-10T09:50:10.410,NC,COFORGE,1232.4,1271.0,1272.0,1222.8,1264.9,937603,1242.02,1231.5,126,1232.1,103,
2026-04-10T09:50:11.344,NC,COFORGE,1232.0,1271.0,1272.0,1222.8,1264.9,937856,1242.02,1231.5,55,1232.0,103,
2026-04-10T09:50:12.337,NC,COFORGE,1232.0,1271.0,1272.0,1222.8,1264.9,937873,1242.02,1231.9,100,1232.0,129,
2026-04-10T09:50:13.315,NC,COFORGE,1232.0,1271.0,1272.0,1222.8,1264.9,937973,1242.02,1231.9,100,1232.1,2,
2026-04-10T09:50:14.332,NC,COFORGE,1231.9,1271.0,1272.0,1222.8,1264.9,938182,1242.02,1231.7,71,1231.9,174,
2026-04-10T09:50:15.331,NC,COFORGE,1232.4,1271.0,1272.0,1222.8,1264.9,938386,1242.01,1232.0,167,1232.4,132,
2026-04-10T09:50:17.429,NC,COFORGE,1232.4,1271.0,1272.0,1222.8,1264.9,938476,1242.01,1232.1,78,1232.4,56,
2026-04-10T09:50:18.432,NC,COFORGE,1232.4,1271.0,1272.0,1222.8,1264.9,938481,1242.01,1232.1,58,1232.4,55,
2026-04-10T09:50:19.434,NC,COFORGE,1233.0,1271.0,1272.0,1222.8,1264.9,938671,1242.01,1232.7,237,1233.0,25,
2026-04-10T09:50:20.437,NC,COFORGE,1233.4,1271.0,1272.0,1222.8,1264.9,938729,1242.01,1232.9,166,1233.5,375,
2026-04-10T09:50:21.449,NC,COFORGE,1232.9,1271.0,1272.0,1222.8,1264.9,941118,1241.99,1232.8,17,1233.5,520,
2026-04-10T09:50:22.342,NC,COFORGE,1233.8,1271.0,1272.0,1222.8,1264.9,941648,1241.98,1233.4,6,1233.7,94,
2026-04-10T09:50:23.362,NC,COFORGE,1233.8,1271.0,1272.0,1222.8,1264.9,941898,1241.98,1233.4,7,1233.9,430,
2026-04-10T09:50:24.444,NC,COFORGE,1233.7,1271.0,1272.0,1222.8,1264.9,941916,1241.98,1233.2,85,1233.8,75,
2026-04-10T09:50:26.445,NC,COFORGE,1234.0,1271.0,1272.0,1222.8,1264.9,942463,1241.98,1233.5,88,1234.0,9,
2026-04-10T09:50:27.447,NC,COFORGE,1233.9,1271.0,1272.0,1222.8,1264.9,942737,1241.97,1233.3,88,1233.9,74,
2026-04-10T09:50:28.448,NC,COFORGE,1233.2,1271.0,1272.0,1222.8,1264.9,942837,1241.97,1233.2,327,1233.9,180,
2026-04-10T09:50:29.355,NC,COFORGE,1233.9,1271.0,1272.0,1222.8,1264.9,942887,1241.97,1233.3,33,1233.9,145,
2026-04-10T09:50:30.454,NC,COFORGE,1233.7,1271.0,1272.0,1222.8,1264.9,942964,1241.97,1233.2,85,1233.9,2,
2026-04-10T09:50:31.459,NC,COFORGE,1233.8,1271.0,1272.0,1222.8,1264.9,942974,1241.97,1233.2,30,1233.8,390,
2026-04-10T09:50:32.417,NC,COFORGE,1233.2,1271.0,1272.0,1222.8,1264.9,943691,1241.96,1233.0,500,1233.5,58,
2026-04-10T09:50:33.358,NC,COFORGE,1233.0,1271.0,1272.0,1222.8,1264.9,943961,1241.96,1233.0,815,1233.5,91,
2026-04-10T09:50:34.376,NC,COFORGE,1233.5,1271.0,1272.0,1222.8,1264.9,943965,1241.96,1233.0,814,1233.5,88,
2026-04-10T09:50:35.561,NC,COFORGE,1234.1,1271.0,1272.0,1222.8,1264.9,944390,1241.96,1233.2,407,1233.9,67,
2026-04-10T09:50:36.463,NC,COFORGE,1233.8,1271.0,1272.0,1222.8,1264.9,944679,1241.96,1233.5,1,1233.9,173,
2026-04-10T09:50:37.462,NC,COFORGE,1233.3,1271.0,1272.0,1222.8,1264.9,944710,1241.96,1233.3,251,1233.9,91,
2026-04-10T09:50:38.484,NC,COFORGE,1233.3,1271.0,1272.0,1222.8,1264.9,944735,1241.96,1233.2,350,1233.8,48,
2026-04-10T09:50:39.581,NC,COFORGE,1233.8,1271.0,1272.0,1222.8,1264.9,944803,1241.96,1233.5,50,1233.9,56,
2026-04-10T09:50:40.673,NC,COFORGE,1233.5,1271.0,1272.0,1222.8,1264.9,944853,1241.95,1233.3,1,1233.6,183,
2026-04-10T09:50:41.777,NC,COFORGE,1233.3,1271.0,1272.0,1222.8,1264.9,946054,1241.94,1233.0,3025,1233.5,64,
2026-04-10T09:50:42.875,NC,COFORGE,1232.1,1271.0,1272.0,1222.8,1264.9,949832,1241.91,1232.2,182,1232.9,103,
2026-04-10T09:50:43.884,NC,COFORGE,1232.9,1271.0,1272.0,1222.8,1264.9,949833,1241.91,1232.5,48,1232.9,28,
2026-04-10T09:50:44.884,NC,COFORGE,1233.2,1271.0,1272.0,1222.8,1264.9,949938,1241.91,1232.4,122,1233.1,148,
2026-04-10T09:50:45.879,NC,COFORGE,1233.1,1271.0,1272.0,1222.8,1264.9,949943,1241.91,1232.3,70,1233.0,253,
2026-04-10T09:50:46.986,NC,COFORGE,1233.1,1271.0,1272.0,1222.8,1264.9,950035,1241.91,1232.6,160,1233.1,5,
2026-04-10T09:50:48.087,NC,COFORGE,1233.2,1271.0,1272.0,1222.8,1264.9,950050,1241.91,1232.7,53,1233.1,3,
2026-04-10T09:50:50.183,NC,COFORGE,1233.3,1271.0,1272.0,1222.8,1264.9,950060,1241.91,1233.3,18,1233.5,46,
2026-04-10T09:50:53.289,NC,COFORGE,1233.2,1271.0,1272.0,1222.8,1264.9,950088,1241.91,1233.1,11,1233.3,127,
2026-04-10T09:50:54.392,NC,COFORGE,1233.3,1271.0,1272.0,1222.8,1264.9,950095,1241.91,1233.1,11,1233.3,145,
2026-04-10T09:50:55.393,NC,COFORGE,1233.3,1271.0,1272.0,1222.8,1264.9,950100,1241.91,1233.1,11,1233.3,195,
2026-04-10T09:50:56.400,NC,COFORGE,1233.2,1271.0,1272.0,1222.8,1264.9,950145,1241.9,1232.4,137,1233.1,318,
2026-04-10T09:50:57.411,NC,COFORGE,1233.1,1271.0,1272.0,1222.8,1264.9,950249,1241.9,1232.4,393,1233.1,147,
2026-04-10T09:50:58.450,NC,COFORGE,1233.1,1271.0,1272.0,1222.8,1264.9,950311,1241.9,1232.6,157,1233.1,62,
2026-04-10T09:50:59.403,NC,COFORGE,1232.4,1271.0,1272.0,1222.8,1264.9,950435,1241.9,1232.4,37,1233.0,77,
2026-04-10T09:51:01.504,NC,COFORGE,1233.3,1271.0,1272.0,1222.8,1264.9,952430,1241.88,1232.7,200,1233.3,375,
2026-04-10T09:51:02.514,NC,COFORGE,1233.3,1271.0,1272.0,1222.8,1264.9,952504,1241.88,1232.8,183,1233.3,336,
2026-04-10T09:51:03.609,NC,COFORGE,1232.5,1271.0,1272.0,1222.8,1264.9,953066,1241.88,1232.6,309,1233.3,363,
2026-04-10T09:51:04.605,NC,COFORGE,1232.8,1271.0,1272.0,1222.8,1264.9,953519,1241.87,1232.4,35,1232.9,138,
2026-04-10T09:51:06.609,NC,COFORGE,1231.9,1271.0,1272.0,1222.8,1264.9,954878,1241.86,1231.8,42,1232.1,450,
2026-04-10T09:51:07.710,NC,COFORGE,1232.1,1271.0,1272.0,1222.8,1264.9,955009,1241.86,1231.8,42,1232.1,296,
2026-04-10T09:51:08.716,NC,COFORGE,1232.1,1271.0,1272.0,1222.8,1264.9,955043,1241.86,1231.8,36,1232.1,268,
2026-04-10T09:51:09.717,NC,COFORGE,1232.1,1271.0,1272.0,1222.8,1264.9,955112,1241.86,1232.0,94,1232.1,199,
2026-04-10T09:51:10.716,NC,COFORGE,1232.1,1271.0,1272.0,1222.8,1264.9,955321,1241.85,1232.1,286,1232.7,375,
2026-04-10T09:51:13.936,NC,COFORGE,1232.0,1271.0,1272.0,1222.8,1264.9,955425,1241.85,1232.0,51,1232.5,11,
2026-04-10T09:51:15.028,NC,COFORGE,1232.0,1271.0,1272.0,1222.8,1264.9,956075,1241.85,1232.0,110,1232.5,7,
2026-04-10T09:51:17.027,NC,COFORGE,1232.7,1271.0,1272.0,1222.8,1264.9,956095,1241.85,1232.1,91,1232.5,4,
2026-04-10T09:51:18.027,NC,COFORGE,1232.7,1271.0,1272.0,1222.8,1264.9,956190,1241.85,1232.1,91,1232.5,2,
2026-04-10T09:51:19.029,NC,COFORGE,1232.7,1271.0,1272.0,1222.8,1264.9,956195,1241.85,1232.1,37,1232.5,1,
2026-04-10T09:51:20.028,NC,COFORGE,1232.7,1271.0,1272.0,1222.8,1264.9,956316,1241.84,1232.1,37,1232.5,1,
2026-04-10T09:51:21.031,NC,COFORGE,1232.6,1271.0,1272.0,1222.8,1264.9,956739,1241.84,1232.0,335,1232.6,236,
2026-04-10T09:51:24.039,NC,COFORGE,1232.4,1271.0,1272.0,1222.8,1264.9,956757,1241.84,1232.0,335,1232.4,15,
2026-04-10T09:51:25.035,NC,COFORGE,1232.5,1271.0,1272.0,1222.8,1264.9,956786,1241.84,1232.0,335,1232.5,115,
2026-04-10T09:51:26.935,NC,COFORGE,1232.5,1271.0,1272.0,1222.8,1264.9,956811,1241.84,1232.2,1,1232.5,17,
2026-04-10T09:51:27.934,NC,COFORGE,1232.4,1271.0,1272.0,1222.8,1264.9,956822,1241.84,1232.3,204,1232.5,11,
2026-04-10T09:51:29.937,NC,COFORGE,1232.5,1271.0,1272.0,1222.8,1264.9,956827,1241.84,1232.2,16,1232.5,11,
2026-04-10T09:51:30.938,NC,COFORGE,1232.5,1271.0,1272.0,1222.8,1264.9,956838,1241.84,1232.5,27,1232.8,165,
2026-04-10T09:51:31.952,NC,COFORGE,1232.5,1271.0,1272.0,1222.8,1264.9,956875,1241.84,1232.2,31,1232.5,40,
2026-04-10T09:51:32.942,NC,COFORGE,1232.5,1271.0,1272.0,1222.8,1264.9,956899,1241.84,1232.3,115,1232.5,16,
2026-04-10T09:51:34.950,NC,COFORGE,1233.0,1271.0,1272.0,1222.8,1264.9,956949,1241.84,1232.5,69,1233.2,161,
2026-04-10T09:51:36.041,NC,COFORGE,1233.0,1271.0,1272.0,1222.8,1264.9,956994,1241.84,1232.5,1,1232.9,1,
2026-04-10T09:51:37.043,NC,COFORGE,1232.3,1271.0,1272.0,1222.8,1264.9,957119,1241.84,1232.4,85,1233.0,69,
2026-04-10T09:51:39.253,NC,COFORGE,1232.8,1271.0,1272.0,1222.8,1264.9,957275,1241.84,1232.5,1,1232.7,21,
2026-04-10T09:51:40.355,NC,COFORGE,1232.7,1271.0,1272.0,1222.8,1264.9,957277,1241.84,1232.5,1,1232.7,160,
2026-04-10T09:51:41.347,NC,COFORGE,1232.1,1271.0,1272.0,1222.8,1264.9,957290,1241.84,1232.5,30,1232.7,3,
2026-04-10T09:51:42.450,NC,COFORGE,1232.8,1271.0,1272.0,1222.8,1264.9,957295,1241.84,1232.5,89,1232.8,19,
2026-04-10T09:51:44.852,NC,COFORGE,1232.8,1271.0,1272.0,1222.8,1264.9,957330,1241.84,1232.5,89,1232.8,12,
2026-04-10T09:51:46.053,NC,COFORGE,1232.8,1271.0,1272.0,1222.8,1264.9,957331,1241.84,1232.5,89,1232.8,14,
2026-04-10T09:51:47.062,NC,COFORGE,1233.0,1271.0,1272.0,1222.8,1264.9,958031,1241.83,1232.5,180,1232.8,5,
2026-04-10T09:51:47.966,NC,COFORGE,1232.2,1271.0,1272.0,1222.8,1264.9,958170,1241.83,1232.2,34,1232.5,4499,
2026-04-10T09:51:51.368,NC,COFORGE,1232.5,1271.0,1272.0,1222.8,1264.9,958295,1241.83,1232.2,196,1232.5,4428,
2026-04-10T09:51:52.461,NC,COFORGE,1232.2,1271.0,1272.0,1222.8,1264.9,958296,1241.83,1232.2,177,1232.5,4409,
2026-04-10T09:51:53.463,NC,COFORGE,1232.0,1271.0,1272.0,1222.8,1264.9,959754,1241.81,1231.5,21,1231.9,64,
2026-04-10T09:51:54.661,NC,COFORGE,1231.3,1271.0,1272.0,1222.8,1264.9,959883,1241.81,1231.3,2,1231.8,152,
2026-04-10T09:51:55.763,NC,COFORGE,1231.6,1271.0,1272.0,1222.8,1264.9,959969,1241.81,1231.3,2,1231.7,37,
2026-04-10T09:51:56.870,NC,COFORGE,1231.3,1271.0,1272.0,1222.8,1264.9,960074,1241.81,1231.3,2,1231.6,32,
2026-04-10T09:51:57.973,NC,COFORGE,1231.6,1271.0,1272.0,1222.8,1264.9,960149,1241.81,1231.3,2,1231.6,7,
2026-04-10T09:51:59.082,NC,COFORGE,1231.6,1271.0,1272.0,1222.8,1264.9,960305,1241.81,1231.0,199,1231.6,232,
2026-04-10T09:52:00.186,NC,COFORGE,1231.0,1271.0,1272.0,1222.8,1264.9,960510,1241.8,1230.8,31,1231.4,297,
2026-04-10T09:52:01.094,NC,COFORGE,1230.8,1271.0,1272.0,1222.8,1264.9,960538,1241.8,1230.8,3,1231.1,229,
2026-04-10T09:52:02.187,NC,COFORGE,1231.1,1271.0,1272.0,1222.8,1264.9,960541,1241.8,1230.8,3,1231.1,191,
2026-04-10T09:52:03.388,NC,COFORGE,1231.0,1271.0,1272.0,1222.8,1264.9,960627,1241.8,1230.4,165,1231.0,107,
2026-04-10T09:52:04.398,NC,COFORGE,1231.0,1271.0,1272.0,1222.8,1264.9,960642,1241.8,1230.5,168,1231.0,70,
2026-04-10T09:52:06.724,NC,COFORGE,1231.0,1271.0,1272.0,1222.8,1264.9,960648,1241.8,1230.5,67,1231.0,432,
2026-04-10T09:52:07.709,NC,COFORGE,1230.5,1271.0,1272.0,1222.8,1264.9,960716,1241.8,1230.4,1,1230.5,93,
2026-04-10T09:52:08.822,NC,COFORGE,1230.8,1271.0,1272.0,1222.8,1264.9,961798,1241.79,1230.6,74,1231.3,47,
2026-04-10T09:52:09.813,NC,COFORGE,1230.6,1271.0,1272.0,1222.8,1264.9,961870,1241.79,1230.4,1,1230.6,303,
2026-04-10T09:52:10.910,NC,COFORGE,1230.6,1271.0,1272.0,1222.8,1264.9,962559,1241.78,1230.4,203,1231.1,214,
2026-04-10T09:52:12.013,NC,COFORGE,1230.5,1271.0,1272.0,1222.8,1264.9,963135,1241.77,1230.5,74,1230.9,375,
2026-04-10T09:52:13.031,NC,COFORGE,1230.5,1271.0,1272.0,1222.8,1264.9,963525,1241.77,1230.4,66,1230.9,407,
2026-04-10T09:52:14.134,NC,COFORGE,1230.6,1271.0,1272.0,1222.8,1264.9,963900,1241.76,1230.5,52,1230.9,407,
2026-04-10T09:52:15.229,NC,COFORGE,1230.3,1271.0,1272.0,1222.8,1264.9,963923,1241.76,1230.2,2,1230.3,352,
2026-04-10T09:52:16.333,NC,COFORGE,1230.3,1271.0,1272.0,1222.8,1264.9,963925,1241.76,1230.2,2,1230.3,402,
2026-04-10T09:52:17.441,NC,COFORGE,1230.3,1271.0,1272.0,1222.8,1264.9,963926,1241.76,1230.2,2,1230.3,401,
2026-04-10T09:52:18.523,NC,COFORGE,1230.3,1271.0,1272.0,1222.8,1264.9,963951,1241.76,1230.1,104,1230.3,386,
2026-04-10T09:52:19.643,NC,COFORGE,1230.3,1271.0,1272.0,1222.8,1264.9,963968,1241.76,1230.1,104,1230.3,369,
2026-04-10T09:52:20.733,NC,COFORGE,1229.9,1271.0,1272.0,1222.8,1264.9,969604,1241.69,1229.7,5,1230.0,596,
2026-04-10T09:52:21.823,NC,COFORGE,1229.5,1271.0,1272.0,1222.8,1264.9,969651,1241.69,1229.2,10,1229.5,710,
2026-04-10T09:52:22.828,NC,COFORGE,1229.5,1271.0,1272.0,1222.8,1264.9,969755,1241.69,1229.2,10,1229.5,669,
2026-04-10T09:52:24.031,NC,COFORGE,1229.5,1271.0,1272.0,1222.8,1264.9,969810,1241.69,1229.2,10,1229.5,631,
2026-04-10T09:52:25.045,NC,COFORGE,1229.0,1271.0,1272.0,1222.8,1264.9,970113,1241.69,1229.0,2383,1229.5,431,
2026-04-10T09:52:26.156,NC,COFORGE,1229.5,1271.0,1272.0,1222.8,1264.9,970117,1241.69,1229.1,78,1229.5,76,
2026-04-10T09:52:27.244,NC,COFORGE,1229.5,1271.0,1272.0,1222.8,1264.9,970168,1241.69,1229.2,78,1229.5,25,
2026-04-10T09:52:28.238,NC,COFORGE,1229.5,1271.0,1272.0,1222.8,1264.9,970174,1241.69,1229.2,147,1229.5,19,
2026-04-10T09:52:29.345,NC,COFORGE,1229.5,1271.0,1272.0,1222.8,1264.9,970189,1241.69,1229.2,32,1229.5,355,
2026-04-10T09:52:30.440,NC,COFORGE,1229.5,1271.0,1272.0,1222.8,1264.9,970190,1241.69,1229.1,141,1229.5,381,
2026-04-10T09:52:32.652,NC,COFORGE,1229.3,1271.0,1272.0,1222.8,1264.9,970665,1241.68,1229.0,2067,1229.2,442,
2026-04-10T09:52:33.741,NC,COFORGE,1229.2,1271.0,1272.0,1222.8,1264.9,970687,1241.68,1229.1,15,1229.2,457,
2026-04-10T09:52:34.744,NC,COFORGE,1229.2,1271.0,1272.0,1222.8,1264.9,970688,1241.68,1229.0,2206,1229.2,456,
2026-04-10T09:52:35.845,NC,COFORGE,1230.3,1271.0,1272.0,1222.8,1264.9,972160,1241.66,1229.5,208,1230.1,756,
2026-04-10T09:52:36.952,NC,COFORGE,1229.3,1271.0,1272.0,1222.8,1264.9,972333,1241.66,1229.3,95,1230.0,756,
2026-04-10T09:52:38.041,NC,COFORGE,1229.8,1271.0,1272.0,1222.8,1264.9,972453,1241.66,1229.2,443,1229.8,240,
2026-04-10T09:52:39.141,NC,COFORGE,1229.8,1271.0,1272.0,1222.8,1264.9,972479,1241.66,1229.5,6,1229.8,242,
2026-04-10T09:52:40.248,NC,COFORGE,1229.8,1271.0,1272.0,1222.8,1264.9,972486,1241.66,1229.5,6,1229.8,336,
2026-04-10T09:52:42.447,NC,COFORGE,1229.0,1271.0,1272.0,1222.8,1264.9,973486,1241.65,1229.2,20,1229.7,207,
2026-04-10T09:52:43.472,NC,COFORGE,1229.1,1271.0,1272.0,1222.8,1264.9,973513,1241.64,1229.1,246,1229.7,230,
2026-04-10T09:52:44.360,NC,COFORGE,1229.7,1271.0,1272.0,1222.8,1264.9,973563,1241.64,1229.1,230,1229.7,180,
2026-04-10T09:52:45.457,NC,COFORGE,1229.5,1271.0,1272.0,1222.8,1264.9,973567,1241.64,1229.0,1614,1229.5,200,
2026-04-10T09:52:46.557,NC,COFORGE,1229.5,1271.0,1272.0,1222.8,1264.9,973577,1241.64,1229.0,1894,1229.5,176,
2026-04-10T09:52:47.451,NC,COFORGE,1229.5,1271.0,1272.0,1222.8,1264.9,973617,1241.64,1229.2,4,1229.5,263,
2026-04-10T09:52:49.552,NC,COFORGE,1229.2,1271.0,1272.0,1222.8,1264.9,973953,1241.64,1229.1,51,1229.5,53,
2026-04-10T09:52:50.569,NC,COFORGE,1229.5,1271.0,1272.0,1222.8,1264.9,973968,1241.64,1229.1,503,1229.5,49,
2026-04-10T09:52:51.552,NC,COFORGE,1230.0,1271.0,1272.0,1222.8,1264.9,974236,1241.64,1229.5,51,1230.0,191,
2026-04-10T09:52:52.554,NC,COFORGE,1229.1,1271.0,1272.0,1222.8,1264.9,974387,1241.63,1229.1,222,1229.7,110,
2026-04-10T09:52:53.562,NC,COFORGE,1229.1,1271.0,1272.0,1222.8,1264.9,974876,1241.63,1229.1,64,1229.8,237,
2026-04-10T09:52:54.557,NC,COFORGE,1229.8,1271.0,1272.0,1222.8,1264.9,974896,1241.63,1229.1,66,1229.8,204,
2026-04-10T09:52:55.668,NC,COFORGE,1229.0,1271.0,1272.0,1222.8,1264.9,975474,1241.62,1229.0,1746,1229.7,26,
2026-04-10T09:52:56.660,NC,COFORGE,1229.8,1271.0,1272.0,1222.8,1264.9,975602,1241.62,1229.1,411,1229.8,68,
2026-04-10T09:52:58.762,NC,COFORGE,1229.9,1271.0,1272.0,1222.8,1264.9,975712,1241.62,1229.5,94,1230.1,196,
2026-04-10T09:52:59.767,NC,COFORGE,1230.1,1271.0,1272.0,1222.8,1264.9,975735,1241.62,1229.5,378,1230.1,188,
2026-04-10T09:53:04.071,NC,COFORGE,1228.9,1271.0,1272.0,1222.8,1264.9,979016,1241.58,1228.8,70,1229.4,447,
2026-04-10T09:53:05.179,NC,COFORGE,1230.3,1271.0,1272.0,1222.8,1264.9,981322,1241.55,1230.3,30,1230.8,184,
2026-04-10T09:53:06.284,NC,COFORGE,1230.0,1271.0,1272.0,1222.8,1264.9,981438,1241.55,1229.8,212,1230.0,44,
2026-04-10T09:53:07.176,NC,COFORGE,1230.6,1271.0,1272.0,1222.8,1264.9,981968,1241.54,1230.1,54,1230.8,133,
2026-04-10T09:53:08.184,NC,COFORGE,1230.7,1271.0,1272.0,1222.8,1264.9,982331,1241.54,1230.2,60,1230.9,54,
2026-04-10T09:53:09.182,NC,COFORGE,1231.1,1271.0,1272.0,1222.8,1264.9,982341,1241.54,1230.5,148,1230.9,28,
2026-04-10T09:53:11.381,NC,COFORGE,1230.9,1271.0,1272.0,1222.8,1264.9,982344,1241.54,1230.6,71,1230.9,25,
2026-04-10T09:53:12.490,NC,COFORGE,1230.4,1271.0,1272.0,1222.8,1264.9,984417,1241.51,1229.8,42,1230.4,404,
2026-04-10T09:53:13.590,NC,COFORGE,1230.4,1271.0,1272.0,1222.8,1264.9,984419,1241.51,1229.8,20,1230.4,447,
2026-04-10T09:53:15.586,NC,COFORGE,1230.4,1271.0,1272.0,1222.8,1264.9,984803,1241.51,1229.6,332,1230.4,361,
2026-04-10T09:53:16.715,NC,COFORGE,1230.3,1271.0,1272.0,1222.8,1264.9,985108,1241.5,1229.9,121,1230.4,361,
2026-04-10T09:53:17.798,NC,COFORGE,1230.4,1271.0,1272.0,1222.8,1264.9,985110,1241.5,1229.9,162,1230.4,359,
2026-04-10T09:53:19.995,NC,COFORGE,1230.4,1271.0,1272.0,1222.8,1264.9,985230,1241.5,1230.0,20,1230.4,266,
2026-04-10T09:53:20.897,NC,COFORGE,1230.4,1271.0,1272.0,1222.8,1264.9,985231,1241.5,1230.0,20,1230.4,265,
2026-04-10T09:53:21.899,NC,COFORGE,1229.5,1271.0,1272.0,1222.8,1264.9,985261,1241.5,1229.0,42,1229.5,287,
2026-04-10T09:53:22.912,NC,COFORGE,1228.6,1271.0,1272.0,1222.8,1264.9,985647,1241.5,1228.6,37,1229.2,86,
2026-04-10T09:53:23.899,NC,COFORGE,1229.3,1271.0,1272.0,1222.8,1264.9,985979,1241.49,1228.7,150,1229.4,53,
2026-04-10T09:53:25.000,NC,COFORGE,1229.5,1271.0,1272.0,1222.8,1264.9,985989,1241.49,1228.7,86,1229.4,125,
2026-04-10T09:53:27.202,NC,COFORGE,1229.2,1271.0,1272.0,1222.8,1264.9,985990,1241.49,1228.8,500,1229.0,49,
2026-04-10T09:53:28.105,NC,COFORGE,1229.2,1271.0,1272.0,1222.8,1264.9,987052,1241.48,1228.8,500,1229.2,271,
2026-04-10T09:53:29.124,NC,COFORGE,1228.8,1271.0,1272.0,1222.8,1264.9,987725,1241.47,1228.8,350,1229.2,660,
2026-04-10T09:53:30.213,NC,COFORGE,1228.7,1271.0,1272.0,1222.8,1264.9,989976,1241.44,1228.1,142,1228.5,375,
2026-04-10T09:53:31.210,NC,COFORGE,1228.1,1271.0,1272.0,1222.8,1264.9,990353,1241.44,1228.1,37,1228.5,134,
2026-04-10T09:53:32.215,NC,COFORGE,1228.1,1271.0,1272.0,1222.8,1264.9,990588,1241.43,1228.2,87,1228.5,113,
2026-04-10T09:53:33.212,NC,COFORGE,1228.5,1271.0,1272.0,1222.8,1264.9,990926,1241.43,1228.5,12,1228.8,33,
2026-04-10T09:53:34.214,NC,COFORGE,1228.2,1271.0,1272.0,1222.8,1264.9,991028,1241.43,1228.3,80,1228.9,96,
2026-04-10T09:53:35.222,NC,COFORGE,1228.9,1271.0,1272.0,1222.8,1264.9,991034,1241.43,1228.4,80,1228.9,1,
2026-04-10T09:53:36.218,NC,COFORGE,1228.9,1271.0,1272.0,1222.8,1264.9,991115,1241.43,1228.7,73,1229.2,18,
2026-04-10T09:53:37.220,NC,COFORGE,1229.3,1271.0,1272.0,1222.8,1264.9,991516,1241.42,1229.3,7,1229.9,188,
2026-04-10T09:53:38.226,NC,COFORGE,1229.3,1271.0,1272.0,1222.8,1264.9,991602,1241.42,1228.7,2,1229.3,219,
2026-04-10T09:53:39.219,NC,COFORGE,1228.4,1271.0,1272.0,1222.8,1264.9,991802,1241.42,1228.4,193,1229.0,1,
2026-04-10T09:53:40.220,NC,COFORGE,1229.0,1271.0,1272.0,1222.8,1264.9,991804,1241.42,1228.8,2,1229.0,4,
2026-04-10T09:53:41.231,NC,COFORGE,1228.9,1271.0,1272.0,1222.8,1264.9,992114,1241.41,1228.3,47,1228.9,70,
2026-04-10T09:53:44.342,NC,COFORGE,1228.9,1271.0,1272.0,1222.8,1264.9,992129,1241.41,1228.2,167,1228.9,148,
2026-04-10T09:53:45.326,NC,COFORGE,1228.8,1271.0,1272.0,1222.8,1264.9,992180,1241.41,1228.1,210,1228.8,465,
2026-04-10T09:53:46.328,NC,COFORGE,1228.8,1271.0,1272.0,1222.8,1264.9,992215,1241.41,1228.2,76,1228.8,315,
2026-04-10T09:53:47.329,NC,COFORGE,1228.7,1271.0,1272.0,1222.8,1264.9,993219,1241.4,1228.4,10,1228.7,371,
2026-04-10T09:53:48.232,NC,COFORGE,1228.4,1271.0,1272.0,1222.8,1264.9,993544,1241.4,1228.5,1,1228.7,71,
2026-04-10T09:53:49.327,NC,COFORGE,1228.8,1271.0,1272.0,1222.8,1264.9,993655,1241.39,1228.5,1,1228.8,60,
2026-04-10T09:53:50.343,NC,COFORGE,1228.5,1271.0,1272.0,1222.8,1264.9,993766,1241.39,1228.4,188,1229.0,2260,
2026-04-10T09:53:51.432,NC,COFORGE,1228.7,1271.0,1272.0,1222.8,1264.9,993782,1241.39,1228.7,4,1229.0,2260,
2026-04-10T09:53:52.529,NC,COFORGE,1229.0,1271.0,1272.0,1222.8,1264.9,993842,1241.39,1228.4,80,1229.0,2240,
2026-04-10T09:53:55.734,NC,COFORGE,1228.5,1271.0,1272.0,1222.8,1264.9,993973,1241.39,1228.5,365,1229.0,2275,
2026-04-10T09:53:56.736,NC,COFORGE,1228.5,1271.0,1272.0,1222.8,1264.9,994081,1241.39,1228.5,271,1229.0,2267,
2026-04-10T09:53:57.746,NC,COFORGE,1228.7,1271.0,1272.0,1222.8,1264.9,994210,1241.39,1228.7,272,1229.0,2217,
2026-04-10T09:53:58.736,NC,COFORGE,1229.8,1271.0,1272.0,1222.8,1264.9,1001651,1241.3,1229.4,60,1229.8,116,
2026-04-10T09:53:59.833,NC,COFORGE,1229.4,1271.0,1272.0,1222.8,1264.9,1001776,1241.3,1229.3,28,1229.8,230,
2026-04-10T09:54:00.855,NC,COFORGE,1229.4,1271.0,1272.0,1222.8,1264.9,1001785,1241.3,1229.4,84,1229.9,100,
2026-04-10T09:54:01.936,NC,COFORGE,1229.9,1271.0,1272.0,1222.8,1264.9,1001831,1241.3,1229.6,92,1229.9,54,
2026-04-10T09:54:04.144,NC,COFORGE,1229.9,1271.0,1272.0,1222.8,1264.9,1001912,1241.29,1229.7,92,1230.0,285,
2026-04-10T09:54:05.252,NC,COFORGE,1230.0,1271.0,1272.0,1222.8,1264.9,1001967,1241.29,1229.7,138,1230.0,230,
2026-04-10T09:54:06.357,NC,COFORGE,1229.8,1271.0,1272.0,1222.8,1264.9,1002022,1241.29,1229.2,25,1229.6,295,
2026-04-10T09:54:07.456,NC,COFORGE,1229.6,1271.0,1272.0,1222.8,1264.9,1002048,1241.29,1229.2,25,1229.6,269,
2026-04-10T09:54:08.541,NC,COFORGE,1229.0,1271.0,1272.0,1222.8,1264.9,1002448,1241.29,1229.0,101,1229.5,153,
2026-04-10T09:54:09.638,NC,COFORGE,1229.0,1271.0,1272.0,1222.8,1264.9,1002463,1241.29,1229.0,10,1229.2,216,
2026-04-10T09:54:10.742,NC,COFORGE,1229.2,1271.0,1272.0,1222.8,1264.9,1002990,1241.28,1229.0,12,1229.4,90,
2026-04-10T09:54:11.841,NC,COFORGE,1229.4,1271.0,1272.0,1222.8,1264.9,1003040,1241.28,1229.0,42,1229.4,40,
2026-04-10T09:54:12.939,NC,COFORGE,1228.8,1271.0,1272.0,1222.8,1264.9,1003090,1241.28,1229.0,3,1229.3,48,
2026-04-10T09:54:13.842,NC,COFORGE,1229.3,1271.0,1272.0,1222.8,1264.9,1003091,1241.28,1229.2,1,1229.4,148,
2026-04-10T09:54:14.945,NC,COFORGE,1229.4,1271.0,1272.0,1222.8,1264.9,1003141,1241.28,1229.2,26,1229.5,446,
2026-04-10T09:54:16.051,NC,COFORGE,1229.0,1271.0,1272.0,1222.8,1264.9,1003221,1241.28,1229.0,6,1229.5,562,
2026-04-10T09:54:20.467,NC,COFORGE,1229.2,1271.0,1272.0,1222.8,1264.9,1003241,1241.28,1229.2,59,1229.3,12,
2026-04-10T09:54:21.568,NC,COFORGE,1229.2,1271.0,1272.0,1222.8,1264.9,1008585,1241.22,1229.1,6,1229.2,10,
2026-04-10T09:54:22.666,NC,COFORGE,1229.5,1271.0,1272.0,1222.8,1264.9,1008675,1241.22,1229.1,6,1229.7,188,
2026-04-10T09:54:24.866,NC,COFORGE,1229.5,1271.0,1272.0,1222.8,1264.9,1008676,1241.22,1229.0,60,1229.2,50,
2026-04-10T09:54:25.966,NC,COFORGE,1229.2,1271.0,1272.0,1222.8,1264.9,1008678,1241.22,1229.0,6,1229.1,32,
2026-04-10T09:54:26.985,NC,COFORGE,1229.1,1271.0,1272.0,1222.8,1264.9,1008683,1241.22,1229.0,32,1229.1,32,
2026-04-10T09:54:27.968,NC,COFORGE,1229.1,1271.0,1272.0,1222.8,1264.9,1008690,1241.22,1229.0,32,1229.1,25,
2026-04-10T09:54:29.085,NC,COFORGE,1229.2,1271.0,1272.0,1222.8,1264.9,1008800,1241.22,1229.0,135,1229.2,30,
2026-04-10T09:54:30.174,NC,COFORGE,1229.1,1271.0,1272.0,1222.8,1264.9,1008845,1241.21,1229.0,157,1229.2,11,
2026-04-10T09:54:33.392,NC,COFORGE,1229.1,1271.0,1272.0,1222.8,1264.9,1009103,1241.21,1229.0,128,1229.2,5800,
2026-04-10T09:54:34.480,NC,COFORGE,1229.1,1271.0,1272.0,1222.8,1264.9,1009569,1241.21,1228.8,286,1229.1,118,
2026-04-10T09:54:35.609,NC,COFORGE,1228.9,1271.0,1272.0,1222.8,1264.9,1009790,1241.2,1228.7,3,1228.9,374,
2026-04-10T09:54:36.688,NC,COFORGE,1228.5,1271.0,1272.0,1222.8,1264.9,1010190,1241.2,1228.3,171,1228.7,374,
2026-04-10T09:54:37.788,NC,COFORGE,1228.7,1271.0,1272.0,1222.8,1264.9,1010195,1241.2,1228.3,202,1228.7,369,
2026-04-10T09:54:38.893,NC,COFORGE,1228.5,1271.0,1272.0,1222.8,1264.9,1010564,1241.19,1228.3,301,1228.6,48,
2026-04-10T09:54:39.992,NC,COFORGE,1228.5,1271.0,1272.0,1222.8,1264.9,1010633,1241.19,1228.5,180,1228.7,25,
2026-04-10T09:54:42.199,NC,COFORGE,1228.7,1271.0,1272.0,1222.8,1264.9,1010666,1241.19,1228.5,172,1228.7,13,
2026-04-10T09:54:44.511,NC,COFORGE,1229.1,1271.0,1272.0,1222.8,1264.9,1010797,1241.19,1228.6,73,1228.7,159,
2026-04-10T09:54:45.694,NC,COFORGE,1228.7,1271.0,1272.0,1222.8,1264.9,1010844,1241.19,1228.5,78,1228.7,129,
2026-04-10T09:54:46.711,NC,COFORGE,1228.7,1271.0,1272.0,1222.8,1264.9,1010845,1241.19,1228.3,123,1228.6,375,
2026-04-10T09:54:47.904,NC,COFORGE,1228.3,1271.0,1272.0,1222.8,1264.9,1011016,1241.19,1228.3,35,1228.4,375,
2026-04-10T09:54:48.997,NC,COFORGE,1228.4,1271.0,1272.0,1222.8,1264.9,1011221,1241.19,1228.0,3534,1228.4,270,
2026-04-10T09:54:50.000,NC,COFORGE,1228.0,1271.0,1272.0,1222.8,1264.9,1011321,1241.18,1228.0,3434,1228.4,270,
2026-04-10T09:54:51.101,NC,COFORGE,1227.9,1271.0,1272.0,1222.8,1264.9,1014939,1241.14,1227.8,149,1228.0,6047,
2026-04-10T09:54:52.101,NC,COFORGE,1228.1,1271.0,1272.0,1222.8,1264.9,1021013,1241.06,1228.2,189,1228.7,128,
2026-04-10T09:54:53.202,NC,COFORGE,1228.7,1271.0,1272.0,1222.8,1264.9,1021015,1241.06,1228.2,293,1228.4,150,
2026-04-10T09:54:54.223,NC,COFORGE,1228.4,1271.0,1272.0,1222.8,1264.9,1026721,1240.99,1228.2,109,1228.4,100,
2026-04-10T09:54:55.208,NC,COFORGE,1228.2,1271.0,1272.0,1222.8,1264.9,1027179,1240.98,1228.2,144,1228.8,88,
2026-04-10T09:54:57.328,NC,COFORGE,1228.2,1271.0,1272.0,1222.8,1264.9,1027970,1240.97,1228.3,74,1228.9,212,
2026-04-10T09:55:00.616,NC,COFORGE,1228.0,1271.0,1272.0,1222.8,1264.9,1028369,1240.97,1227.9,90,1228.2,2107,
2026-04-10T09:55:01.723,NC,COFORGE,1228.5,1271.0,1272.0,1222.8,1264.9,1030514,1240.94,1228.6,152,1229.1,128,
2026-04-10T09:55:02.727,NC,COFORGE,1229.1,1271.0,1272.0,1222.8,1264.9,1030614,1240.94,1228.6,60,1229.1,28,
2026-04-10T09:55:03.820,NC,COFORGE,1228.6,1271.0,1272.0,1222.8,1264.9,1030628,1240.94,1228.6,46,1229.1,28,
2026-04-10T09:55:06.042,NC,COFORGE,1229.1,1271.0,1272.0,1222.8,1264.9,1030656,1240.94,1229.4,105,1229.7,5,
2026-04-10T09:55:07.127,NC,COFORGE,1229.7,1271.0,1272.0,1222.8,1264.9,1030681,1240.94,1229.6,59,1229.7,7,
2026-04-10T09:55:08.225,NC,COFORGE,1229.6,1271.0,1272.0,1222.8,1264.9,1030701,1240.94,1229.6,39,1229.7,7,
2026-04-10T09:55:09.227,NC,COFORGE,1230.0,1271.0,1272.0,1222.8,1264.9,1031219,1240.93,1229.5,32,1229.7,5,
2026-04-10T09:55:10.339,NC,COFORGE,1229.4,1271.0,1272.0,1222.8,1264.9,1031229,1240.93,1229.4,134,1229.7,5,
2026-04-10T09:55:11.438,NC,COFORGE,1230.6,1271.0,1272.0,1222.8,1264.9,1031825,1240.93,1230.0,240,1230.6,140,
2026-04-10T09:55:12.545,NC,COFORGE,1230.6,1271.0,1272.0,1222.8,1264.9,1031832,1240.93,1230.5,99,1230.6,11,
2026-04-10T09:55:13.453,NC,COFORGE,1230.6,1271.0,1272.0,1222.8,1264.9,1031843,1240.93,1230.7,32,1231.0,160,
2026-04-10T09:55:14.558,NC,COFORGE,1231.5,1271.0,1272.0,1222.8,1264.9,1032212,1240.92,1231.3,85,1231.5,56,
2026-04-10T09:55:15.647,NC,COFORGE,1231.5,1271.0,1272.0,1222.8,1264.9,1032247,1240.92,1231.3,85,1231.5,21,
2026-04-10T09:55:16.744,NC,COFORGE,1231.5,1271.0,1272.0,1222.8,1264.9,1032264,1240.92,1231.3,85,1231.5,19,
2026-04-10T09:55:17.864,NC,COFORGE,1231.5,1271.0,1272.0,1222.8,1264.9,1032274,1240.92,1231.3,58,1231.5,9,
2026-04-10T09:55:18.845,NC,COFORGE,1231.9,1271.0,1272.0,1222.8,1264.9,1032374,1240.92,1231.3,58,1231.9,37,
2026-04-10T09:55:20.754,NC,COFORGE,1231.4,1271.0,1272.0,1222.8,1264.9,1032394,1240.92,1231.6,49,1231.9,13,
2026-04-10T09:55:21.854,NC,COFORGE,1231.4,1271.0,1272.0,1222.8,1264.9,1033571,1240.91,1231.6,54,1232.0,112,
2026-04-10T09:55:22.952,NC,COFORGE,1232.0,1271.0,1272.0,1222.8,1264.9,1033638,1240.91,1231.9,10,1232.0,45,
2026-04-10T09:55:24.052,NC,COFORGE,1232.2,1271.0,1272.0,1222.8,1264.9,1033838,1240.91,1231.6,65,1232.1,11,
2026-04-10T09:55:25.202,NC,COFORGE,1232.0,1271.0,1272.0,1222.8,1264.9,1033899,1240.91,1231.6,40,1231.9,41,
2026-04-10T09:55:26.287,NC,COFORGE,1231.6,1271.0,1272.0,1222.8,1264.9,1033939,1240.91,1231.6,40,1231.9,17,
2026-04-10T09:55:27.357,NC,COFORGE,1231.9,1271.0,1272.0,1222.8,1264.9,1033964,1240.91,1231.7,32,1231.9,12,
2026-04-10T09:55:28.369,NC,COFORGE,1231.9,1271.0,1272.0,1222.8,1264.9,1033982,1240.91,1231.6,47,1231.9,159,
2026-04-10T09:55:29.371,NC,COFORGE,1231.9,1271.0,1272.0,1222.8,1264.9,1033995,1240.91,1231.5,108,1231.9,260,
2026-04-10T09:55:30.359,NC,COFORGE,1232.6,1271.0,1272.0,1222.8,1264.9,1034381,1240.9,1232.1,64,1232.7,106,
2026-04-10T09:55:31.463,NC,COFORGE,1232.5,1271.0,1272.0,1222.8,1264.9,1034405,1240.9,1232.0,172,1232.5,187,
2026-04-10T09:55:32.474,NC,COFORGE,1232.5,1271.0,1272.0,1222.8,1264.9,1034445,1240.9,1232.0,229,1232.5,86,
2026-04-10T09:55:33.562,NC,COFORGE,1232.9,1271.0,1272.0,1222.8,1264.9,1034880,1240.9,1232.0,585,1232.8,80,
2026-04-10T09:55:35.567,NC,COFORGE,1232.8,1271.0,1272.0,1222.8,1264.9,1034886,1240.9,1232.0,164,1232.6,94,
2026-04-10T09:55:36.564,NC,COFORGE,1232.1,1271.0,1272.0,1222.8,1264.9,1035175,1240.9,1232.1,240,1232.7,37,
2026-04-10T09:55:37.567,NC,COFORGE,1232.7,1271.0,1272.0,1222.8,1264.9,1035176,1240.9,1232.1,183,1232.7,120,
2026-04-10T09:55:38.567,NC,COFORGE,1232.7,1271.0,1272.0,1222.8,1264.9,1035182,1240.9,1232.1,215,1232.7,30,
2026-04-10T09:55:39.667,NC,COFORGE,1232.4,1271.0,1272.0,1222.8,1264.9,1037473,1240.88,1232.3,37,1232.6,115,
2026-04-10T09:55:40.684,NC,COFORGE,1232.6,1271.0,1272.0,1222.8,1264.9,1037683,1240.88,1232.5,8,1232.9,84,
2026-04-10T09:55:41.778,NC,COFORGE,1232.7,1271.0,1272.0,1222.8,1264.9,1037996,1240.87,1232.1,137,1232.7,66,
2026-04-10T09:55:42.982,NC,COFORGE,1232.8,1271.0,1272.0,1222.8,1264.9,1038126,1240.87,1232.2,236,1232.7,5,
2026-04-10T09:55:45.291,NC,COFORGE,1232.3,1271.0,1272.0,1222.8,1264.9,1038346,1240.87,1232.1,168,1232.7,45,
2026-04-10T09:55:46.390,NC,COFORGE,1233.0,1271.0,1272.0,1222.8,1264.9,1038806,1240.87,1232.4,72,1233.0,21,
2026-04-10T09:55:47.509,NC,COFORGE,1232.6,1271.0,1272.0,1222.8,1264.9,1039303,1240.86,1232.5,2,1233.0,194,
2026-04-10T09:55:48.493,NC,COFORGE,1232.9,1271.0,1272.0,1222.8,1264.9,1039311,1240.86,1232.3,72,1232.9,86,
2026-04-10T09:55:49.499,NC,COFORGE,1232.5,1271.0,1272.0,1222.8,1264.9,1039312,1240.86,1232.7,6,1233.3,204,
2026-04-10T09:55:50.596,NC,COFORGE,1233.1,1271.0,1272.0,1222.8,1264.9,1039568,1240.86,1232.7,82,1233.4,78,
2026-04-10T09:55:51.699,NC,COFORGE,1232.7,1271.0,1272.0,1222.8,1264.9,1039763,1240.86,1232.8,82,1233.5,189,
2026-04-10T09:55:52.711,NC,COFORGE,1233.5,1271.0,1272.0,1222.8,1264.9,1039853,1240.86,1233.0,42,1233.5,126,
2026-04-10T09:55:53.798,NC,COFORGE,1233.5,1271.0,1272.0,1222.8,1264.9,1039863,1240.86,1233.0,42,1233.5,116,
2026-04-10T09:55:55.003,NC,COFORGE,1233.2,1271.0,1272.0,1222.8,1264.9,1041631,1240.85,1232.7,30,1233.2,63,
2026-04-10T09:55:56.000,NC,COFORGE,1232.9,1271.0,1272.0,1222.8,1264.9,1042799,1240.84,1232.9,75,1233.6,134,
2026-04-10T09:55:57.201,NC,COFORGE,1233.0,1271.0,1272.0,1222.8,1264.9,1043461,1240.83,1232.8,121,1233.5,83,
2026-04-10T09:55:58.115,NC,COFORGE,1233.1,1271.0,1272.0,1222.8,1264.9,1043494,1240.83,1233.0,533,1233.5,2,
2026-04-10T09:55:59.207,NC,COFORGE,1233.8,1271.0,1272.0,1222.8,1264.9,1043698,1240.83,1233.3,10,1233.6,83,
2026-04-10T09:56:00.220,NC,COFORGE,1233.0,1271.0,1272.0,1222.8,1264.9,1043813,1240.83,1232.6,155,1233.3,83,
2026-04-10T09:56:01.206,NC,COFORGE,1233.3,1271.0,1272.0,1222.8,1264.9,1043823,1240.83,1233.1,4,1233.2,128,
2026-04-10T09:56:02.308,NC,COFORGE,1233.3,1271.0,1272.0,1222.8,1264.9,1043843,1240.83,1233.1,4,1233.3,179,
2026-04-10T09:56:03.308,NC,COFORGE,1233.3,1271.0,1272.0,1222.8,1264.9,1043851,1240.83,1233.1,4,1233.3,207,
2026-04-10T09:56:04.318,NC,COFORGE,1233.0,1271.0,1272.0,1222.8,1264.9,1044479,1240.83,1232.9,32,1233.0,1,
2026-04-10T09:56:05.312,NC,COFORGE,1233.3,1271.0,1272.0,1222.8,1264.9,1044820,1240.82,1232.9,32,1233.3,249,
2026-04-10T09:56:06.420,NC,COFORGE,1233.3,1271.0,1272.0,1222.8,1264.9,1044964,1240.82,1232.9,32,1233.3,157,
2026-04-10T09:56:08.635,NC,COFORGE,1232.8,1271.0,1272.0,1222.8,1264.9,1045495,1240.82,1232.8,17,1233.3,326,
2026-04-10T09:56:09.715,NC,COFORGE,1233.3,1271.0,1272.0,1222.8,1264.9,1045499,1240.82,1232.9,25,1233.0,100,
2026-04-10T09:56:10.831,NC,COFORGE,1232.8,1271.0,1272.0,1222.8,1264.9,1045547,1240.82,1232.6,80,1233.0,140,
2026-04-10T09:56:11.833,NC,COFORGE,1233.2,1271.0,1272.0,1222.8,1264.9,1045752,1240.82,1232.6,72,1233.2,75,
2026-04-10T09:56:12.925,NC,COFORGE,1233.3,1271.0,1272.0,1222.8,1264.9,1045790,1240.82,1232.7,266,1233.3,12,
2026-04-10T09:56:14.056,NC,COFORGE,1233.5,1271.0,1272.0,1222.8,1264.9,1045900,1240.82,1233.0,2,1233.5,268,
2026-04-10T09:56:15.031,NC,COFORGE,1233.5,1271.0,1272.0,1222.8,1264.9,1045942,1240.82,1233.0,2,1233.5,127,
2026-04-10T09:56:16.139,NC,COFORGE,1233.3,1271.0,1272.0,1222.8,1264.9,1046065,1240.82,1233.2,1,1233.4,190,
2026-04-10T09:56:17.250,NC,COFORGE,1233.4,1271.0,1272.0,1222.8,1264.9,1046115,1240.81,1233.2,1,1233.4,101,
2026-04-10T09:56:18.246,NC,COFORGE,1233.0,1271.0,1272.0,1222.8,1264.9,1046117,1240.81,1232.7,69,1233.4,167,
2026-04-10T09:56:19.338,NC,COFORGE,1232.6,1271.0,1272.0,1222.8,1264.9,1046269,1240.81,1232.6,37,1233.2,245,
2026-04-10T09:56:20.444,NC,COFORGE,1233.3,1271.0,1272.0,1222.8,1264.9,1046769,1240.81,1233.0,21,1233.4,147,
2026-04-10T09:56:21.570,NC,COFORGE,1233.5,1271.0,1272.0,1222.8,1264.9,1047097,1240.81,1233.0,12,1233.5,79,
2026-04-10T09:56:22.651,NC,COFORGE,1233.7,1271.0,1272.0,1222.8,1264.9,1047157,1240.81,1233.1,70,1233.8,186,
2026-04-10T09:56:23.757,NC,COFORGE,1233.0,1271.0,1272.0,1222.8,1264.9,1047284,1240.81,1232.9,141,1233.5,20,
2026-04-10T09:56:24.743,NC,COFORGE,1232.7,1271.0,1272.0,1222.8,1264.9,1047294,1240.81,1232.7,368,1233.4,260,
2026-04-10T09:56:26.944,NC,COFORGE,1232.6,1271.0,1272.0,1222.8,1264.9,1047321,1240.81,1232.6,181,1233.2,82,
2026-04-10T09:56:29.164,NC,COFORGE,1233.0,1271.0,1272.0,1222.8,1264.9,1047367,1240.81,1232.5,256,1233.0,77,
2026-04-10T09:56:31.351,NC,COFORGE,1233.0,1271.0,1272.0,1222.8,1264.9,1047547,1240.8,1232.5,368,1233.0,58,
2026-04-10T09:56:32.470,NC,COFORGE,1232.8,1271.0,1272.0,1222.8,1264.9,1047903,1240.8,1232.3,136,1232.8,31,
2026-04-10T09:56:33.552,NC,COFORGE,1232.8,1271.0,1272.0,1222.8,1264.9,1047955,1240.8,1233.3,2,1233.5,54,
2026-04-10T09:56:34.660,NC,COFORGE,1233.0,1271.0,1272.0,1222.8,1264.9,1047965,1240.8,1233.0,32,1233.5,33,
2026-04-10T09:56:36.855,NC,COFORGE,1233.0,1271.0,1272.0,1222.8,1264.9,1048015,1240.8,1232.7,135,1233.0,78,
2026-04-10T09:56:37.858,NC,COFORGE,1232.7,1271.0,1272.0,1222.8,1264.9,1048040,1240.8,1232.7,111,1233.0,126,
2026-04-10T09:56:38.958,NC,COFORGE,1232.7,1271.0,1272.0,1222.8,1264.9,1048237,1240.8,1232.3,10,1232.5,4,
2026-04-10T09:56:40.070,NC,COFORGE,1232.4,1271.0,1272.0,1222.8,1264.9,1048313,1240.8,1232.1,50,1232.5,125,
2026-04-10T09:56:41.161,NC,COFORGE,1232.5,1271.0,1272.0,1222.8,1264.9,1048339,1240.8,1232.1,50,1232.4,66,
2026-04-10T09:56:42.264,NC,COFORGE,1232.4,1271.0,1272.0,1222.8,1264.9,1048366,1240.8,1232.1,50,1232.4,55,
2026-04-10T09:56:44.363,NC,COFORGE,1232.3,1271.0,1272.0,1222.8,1264.9,1048436,1240.8,1232.0,949,1232.3,108,
2026-04-10T09:56:45.365,NC,COFORGE,1232.3,1271.0,1272.0,1222.8,1264.9,1048456,1240.8,1232.0,929,1232.3,240,
2026-04-10T09:56:47.570,NC,COFORGE,1232.1,1271.0,1272.0,1222.8,1264.9,1049129,1240.79,1231.8,36,1232.1,185,
2026-04-10T09:56:48.670,NC,COFORGE,1232.1,1271.0,1272.0,1222.8,1264.9,1049159,1240.79,1231.8,36,1232.1,240,
2026-04-10T09:56:49.770,NC,COFORGE,1232.1,1271.0,1272.0,1222.8,1264.9,1049192,1240.79,1231.8,36,1232.1,224,
2026-04-10T09:56:50.669,NC,COFORGE,1232.1,1271.0,1272.0,1222.8,1264.9,1049620,1240.79,1231.7,5,1232.3,219,
2026-04-10T09:56:51.670,NC,COFORGE,1232.4,1271.0,1272.0,1222.8,1264.9,1049660,1240.79,1232.4,60,1232.7,300,
2026-04-10T09:56:52.769,NC,COFORGE,1232.4,1271.0,1272.0,1222.8,1264.9,1049680,1240.79,1232.4,40,1232.7,300,
2026-04-10T09:56:54.870,NC,COFORGE,1232.3,1271.0,1272.0,1222.8,1264.9,1049728,1240.79,1232.0,14,1232.4,238,
2026-04-10T09:56:55.973,NC,COFORGE,1232.3,1271.0,1272.0,1222.8,1264.9,1049750,1240.79,1232.0,39,1232.4,207,
2026-04-10T09:56:56.986,NC,COFORGE,1232.0,1271.0,1272.0,1222.8,1264.9,1049889,1240.79,1231.9,32,1232.2,204,
2026-04-10T09:56:58.076,NC,COFORGE,1232.3,1271.0,1272.0,1222.8,1264.9,1051369,1240.77,1231.9,32,1232.3,57,
2026-04-10T09:56:59.178,NC,COFORGE,1232.5,1271.0,1272.0,1222.8,1264.9,1052583,1240.76,1232.0,75,1232.7,138,
2026-04-10T09:57:00.278,NC,COFORGE,1232.0,1271.0,1272.0,1222.8,1264.9,1052658,1240.76,1231.8,103,1232.5,423,
2026-04-10T09:57:02.279,NC,COFORGE,1232.4,1271.0,1272.0,1222.8,1264.9,1053064,1240.76,1231.9,103,1232.6,223,
2026-04-10T09:57:03.284,NC,COFORGE,1232.0,1271.0,1272.0,1222.8,1264.9,1053165,1240.76,1231.7,166,1232.0,649,
2026-04-10T09:57:05.381,NC,COFORGE,1231.7,1271.0,1272.0,1222.8,1264.9,1053170,1240.76,1231.7,2,1232.0,676,
2026-04-10T09:57:06.487,NC,COFORGE,1231.8,1271.0,1272.0,1222.8,1264.9,1053190,1240.76,1231.6,94,1231.8,92,
2026-04-10T09:57:07.483,NC,COFORGE,1231.4,1271.0,1272.0,1222.8,1264.9,1053297,1240.76,1231.2,35,1231.4,137,
2026-04-10T09:57:08.483,NC,COFORGE,1231.5,1271.0,1272.0,1222.8,1264.9,1053301,1240.76,1231.2,35,1231.5,27,
2026-04-10T09:57:09.390,NC,COFORGE,1231.7,1271.0,1272.0,1222.8,1264.9,1053305,1240.76,1231.2,181,1231.5,18,
2026-04-10T09:57:11.394,NC,COFORGE,1232.0,1271.0,1272.0,1222.8,1264.9,1053632,1240.75,1231.3,71,1231.9,31,
2026-04-10T09:57:15.395,NC,COFORGE,1231.8,1271.0,1272.0,1222.8,1264.9,1054644,1240.75,1231.8,64,1232.5,110,
2026-04-10T09:57:16.496,NC,COFORGE,1232.0,1271.0,1272.0,1222.8,1264.9,1054937,1240.74,1231.9,153,1232.6,19,
2026-04-10T09:57:17.499,NC,COFORGE,1231.9,1271.0,1272.0,1222.8,1264.9,1054940,1240.74,1231.9,150,1232.6,304,
2026-04-10T09:57:19.703,NC,COFORGE,1232.0,1271.0,1272.0,1222.8,1264.9,1054941,1240.74,1232.0,49,1232.5,83,
2026-04-10T09:57:21.903,NC,COFORGE,1232.0,1271.0,1272.0,1222.8,1264.9,1057085,1240.73,1231.7,11,1232.0,4642,
2026-04-10T09:57:22.806,NC,COFORGE,1232.0,1271.0,1272.0,1222.8,1264.9,1057107,1240.73,1231.9,1863,1232.0,4648,
2026-04-10T09:57:23.810,NC,COFORGE,1232.2,1271.0,1272.0,1222.8,1264.9,1061759,1240.69,1232.5,10,1233.0,2170,
2026-04-10T09:57:24.910,NC,COFORGE,1233.0,1271.0,1272.0,1222.8,1264.9,1061771,1240.69,1232.5,294,1233.0,2158,
2026-04-10T09:57:30.119,NC,COFORGE,1233.0,1271.0,1272.0,1222.8,1264.9,1061841,1240.69,1232.5,62,1233.0,2092,
2026-04-10T09:57:31.125,NC,COFORGE,1232.5,1271.0,1272.0,1222.8,1264.9,1061843,1240.69,1232.5,40,1233.0,2190,
2026-04-10T09:57:32.224,NC,COFORGE,1233.0,1271.0,1272.0,1222.8,1264.9,1061863,1240.69,1232.5,40,1233.0,2170,
2026-04-10T09:57:33.342,NC,COFORGE,1233.0,1271.0,1272.0,1222.8,1264.9,1061878,1240.69,1232.5,8,1233.0,2155,
2026-04-10T09:57:34.421,NC,COFORGE,1233.0,1271.0,1272.0,1222.8,1264.9,1062178,1240.68,1232.5,226,1233.0,1855,
2026-04-10T09:57:35.530,NC,COFORGE,1233.0,1271.0,1272.0,1222.8,1264.9,1062347,1240.68,1232.5,8,1233.0,1686,
2026-04-10T09:57:36.521,NC,COFORGE,1233.0,1271.0,1272.0,1222.8,1264.9,1062432,1240.68,1232.5,12,1233.0,1629,
2026-04-10T09:57:39.524,NC,COFORGE,1232.5,1271.0,1272.0,1222.8,1264.9,1062611,1240.68,1232.2,20,1232.5,207,
2026-04-10T09:57:40.430,NC,COFORGE,1232.5,1271.0,1272.0,1222.8,1264.9,1062612,1240.68,1232.2,20,1232.5,122,
2026-04-10T09:57:41.534,NC,COFORGE,1232.5,1271.0,1272.0,1222.8,1264.9,1062699,1240.68,1232.2,20,1232.5,67,
2026-04-10T09:57:42.638,NC,COFORGE,1232.5,1271.0,1272.0,1222.8,1264.9,1062804,1240.68,1232.2,20,1232.5,72,
2026-04-10T09:57:43.733,NC,COFORGE,1232.4,1271.0,1272.0,1222.8,1264.9,1063204,1240.68,1232.0,1371,1232.4,198,
2026-04-10T09:57:44.845,NC,COFORGE,1231.7,1271.0,1272.0,1222.8,1264.9,1067729,1240.64,1231.4,55,1231.7,50,
2026-04-10T09:57:45.846,NC,COFORGE,1231.7,1271.0,1272.0,1222.8,1264.9,1067730,1240.64,1231.4,55,1231.7,101,
2026-04-10T09:57:46.876,NC,COFORGE,1231.7,1271.0,1272.0,1222.8,1264.9,1067750,1240.64,1231.4,55,1231.7,128,
2026-04-10T09:57:48.946,NC,COFORGE,1231.7,1271.0,1272.0,1222.8,1264.9,1067755,1240.64,1231.4,55,1231.7,33,
2026-04-10T09:57:50.942,NC,COFORGE,1231.7,1271.0,1272.0,1222.8,1264.9,1067775,1240.64,1231.4,120,1231.7,13,
2026-04-10T09:57:53.046,NC,COFORGE,1232.2,1271.0,1272.0,1222.8,1264.9,1067797,1240.64,1231.7,300,1232.3,109,
2026-04-10T09:57:53.947,NC,COFORGE,1232.1,1271.0,1272.0,1222.8,1264.9,1067817,1240.64,1231.7,300,1232.2,62,
2026-04-10T09:57:54.951,NC,COFORGE,1232.2,1271.0,1272.0,1222.8,1264.9,1067827,1240.64,1231.7,300,1232.0,1,
2026-04-10T09:57:55.949,NC,COFORGE,1232.2,1271.0,1272.0,1222.8,1264.9,1067857,1240.64,1231.7,340,1232.1,322,
2026-04-10T09:57:56.952,NC,COFORGE,1232.1,1271.0,1272.0,1222.8,1264.9,1067858,1240.64,1231.7,350,1232.1,301,
2026-04-10T09:57:57.962,NC,COFORGE,1232.1,1271.0,1272.0,1222.8,1264.9,1067868,1240.64,1231.7,351,1232.1,265,
2026-04-10T09:57:58.956,NC,COFORGE,1232.1,1271.0,1272.0,1222.8,1264.9,1067883,1240.64,1231.7,419,1232.1,28,
2026-04-10T09:57:59.955,NC,COFORGE,1232.1,1271.0,1272.0,1222.8,1264.9,1067884,1240.64,1231.7,401,1232.1,27,
2026-04-10T09:58:00.958,NC,COFORGE,1232.1,1271.0,1272.0,1222.8,1264.9,1067889,1240.64,1231.8,43,1232.1,33,
2026-04-10T09:58:01.962,NC,COFORGE,1232.6,1271.0,1272.0,1222.8,1264.9,1068190,1240.64,1231.8,104,1232.4,133,
2026-04-10T09:58:05.224,NC,COFORGE,1232.5,1271.0,1272.0,1222.8,1264.9,1068240,1240.64,1232.1,50,1232.5,32,
2026-04-10T09:58:06.324,NC,COFORGE,1231.9,1271.0,1272.0,1222.8,1264.9,1068340,1240.63,1231.8,141,1232.5,125,
2026-04-10T09:58:08.316,NC,COFORGE,1233.2,1271.0,1272.0,1222.8,1264.9,1071992,1240.61,1233.2,25,1233.4,95,
2026-04-10T09:58:09.318,NC,COFORGE,1233.5,1271.0,1272.0,1222.8,1264.9,1072102,1240.61,1233.3,25,1233.5,45,
2026-04-10T09:58:10.317,NC,COFORGE,1233.3,1271.0,1272.0,1222.8,1264.9,1072104,1240.61,1233.1,23,1233.5,45,
2026-04-10T09:58:11.321,NC,COFORGE,1233.5,1271.0,1272.0,1222.8,1264.9,1072149,1240.61,1233.5,47,1233.8,1,
2026-04-10T09:58:12.424,NC,COFORGE,1234.1,1271.0,1272.0,1222.8,1264.9,1072429,1240.61,1234.1,164,1234.5,50,
2026-04-10T09:58:13.426,NC,COFORGE,1234.5,1271.0,1272.0,1222.8,1264.9,1072753,1240.6,1233.8,97,1234.5,65,
2026-04-10T09:58:14.543,NC,COFORGE,1234.7,1271.0,1272.0,1222.8,1264.9,1073091,1240.6,1234.4,40,1234.7,21,
2026-04-10T09:58:15.632,NC,COFORGE,1234.8,1271.0,1272.0,1222.8,1264.9,1073181,1240.6,1234.7,183,1234.8,102,
2026-04-10T09:58:16.638,NC,COFORGE,1234.9,1271.0,1272.0,1222.8,1264.9,1073364,1240.6,1234.6,191,1234.9,52,
2026-04-10T09:58:17.738,NC,COFORGE,1234.9,1271.0,1272.0,1222.8,1264.9,1073366,1240.6,1234.6,191,1234.9,50,
2026-04-10T09:58:18.844,NC,COFORGE,1234.7,1271.0,1272.0,1222.8,1264.9,1073379,1240.6,1234.7,28,1234.9,41,
2026-04-10T09:58:19.848,NC,COFORGE,1234.7,1271.0,1272.0,1222.8,1264.9,1073599,1240.6,1234.7,24,1234.8,48,
2026-04-10T09:58:20.941,NC,COFORGE,1234.7,1271.0,1272.0,1222.8,1264.9,1074041,1240.6,1234.3,63,1234.7,3,
2026-04-10T09:58:22.041,NC,COFORGE,1235.2,1271.0,1272.0,1222.8,1264.9,1080116,1240.57,1234.9,7,1235.2,755,
2026-04-10T09:58:23.041,NC,COFORGE,1235.0,1271.0,1272.0,1222.8,1264.9,1080284,1240.56,1235.0,78,1235.1,110,
2026-04-10T09:58:25.046,NC,COFORGE,1234.9,1271.0,1272.0,1222.8,1264.9,1080305,1240.56,1234.9,42,1235.1,118,
2026-04-10T09:58:25.945,NC,COFORGE,1234.8,1271.0,1272.0,1222.8,1264.9,1080480,1240.56,1234.8,247,1235.1,140,
2026-04-10T09:58:27.045,NC,COFORGE,1235.7,1271.0,1272.0,1222.8,1264.9,1081159,1240.56,1235.6,39,1235.7,10,
2026-04-10T09:58:29.064,NC,COFORGE,1237.0,1271.0,1272.0,1222.8,1264.9,1082900,1240.55,1236.6,300,1237.0,33,
2026-04-10T09:58:30.051,NC,COFORGE,1237.2,1271.0,1272.0,1222.8,1264.9,1083048,1240.55,1236.7,27,1237.2,75,
2026-04-10T09:58:31.054,NC,COFORGE,1237.4,1271.0,1272.0,1222.8,1264.9,1083199,1240.55,1236.9,15,1237.4,215,
2026-04-10T09:58:33.163,NC,COFORGE,1237.4,1271.0,1272.0,1222.8,1264.9,1083207,1240.55,1237.1,68,1237.4,118,
2026-04-10T09:58:34.160,NC,COFORGE,1237.2,1271.0,1272.0,1222.8,1264.9,1083460,1240.55,1237.2,103,1237.8,389,
2026-04-10T09:58:35.158,NC,COFORGE,1238.8,1271.0,1272.0,1222.8,1264.9,1085422,1240.55,1238.5,1,1238.8,109,
2026-04-10T09:58:36.162,NC,COFORGE,1238.6,1271.0,1272.0,1222.8,1264.9,1086406,1240.55,1238.4,39,1238.7,52,
2026-04-10T09:58:37.160,NC,COFORGE,1237.9,1271.0,1272.0,1222.8,1264.9,1086742,1240.54,1238.0,61,1238.4,55,
2026-04-10T09:58:38.162,NC,COFORGE,1238.0,1271.0,1272.0,1222.8,1264.9,1087610,1240.54,1237.8,24,1238.0,59,
2026-04-10T09:58:39.075,NC,COFORGE,1238.0,1271.0,1272.0,1222.8,1264.9,1087744,1240.54,1237.9,252,1238.5,29,
2026-04-10T09:58:40.066,NC,COFORGE,1237.8,1271.0,1272.0,1222.8,1264.9,1088164,1240.54,1237.8,17,1238.3,175,
2026-04-10T09:58:41.272,NC,COFORGE,1238.3,1271.0,1272.0,1222.8,1264.9,1088165,1240.54,1237.8,73,1238.3,26,
2026-04-10T09:58:42.277,NC,COFORGE,1238.7,1271.0,1272.0,1222.8,1264.9,1088491,1240.54,1238.1,92,1238.8,118,
2026-04-10T09:58:43.270,NC,COFORGE,1238.1,1271.0,1272.0,1222.8,1264.9,1088545,1240.54,1238.0,78,1238.6,90,
2026-04-10T09:58:44.269,NC,COFORGE,1237.9,1271.0,1272.0,1222.8,1264.9,1089075,1240.54,1238.4,329,1238.9,200,
2026-04-10T09:58:45.385,NC,COFORGE,1238.5,1271.0,1272.0,1222.8,1264.9,1089409,1240.54,1238.2,70,1238.8,259,
2026-04-10T09:58:46.472,NC,COFORGE,1237.7,1271.0,1272.0,1222.8,1264.9,1089635,1240.54,1237.8,54,1238.3,44,
2026-04-10T09:58:47.594,NC,COFORGE,1238.0,1271.0,1272.0,1222.8,1264.9,1089663,1240.54,1237.4,103,1237.9,65,
2026-04-10T09:58:48.578,NC,COFORGE,1237.4,1271.0,1272.0,1222.8,1264.9,1089852,1240.54,1237.0,25,1237.4,36,
2026-04-10T09:58:49.581,NC,COFORGE,1236.6,1271.0,1272.0,1222.8,1264.9,1089887,1240.54,1236.6,38,1237.0,34,
2026-04-10T09:58:50.578,NC,COFORGE,1237.8,1271.0,1272.0,1222.8,1264.9,1090467,1240.54,1237.2,87,1237.8,94,
2026-04-10T09:58:51.578,NC,COFORGE,1237.9,1271.0,1272.0,1222.8,1264.9,1090517,1240.53,1237.1,32,1237.6,134,
2026-04-10T09:58:52.488,NC,COFORGE,1237.6,1271.0,1272.0,1222.8,1264.9,1090552,1240.53,1237.4,1,1237.8,340,
2026-04-10T09:58:54.489,NC,COFORGE,1237.8,1271.0,1272.0,1222.8,1264.9,1090567,1240.53,1237.7,20,1237.8,12,
2026-04-10T09:58:55.487,NC,COFORGE,1238.0,1271.0,1272.0,1222.8,1264.9,1090787,1240.53,1237.6,1300,1238.0,652,
2026-04-10T09:58:56.490,NC,COFORGE,1237.7,1271.0,1272.0,1222.8,1264.9,1091258,1240.53,1237.7,83,1238.0,278,
2026-04-10T09:58:58.491,NC,COFORGE,1238.0,1271.0,1272.0,1222.8,1264.9,1091616,1240.53,1238.0,8,1238.5,3,
2026-04-10T09:58:59.492,NC,COFORGE,1238.5,1271.0,1272.0,1222.8,1264.9,1091742,1240.53,1237.8,159,1238.4,152,
2026-04-10T09:59:01.502,NC,COFORGE,1238.5,1271.0,1272.0,1222.8,1264.9,1091750,1240.53,1238.4,118,1238.5,44,
2026-04-10T09:59:02.500,NC,COFORGE,1238.5,1271.0,1272.0,1222.8,1264.9,1091815,1240.53,1238.5,119,1238.6,400,
2026-04-10T09:59:03.503,NC,COFORGE,1238.4,1271.0,1272.0,1222.8,1264.9,1091915,1240.53,1238.2,134,1238.5,83,
2026-04-10T09:59:04.503,NC,COFORGE,1238.2,1271.0,1272.0,1222.8,1264.9,1092115,1240.53,1238.2,58,1238.5,88,
2026-04-10T09:59:05.503,NC,COFORGE,1238.2,1271.0,1272.0,1222.8,1264.9,1092130,1240.53,1238.2,53,1238.5,105,
2026-04-10T09:59:06.516,NC,COFORGE,1238.6,1271.0,1272.0,1222.8,1264.9,1092630,1240.53,1238.2,53,1238.6,177,
2026-04-10T09:59:07.515,NC,COFORGE,1238.6,1271.0,1272.0,1222.8,1264.9,1093003,1240.53,1238.0,20,1238.6,307,
2026-04-10T09:59:09.540,NC,COFORGE,1238.0,1271.0,1272.0,1222.8,1264.9,1093053,1240.53,1238.0,470,1238.4,20,
2026-04-10T09:59:10.537,NC,COFORGE,1238.4,1271.0,1272.0,1222.8,1264.9,1093064,1240.53,1238.0,842,1238.4,9,
2026-04-10T09:59:11.516,NC,COFORGE,1238.0,1271.0,1272.0,1222.8,1264.9,1093081,1240.53,1238.0,803,1238.4,227,
2026-04-10T09:59:12.522,NC,COFORGE,1238.2,1271.0,1272.0,1222.8,1264.9,1094366,1240.53,1237.6,950,1238.1,137,
2026-04-10T09:59:15.519,NC,COFORGE,1238.0,1271.0,1272.0,1222.8,1264.9,1094977,1240.52,1237.6,396,1238.0,22,
2026-04-10T09:59:16.522,NC,COFORGE,1238.1,1271.0,1272.0,1222.8,1264.9,1095016,1240.52,1237.6,396,1238.1,122,
2026-04-10T09:59:17.528,NC,COFORGE,1237.6,1271.0,1272.0,1222.8,1264.9,1095437,1240.52,1237.1,75,1237.7,23,
2026-04-10T09:59:18.531,NC,COFORGE,1237.1,1271.0,1272.0,1222.8,1264.9,1095440,1240.52,1237.0,594,1237.6,121,
2026-04-10T09:59:20.533,NC,COFORGE,1237.6,1271.0,1272.0,1222.8,1264.9,1095600,1240.52,1237.2,303,1237.9,112,
2026-04-10T09:59:21.633,NC,COFORGE,1237.9,1271.0,1272.0,1222.8,1264.9,1095743,1240.52,1237.9,278,1238.5,70,
2026-04-10T09:59:22.630,NC,COFORGE,1238.4,1271.0,1272.0,1222.8,1264.9,1095976,1240.52,1238.0,146,1238.4,67,
2026-04-10T09:59:23.633,NC,COFORGE,1238.4,1271.0,1272.0,1222.8,1264.9,1096080,1240.52,1238.4,32,1238.5,70,
2026-04-10T09:59:24.652,NC,COFORGE,1238.3,1271.0,1272.0,1222.8,1264.9,1096282,1240.52,1238.3,28,1238.5,68,
2026-04-10T09:59:27.571,NC,COFORGE,1238.4,1271.0,1272.0,1222.8,1264.9,1096287,1240.52,1238.2,105,1238.5,68,
2026-04-10T09:59:28.565,NC,COFORGE,1238.2,1271.0,1272.0,1222.8,1264.9,1096387,1240.52,1238.2,5,1238.5,68,
2026-04-10T09:59:29.560,NC,COFORGE,1238.3,1271.0,1272.0,1222.8,1264.9,1096398,1240.52,1238.0,436,1238.3,1,
2026-04-10T09:59:31.664,NC,COFORGE,1238.6,1271.0,1272.0,1222.8,1264.9,1096504,1240.52,1238.0,430,1238.6,316,
2026-04-10T09:59:32.678,NC,COFORGE,1238.0,1271.0,1272.0,1222.8,1264.9,1096604,1240.52,1238.0,330,1238.3,159,
2026-04-10T09:59:33.667,NC,COFORGE,1238.3,1271.0,1272.0,1222.8,1264.9,1096724,1240.52,1238.0,230,1238.3,95,
2026-04-10T09:59:34.769,NC,COFORGE,1238.0,1271.0,1272.0,1222.8,1264.9,1096803,1240.52,1238.0,175,1238.3,130,
2026-04-10T09:59:35.871,NC,COFORGE,1238.3,1271.0,1272.0,1222.8,1264.9,1096912,1240.52,1238.0,166,1238.3,192,
2026-04-10T09:59:36.871,NC,COFORGE,1238.2,1271.0,1272.0,1222.8,1264.9,1097199,1240.52,1238.0,24,1238.2,244,
2026-04-10T09:59:37.972,NC,COFORGE,1237.7,1271.0,1272.0,1222.8,1264.9,1097414,1240.52,1237.7,35,1238.0,342,
2026-04-10T09:59:39.075,NC,COFORGE,1238.0,1271.0,1272.0,1222.8,1264.9,1097454,1240.52,1237.7,35,1238.0,266,
2026-04-10T09:59:40.176,NC,COFORGE,1237.9,1271.0,1272.0,1222.8,1264.9,1097528,1240.52,1237.6,5,1237.9,119,
2026-04-10T09:59:41.187,NC,COFORGE,1237.9,1271.0,1272.0,1222.8,1264.9,1097563,1240.52,1237.6,5,1237.9,147,
2026-04-10T09:59:42.181,NC,COFORGE,1237.2,1271.0,1272.0,1222.8,1264.9,1097828,1240.52,1237.2,217,1237.9,550,
2026-04-10T09:59:43.180,NC,COFORGE,1237.9,1271.0,1272.0,1222.8,1264.9,1097839,1240.52,1237.2,336,1237.9,540,
2026-04-10T09:59:46.391,NC,COFORGE,1237.2,1271.0,1272.0,1222.8,1264.9,1097859,1240.52,1237.0,663,1237.6,184,
2026-04-10T09:59:47.499,NC,COFORGE,1237.6,1271.0,1272.0,1222.8,1264.9,1097874,1240.52,1237.0,585,1237.6,102,
2026-04-10T09:59:49.714,NC,COFORGE,1237.0,1271.0,1272.0,1222.8,1264.9,1097912,1240.52,1237.0,662,1237.6,25,
2026-04-10T09:59:50.795,NC,COFORGE,1237.0,1271.0,1272.0,1222.8,1264.9,1098760,1240.52,1236.7,111,1237.2,125,
2026-04-10T09:59:51.895,NC,COFORGE,1237.0,1271.0,1272.0,1222.8,1264.9,1098911,1240.51,1236.6,83,1237.0,4,
2026-04-10T09:59:52.902,NC,COFORGE,1237.0,1271.0,1272.0,1222.8,1264.9,1098941,1240.51,1236.6,188,1237.0,2,
2026-04-10T09:59:54.002,NC,COFORGE,1236.6,1271.0,1272.0,1222.8,1264.9,1098976,1240.51,1236.6,147,1237.0,3,
2026-04-10T09:59:56.204,NC,COFORGE,1236.9,1271.0,1272.0,1222.8,1264.9,1098984,1240.51,1236.4,2,1236.9,75,
2026-04-10T09:59:57.316,NC,COFORGE,1236.9,1271.0,1272.0,1222.8,1264.9,1099037,1240.51,1236.3,35,1236.9,92,
2026-04-10T09:59:58.415,NC,COFORGE,1236.9,1271.0,1272.0,1222.8,1264.9,1099112,1240.51,1236.3,35,1236.8,30,
2026-04-10T09:59:59.418,NC,COFORGE,1236.9,1271.0,1272.0,1222.8,1264.9,1099166,1240.51,1236.4,144,1236.9,25,
2026-04-10T10:00:00.532,NC,COFORGE,1236.9,1271.0,1272.0,1222.8,1264.9,1099167,1240.51,1236.3,576,1236.9,24,
2026-04-10T10:00:01.617,NC,COFORGE,1236.9,1271.0,1272.0,1222.8,1264.9,1099183,1240.51,1236.7,134,1236.9,10,
2026-04-10T10:00:02.717,NC,COFORGE,1236.7,1271.0,1272.0,1222.8,1264.9,1099192,1240.51,1236.7,73,1236.9,9,
2026-04-10T10:00:03.817,NC,COFORGE,1236.9,1271.0,1272.0,1222.8,1264.9,1099198,1240.51,1236.7,73,1236.9,203,
2026-04-10T10:00:04.920,NC,COFORGE,1236.9,1271.0,1272.0,1222.8,1264.9,1099199,1240.51,1236.7,97,1236.9,213,
2026-04-10T10:00:07.124,NC,COFORGE,1236.7,1271.0,1272.0,1222.8,1264.9,1099584,1240.51,1236.5,100,1236.7,178,
2026-04-10T10:00:09.331,NC,COFORGE,1236.5,1271.0,1272.0,1222.8,1264.9,1099634,1240.51,1236.5,50,1236.7,121,
2026-04-10T10:00:10.443,NC,COFORGE,1236.5,1271.0,1272.0,1222.8,1264.9,1099689,1240.51,1236.3,300,1236.6,42,
2026-04-10T10:00:11.532,NC,COFORGE,1236.7,1271.0,1272.0,1222.8,1264.9,1099789,1240.51,1236.3,300,1236.7,121,
2026-04-10T10:00:13.545,NC,COFORGE,1236.2,1271.0,1272.0,1222.8,1264.9,1100633,1240.51,1236.0,277,1236.5,311,
2026-04-10T10:00:14.645,NC,COFORGE,1236.5,1271.0,1272.0,1222.8,1264.9,1100653,1240.51,1236.1,132,1236.7,44,
2026-04-10T10:00:15.744,NC,COFORGE,1236.0,1271.0,1272.0,1222.8,1264.9,1101179,1240.51,1236.1,159,1236.7,34,
2026-04-10T10:00:17.954,NC,COFORGE,1236.7,1271.0,1272.0,1222.8,1264.9,1101185,1240.51,1236.5,36,1236.7,30,
2026-04-10T10:00:19.048,NC,COFORGE,1238.0,1271.0,1272.0,1222.8,1264.9,1102072,1240.5,1237.6,161,1238.0,2800,
2026-04-10T10:00:19.958,NC,COFORGE,1238.2,1271.0,1272.0,1222.8,1264.9,1106218,1240.49,1237.7,18,1238.2,173,
2026-04-10T10:00:21.053,NC,COFORGE,1238.1,1271.0,1272.0,1222.8,1264.9,1106243,1240.49,1237.8,18,1238.2,129,
2026-04-10T10:00:23.256,NC,COFORGE,1238.2,1271.0,1272.0,1222.8,1264.9,1106271,1240.49,1238.2,28,1238.4,930,
2026-04-10T10:00:24.353,NC,COFORGE,1238.2,1271.0,1272.0,1222.8,1264.9,1106272,1240.49,1238.2,99,1238.4,930,
2026-04-10T10:00:25.353,NC,COFORGE,1238.2,1271.0,1272.0,1222.8,1264.9,1106513,1240.49,1238.0,18,1238.1,112,
2026-04-10T10:00:26.356,NC,COFORGE,1238.1,1271.0,1272.0,1222.8,1264.9,1106631,1240.49,1237.9,36,1238.1,72,
2026-04-10T10:00:27.358,NC,COFORGE,1238.1,1271.0,1272.0,1222.8,1264.9,1106641,1240.49,1237.9,36,1238.1,143,
2026-04-10T10:00:28.365,NC,COFORGE,1237.8,1271.0,1272.0,1222.8,1264.9,1107347,1240.49,1237.0,84,1237.8,244,
2026-04-10T10:00:29.369,NC,COFORGE,1237.1,1271.0,1272.0,1222.8,1264.9,1108022,1240.49,1237.0,5,1237.4,121,
2026-04-10T10:00:30.468,NC,COFORGE,1237.2,1271.0,1272.0,1222.8,1264.9,1108034,1240.49,1236.7,2,1237.3,102,
2026-04-10T10:00:31.478,NC,COFORGE,1236.6,1271.0,1272.0,1222.8,1264.9,1112398,1240.47,1236.4,108,1237.0,42,
2026-04-10T10:00:32.369,NC,COFORGE,1236.3,1271.0,1272.0,1222.8,1264.9,1112739,1240.47,1235.8,86,1236.3,263,
2026-04-10T10:00:33.469,NC,COFORGE,1235.4,1271.0,1272.0,1222.8,1264.9,1112877,1240.47,1235.2,20,1235.3,100,
2026-04-10T10:00:34.471,NC,COFORGE,1235.2,1271.0,1272.0,1222.8,1264.9,1112937,1240.47,1235.2,24,1235.3,53,
2026-04-10T10:00:35.573,NC,COFORGE,1235.4,1271.0,1272.0,1222.8,1264.9,1113027,1240.47,1235.2,24,1235.3,60,
2026-04-10T10:00:36.570,NC,COFORGE,1235.3,1271.0,1272.0,1222.8,1264.9,1113030,1240.47,1235.2,24,1235.3,57,
2026-04-10T10:00:37.670,NC,COFORGE,1235.0,1271.0,1272.0,1222.8,1264.9,1113664,1240.47,1235.0,453,1235.4,70,
2026-04-10T10:00:38.772,NC,COFORGE,1235.0,1271.0,1272.0,1222.8,1264.9,1113724,1240.47,1235.0,448,1235.2,1,
2026-04-10T10:00:38.773,NC,COFORGE,1235.0,1271.0,1272.0,1222.8,1264.9,1113724,1240.47,1235.0,448,1235.2,1,
2026-04-10T10:00:40.989,NC,COFORGE,1235.5,1271.0,1272.0,1222.8,1264.9,1113942,1240.47,1235.0,423,1235.4,138,
2026-04-10T10:00:42.074,NC,COFORGE,1235.0,1271.0,1272.0,1222.8,1264.9,1114056,1240.47,1235.0,311,1235.3,140,
2026-04-10T10:00:43.174,NC,COFORGE,1235.0,1271.0,1272.0,1222.8,1264.9,1114206,1240.47,1235.0,473,1235.3,173,
2026-04-10T10:00:44.077,NC,COFORGE,1235.3,1271.0,1272.0,1222.8,1264.9,1114211,1240.47,1235.0,478,1235.4,165,
2026-04-10T10:00:44.977,NC,COFORGE,1235.4,1271.0,1272.0,1222.8,1264.9,1114212,1240.47,1235.1,50,1235.4,302,
2026-04-10T10:00:47.191,NC,COFORGE,1235.1,1271.0,1272.0,1222.8,1264.9,1114239,1240.47,1235.1,25,1235.4,282,
2026-04-10T10:00:48.282,NC,COFORGE,1235.4,1271.0,1272.0,1222.8,1264.9,1114240,1240.47,1235.1,25,1235.4,336,
2026-04-10T10:00:49.382,NC,COFORGE,1235.4,1271.0,1272.0,1222.8,1264.9,1114345,1240.47,1235.1,25,1235.3,258,
2026-04-10T10:00:50.496,NC,COFORGE,1234.6,1271.0,1272.0,1222.8,1264.9,1118659,1240.44,1235.0,5001,1235.3,27,
2026-04-10T10:00:51.586,NC,COFORGE,1235.3,1271.0,1272.0,1222.8,1264.9,1118663,1240.44,1235.0,5001,1235.3,23,
2026-04-10T10:00:52.694,NC,COFORGE,1235.1,1271.0,1272.0,1222.8,1264.9,1118775,1240.44,1235.0,5051,1235.4,55,
2026-04-10T10:00:53.791,NC,COFORGE,1235.5,1271.0,1272.0,1222.8,1264.9,1118875,1240.44,1235.0,5051,1235.5,622,
2026-04-10T10:00:55.997,NC,COFORGE,1234.8,1271.0,1272.0,1222.8,1264.9,1123935,1240.42,1234.6,1,1234.8,159,
2026-04-10T10:00:57.103,NC,COFORGE,1234.6,1271.0,1272.0,1222.8,1264.9,1123941,1240.42,1234.3,10,1234.6,169,
2026-04-10T10:00:58.207,NC,COFORGE,1234.6,1271.0,1272.0,1222.8,1264.9,1123960,1240.42,1234.3,10,1234.6,155,
2026-04-10T10:00:59.309,NC,COFORGE,1234.6,1271.0,1272.0,1222.8,1264.9,1124080,1240.42,1234.3,10,1234.6,175,
2026-04-10T10:01:00.440,NC,COFORGE,1233.0,1271.0,1272.0,1222.8,1264.9,1129630,1240.38,1233.2,120,1233.8,207,
2026-04-10T10:01:01.515,NC,COFORGE,1233.9,1271.0,1272.0,1222.8,1264.9,1129930,1240.38,1233.2,173,1233.8,286,
2026-04-10T10:01:02.614,NC,COFORGE,1233.8,1271.0,1272.0,1222.8,1264.9,1129980,1240.38,1233.2,173,1233.8,236,
2026-04-10T10:01:04.719,NC,COFORGE,1233.6,1271.0,1272.0,1222.8,1264.9,1130181,1240.38,1233.0,5676,1233.6,88,
2026-04-10T10:01:06.924,NC,COFORGE,1232.5,1271.0,1272.0,1222.8,1264.9,1137804,1240.33,1232.7,277,1233.0,375,
2026-04-10T10:01:09.132,NC,COFORGE,1232.6,1271.0,1272.0,1222.8,1264.9,1137924,1240.33,1232.3,46,1232.6,3562,
2026-04-10T10:01:10.165,NC,COFORGE,1232.3,1271.0,1272.0,1222.8,1264.9,1138300,1240.33,1232.2,250,1232.6,3627,
2026-04-10T10:01:11.141,NC,COFORGE,1232.5,1271.0,1272.0,1222.8,1264.9,1138369,1240.33,1232.2,223,1232.5,356,
2026-04-10T10:01:12.331,NC,COFORGE,1232.5,1271.0,1272.0,1222.8,1264.9,1138385,1240.33,1232.2,127,1232.5,440,
2026-04-10T10:01:13.429,NC,COFORGE,1232.5,1271.0,1272.0,1222.8,1264.9,1138395,1240.33,1232.2,127,1232.5,429,
2026-04-10T10:01:14.338,NC,COFORGE,1232.1,1271.0,1272.0,1222.8,1264.9,1138402,1240.33,1232.0,726,1232.1,323,
2026-04-10T10:01:15.429,NC,COFORGE,1232.1,1271.0,1272.0,1222.8,1264.9,1139078,1240.32,1232.0,351,1232.1,90,
2026-04-10T10:01:16.429,NC,COFORGE,1232.0,1271.0,1272.0,1222.8,1264.9,1139499,1240.32,1231.6,312,1232.0,427,
2026-04-10T10:01:17.343,NC,COFORGE,1232.0,1271.0,1272.0,1222.8,1264.9,1139524,1240.32,1231.6,312,1231.7,32,
2026-04-10T10:01:18.441,NC,COFORGE,1232.0,1271.0,1272.0,1222.8,1264.9,1139664,1240.32,1231.6,312,1231.7,21,
2026-04-10T10:01:19.555,NC,COFORGE,1232.1,1271.0,1272.0,1222.8,1264.9,1140516,1240.31,1232.0,1,1232.1,163,
2026-04-10T10:01:20.541,NC,COFORGE,1231.7,1271.0,1272.0,1222.8,1264.9,1140896,1240.31,1232.0,20,1232.1,161,
2026-04-10T10:01:21.542,NC,COFORGE,1230.7,1271.0,1272.0,1222.8,1264.9,1142416,1240.3,1230.9,108,1231.5,158,
2026-04-10T10:01:22.644,NC,COFORGE,1231.6,1271.0,1272.0,1222.8,1264.9,1142510,1240.29,1231.0,127,1231.6,62,
2026-04-10T10:01:23.645,NC,COFORGE,1231.4,1271.0,1272.0,1222.8,1264.9,1142516,1240.29,1230.8,47,1231.4,180,
2026-04-10T10:01:25.943,NC,COFORGE,1230.5,1271.0,1272.0,1222.8,1264.9,1142828,1240.29,1230.5,8,1230.8,422,
2026-04-10T10:01:26.945,NC,COFORGE,1231.2,1271.0,1272.0,1222.8,1264.9,1142880,1240.29,1230.6,47,1231.2,385,
2026-04-10T10:01:28.066,NC,COFORGE,1230.5,1271.0,1272.0,1222.8,1264.9,1143180,1240.29,1230.5,12,1230.6,301,
2026-04-10T10:01:29.051,NC,COFORGE,1230.6,1271.0,1272.0,1222.8,1264.9,1143410,1240.29,1230.5,2,1230.6,467,
2026-04-10T10:01:30.168,NC,COFORGE,1230.5,1271.0,1272.0,1222.8,1264.9,1143462,1240.29,1230.2,10,1230.4,32,
2026-04-10T10:01:31.269,NC,COFORGE,1230.0,1271.0,1272.0,1222.8,1264.9,1143612,1240.28,1230.0,2721,1230.4,211,
2026-04-10T10:01:32.376,NC,COFORGE,1231.0,1271.0,1272.0,1222.8,1264.9,1144233,1240.28,1230.6,71,1231.1,176,
2026-04-10T10:01:33.472,NC,COFORGE,1231.0,1271.0,1272.0,1222.8,1264.9,1144564,1240.28,1230.6,142,1231.0,366,
2026-04-10T10:01:34.490,NC,COFORGE,1231.0,1271.0,1272.0,1222.8,1264.9,1144574,1240.28,1230.6,39,1231.0,584,
2026-04-10T10:01:35.478,NC,COFORGE,1230.6,1271.0,1272.0,1222.8,1264.9,1144589,1240.28,1230.6,24,1231.0,584,
2026-04-10T10:01:36.580,NC,COFORGE,1230.4,1271.0,1272.0,1222.8,1264.9,1144849,1240.27,1230.0,2590,1230.4,348,
2026-04-10T10:01:37.590,NC,COFORGE,1230.4,1271.0,1272.0,1222.8,1264.9,1144852,1240.27,1230.0,2580,1230.4,345,
2026-04-10T10:01:38.594,NC,COFORGE,1230.4,1271.0,1272.0,1222.8,1264.9,1144857,1240.27,1230.0,2580,1230.4,441,
2026-04-10T10:01:39.588,NC,COFORGE,1229.9,1271.0,1272.0,1222.8,1264.9,1147494,1240.25,1229.4,126,1229.9,51,
2026-04-10T10:01:40.686,NC,COFORGE,1229.9,1271.0,1272.0,1222.8,1264.9,1147592,1240.25,1229.4,115,1229.9,85,
2026-04-10T10:01:41.690,NC,COFORGE,1229.9,1271.0,1272.0,1222.8,1264.9,1147617,1240.25,1229.4,115,1229.9,173,
2026-04-10T10:01:42.594,NC,COFORGE,1229.9,1271.0,1272.0,1222.8,1264.9,1147637,1240.25,1229.4,115,1229.9,16,
2026-04-10T10:01:43.599,NC,COFORGE,1229.8,1271.0,1272.0,1222.8,1264.9,1147792,1240.25,1229.2,119,1229.8,367,
2026-04-10T10:01:44.787,NC,COFORGE,1229.7,1271.0,1272.0,1222.8,1264.9,1147814,1240.25,1229.2,119,1229.7,252,
2026-04-10T10:01:45.888,NC,COFORGE,1229.2,1271.0,1272.0,1222.8,1264.9,1147825,1240.25,1229.1,25,1229.7,206,
2026-04-10T10:01:47.008,NC,COFORGE,1229.8,1271.0,1272.0,1222.8,1264.9,1148171,1240.24,1229.7,1,1229.8,261,
2026-04-10T10:01:48.091,NC,COFORGE,1229.6,1271.0,1272.0,1222.8,1264.9,1148512,1240.24,1229.5,204,1229.8,200,
2026-04-10T10:01:49.101,NC,COFORGE,1230.0,1271.0,1272.0,1222.8,1264.9,1148754,1240.24,1229.7,14,1230.3,281,
2026-04-10T10:01:50.190,NC,COFORGE,1230.3,1271.0,1272.0,1222.8,1264.9,1148780,1240.24,1229.9,8,1230.2,74,
2026-04-10T10:01:52.312,NC,COFORGE,1230.4,1271.0,1272.0,1222.8,1264.9,1149005,1240.24,1229.9,168,1230.4,526,
2026-04-10T10:01:53.397,NC,COFORGE,1230.4,1271.0,1272.0,1222.8,1264.9,1149238,1240.23,1230.3,16,1230.9,80,
2026-04-10T10:01:54.398,NC,COFORGE,1231.0,1271.0,1272.0,1222.8,1264.9,1149319,1240.23,1230.4,86,1230.9,137,
2026-04-10T10:01:55.297,NC,COFORGE,1230.8,1271.0,1272.0,1222.8,1264.9,1149338,1240.23,1230.3,7,1230.7,95,
2026-04-10T10:01:56.402,NC,COFORGE,1230.8,1271.0,1272.0,1222.8,1264.9,1149423,1240.23,1230.4,7,1230.9,324,
2026-04-10T10:01:58.403,NC,COFORGE,1230.9,1271.0,1272.0,1222.8,1264.9,1149424,1240.23,1230.4,7,1230.9,235,
2026-04-10T10:01:59.507,NC,COFORGE,1230.8,1271.0,1272.0,1222.8,1264.9,1149474,1240.23,1230.4,7,1230.9,321,
2026-04-10T10:02:00.606,NC,COFORGE,1230.9,1271.0,1272.0,1222.8,1264.9,1151107,1240.22,1230.1,8,1230.7,80,
2026-04-10T10:02:01.706,NC,COFORGE,1230.1,1271.0,1272.0,1222.8,1264.9,1151110,1240.22,1230.2,94,1230.7,9,
2026-04-10T10:02:02.710,NC,COFORGE,1231.0,1271.0,1272.0,1222.8,1264.9,1151512,1240.22,1230.5,15,1231.0,137,
2026-04-10T10:02:03.809,NC,COFORGE,1230.8,1271.0,1272.0,1222.8,1264.9,1151570,1240.22,1230.2,90,1230.8,111,
2026-04-10T10:02:04.910,NC,COFORGE,1230.7,1271.0,1272.0,1222.8,1264.9,1151593,1240.22,1230.2,159,1230.7,9,
2026-04-10T10:02:06.017,NC,COFORGE,1230.2,1271.0,1272.0,1222.8,1264.9,1151693,1240.21,1230.2,24,1230.7,391,
2026-04-10T10:02:07.014,NC,COFORGE,1230.7,1271.0,1272.0,1222.8,1264.9,1151728,1240.21,1230.5,10,1230.7,344,
2026-04-10T10:02:08.119,NC,COFORGE,1230.7,1271.0,1272.0,1222.8,1264.9,1151988,1240.21,1230.5,10,1230.7,289,
2026-04-10T10:02:09.226,NC,COFORGE,1230.6,1271.0,1272.0,1222.8,1264.9,1152359,1240.21,1230.0,870,1230.5,369,
2026-04-10T10:02:10.322,NC,COFORGE,1230.1,1271.0,1272.0,1222.8,1264.9,1153034,1240.2,1230.1,187,1230.3,375,
2026-04-10T10:02:11.424,NC,COFORGE,1230.1,1271.0,1272.0,1222.8,1264.9,1153131,1240.2,1230.0,878,1230.3,375,
2026-04-10T10:02:12.530,NC,COFORGE,1230.3,1271.0,1272.0,1222.8,1264.9,1153141,1240.2,1230.0,978,1230.3,462,
2026-04-10T10:02:13.429,NC,COFORGE,1230.3,1271.0,1272.0,1222.8,1264.9,1153242,1240.2,1230.1,5,1230.3,291,
2026-04-10T10:02:14.535,NC,COFORGE,1230.0,1271.0,1272.0,1222.8,1264.9,1154295,1240.19,1229.8,40,1229.9,264,
2026-04-10T10:02:15.633,NC,COFORGE,1229.9,1271.0,1272.0,1222.8,1264.9,1154524,1240.19,1229.8,40,1229.9,118,
2026-04-10T10:02:16.734,NC,COFORGE,1229.8,1271.0,1272.0,1222.8,1264.9,1154924,1240.19,1229.5,33,1229.8,225,
2026-04-10T10:02:17.832,NC,COFORGE,1229.5,1271.0,1272.0,1222.8,1264.9,1154934,1240.19,1229.5,23,1229.8,285,
2026-04-10T10:02:18.951,NC,COFORGE,1229.3,1271.0,1272.0,1222.8,1264.9,1155295,1240.18,1229.2,130,1229.3,339,
2026-04-10T10:02:19.959,NC,COFORGE,1229.2,1271.0,1272.0,1222.8,1264.9,1155433,1240.18,1229.1,25,1229.2,237,
2026-04-10T10:02:21.046,NC,COFORGE,1228.9,1271.0,1272.0,1222.8,1264.9,1162929,1240.11,1228.4,95,1228.9,32,
2026-04-10T10:02:22.047,NC,COFORGE,1229.1,1271.0,1272.0,1222.8,1264.9,1163034,1240.11,1228.5,168,1229.1,471,
2026-04-10T10:02:24.053,NC,COFORGE,1228.9,1271.0,1272.0,1222.8,1264.9,1163041,1240.11,1228.4,127,1228.9,26,
2026-04-10T10:02:25.051,NC,COFORGE,1229.1,1271.0,1272.0,1222.8,1264.9,1163100,1240.11,1228.9,18,1229.1,647,
2026-04-10T10:02:25.989,NC,COFORGE,1228.4,1271.0,1272.0,1222.8,1264.9,1163304,1240.11,1228.5,97,1229.0,7,
2026-04-10T10:02:27.056,NC,COFORGE,1229.1,1271.0,1272.0,1222.8,1264.9,1163458,1240.1,1229.0,200,1229.1,268,
2026-04-10T10:02:28.089,NC,COFORGE,1229.0,1271.0,1272.0,1222.8,1264.9,1163538,1240.1,1229.0,130,1229.1,268,
2026-04-10T10:02:29.189,NC,COFORGE,1229.0,1271.0,1272.0,1222.8,1264.9,1163581,1240.1,1229.0,87,1229.1,295,
2026-04-10T10:02:31.389,NC,COFORGE,1229.1,1271.0,1272.0,1222.8,1264.9,1163582,1240.1,1229.0,102,1229.1,412,
2026-04-10T10:02:32.392,NC,COFORGE,1229.1,1271.0,1272.0,1222.8,1264.9,1163632,1240.1,1229.0,102,1229.1,362,
2026-04-10T10:02:33.395,NC,COFORGE,1229.0,1271.0,1272.0,1222.8,1264.9,1163749,1240.1,1228.4,199,1229.0,212,
2026-04-10T10:02:34.435,NC,COFORGE,1229.0,1271.0,1272.0,1222.8,1264.9,1164281,1240.1,1228.6,176,1229.1,139,
2026-04-10T10:02:36.408,NC,COFORGE,1228.6,1271.0,1272.0,1222.8,1264.9,1164481,1240.09,1228.4,44,1228.6,352,
2026-04-10T10:02:37.396,NC,COFORGE,1229.1,1271.0,1272.0,1222.8,1264.9,1165055,1240.09,1228.5,131,1229.0,33,
2026-04-10T10:02:38.403,NC,COFORGE,1229.1,1271.0,1272.0,1222.8,1264.9,1165306,1240.09,1228.5,186,1229.1,234,
2026-04-10T10:02:39.395,NC,COFORGE,1228.5,1271.0,1272.0,1222.8,1264.9,1165553,1240.08,1228.5,165,1228.6,449,
2026-04-10T10:02:40.399,NC,COFORGE,1228.6,1271.0,1272.0,1222.8,1264.9,1165558,1240.08,1228.5,165,1228.6,444,
2026-04-10T10:02:41.398,NC,COFORGE,1228.3,1271.0,1272.0,1222.8,1264.9,1166448,1240.07,1228.0,5580,1228.3,285,
2026-04-10T10:02:42.400,NC,COFORGE,1228.1,1271.0,1272.0,1222.8,1264.9,1166507,1240.07,1228.0,5408,1228.1,666,
2026-04-10T10:02:43.402,NC,COFORGE,1228.0,1271.0,1272.0,1222.8,1264.9,1167332,1240.07,1228.0,4785,1228.1,735,
2026-04-10T10:02:44.710,NC,COFORGE,1228.3,1271.0,1272.0,1222.8,1264.9,1173440,1240.0,1227.8,120,1228.2,375,
2026-04-10T10:02:45.706,NC,COFORGE,1228.2,1271.0,1272.0,1222.8,1264.9,1173443,1240.0,1228.1,100,1228.2,399,
2026-04-10T10:02:46.804,NC,COFORGE,1228.2,1271.0,1272.0,1222.8,1264.9,1173448,1240.0,1228.1,100,1228.2,394,
2026-04-10T10:02:47.913,NC,COFORGE,1227.9,1271.0,1272.0,1222.8,1264.9,1175337,1239.98,1227.4,162,1227.9,93,
2026-04-10T10:02:49.013,NC,COFORGE,1227.5,1271.0,1272.0,1222.8,1264.9,1175756,1239.98,1227.1,340,1227.6,14,
2026-04-10T10:02:50.115,NC,COFORGE,1227.2,1271.0,1272.0,1222.8,1264.9,1176905,1239.97,1227.2,114,1227.8,475,
2026-04-10T10:02:51.217,NC,COFORGE,1227.8,1271.0,1272.0,1222.8,1264.9,1177220,1239.96,1227.3,216,1227.8,305,
2026-04-10T10:02:52.215,NC,COFORGE,1227.8,1271.0,1272.0,1222.8,1264.9,1177230,1239.96,1227.5,200,1227.7,9,
2026-04-10T10:02:53.323,NC,COFORGE,1227.8,1271.0,1272.0,1222.8,1264.9,1177535,1239.96,1227.8,18,1228.0,697,
2026-04-10T10:02:54.416,NC,COFORGE,1227.6,1271.0,1272.0,1222.8,1264.9,1177644,1239.96,1227.5,182,1227.6,367,
2026-04-10T10:02:55.524,NC,COFORGE,1227.5,1271.0,1272.0,1222.8,1264.9,1178283,1239.95,1227.5,37,1227.6,22,
2026-04-10T10:02:56.617,NC,COFORGE,1227.3,1271.0,1272.0,1222.8,1264.9,1178348,1239.95,1227.1,59,1227.3,335,
2026-04-10T10:02:57.717,NC,COFORGE,1227.3,1271.0,1272.0,1222.8,1264.9,1178364,1239.95,1227.1,186,1227.3,341,
2026-04-10T10:02:58.719,NC,COFORGE,1227.1,1271.0,1272.0,1222.8,1264.9,1178383,1239.95,1227.2,10,1227.3,1331,
2026-04-10T10:02:59.820,NC,COFORGE,1227.6,1271.0,1272.0,1222.8,1264.9,1180464,1239.93,1227.8,95,1228.0,312,
2026-04-10T10:03:00.919,NC,COFORGE,1227.9,1271.0,1272.0,1222.8,1264.9,1181723,1239.92,1227.9,126,1228.2,89,
2026-04-10T10:03:03.126,NC,COFORGE,1228.2,1271.0,1272.0,1222.8,1264.9,1181725,1239.92,1227.7,95,1228.2,115,
2026-04-10T10:03:04.227,NC,COFORGE,1228.2,1271.0,1272.0,1222.8,1264.9,1181736,1239.92,1227.8,181,1228.2,104,
2026-04-10T10:03:07.530,NC,COFORGE,1228.5,1271.0,1272.0,1222.8,1264.9,1181940,1239.91,1228.2,24,1228.5,437,
2026-04-10T10:03:08.633,NC,COFORGE,1228.4,1271.0,1272.0,1222.8,1264.9,1182012,1239.91,1228.2,24,1228.5,370,
2026-04-10T10:03:09.734,NC,COFORGE,1228.5,1271.0,1272.0,1222.8,1264.9,1182072,1239.91,1228.2,24,1228.5,153,
2026-04-10T10:03:10.842,NC,COFORGE,1228.5,1271.0,1272.0,1222.8,1264.9,1182749,1239.91,1228.1,136,1228.8,211,
2026-04-10T10:03:11.935,NC,COFORGE,1228.8,1271.0,1272.0,1222.8,1264.9,1182753,1239.91,1228.5,2,1228.7,2,
2026-04-10T10:03:13.034,NC,COFORGE,1228.2,1271.0,1272.0,1222.8,1264.9,1182804,1239.91,1228.2,1489,1228.6,82,
2026-04-10T10:03:14.135,NC,COFORGE,1228.0,1271.0,1272.0,1222.8,1264.9,1185849,1239.88,1228.0,451,1228.2,2869,
2026-04-10T10:03:16.338,NC,COFORGE,1227.8,1271.0,1272.0,1222.8,1264.9,1186426,1239.87,1227.6,102,1227.8,262,
2026-04-10T10:03:17.338,NC,COFORGE,1227.8,1271.0,1272.0,1222.8,1264.9,1186586,1239.87,1227.6,102,1227.7,16,
2026-04-10T10:03:18.442,NC,COFORGE,1228.0,1271.0,1272.0,1222.8,1264.9,1186774,1239.87,1228.0,113,1228.2,2941,
2026-04-10T10:03:20.641,NC,COFORGE,1228.1,1271.0,1272.0,1222.8,1264.9,1188487,1239.85,1228.0,297,1228.2,2940,
2026-04-10T10:03:21.752,NC,COFORGE,1228.0,1271.0,1272.0,1222.8,1264.9,1188662,1239.85,1228.0,192,1228.1,30,
2026-04-10T10:03:22.842,NC,COFORGE,1228.0,1271.0,1272.0,1222.8,1264.9,1188800,1239.85,1228.0,171,1228.1,46,
2026-04-10T10:03:23.843,NC,COFORGE,1228.0,1271.0,1272.0,1222.8,1264.9,1188865,1239.84,1228.0,136,1228.1,7,
2026-04-10T10:03:24.945,NC,COFORGE,1228.2,1271.0,1272.0,1222.8,1264.9,1189125,1239.84,1228.0,146,1228.1,4,
2026-04-10T10:03:26.048,NC,COFORGE,1228.1,1271.0,1272.0,1222.8,1264.9,1189129,1239.84,1228.1,1,1228.2,2482,
2026-04-10T10:03:28.246,NC,COFORGE,1228.2,1271.0,1272.0,1222.8,1264.9,1189130,1239.84,1228.1,1,1228.2,2573,
2026-04-10T10:03:29.258,NC,COFORGE,1228.2,1271.0,1272.0,1222.8,1264.9,1189245,1239.84,1228.1,4,1228.2,2458,
2026-04-10T10:03:30.379,NC,COFORGE,1228.2,1271.0,1272.0,1222.8,1264.9,1190657,1239.83,1228.0,300,1228.2,2305,
2026-04-10T10:03:31.448,NC,COFORGE,1228.0,1271.0,1272.0,1222.8,1264.9,1190769,1239.83,1228.0,289,1228.2,2488,
2026-04-10T10:03:33.647,NC,COFORGE,1228.0,1271.0,1272.0,1222.8,1264.9,1191599,1239.82,1227.9,100,1228.0,494,
2026-04-10T10:03:34.757,NC,COFORGE,1227.6,1271.0,1272.0,1222.8,1264.9,1192282,1239.81,1227.4,60,1227.7,121,
2026-04-10T10:03:35.756,NC,COFORGE,1227.0,1271.0,1272.0,1222.8,1264.9,1193302,1239.8,1227.0,2876,1227.1,8,
2026-04-10T10:03:36.854,NC,COFORGE,1227.1,1271.0,1272.0,1222.8,1264.9,1193306,1239.8,1227.0,2876,1227.1,135,
2026-04-10T10:03:37.960,NC,COFORGE,1227.1,1271.0,1272.0,1222.8,1264.9,1193308,1239.8,1227.0,2924,1227.1,85,
2026-04-10T10:03:39.055,NC,COFORGE,1227.1,1271.0,1272.0,1222.8,1264.9,1193368,1239.8,1227.0,2924,1227.1,130,
2026-04-10T10:03:40.157,NC,COFORGE,1227.0,1271.0,1272.0,1222.8,1264.9,1193748,1239.8,1227.0,2699,1227.1,123,
2026-04-10T10:03:41.261,NC,COFORGE,1225.5,1271.0,1272.0,1222.8,1264.9,1204248,1239.68,1225.5,276,1225.6,86,
2026-04-10T10:03:42.261,NC,COFORGE,1225.2,1271.0,1272.0,1222.8,1264.9,1204832,1239.67,1225.2,246,1225.5,222,
2026-04-10T10:03:43.377,NC,COFORGE,1225.1,1271.0,1272.0,1222.8,1264.9,1205895,1239.66,1225.1,81,1225.4,215,
2026-04-10T10:03:44.490,NC,COFORGE,1225.4,1271.0,1272.0,1222.8,1264.9,1206175,1239.65,1225.1,81,1225.3,35,
2026-04-10T10:03:45.463,NC,COFORGE,1225.1,1271.0,1272.0,1222.8,1264.9,1206260,1239.65,1225.1,31,1225.5,35,
2026-04-10T10:03:47.466,NC,COFORGE,1225.0,1271.0,1272.0,1222.8,1264.9,1206849,1239.65,1225.0,16906,1225.1,375,
2026-04-10T10:03:48.466,NC,COFORGE,1225.1,1271.0,1272.0,1222.8,1264.9,1212983,1239.57,1225.0,12605,1225.1,242,
2026-04-10T10:03:49.467,NC,COFORGE,1225.0,1271.0,1272.0,1222.8,1264.9,1213839,1239.56,1225.0,11893,1225.1,142,
2026-04-10T10:03:50.467,NC,COFORGE,1225.0,1271.0,1272.0,1222.8,1264.9,1218979,1239.5,1225.0,6810,1225.1,438,
2026-04-10T10:03:51.470,NC,COFORGE,1225.1,1271.0,1272.0,1222.8,1264.9,1219180,1239.5,1225.0,7062,1225.1,266,
2026-04-10T10:03:52.470,NC,COFORGE,1225.1,1271.0,1272.0,1222.8,1264.9,1219446,1239.5,1225.2,24,1225.4,120,
2026-04-10T10:03:53.476,NC,COFORGE,1225.4,1271.0,1272.0,1222.8,1264.9,1219556,1239.49,1225.1,387,1225.4,10,
2026-04-10T10:03:54.475,NC,COFORGE,1225.3,1271.0,1272.0,1222.8,1264.9,1219993,1239.49,1225.2,153,1225.8,138,
2026-04-10T10:03:56.376,NC,COFORGE,1225.1,1271.0,1272.0,1222.8,1264.9,1220748,1239.48,1225.1,176,1225.7,183,
2026-04-10T10:03:57.478,NC,COFORGE,1225.9,1271.0,1272.0,1222.8,1264.9,1221328,1239.47,1225.4,247,1225.9,295,
2026-04-10T10:03:58.579,NC,COFORGE,1225.4,1271.0,1272.0,1222.8,1264.9,1221428,1239.47,1225.3,1515,1225.7,214,
2026-04-10T10:03:59.683,NC,COFORGE,1225.3,1271.0,1272.0,1222.8,1264.9,1222003,1239.47,1225.3,940,1225.7,113,
2026-04-10T10:04:00.790,NC,COFORGE,1224.7,1271.0,1272.0,1222.8,1264.9,1229616,1239.38,1224.6,15,1224.7,133,
2026-04-10T10:04:01.883,NC,COFORGE,1224.7,1271.0,1272.0,1222.8,1264.9,1229672,1239.38,1224.6,15,1224.7,183,
2026-04-10T10:04:02.986,NC,COFORGE,1224.4,1271.0,1272.0,1222.8,1264.9,1229816,1239.37,1224.3,18,1224.4,26,
2026-04-10T10:04:04.090,NC,COFORGE,1224.2,1271.0,1272.0,1222.8,1264.9,1229855,1239.37,1224.2,103,1224.4,23,
2026-04-10T10:04:05.202,NC,COFORGE,1224.2,1271.0,1272.0,1222.8,1264.9,1231564,1239.35,1224.0,1021,1224.2,141,
2026-04-10T10:04:06.300,NC,COFORGE,1224.3,1271.0,1272.0,1222.8,1264.9,1231701,1239.35,1224.0,1011,1224.3,70,
2026-04-10T10:04:07.294,NC,COFORGE,1224.5,1271.0,1272.0,1222.8,1264.9,1232053,1239.35,1224.0,1111,1224.5,362,
2026-04-10T10:04:08.202,NC,COFORGE,1224.6,1271.0,1272.0,1222.8,1264.9,1232453,1239.34,1224.0,1111,1224.5,314,
2026-04-10T10:04:09.310,NC,COFORGE,1224.5,1271.0,1272.0,1222.8,1264.9,1232464,1239.34,1224.3,100,1224.6,491,
2026-04-10T10:04:10.409,NC,COFORGE,1225.0,1271.0,1272.0,1222.8,1264.9,1232962,1239.34,1224.6,215,1225.0,46,
2026-04-10T10:04:11.507,NC,COFORGE,1225.0,1271.0,1272.0,1222.8,1264.9,1232983,1239.34,1224.6,378,1225.0,26,
2026-04-10T10:04:12.619,NC,COFORGE,1225.3,1271.0,1272.0,1222.8,1264.9,1233883,1239.32,1225.0,100,1225.3,455,
2026-04-10T10:04:13.709,NC,COFORGE,1224.9,1271.0,1272.0,1222.8,1264.9,1234148,1239.32,1225.0,50,1225.3,455,
2026-04-10T10:04:14.724,NC,COFORGE,1225.0,1271.0,1272.0,1222.8,1264.9,1234166,1239.32,1225.0,32,1225.3,455,
2026-04-10T10:04:15.710,NC,COFORGE,1225.3,1271.0,1272.0,1222.8,1264.9,1234361,1239.32,1225.0,370,1225.3,196,
2026-04-10T10:04:16.811,NC,COFORGE,1225.0,1271.0,1272.0,1222.8,1264.9,1234597,1239.32,1225.0,189,1225.4,192,
2026-04-10T10:04:17.823,NC,COFORGE,1225.3,1271.0,1272.0,1222.8,1264.9,1234690,1239.32,1225.0,197,1225.3,168,
2026-04-10T10:04:18.811,NC,COFORGE,1225.6,1271.0,1272.0,1222.8,1264.9,1234906,1239.31,1225.3,194,1225.6,796,
2026-04-10T10:04:19.818,NC,COFORGE,1225.3,1271.0,1272.0,1222.8,1264.9,1234917,1239.31,1225.3,207,1225.6,497,
2026-04-10T10:04:20.726,NC,COFORGE,1225.3,1271.0,1272.0,1222.8,1264.9,1235343,1239.31,1225.0,538,1225.3,324,
2026-04-10T10:04:21.736,NC,COFORGE,1225.4,1271.0,1272.0,1222.8,1264.9,1236237,1239.3,1224.9,20,1225.4,237,
2026-04-10T10:04:22.721,NC,COFORGE,1225.4,1271.0,1272.0,1222.8,1264.9,1236238,1239.3,1225.3,10,1225.4,272,
2026-04-10T10:04:23.723,NC,COFORGE,1224.9,1271.0,1272.0,1222.8,1264.9,1236283,1239.3,1224.7,5,1224.9,161,
2026-04-10T10:04:24.729,NC,COFORGE,1224.7,1271.0,1272.0,1222.8,1264.9,1236800,1239.29,1224.3,198,1224.7,121,
2026-04-10T10:04:25.747,NC,COFORGE,1224.3,1271.0,1272.0,1222.8,1264.9,1237053,1239.29,1224.2,265,1224.3,81,
2026-04-10T10:04:26.723,NC,COFORGE,1224.3,1271.0,1272.0,1222.8,1264.9,1237234,1239.29,1224.2,265,1224.3,11,
2026-04-10T10:04:28.831,NC,COFORGE,1224.3,1271.0,1272.0,1222.8,1264.9,1237809,1239.28,1224.0,1860,1224.3,300,
2026-04-10T10:04:29.824,NC,COFORGE,1222.2,1271.0,1272.0,1222.0,1264.9,1250208,1239.12,1221.8,23,1222.2,7,
2026-04-10T10:04:30.924,NC,COFORGE,1221.8,1271.0,1272.0,1221.8,1264.9,1250307,1239.11,1221.8,37,1222.2,11,
2026-04-10T10:04:31.930,NC,COFORGE,1221.8,1271.0,1272.0,1221.8,1264.9,1250361,1239.11,1221.8,6,1222.0,438,
2026-04-10T10:04:33.030,NC,COFORGE,1222.1,1271.0,1272.0,1221.4,1264.9,1255710,1239.04,1222.1,284,1222.7,260,
2026-04-10T10:04:34.130,NC,COFORGE,1222.5,1271.0,1272.0,1221.4,1264.9,1255733,1239.04,1222.5,157,1222.8,200,
2026-04-10T10:04:35.235,NC,COFORGE,1222.7,1271.0,1272.0,1221.4,1264.9,1256654,1239.03,1222.6,169,1222.7,8,
2026-04-10T10:04:36.233,NC,COFORGE,1223.0,1271.0,1272.0,1221.4,1264.9,1257102,1239.02,1222.5,24,1223.0,169,
2026-04-10T10:04:37.242,NC,COFORGE,1222.5,1271.0,1272.0,1221.4,1264.9,1258563,1239.0,1222.5,151,1223.0,146,
2026-04-10T10:04:38.233,NC,COFORGE,1222.4,1271.0,1272.0,1221.4,1264.9,1259743,1238.99,1222.4,151,1222.5,10,
2026-04-10T10:04:39.242,NC,COFORGE,1222.0,1271.0,1272.0,1221.4,1264.9,1260159,1238.98,1222.0,175,1222.2,247,
2026-04-10T10:04:40.333,NC,COFORGE,1221.9,1271.0,1272.0,1221.4,1264.9,1260519,1238.98,1221.8,155,1221.9,112,
2026-04-10T10:04:41.236,NC,COFORGE,1221.9,1271.0,1272.0,1221.4,1264.9,1260607,1238.98,1221.8,149,1221.9,30,
2026-04-10T10:04:42.333,NC,COFORGE,1221.8,1271.0,1272.0,1221.4,1264.9,1260678,1238.97,1221.8,89,1221.9,39,
2026-04-10T10:04:43.445,NC,COFORGE,1221.8,1271.0,1272.0,1221.4,1264.9,1261258,1238.97,1221.8,58,1221.9,7,
2026-04-10T10:04:44.438,NC,COFORGE,1221.8,1271.0,1272.0,1221.4,1264.9,1261433,1238.96,1221.8,45,1222.1,282,
2026-04-10T10:04:45.546,NC,COFORGE,1221.5,1271.0,1272.0,1221.1,1264.9,1262166,1238.95,1221.1,34,1221.5,252,
2026-04-10T10:04:46.643,NC,COFORGE,1221.0,1271.0,1272.0,1221.0,1264.9,1264539,1238.92,1221.0,1688,1221.4,37,
2026-04-10T10:04:47.540,NC,COFORGE,1221.1,1271.0,1272.0,1221.0,1264.9,1265005,1238.91,1221.1,58,1221.7,233,
2026-04-10T10:04:48.644,NC,COFORGE,1221.9,1271.0,1272.0,1221.0,1264.9,1265465,1238.91,1221.8,108,1221.9,373,
2026-04-10T10:04:49.644,NC,COFORGE,1221.7,1271.0,1272.0,1221.0,1264.9,1265803,1238.9,1221.7,112,1222.2,373,
2026-04-10T10:04:50.649,NC,COFORGE,1221.7,1271.0,1272.0,1221.0,1264.9,1265804,1238.9,1221.7,90,1222.3,81,
2026-04-10T10:04:51.669,NC,COFORGE,1221.8,1271.0,1272.0,1221.0,1264.9,1265830,1238.9,1221.8,1,1222.2,22,
2026-04-10T10:04:52.750,NC,COFORGE,1222.0,1271.0,1272.0,1221.0,1264.9,1266113,1238.9,1222.0,10,1222.4,561,
2026-04-10T10:04:53.851,NC,COFORGE,1222.4,1271.0,1272.0,1221.0,1264.9,1266248,1238.9,1221.9,155,1222.4,393,
2026-04-10T10:04:54.856,NC,COFORGE,1221.9,1271.0,1272.0,1221.0,1264.9,1266544,1238.89,1221.9,12,1222.4,65,
2026-04-10T10:04:55.853,NC,COFORGE,1222.5,1271.0,1272.0,1221.0,1264.9,1266584,1238.89,1222.0,304,1222.4,27,
2026-04-10T10:04:56.853,NC,COFORGE,1222.5,1271.0,1272.0,1221.0,1264.9,1266794,1238.89,1222.1,171,1222.5,356,
2026-04-10T10:04:57.855,NC,COFORGE,1222.2,1271.0,1272.0,1221.0,1264.9,1266834,1238.89,1222.2,89,1222.5,335,
2026-04-10T10:04:58.856,NC,COFORGE,1222.2,1271.0,1272.0,1221.0,1264.9,1267072,1238.89,1222.2,53,1222.5,133,
2026-04-10T10:04:59.858,NC,COFORGE,1222.1,1271.0,1272.0,1221.0,1264.9,1267438,1238.88,1222.1,68,1222.5,27,
2026-04-10T10:05:00.865,NC,COFORGE,1222.8,1271.0,1272.0,1221.0,1264.9,1267590,1238.88,1222.8,251,1223.0,18,
2026-04-10T10:05:01.867,NC,COFORGE,1223.9,1271.0,1272.0,1221.0,1264.9,1267659,1238.88,1223.6,264,1223.9,50,
2026-04-10T10:05:02.867,NC,COFORGE,1223.6,1271.0,1272.0,1221.0,1264.9,1267681,1238.88,1223.6,179,1223.9,49,
2026-04-10T10:05:03.943,NC,COFORGE,1223.4,1271.0,1272.0,1221.0,1264.9,1267749,1238.88,1223.4,334,1224.1,143,
2026-04-10T10:05:04.883,NC,COFORGE,1224.8,1271.0,1272.0,1221.0,1264.9,1268055,1238.87,1224.6,315,1224.8,342,
2026-04-10T10:05:05.973,NC,COFORGE,1224.8,1271.0,1272.0,1221.0,1264.9,1268169,1238.87,1224.8,85,1225.3,59,
2026-04-10T10:05:06.975,NC,COFORGE,1224.7,1271.0,1272.0,1221.0,1264.9,1268349,1238.87,1224.7,80,1225.3,103,
2026-04-10T10:05:07.882,NC,COFORGE,1224.5,1271.0,1272.0,1221.0,1264.9,1269009,1238.86,1224.4,42,1225.0,156,
2026-04-10T10:05:08.877,NC,COFORGE,1224.2,1271.0,1272.0,1221.0,1264.9,1269031,1238.86,1224.2,37,1224.7,21,
2026-04-10T10:05:09.882,NC,COFORGE,1224.6,1271.0,1272.0,1221.0,1264.9,1269476,1238.86,1224.1,5,1224.5,94,
2026-04-10T10:05:10.984,NC,COFORGE,1223.9,1271.0,1272.0,1221.0,1264.9,1269836,1238.85,1223.6,96,1223.9,181,
2026-04-10T10:05:11.986,NC,COFORGE,1222.8,1271.0,1272.0,1221.0,1264.9,1270492,1238.85,1222.8,152,1223.5,481,
2026-04-10T10:05:12.984,NC,COFORGE,1223.5,1271.0,1272.0,1221.0,1264.9,1270969,1238.84,1223.0,87,1223.5,148,
2026-04-10T10:05:13.984,NC,COFORGE,1223.1,1271.0,1272.0,1221.0,1264.9,1271083,1238.84,1222.7,1,1223.1,69,
2026-04-10T10:05:14.895,NC,COFORGE,1222.7,1271.0,1272.0,1221.0,1264.9,1271094,1238.84,1222.5,364,1222.7,1,
2026-04-10T10:05:15.898,NC,COFORGE,1222.7,1271.0,1272.0,1221.0,1264.9,1271096,1238.84,1222.5,305,1222.9,304,
2026-04-10T10:05:17.892,NC,COFORGE,1222.5,1271.0,1272.0,1221.0,1264.9,1271108,1238.84,1222.8,25,1222.9,27,
2026-04-10T10:05:18.893,NC,COFORGE,1222.5,1271.0,1272.0,1221.0,1264.9,1271348,1238.84,1222.5,243,1222.6,226,
2026-04-10T10:05:19.897,NC,COFORGE,1221.7,1271.0,1272.0,1221.0,1264.9,1275278,1238.78,1221.7,336,1221.8,49,
2026-04-10T10:05:20.897,NC,COFORGE,1221.3,1271.0,1272.0,1221.0,1264.9,1276650,1238.77,1221.2,3,1221.3,110,
2026-04-10T10:05:21.899,NC,COFORGE,1221.1,1271.0,1272.0,1221.0,1264.9,1277240,1238.76,1221.0,2553,1221.1,5,
2026-04-10T10:05:22.797,NC,COFORGE,1221.1,1271.0,1272.0,1220.7,1264.9,1280708,1238.71,1220.8,128,1221.1,2,
2026-04-10T10:05:23.898,NC,COFORGE,1220.6,1271.0,1272.0,1220.6,1264.9,1281177,1238.7,1220.6,39,1221.1,131,
2026-04-10T10:05:24.999,NC,COFORGE,1220.6,1271.0,1272.0,1220.6,1264.9,1282108,1238.69,1220.6,174,1220.9,370,
2026-04-10T10:05:26.002,NC,COFORGE,1221.0,1271.0,1272.0,1220.6,1264.9,1282610,1238.68,1221.0,216,1221.4,1,
2026-04-10T10:05:27.108,NC,COFORGE,1221.7,1271.0,1272.0,1220.6,1264.9,1282843,1238.68,1221.1,10,1221.6,125,
2026-04-10T10:05:28.210,NC,COFORGE,1221.8,1271.0,1272.0,1220.6,1264.9,1283232,1238.67,1221.7,287,1222.0,1,
2026-04-10T10:05:29.204,NC,COFORGE,1222.0,1271.0,1272.0,1220.6,1264.9,1283366,1238.67,1221.8,286,1222.0,1,
2026-04-10T10:05:30.207,NC,COFORGE,1222.7,1271.0,1272.0,1220.6,1264.9,1285635,1238.64,1222.5,151,1223.0,1,
2026-04-10T10:05:31.208,NC,COFORGE,1222.4,1271.0,1272.0,1220.6,1264.9,1285871,1238.64,1222.4,225,1223.0,650,
2026-04-10T10:05:32.208,NC,COFORGE,1222.4,1271.0,1272.0,1220.6,1264.9,1286178,1238.64,1222.5,107,1223.0,575,
2026-04-10T10:05:33.208,NC,COFORGE,1223.4,1271.0,1272.0,1220.6,1264.9,1286846,1238.63,1222.9,59,1223.5,221,
2026-04-10T10:05:34.213,NC,COFORGE,1223.5,1271.0,1272.0,1220.6,1264.9,1286857,1238.63,1223.0,140,1223.5,20,
2026-04-10T10:05:35.315,NC,COFORGE,1223.0,1271.0,1272.0,1220.6,1264.9,1286880,1238.63,1223.0,24,1223.2,50,
2026-04-10T10:05:36.332,NC,COFORGE,1222.8,1271.0,1272.0,1220.6,1264.9,1287222,1238.62,1222.2,88,1222.8,216,
2026-04-10T10:05:37.323,NC,COFORGE,1222.4,1271.0,1272.0,1220.6,1264.9,1287335,1238.62,1222.4,742,1222.8,20,
2026-04-10T10:05:38.325,NC,COFORGE,1222.8,1271.0,1272.0,1220.6,1264.9,1287338,1238.62,1222.4,800,1222.8,18,
2026-04-10T10:05:39.445,NC,COFORGE,1223.0,1271.0,1272.0,1220.6,1264.9,1287359,1238.62,1222.8,4,1223.0,109,
2026-04-10T10:05:40.547,NC,COFORGE,1222.8,1271.0,1272.0,1220.6,1264.9,1287388,1238.62,1222.8,1,1223.0,205,
2026-04-10T10:05:41.542,NC,COFORGE,1222.0,1271.0,1272.0,1220.6,1264.9,1289368,1238.6,1222.0,316,1222.3,91,
2026-04-10T10:05:42.529,NC,COFORGE,1221.7,1271.0,1272.0,1220.6,1264.9,1292479,1238.56,1221.4,50,1221.7,68,
2026-04-10T10:05:43.530,NC,COFORGE,1220.3,1271.0,1272.0,1220.3,1264.9,1297506,1238.49,1220.2,598,1220.3,5,
2026-04-10T10:05:44.831,NC,COFORGE,1220.0,1271.0,1272.0,1220.0,1264.9,1302764,1238.41,1220.0,8115,1220.3,56,
2026-04-10T10:05:45.937,NC,COFORGE,1218.8,1271.0,1272.0,1218.3,1264.9,1314990,1238.24,1218.8,62,1219.3,113,
2026-04-10T10:05:47.043,NC,COFORGE,1219.0,1271.0,1272.0,1218.3,1264.9,1316385,1238.22,1218.8,809,1219.5,240,
2026-04-10T10:05:48.153,NC,COFORGE,1219.3,1271.0,1272.0,1218.3,1264.9,1317558,1238.2,1218.9,174,1219.5,107,
2026-04-10T10:05:49.239,NC,COFORGE,1218.7,1271.0,1272.0,1218.3,1264.9,1318435,1238.19,1218.7,80,1219.0,166,
2026-04-10T10:05:50.341,NC,COFORGE,1219.2,1271.0,1272.0,1218.3,1264.9,1318657,1238.19,1218.8,74,1219.2,161,
2026-04-10T10:05:51.442,NC,COFORGE,1219.4,1271.0,1272.0,1218.3,1264.9,1319524,1238.17,1219.0,5,1219.4,304,
2026-04-10T10:05:52.444,NC,COFORGE,1219.8,1271.0,1272.0,1218.3,1264.9,1323101,1238.12,1219.2,73,1219.8,132,
2026-04-10T10:05:53.554,NC,COFORGE,1219.7,1271.0,1272.0,1218.3,1264.9,1323216,1238.12,1219.3,61,1219.8,96,
2026-04-10T10:05:54.545,NC,COFORGE,1219.8,1271.0,1272.0,1218.3,1264.9,1323381,1238.12,1219.4,345,1219.9,375,
2026-04-10T10:05:55.647,NC,COFORGE,1218.4,1271.0,1272.0,1218.3,1264.9,1325581,1238.09,1218.7,129,1219.0,7,
2026-04-10T10:05:56.650,NC,COFORGE,1218.8,1271.0,1272.0,1218.0,1264.9,1329805,1238.03,1218.4,93,1218.9,142,
2026-04-10T10:05:57.759,NC,COFORGE,1218.7,1271.0,1272.0,1218.0,1264.9,1330305,1238.02,1218.7,194,1219.0,7,
2026-04-10T10:05:58.755,NC,COFORGE,1219.0,1271.0,1272.0,1218.0,1264.9,1331709,1238.0,1219.0,78,1219.4,456,
2026-04-10T10:05:59.773,NC,COFORGE,1220.0,1271.0,1272.0,1218.0,1264.9,1332241,1237.99,1219.4,252,1219.9,58,
2026-04-10T10:06:00.763,NC,COFORGE,1219.5,1271.0,1272.0,1218.0,1264.9,1335960,1237.94,1219.0,85,1219.5,517,
2026-04-10T10:06:01.761,NC,COFORGE,1219.0,1271.0,1272.0,1218.0,1264.9,1337061,1237.92,1218.9,316,1219.3,375,
2026-04-10T10:06:02.780,NC,COFORGE,1219.3,1271.0,1272.0,1218.0,1264.9,1337084,1237.92,1218.9,237,1219.3,379,
2026-04-10T10:06:03.763,NC,COFORGE,1219.3,1271.0,1272.0,1218.0,1264.9,1337100,1237.92,1219.0,372,1219.3,363,
2026-04-10T10:06:04.882,NC,COFORGE,1219.3,1271.0,1272.0,1218.0,1264.9,1337521,1237.92,1218.9,128,1219.3,326,
2026-04-10T10:06:05.878,NC,COFORGE,1219.2,1271.0,1272.0,1218.0,1264.9,1339543,1237.89,1219.1,128,1219.2,2,
2026-04-10T10:06:06.894,NC,COFORGE,1219.3,1271.0,1272.0,1218.0,1264.9,1339563,1237.89,1219.0,20,1219.3,732,
2026-04-10T10:06:06.895,NC,COFORGE,1219.3,1271.0,1272.0,1218.0,1264.9,1339563,1237.89,1219.0,20,1219.3,732,
2026-04-10T10:06:07.895,NC,COFORGE,1218.7,1271.0,1272.0,1218.0,1264.9,1339960,1237.88,1218.8,140,1219.1,9,
2026-04-10T10:06:08.899,NC,COFORGE,1219.0,1271.0,1272.0,1218.0,1264.9,1340784,1237.87,1218.8,37,1219.1,56,
2026-04-10T10:06:09.999,NC,COFORGE,1219.3,1271.0,1272.0,1218.0,1264.9,1341166,1237.86,1218.9,266,1219.3,624,
2026-04-10T10:06:11.103,NC,COFORGE,1219.6,1271.0,1272.0,1218.0,1264.9,1342252,1237.85,1219.3,192,1219.6,264,
2026-04-10T10:06:12.202,NC,COFORGE,1219.6,1271.0,1272.0,1218.0,1264.9,1342553,1237.85,1219.5,70,1219.7,1,
2026-04-10T10:06:13.300,NC,COFORGE,1220.1,1271.0,1272.0,1218.0,1264.9,1345604,1237.8,1220.0,61,1220.4,94,
2026-04-10T10:06:14.401,NC,COFORGE,1219.0,1271.0,1272.0,1218.0,1264.9,1346352,1237.79,1218.8,20,1219.0,121,
2026-04-10T10:06:15.504,NC,COFORGE,1219.0,1271.0,1272.0,1218.0,1264.9,1346471,1237.79,1218.2,131,1218.7,375,
2026-04-10T10:06:16.603,NC,COFORGE,1218.4,1271.0,1272.0,1217.6,1264.9,1349443,1237.75,1218.0,289,1218.5,90,
2026-04-10T10:06:17.725,NC,COFORGE,1218.5,1271.0,1272.0,1217.6,1264.9,1349571,1237.75,1218.2,1,1218.5,131,
2026-04-10T10:06:18.811,NC,COFORGE,1218.6,1271.0,1272.0,1217.6,1264.9,1350152,1237.74,1218.1,166,1218.6,50,
2026-04-10T10:06:19.917,NC,COFORGE,1218.3,1271.0,1272.0,1217.6,1264.9,1350539,1237.73,1218.3,367,1219.0,150,
2026-04-10T10:06:20.945,NC,COFORGE,1218.6,1271.0,1272.0,1217.6,1264.9,1351492,1237.72,1218.1,85,1218.6,103,
2026-04-10T10:06:22.011,NC,COFORGE,1218.5,1271.0,1272.0,1217.6,1264.9,1351499,1237.72,1218.1,53,1218.5,368,
2026-04-10T10:06:23.117,NC,COFORGE,1217.7,1271.0,1272.0,1217.5,1264.9,1354115,1237.68,1217.4,60,1217.8,174,
2026-04-10T10:06:24.215,NC,COFORGE,1217.9,1271.0,1272.0,1217.5,1264.9,1354871,1237.67,1217.4,77,1217.9,9,
2026-04-10T10:06:25.322,NC,COFORGE,1218.0,1271.0,1272.0,1217.4,1264.9,1355604,1237.66,1217.4,73,1218.0,176,
2026-04-10T10:06:26.424,NC,COFORGE,1217.7,1271.0,1272.0,1217.4,1264.9,1355648,1237.66,1217.2,2,1217.7,234,
2026-04-10T10:06:27.529,NC,COFORGE,1217.6,1271.0,1272.0,1217.4,1264.9,1355695,1237.66,1217.2,2,1217.6,184,
2026-04-10T10:06:28.635,NC,COFORGE,1217.3,1271.0,1272.0,1217.0,1264.9,1355857,1237.66,1217.3,259,1217.9,6,
2026-04-10T10:06:29.726,NC,COFORGE,1217.4,1271.0,1272.0,1217.0,1264.9,1356313,1237.65,1217.3,12,1217.4,351,
2026-04-10T10:06:30.840,NC,COFORGE,1217.7,1271.0,1272.0,1217.0,1264.9,1357848,1237.63,1217.3,118,1217.7,8,
2026-04-10T10:06:31.936,NC,COFORGE,1217.2,1271.0,1272.0,1217.0,1264.9,1358194,1237.62,1217.2,312,1217.7,660,
2026-04-10T10:06:33.035,NC,COFORGE,1217.0,1271.0,1272.0,1216.9,1264.9,1359172,1237.61,1216.8,2,1217.0,666,
2026-04-10T10:06:34.139,NC,COFORGE,1217.4,1271.0,1272.0,1216.9,1264.9,1359865,1237.6,1217.4,45,1217.5,162,
2026-04-10T10:06:35.139,NC,COFORGE,1217.5,1271.0,1272.0,1216.9,1264.9,1359891,1237.6,1217.4,25,1217.5,161,
2026-04-10T10:06:36.250,NC,COFORGE,1217.3,1271.0,1272.0,1216.9,1264.9,1361962,1237.56,1217.3,336,1217.6,25,
2026-04-10T10:06:37.347,NC,COFORGE,1217.6,1271.0,1272.0,1216.9,1264.9,1361987,1237.56,1217.7,5,1217.9,362,
2026-04-10T10:06:38.449,NC,COFORGE,1218.1,1271.0,1272.0,1216.9,1264.9,1363274,1237.55,1218.1,446,1218.5,8,
2026-04-10T10:06:39.449,NC,COFORGE,1218.5,1271.0,1272.0,1216.9,1264.9,1363501,1237.54,1218.2,52,1218.7,157,
2026-04-10T10:06:40.550,NC,COFORGE,1218.7,1271.0,1272.0,1216.9,1264.9,1363511,1237.54,1218.3,132,1218.7,17,
2026-04-10T10:06:41.673,NC,COFORGE,1218.7,1271.0,1272.0,1216.9,1264.9,1363521,1237.54,1218.4,88,1218.7,7,
2026-04-10T10:06:42.655,NC,COFORGE,1218.4,1271.0,1272.0,1216.9,1264.9,1363672,1237.54,1218.4,129,1218.7,7,
2026-04-10T10:06:43.759,NC,COFORGE,1219.3,1271.0,1272.0,1216.9,1264.9,1363950,1237.54,1218.7,12,1219.2,31,
2026-04-10T10:06:44.863,NC,COFORGE,1218.7,1271.0,1272.0,1216.9,1264.9,1365710,1237.51,1218.7,336,1219.3,5,
2026-04-10T10:06:45.968,NC,COFORGE,1218.7,1271.0,1272.0,1216.9,1264.9,1365933,1237.51,1218.5,50,1218.6,1,
2026-04-10T10:06:47.059,NC,COFORGE,1218.5,1271.0,1272.0,1216.9,1264.9,1366184,1237.51,1218.1,43,1218.6,749,
2026-04-10T10:06:48.163,NC,COFORGE,1218.5,1271.0,1272.0,1216.9,1264.9,1367937,1237.48,1218.4,25,1218.7,3582,
2026-04-10T10:06:49.072,NC,COFORGE,1218.4,1271.0,1272.0,1216.9,1264.9,1367970,1237.48,1218.4,46,1218.7,3791,
2026-04-10T10:06:50.171,NC,COFORGE,1218.6,1271.0,1272.0,1216.9,1264.9,1368113,1237.48,1218.5,24,1218.7,3433,
2026-04-10T10:06:51.272,NC,COFORGE,1218.6,1271.0,1272.0,1216.9,1264.9,1368230,1237.48,1218.5,24,1218.6,78,
2026-04-10T10:06:52.392,NC,COFORGE,1218.7,1271.0,1272.0,1216.9,1264.9,1368463,1237.47,1218.5,24,1218.7,3430,
2026-04-10T10:06:53.494,NC,COFORGE,1218.7,1271.0,1272.0,1216.9,1264.9,1368491,1237.47,1218.6,24,1218.7,3402,
2026-04-10T10:06:54.576,NC,COFORGE,1216.4,1271.0,1272.0,1216.4,1264.9,1372790,1237.41,1216.3,326,1216.5,375,
2026-04-10T10:06:55.677,NC,COFORGE,1216.9,1271.0,1272.0,1216.4,1264.9,1373204,1237.4,1216.4,149,1216.9,347,
2026-04-10T10:06:56.782,NC,COFORGE,1217.2,1271.0,1272.0,1216.4,1264.9,1374401,1237.39,1216.9,175,1217.2,361,
2026-04-10T10:06:57.888,NC,COFORGE,1217.2,1271.0,1272.0,1216.4,1264.9,1374427,1237.39,1217.0,224,1217.2,335,
2026-04-10T10:06:58.880,NC,COFORGE,1217.2,1271.0,1272.0,1216.4,1264.9,1374592,1237.38,1217.0,50,1217.2,170,
2026-04-10T10:06:59.987,NC,COFORGE,1217.2,1271.0,1272.0,1216.4,1264.9,1374772,1237.38,1217.2,23,1217.6,238,
2026-04-10T10:07:01.093,NC,COFORGE,1217.5,1271.0,1272.0,1216.4,1264.9,1374797,1237.38,1217.2,23,1217.4,186,
2026-04-10T10:07:02.196,NC,COFORGE,1217.2,1271.0,1272.0,1216.4,1264.9,1374818,1237.38,1217.2,28,1217.4,201,
2026-04-10T10:07:03.297,NC,COFORGE,1216.6,1271.0,1272.0,1216.4,1264.9,1375020,1237.38,1216.5,10,1216.8,263,
2026-04-10T10:07:04.384,NC,COFORGE,1217.0,1271.0,1272.0,1216.4,1264.9,1375989,1237.36,1216.9,66,1217.1,94,
2026-04-10T10:07:05.482,NC,COFORGE,1217.1,1271.0,1272.0,1216.4,1264.9,1376569,1237.35,1217.1,227,1217.7,39,
2026-04-10T10:07:06.591,NC,COFORGE,1217.6,1271.0,1272.0,1216.4,1264.9,1376574,1237.35,1217.6,85,1218.0,209,
2026-04-10T10:07:07.690,NC,COFORGE,1217.0,1271.0,1272.0,1216.4,1264.9,1378793,1237.32,1217.2,50,1217.4,537,
2026-04-10T10:07:08.587,NC,COFORGE,1217.2,1271.0,1272.0,1216.4,1264.9,1378801,1237.32,1217.2,143,1217.4,443,
2026-04-10T10:07:09.689,NC,COFORGE,1217.2,1271.0,1272.0,1216.4,1264.9,1379067,1237.32,1217.0,456,1217.2,127,
2026-04-10T10:07:10.904,NC,COFORGE,1217.0,1271.0,1272.0,1216.4,1264.9,1379359,1237.31,1216.5,47,1217.0,314,
2026-04-10T10:07:11.897,NC,COFORGE,1217.0,1271.0,1272.0,1216.4,1264.9,1379508,1237.31,1216.5,200,1217.0,226,
2026-04-10T10:07:12.995,NC,COFORGE,1216.7,1271.0,1272.0,1216.4,1264.9,1379730,1237.31,1216.8,80,1217.0,219,
2026-04-10T10:07:14.103,NC,COFORGE,1217.0,1271.0,1272.0,1216.4,1264.9,1379797,1237.31,1216.9,258,1217.0,154,
2026-04-10T10:07:15.204,NC,COFORGE,1217.0,1271.0,1272.0,1216.4,1264.9,1380363,1237.3,1216.9,199,1217.0,375,
2026-04-10T10:07:16.103,NC,COFORGE,1217.0,1271.0,1272.0,1216.4,1264.9,1380418,1237.3,1216.9,199,1217.0,320,
2026-04-10T10:07:17.202,NC,COFORGE,1217.0,1271.0,1272.0,1216.4,1264.9,1381113,1237.29,1217.1,117,1217.4,157,
2026-04-10T10:07:18.299,NC,COFORGE,1217.3,1271.0,1272.0,1216.4,1264.9,1381923,1237.28,1217.3,104,1217.4,99,
2026-04-10T10:07:19.310,NC,COFORGE,1217.4,1271.0,1272.0,1216.4,1264.9,1382024,1237.27,1217.3,45,1217.4,23,
2026-04-10T10:07:20.415,NC,COFORGE,1216.9,1271.0,1272.0,1216.4,1264.9,1382879,1237.26,1216.8,10,1216.9,9,
2026-04-10T10:07:21.511,NC,COFORGE,1216.9,1271.0,1272.0,1216.4,1264.9,1383377,1237.25,1216.7,234,1217.2,384,
2026-04-10T10:07:22.625,NC,COFORGE,1217.5,1271.0,1272.0,1216.4,1264.9,1384343,1237.24,1217.4,8,1217.7,10,
2026-04-10T10:07:23.656,NC,COFORGE,1217.4,1271.0,1272.0,1216.4,1264.9,1384401,1237.24,1217.4,110,1217.7,201,
2026-04-10T10:07:24.724,NC,COFORGE,1217.6,1271.0,1272.0,1216.4,1264.9,1384460,1237.24,1217.4,111,1217.7,213,
2026-04-10T10:07:25.717,NC,COFORGE,1216.7,1271.0,1272.0,1216.3,1264.9,1385081,1237.23,1216.7,55,1217.2,216,
2026-04-10T10:07:26.818,NC,COFORGE,1217.2,1271.0,1272.0,1216.3,1264.9,1385096,1237.23,1216.9,83,1217.4,759,
2026-04-10T10:07:27.919,NC,COFORGE,1216.9,1271.0,1272.0,1216.3,1264.9,1385333,1237.23,1216.7,22,1217.0,216,
2026-04-10T10:07:29.034,NC,COFORGE,1217.1,1271.0,1272.0,1216.3,1264.9,1385769,1237.22,1217.0,1,1217.1,196,
2026-04-10T10:07:30.019,NC,COFORGE,1216.3,1271.0,1272.0,1216.3,1264.9,1386479,1237.21,1216.2,13,1216.3,309,
2026-04-10T10:07:31.121,NC,COFORGE,1216.0,1271.0,1272.0,1215.6,1264.9,1390513,1237.15,1215.7,79,1216.0,89,
2026-04-10T10:07:32.132,NC,COFORGE,1216.0,1271.0,1272.0,1215.6,1264.9,1391027,1237.14,1215.6,112,1216.0,464,
2026-04-10T10:07:33.123,NC,COFORGE,1215.7,1271.0,1272.0,1215.6,1264.9,1391104,1237.14,1215.7,133,1216.0,412,
2026-04-10T10:07:34.125,NC,COFORGE,1215.5,1271.0,1272.0,1215.5,1264.9,1394708,1237.09,1215.6,230,1216.3,201,
2026-04-10T10:07:35.228,NC,COFORGE,1216.5,1271.0,1272.0,1215.3,1264.9,1395983,1237.07,1215.9,381,1216.6,476,
2026-04-10T10:07:36.227,NC,COFORGE,1215.9,1271.0,1272.0,1215.3,1264.9,1396194,1237.06,1215.8,172,1215.9,214,
2026-04-10T10:07:37.229,NC,COFORGE,1216.6,1271.0,1272.0,1215.3,1264.9,1396513,1237.06,1216.0,241,1216.6,322,
2026-04-10T10:07:38.332,NC,COFORGE,1217.0,1271.0,1272.0,1215.3,1264.9,1397684,1237.04,1216.6,20,1217.0,191,
2026-04-10T10:07:39.335,NC,COFORGE,1217.0,1271.0,1272.0,1215.3,1264.9,1397809,1237.04,1216.7,107,1217.0,65,
2026-04-10T10:07:40.433,NC,COFORGE,1216.8,1271.0,1272.0,1215.3,1264.9,1398564,1237.03,1217.0,112,1217.2,95,
2026-04-10T10:07:41.531,NC,COFORGE,1217.2,1271.0,1272.0,1215.3,1264.9,1398609,1237.03,1217.0,110,1217.5,312,
2026-04-10T10:07:42.638,NC,COFORGE,1216.9,1271.0,1272.0,1215.3,1264.9,1398721,1237.03,1216.7,173,1216.9,269,
2026-04-10T10:07:43.739,NC,COFORGE,1217.3,1271.0,1272.0,1215.3,1264.9,1399080,1237.02,1216.9,24,1217.3,212,
2026-04-10T10:07:44.838,NC,COFORGE,1217.0,1271.0,1272.0,1215.3,1264.9,1399115,1237.02,1216.9,51,1217.0,190,
2026-04-10T10:07:45.943,NC,COFORGE,1217.0,1271.0,1272.0,1215.3,1264.9,1399296,1237.02,1216.9,68,1217.0,9,
2026-04-10T10:07:47.042,NC,COFORGE,1217.3,1271.0,1272.0,1215.3,1264.9,1399385,1237.02,1216.8,34,1217.3,88,
2026-04-10T10:07:48.145,NC,COFORGE,1217.4,1271.0,1272.0,1215.3,1264.9,1399386,1237.02,1217.5,223,1218.0,400,
2026-04-10T10:07:49.251,NC,COFORGE,1218.0,1271.0,1272.0,1215.3,1264.9,1399856,1237.01,1217.8,12,1218.3,276,
2026-04-10T10:07:50.351,NC,COFORGE,1218.2,1271.0,1272.0,1215.3,1264.9,1399866,1237.01,1218.0,50,1218.2,83,
2026-04-10T10:07:52.455,NC,COFORGE,1218.6,1271.0,1272.0,1215.3,1264.9,1399906,1237.01,1218.2,24,1218.6,241,
2026-04-10T10:07:53.551,NC,COFORGE,1218.0,1271.0,1272.0,1215.3,1264.9,1400339,1237.0,1217.5,65,1218.0,210,
2026-04-10T10:07:54.553,NC,COFORGE,1218.4,1271.0,1272.0,1215.3,1264.9,1400665,1237.0,1217.7,342,1218.4,173,
2026-04-10T10:07:55.558,NC,COFORGE,1217.7,1271.0,1272.0,1215.3,1264.9,1401019,1236.99,1217.4,11,1217.7,213,
2026-04-10T10:07:56.554,NC,COFORGE,1218.0,1271.0,1272.0,1215.3,1264.9,1401469,1236.99,1217.4,49,1217.9,155,
2026-04-10T10:07:57.556,NC,COFORGE,1217.9,1271.0,1272.0,1215.3,1264.9,1401523,1236.99,1217.4,37,1217.9,82,
2026-04-10T10:07:58.555,NC,COFORGE,1218.3,1271.0,1272.0,1215.3,1264.9,1401623,1236.99,1217.8,152,1218.5,139,
2026-04-10T10:07:59.661,NC,COFORGE,1217.7,1271.0,1272.0,1215.3,1264.9,1401965,1236.98,1217.6,60,1217.7,22,
2026-04-10T10:08:00.762,NC,COFORGE,1217.7,1271.0,1272.0,1215.3,1264.9,1401980,1236.98,1217.6,60,1217.7,22,
2026-04-10T10:08:01.863,NC,COFORGE,1218.0,1271.0,1272.0,1215.3,1264.9,1402057,1236.98,1217.7,60,1217.8,375,
2026-04-10T10:08:02.863,NC,COFORGE,1217.8,1271.0,1272.0,1215.3,1264.9,1402072,1236.98,1217.7,20,1217.8,387,
2026-04-10T10:08:03.968,NC,COFORGE,1218.2,1271.0,1272.0,1215.3,1264.9,1404311,1236.95,1217.7,277,1218.2,67,
2026-04-10T10:08:05.065,NC,COFORGE,1218.1,1271.0,1272.0,1215.3,1264.9,1404730,1236.94,1217.8,2,1218.1,182,
2026-04-10T10:08:06.180,NC,COFORGE,1218.0,1271.0,1272.0,1215.3,1264.9,1405086,1236.94,1218.0,175,1218.4,79,
2026-04-10T10:08:07.266,NC,COFORGE,1218.4,1271.0,1272.0,1215.3,1264.9,1405092,1236.94,1218.1,50,1218.4,223,
2026-04-10T10:08:08.368,NC,COFORGE,1218.0,1271.0,1272.0,1215.3,1264.9,1405585,1236.93,1217.8,2,1218.0,588,
2026-04-10T10:08:09.481,NC,COFORGE,1217.7,1271.0,1272.0,1215.3,1264.9,1405630,1236.93,1217.8,227,1218.0,363,
2026-04-10T10:08:10.472,NC,COFORGE,1218.7,1271.0,1272.0,1215.3,1264.9,1406438,1236.92,1217.9,252,1218.6,243,
2026-04-10T10:08:11.567,NC,COFORGE,1218.0,1271.0,1272.0,1215.3,1264.9,1407029,1236.91,1217.7,43,1218.3,331,
2026-04-10T10:08:12.667,NC,COFORGE,1218.5,1271.0,1272.0,1215.3,1264.9,1407878,1236.9,1217.9,96,1218.5,81,
2026-04-10T10:08:13.768,NC,COFORGE,1218.6,1271.0,1272.0,1215.3,1264.9,1407893,1236.9,1218.4,51,1218.7,36,
2026-04-10T10:08:14.870,NC,COFORGE,1218.5,1271.0,1272.0,1215.3,1264.9,1408195,1236.9,1218.1,56,1218.5,211,
2026-04-10T10:08:15.972,NC,COFORGE,1218.0,1271.0,1272.0,1215.3,1264.9,1408391,1236.9,1217.9,5,1218.0,17,
2026-04-10T10:08:17.072,NC,COFORGE,1217.7,1271.0,1272.0,1215.3,1264.9,1408416,1236.89,1217.7,580,1218.4,209,
2026-04-10T10:08:18.183,NC,COFORGE,1218.4,1271.0,1272.0,1215.3,1264.9,1408449,1236.89,1218.0,41,1218.4,57,
2026-04-10T10:08:19.275,NC,COFORGE,1218.0,1271.0,1272.0,1215.3,1264.9,1408479,1236.89,1218.0,5,1218.4,27,
2026-04-10T10:08:20.394,NC,COFORGE,1218.5,1271.0,1272.0,1215.3,1264.9,1408541,1236.89,1218.0,291,1218.5,46,
2026-04-10T10:08:21.384,NC,COFORGE,1218.4,1271.0,1272.0,1215.3,1264.9,1408976,1236.89,1218.0,24,1218.4,278,
2026-04-10T10:08:22.386,NC,COFORGE,1218.4,1271.0,1272.0,1215.3,1264.9,1408983,1236.89,1218.0,41,1218.4,67,
2026-04-10T10:08:23.391,NC,COFORGE,1218.6,1271.0,1272.0,1215.3,1264.9,1409220,1236.88,1218.4,10,1218.6,315,
2026-04-10T10:08:24.492,NC,COFORGE,1218.8,1271.0,1272.0,1215.3,1264.9,1410551,1236.87,1218.4,24,1218.8,157,
2026-04-10T10:08:25.609,NC,COFORGE,1218.7,1271.0,1272.0,1215.3,1264.9,1411228,1236.86,1218.5,71,1218.7,177,
2026-04-10T10:08:26.706,NC,COFORGE,1218.6,1271.0,1272.0,1215.3,1264.9,1411391,1236.86,1218.5,1,1218.7,127,
2026-04-10T10:08:27.810,NC,COFORGE,1218.3,1271.0,1272.0,1215.3,1264.9,1411440,1236.86,1218.3,301,1218.7,86,
2026-04-10T10:08:28.820,NC,COFORGE,1218.2,1271.0,1272.0,1215.3,1264.9,1411481,1236.86,1218.2,124,1218.4,85,
2026-04-10T10:08:29.935,NC,COFORGE,1218.5,1271.0,1272.0,1215.3,1264.9,1412015,1236.85,1218.1,31,1218.5,138,
2026-04-10T10:08:30.799,NC,COFORGE,1218.5,1271.0,1272.0,1215.3,1264.9,1412023,1236.85,1218.1,31,1218.5,93,
2026-04-10T10:08:31.914,NC,COFORGE,1218.5,1271.0,1272.0,1215.3,1264.9,1412233,1236.85,1218.1,31,1218.5,415,
2026-04-10T10:08:33.000,NC,COFORGE,1218.5,1271.0,1272.0,1215.3,1264.9,1412331,1236.84,1218.0,443,1218.5,273,
2026-04-10T10:08:34.004,NC,COFORGE,1218.5,1271.0,1272.0,1215.3,1264.9,1412478,1236.84,1218.3,10,1218.5,136,
2026-04-10T10:08:35.113,NC,COFORGE,1219.0,1271.0,1272.0,1215.3,1264.9,1415108,1236.81,1218.3,84,1218.9,193,
2026-04-10T10:08:37.309,NC,COFORGE,1219.4,1271.0,1272.0,1215.3,1264.9,1415195,1236.81,1219.0,16,1219.3,120,
2026-04-10T10:08:38.321,NC,COFORGE,1218.8,1271.0,1272.0,1215.3,1264.9,1415520,1236.8,1218.5,10,1218.8,452,
2026-04-10T10:08:39.309,NC,COFORGE,1218.8,1271.0,1272.0,1215.3,1264.9,1415596,1236.8,1218.7,16,1218.8,321,
2026-04-10T10:08:40.318,NC,COFORGE,1218.5,1271.0,1272.0,1215.3,1264.9,1415632,1236.8,1218.3,30,1218.7,4374,
2026-04-10T10:08:41.417,NC,COFORGE,1218.7,1271.0,1272.0,1215.3,1264.9,1415789,1236.8,1218.5,10,1218.7,4276,
2026-04-10T10:08:42.433,NC,COFORGE,1218.2,1271.0,1272.0,1215.3,1264.9,1415948,1236.8,1218.2,44,1218.7,4061,
2026-04-10T10:08:43.427,NC,COFORGE,1218.7,1271.0,1272.0,1215.3,1264.9,1416514,1236.79,1218.1,289,1218.7,3995,
2026-04-10T10:08:44.622,NC,COFORGE,1218.6,1271.0,1272.0,1215.3,1264.9,1427918,1236.64,1218.6,68,1218.8,375,
2026-04-10T10:08:45.723,NC,COFORGE,1219.2,1271.0,1272.0,1215.3,1264.9,1428343,1236.64,1219.2,36,1219.8,62,
2026-04-10T10:08:46.826,NC,COFORGE,1219.8,1271.0,1272.0,1215.3,1264.9,1428463,1236.64,1219.2,43,1219.8,108,
2026-04-10T10:08:47.833,NC,COFORGE,1219.8,1271.0,1272.0,1215.3,1264.9,1428563,1236.64,1219.4,7,1219.9,462,
2026-04-10T10:08:48.833,NC,COFORGE,1219.8,1271.0,1272.0,1215.3,1264.9,1428681,1236.63,1219.4,11,1219.8,31,
2026-04-10T10:08:49.735,NC,COFORGE,1219.9,1271.0,1272.0,1215.3,1264.9,1428810,1236.63,1219.3,152,1219.6,375,
2026-04-10T10:08:50.731,NC,COFORGE,1219.6,1271.0,1272.0,1215.3,1264.9,1429218,1236.63,1219.6,146,1219.9,236,
2026-04-10T10:08:51.731,NC,COFORGE,1219.6,1271.0,1272.0,1215.3,1264.9,1430610,1236.61,1219.6,23,1220.0,245,
2026-04-10T10:08:52.732,NC,COFORGE,1219.9,1271.0,1272.0,1215.3,1264.9,1430753,1236.61,1219.9,13,1220.0,88,
2026-04-10T10:08:53.738,NC,COFORGE,1219.0,1271.0,1272.0,1215.3,1264.9,1430919,1236.61,1218.7,118,1219.0,86,
2026-04-10T10:08:54.738,NC,COFORGE,1219.1,1271.0,1272.0,1215.3,1264.9,1431084,1236.61,1218.7,160,1219.1,326,
2026-04-10T10:08:55.752,NC,COFORGE,1219.0,1271.0,1272.0,1215.3,1264.9,1431175,1236.61,1218.7,160,1219.0,7,
2026-04-10T10:08:56.840,NC,COFORGE,1219.0,1271.0,1272.0,1215.3,1264.9,1431370,1236.6,1218.4,301,1219.0,87,
2026-04-10T10:08:57.838,NC,COFORGE,1219.0,1271.0,1272.0,1215.3,1264.9,1431611,1236.6,1218.7,33,1219.0,24,
2026-04-10T10:08:58.842,NC,COFORGE,1219.0,1271.0,1272.0,1215.3,1264.9,1431930,1236.6,1219.1,60,1219.4,375,
2026-04-10T10:08:59.845,NC,COFORGE,1219.1,1271.0,1272.0,1215.3,1264.9,1431935,1236.6,1219.1,84,1219.4,387,
2026-04-10T10:09:00.842,NC,COFORGE,1219.4,1271.0,1272.0,1215.3,1264.9,1432552,1236.59,1219.3,11,1219.7,92,
2026-04-10T10:09:02.742,NC,COFORGE,1220.0,1271.0,1272.0,1215.3,1264.9,1432652,1236.59,1219.7,273,1220.0,41,
2026-04-10T10:09:04.947,NC,COFORGE,1220.4,1271.0,1272.0,1215.3,1264.9,1432823,1236.59,1219.8,248,1220.0,2,
2026-04-10T10:09:05.947,NC,COFORGE,1220.4,1271.0,1272.0,1215.3,1264.9,1432867,1236.59,1220.0,47,1220.4,14,
2026-04-10T10:09:06.944,NC,COFORGE,1219.8,1271.0,1272.0,1215.3,1264.9,1433269,1236.58,1219.8,15,1219.9,219,
2026-04-10T10:09:07.947,NC,COFORGE,1219.3,1271.0,1272.0,1215.3,1264.9,1433308,1236.58,1219.3,18,1219.8,813,
2026-04-10T10:09:08.956,NC,COFORGE,1219.8,1271.0,1272.0,1215.3,1264.9,1433318,1236.58,1219.3,18,1219.8,767,
2026-04-10T10:09:10.048,NC,COFORGE,1219.6,1271.0,1272.0,1215.3,1264.9,1433320,1236.58,1219.2,5,1219.6,363,
2026-04-10T10:09:12.151,NC,COFORGE,1219.6,1271.0,1272.0,1215.3,1264.9,1433321,1236.58,1219.2,37,1219.6,764,
2026-04-10T10:09:13.151,NC,COFORGE,1219.6,1271.0,1272.0,1215.3,1264.9,1433326,1236.58,1219.2,11,1219.6,768,
2026-04-10T10:09:14.159,NC,COFORGE,1219.6,1271.0,1272.0,1215.3,1264.9,1433377,1236.58,1219.2,6,1219.6,717,
2026-04-10T10:09:15.254,NC,COFORGE,1219.1,1271.0,1272.0,1215.3,1264.9,1433767,1236.57,1219.1,294,1219.4,306,
2026-04-10T10:09:16.152,NC,COFORGE,1219.4,1271.0,1272.0,1215.3,1264.9,1434100,1236.57,1219.5,160,1220.0,4,
2026-04-10T10:09:17.156,NC,COFORGE,1220.1,1271.0,1272.0,1215.3,1264.9,1434200,1236.57,1219.5,37,1220.1,255,
2026-04-10T10:09:18.258,NC,COFORGE,1219.5,1271.0,1272.0,1215.3,1264.9,1434300,1236.57,1219.6,1,1220.0,159,
2026-04-10T10:09:20.263,NC,COFORGE,1220.3,1271.0,1272.0,1215.3,1264.9,1434472,1236.57,1220.3,78,1220.9,230,
2026-04-10T10:09:21.265,NC,COFORGE,1220.3,1271.0,1272.0,1215.3,1264.9,1434528,1236.57,1220.3,73,1220.9,156,
2026-04-10T10:09:23.262,NC,COFORGE,1220.9,1271.0,1272.0,1215.3,1264.9,1434774,1236.56,1220.9,28,1221.0,672,
2026-04-10T10:09:24.264,NC,COFORGE,1220.3,1271.0,1272.0,1215.3,1264.9,1434959,1236.56,1220.2,135,1220.4,1,
2026-04-10T10:09:25.265,NC,COFORGE,1220.3,1271.0,1272.0,1215.3,1264.9,1435420,1236.56,1220.3,168,1220.6,601,
2026-04-10T10:09:26.365,NC,COFORGE,1220.8,1271.0,1272.0,1215.3,1264.9,1436159,1236.55,1220.6,202,1220.8,294,
2026-04-10T10:09:27.466,NC,COFORGE,1220.5,1271.0,1272.0,1215.3,1264.9,1437257,1236.54,1220.5,117,1220.8,311,
2026-04-10T10:09:28.470,NC,COFORGE,1220.5,1271.0,1272.0,1215.3,1264.9,1437287,1236.53,1220.5,108,1220.7,30,
2026-04-10T10:09:29.475,NC,COFORGE,1220.5,1271.0,1272.0,1215.3,1264.9,1437308,1236.53,1220.5,210,1220.7,10,
2026-04-10T10:09:30.571,NC,COFORGE,1220.6,1271.0,1272.0,1215.3,1264.9,1437489,1236.53,1220.6,204,1220.8,131,
2026-04-10T10:09:31.669,NC,COFORGE,1221.0,1271.0,1272.0,1215.3,1264.9,1437681,1236.53,1221.0,101,1221.4,118,
2026-04-10T10:09:33.672,NC,COFORGE,1221.1,1271.0,1272.0,1215.3,1264.9,1437761,1236.53,1221.1,138,1221.4,118,
2026-04-10T10:09:34.672,NC,COFORGE,1221.4,1271.0,1272.0,1215.3,1264.9,1437795,1236.53,1221.1,333,1221.4,95,
2026-04-10T10:09:35.676,NC,COFORGE,1221.3,1271.0,1272.0,1215.3,1264.9,1437898,1236.53,1221.4,39,1221.7,55,
2026-04-10T10:09:36.682,NC,COFORGE,1220.7,1271.0,1272.0,1215.3,1264.9,1448296,1236.41,1220.3,235,1220.9,9,
2026-04-10T10:09:37.690,NC,COFORGE,1220.4,1271.0,1272.0,1215.3,1264.9,1448438,1236.41,1220.4,585,1220.8,290,
2026-04-10T10:09:38.682,NC,COFORGE,1221.2,1271.0,1272.0,1215.3,1264.9,1449010,1236.41,1220.7,138,1221.2,365,
2026-04-10T10:09:39.784,NC,COFORGE,1221.2,1271.0,1272.0,1215.3,1264.9,1449108,1236.41,1220.9,36,1221.2,318,
2026-04-10T10:09:40.903,NC,COFORGE,1220.8,1271.0,1272.0,1215.3,1264.9,1449650,1236.4,1220.8,176,1221.1,1,
2026-04-10T10:09:41.795,NC,COFORGE,1221.1,1271.0,1272.0,1215.3,1264.9,1449686,1236.4,1220.9,62,1221.2,198,
2026-04-10T10:09:42.998,NC,COFORGE,1221.2,1271.0,1272.0,1215.3,1264.9,1449697,1236.4,1220.8,100,1220.9,1,
2026-04-10T10:09:44.690,NC,COFORGE,1220.0,1271.0,1272.0,1215.3,1264.9,1452136,1236.37,1219.7,91,1220.0,19,
2026-04-10T10:09:45.797,NC,COFORGE,1220.0,1271.0,1272.0,1215.3,1264.9,1452150,1236.37,1219.7,110,1220.0,5,
2026-04-10T10:09:46.806,NC,COFORGE,1220.5,1271.0,1272.0,1215.3,1264.9,1452370,1236.37,1220.0,293,1220.5,59,
2026-04-10T10:09:47.901,NC,COFORGE,1220.0,1271.0,1272.0,1215.3,1264.9,1452482,1236.37,1220.0,284,1220.4,95,
2026-04-10T10:09:49.002,NC,COFORGE,1220.0,1271.0,1272.0,1215.3,1264.9,1452821,1236.36,1219.7,1,1219.9,159,
2026-04-10T10:09:50.100,NC,COFORGE,1220.0,1271.0,1272.0,1215.3,1264.9,1453451,1236.36,1219.7,25,1219.9,236,
2026-04-10T10:09:51.018,NC,COFORGE,1219.7,1271.0,1272.0,1215.3,1264.9,1453623,1236.36,1219.7,24,1219.9,236,
2026-04-10T10:09:52.000,NC,COFORGE,1220.2,1271.0,1272.0,1215.3,1264.9,1454511,1236.35,1220.0,147,1220.4,59,
2026-04-10T10:09:53.001,NC,COFORGE,1220.0,1271.0,1272.0,1215.3,1264.9,1454601,1236.34,1220.0,186,1220.5,411,
2026-04-10T10:09:54.007,NC,COFORGE,1220.0,1271.0,1272.0,1215.3,1264.9,1454711,1236.34,1220.0,402,1220.5,307,
2026-04-10T10:09:54.999,NC,COFORGE,1220.0,1271.0,1272.0,1215.3,1264.9,1454791,1236.34,1220.0,379,1220.5,456,
2026-04-10T10:09:55.906,NC,COFORGE,1220.5,1271.0,1272.0,1215.3,1264.9,1455343,1236.34,1220.0,5,1220.5,718,
2026-04-10T10:09:57.000,NC,COFORGE,1220.2,1271.0,1272.0,1215.3,1264.9,1455563,1236.33,1220.0,196,1220.2,5,
2026-04-10T10:09:58.007,NC,COFORGE,1220.0,1271.0,1272.0,1215.3,1264.9,1455587,1236.33,1220.0,213,1220.5,141,
2026-04-10T10:09:58.912,NC,COFORGE,1220.0,1271.0,1272.0,1215.3,1264.9,1455598,1236.33,1220.0,215,1220.5,226,
2026-04-10T10:09:59.900,NC,COFORGE,1220.5,1271.0,1272.0,1215.3,1264.9,1455599,1236.33,1220.0,169,1220.4,85,
2026-04-10T10:10:00.805,NC,COFORGE,1220.2,1271.0,1272.0,1215.3,1264.9,1455602,1236.33,1220.0,170,1220.3,169,
2026-04-10T10:10:01.811,NC,COFORGE,1220.0,1271.0,1272.0,1215.3,1264.9,1455791,1236.33,1219.6,370,1220.0,188,
2026-04-10T10:10:02.835,NC,COFORGE,1220.0,1271.0,1272.0,1215.3,1264.9,1455841,1236.33,1219.6,337,1220.0,138,
2026-04-10T10:10:03.810,NC,COFORGE,1219.6,1271.0,1272.0,1215.3,1264.9,1457622,1236.31,1219.1,149,1219.6,522,
2026-04-10T10:10:04.827,NC,COFORGE,1219.6,1271.0,1272.0,1215.3,1264.9,1457751,1236.31,1219.4,67,1219.6,389,
2026-04-10T10:10:05.933,NC,COFORGE,1220.0,1271.0,1272.0,1215.3,1264.9,1458213,1236.3,1219.6,76,1220.0,538,
2026-04-10T10:10:06.824,NC,COFORGE,1220.0,1271.0,1272.0,1215.3,1264.9,1458863,1236.3,1220.0,131,1220.4,148,
2026-04-10T10:10:07.715,NC,COFORGE,1220.4,1271.0,1272.0,1215.3,1264.9,1459345,1236.29,1219.6,86,1220.3,128,
2026-04-10T10:10:08.911,NC,COFORGE,1220.0,1271.0,1272.0,1215.3,1264.9,1460251,1236.28,1219.8,85,1220.0,2,
2026-04-10T10:10:10.814,NC,COFORGE,1220.0,1271.0,1272.0,1215.3,1264.9,1460252,1236.28,1219.8,41,1220.0,1,
2026-04-10T10:10:11.924,NC,COFORGE,1220.0,1271.0,1272.0,1215.3,1264.9,1460263,1236.28,1219.8,18,1220.0,323,
2026-04-10T10:10:12.914,NC,COFORGE,1220.0,1271.0,1272.0,1215.3,1264.9,1460335,1236.28,1219.8,18,1220.0,252,
2026-04-10T10:10:13.915,NC,COFORGE,1220.0,1271.0,1272.0,1215.3,1264.9,1460359,1236.28,1219.6,81,1220.0,367,
2026-04-10T10:10:14.817,NC,COFORGE,1220.0,1271.0,1272.0,1215.3,1264.9,1460394,1236.28,1219.6,81,1220.0,339,
2026-04-10T10:10:15.821,NC,COFORGE,1220.0,1271.0,1272.0,1215.3,1264.9,1460453,1236.28,1219.7,152,1220.3,140,
2026-04-10T10:10:17.826,NC,COFORGE,1220.0,1271.0,1272.0,1215.3,1264.9,1460505,1236.28,1220.0,11,1220.3,275,
2026-04-10T10:10:18.826,NC,COFORGE,1220.0,1271.0,1272.0,1215.3,1264.9,1460538,1236.28,1220.0,8,1220.2,340,
2026-04-10T10:10:20.732,NC,COFORGE,1220.2,1271.0,1272.0,1215.3,1264.9,1460657,1236.28,1220.0,71,1220.2,355,
2026-04-10T10:10:21.642,NC,COFORGE,1220.2,1271.0,1272.0,1215.3,1264.9,1460670,1236.28,1220.1,4,1220.2,20,
2026-04-10T10:10:22.742,NC,COFORGE,1220.2,1271.0,1272.0,1215.3,1264.9,1460732,1236.28,1220.2,4,1220.3,1,
2026-04-10T10:10:23.738,NC,COFORGE,1220.2,1271.0,1272.0,1215.3,1264.9,1460760,1236.28,1220.2,24,1220.5,676,
2026-04-10T10:10:24.738,NC,COFORGE,1220.5,1271.0,1272.0,1215.3,1264.9,1461090,1236.27,1220.5,466,1220.7,1,
2026-04-10T10:10:25.639,NC,COFORGE,1220.7,1271.0,1272.0,1215.3,1264.9,1461097,1236.27,1220.7,502,1221.0,112,
2026-04-10T10:10:26.642,NC,COFORGE,1221.0,1271.0,1272.0,1215.3,1264.9,1461099,1236.27,1220.9,502,1221.0,84,
2026-04-10T10:10:27.641,NC,COFORGE,1221.2,1271.0,1272.0,1215.3,1264.9,1461675,1236.27,1221.2,421,1221.6,145,
2026-04-10T10:10:28.650,NC,COFORGE,1221.2,1271.0,1272.0,1215.3,1264.9,1461724,1236.27,1221.6,439,1221.8,157,
2026-04-10T10:10:29.666,NC,COFORGE,1221.6,1271.0,1272.0,1215.3,1264.9,1462769,1236.25,1221.1,451,1221.6,4,
2026-04-10T10:10:30.548,NC,COFORGE,1221.1,1271.0,1272.0,1215.3,1264.9,1462776,1236.25,1221.4,527,1221.8,157,
2026-04-10T10:10:31.651,NC,COFORGE,1221.5,1271.0,1272.0,1215.3,1264.9,1462830,1236.25,1221.5,452,1221.8,229,
2026-04-10T10:10:32.559,NC,COFORGE,1221.6,1271.0,1272.0,1215.3,1264.9,1462831,1236.25,1221.6,457,1221.8,229,
2026-04-10T10:10:33.550,NC,COFORGE,1221.8,1271.0,1272.0,1215.3,1264.9,1463156,1236.25,1221.6,382,1221.8,205,
2026-04-10T10:10:34.462,NC,COFORGE,1221.6,1271.0,1272.0,1215.3,1264.9,1463271,1236.25,1221.7,393,1221.8,125,
2026-04-10T10:10:35.457,NC,COFORGE,1221.6,1271.0,1272.0,1215.3,1264.9,1468158,1236.2,1221.5,64,1221.6,33,
2026-04-10T10:10:36.453,NC,COFORGE,1221.6,1271.0,1272.0,1215.3,1264.9,1468363,1236.2,1221.6,394,1222.0,125,
2026-04-10T10:10:37.550,NC,COFORGE,1222.0,1271.0,1272.0,1215.3,1264.9,1468386,1236.2,1221.7,191,1222.0,121,
2026-04-10T10:10:38.452,NC,COFORGE,1221.8,1271.0,1272.0,1215.3,1264.9,1468446,1236.2,1221.9,36,1222.0,111,
2026-04-10T10:10:39.462,NC,COFORGE,1221.9,1271.0,1272.0,1215.3,1264.9,1468451,1236.2,1221.9,31,1222.0,138,
2026-04-10T10:10:40.461,NC,COFORGE,1222.3,1271.0,1272.0,1215.3,1264.9,1468728,1236.2,1222.3,15,1222.4,1,
2026-04-10T10:10:41.553,NC,COFORGE,1222.4,1271.0,1272.0,1215.3,1264.9,1469019,1236.19,1222.0,124,1222.4,62,
2026-04-10T10:10:42.553,NC,COFORGE,1222.0,1271.0,1272.0,1215.3,1264.9,1469085,1236.19,1222.0,92,1222.3,160,
2026-04-10T10:10:44.368,NC,COFORGE,1222.4,1271.0,1272.0,1215.3,1264.9,1469462,1236.19,1222.0,120,1222.4,174,
2026-04-10T10:10:45.364,NC,COFORGE,1222.6,1271.0,1272.0,1215.3,1264.9,1469724,1236.19,1222.0,218,1222.6,86,
2026-04-10T10:10:46.459,NC,COFORGE,1222.6,1271.0,1272.0,1215.3,1264.9,1472294,1236.16,1222.1,85,1222.7,36,
2026-04-10T10:10:47.358,NC,COFORGE,1222.1,1271.0,1272.0,1215.3,1264.9,1472306,1236.16,1222.0,281,1222.3,10,
2026-04-10T10:10:48.460,NC,COFORGE,1222.3,1271.0,1272.0,1215.3,1264.9,1472308,1236.16,1222.0,255,1222.3,8,
2026-04-10T10:10:49.562,NC,COFORGE,1222.0,1271.0,1272.0,1215.3,1264.9,1472631,1236.16,1222.0,59,1222.3,145,
2026-04-10T10:10:50.668,NC,COFORGE,1222.3,1271.0,1272.0,1215.3,1264.9,1472701,1236.16,1222.0,88,1222.3,86,
2026-04-10T10:10:51.774,NC,COFORGE,1222.0,1271.0,1272.0,1215.3,1264.9,1473224,1236.15,1222.0,82,1222.4,76,
2026-04-10T10:10:52.873,NC,COFORGE,1222.0,1271.0,1272.0,1215.3,1264.9,1473789,1236.15,1221.9,47,1222.0,3,
2026-04-10T10:10:53.877,NC,COFORGE,1222.1,1271.0,1272.0,1215.3,1264.9,1473813,1236.15,1222.1,23,1222.3,36,
2026-04-10T10:10:54.993,NC,COFORGE,1222.5,1271.0,1272.0,1215.3,1264.9,1473919,1236.15,1222.1,22,1222.5,100,
2026-04-10T10:10:56.081,NC,COFORGE,1222.1,1271.0,1272.0,1215.3,1264.9,1473927,1236.15,1222.1,36,1222.5,2,
2026-04-10T10:10:57.089,NC,COFORGE,1222.9,1271.0,1272.0,1215.3,1264.9,1475830,1236.13,1222.1,158,1222.8,219,
2026-04-10T10:10:58.187,NC,COFORGE,1222.1,1271.0,1272.0,1215.3,1264.9,1475831,1236.13,1222.1,145,1222.6,50,
2026-04-10T10:10:59.180,NC,COFORGE,1222.4,1271.0,1272.0,1215.3,1264.9,1476287,1236.13,1222.4,60,1223.0,78,
2026-04-10T10:11:00.282,NC,COFORGE,1223.2,1271.0,1272.0,1215.3,1264.9,1476331,1236.13,1222.9,111,1223.5,159,
2026-04-10T10:11:01.381,NC,COFORGE,1222.9,1271.0,1272.0,1215.3,1264.9,1476336,1236.13,1223.0,81,1223.5,27,
2026-04-10T10:11:02.490,NC,COFORGE,1223.0,1271.0,1272.0,1215.3,1264.9,1476454,1236.12,1223.0,127,1223.5,18,
2026-04-10T10:11:03.597,NC,COFORGE,1223.7,1271.0,1272.0,1215.3,1264.9,1477065,1236.12,1223.1,155,1223.8,232,
2026-04-10T10:11:04.705,NC,COFORGE,1223.5,1271.0,1272.0,1215.3,1264.9,1477410,1236.12,1223.2,46,1223.4,24,
2026-04-10T10:11:05.691,NC,COFORGE,1223.8,1271.0,1272.0,1215.3,1264.9,1480421,1236.09,1223.2,261,1223.8,8,
2026-04-10T10:11:06.699,NC,COFORGE,1223.9,1271.0,1272.0,1215.3,1264.9,1480564,1236.09,1223.5,93,1224.0,9,
2026-04-10T10:11:07.799,NC,COFORGE,1223.2,1271.0,1272.0,1215.3,1264.9,1480590,1236.09,1223.2,83,1223.6,206,
2026-04-10T10:11:08.899,NC,COFORGE,1223.6,1271.0,1272.0,1215.3,1264.9,1480694,1236.09,1223.2,46,1223.7,157,
2026-04-10T10:11:09.916,NC,COFORGE,1223.2,1271.0,1272.0,1215.3,1264.9,1480730,1236.09,1223.5,3,1223.7,132,
2026-04-10T10:11:11.000,NC,COFORGE,1223.5,1271.0,1272.0,1215.3,1264.9,1480744,1236.09,1223.5,2,1223.7,148,
2026-04-10T10:11:12.002,NC,COFORGE,1223.5,1271.0,1272.0,1215.3,1264.9,1481258,1236.08,1223.3,32,1223.5,3,
2026-04-10T10:11:13.114,NC,COFORGE,1223.3,1271.0,1272.0,1215.3,1264.9,1481325,1236.08,1223.4,321,1223.9,122,
2026-04-10T10:11:14.108,NC,COFORGE,1223.7,1271.0,1272.0,1215.3,1264.9,1481383,1236.08,1223.5,100,1223.7,91,
2026-04-10T10:11:15.230,NC,COFORGE,1223.7,1271.0,1272.0,1215.3,1264.9,1481730,1236.08,1223.6,223,1224.0,431,
2026-04-10T10:11:16.307,NC,COFORGE,1224.0,1271.0,1272.0,1215.3,1264.9,1482221,1236.08,1224.1,221,1224.5,20,
2026-04-10T10:11:17.311,NC,COFORGE,1223.9,1271.0,1272.0,1215.3,1264.9,1482846,1236.07,1223.9,412,1224.1,4,
2026-04-10T10:11:18.321,NC,COFORGE,1223.8,1271.0,1272.0,1215.3,1264.9,1482983,1236.07,1223.8,519,1224.1,3,
2026-04-10T10:11:19.515,NC,COFORGE,1224.0,1271.0,1272.0,1215.3,1264.9,1483038,1236.07,1224.0,436,1224.1,3,
2026-04-10T10:11:20.610,NC,COFORGE,1224.1,1271.0,1272.0,1215.3,1264.9,1483079,1236.07,1224.1,403,1224.3,35,
2026-04-10T10:11:21.610,NC,COFORGE,1224.2,1271.0,1272.0,1215.3,1264.9,1484018,1236.06,1224.0,138,1224.2,157,
2026-04-10T10:11:22.732,NC,COFORGE,1224.7,1271.0,1272.0,1215.3,1264.9,1484596,1236.06,1224.2,84,1224.5,29,
2026-04-10T10:11:23.636,NC,COFORGE,1224.2,1271.0,1272.0,1215.3,1264.9,1484843,1236.06,1224.1,100,1224.2,192,
2026-04-10T10:11:24.734,NC,COFORGE,1224.1,1271.0,1272.0,1215.3,1264.9,1484860,1236.05,1224.1,458,1224.4,75,
2026-04-10T10:11:25.827,NC,COFORGE,1224.1,1271.0,1272.0,1215.3,1264.9,1484942,1236.05,1224.1,452,1224.7,259,
2026-04-10T10:11:26.933,NC,COFORGE,1224.7,1271.0,1272.0,1215.3,1264.9,1484963,1236.05,1224.4,511,1224.7,98,
2026-04-10T10:11:28.033,NC,COFORGE,1224.4,1271.0,1272.0,1215.3,1264.9,1485694,1236.05,1224.4,422,1224.7,140,
2026-04-10T10:11:29.038,NC,COFORGE,1224.2,1271.0,1272.0,1215.3,1264.9,1485757,1236.05,1224.2,469,1224.6,450,
2026-04-10T10:11:29.954,NC,COFORGE,1224.3,1271.0,1272.0,1215.3,1264.9,1486190,1236.04,1224.3,477,1224.7,215,
2026-04-10T10:11:30.938,NC,COFORGE,1224.2,1271.0,1272.0,1215.3,1264.9,1486212,1236.04,1224.2,469,1224.6,120,
2026-04-10T10:11:31.973,NC,COFORGE,1224.2,1271.0,1272.0,1215.3,1264.9,1486245,1236.04,1224.2,534,1224.6,90,
2026-04-10T10:11:33.045,NC,COFORGE,1224.2,1271.0,1272.0,1215.3,1264.9,1486268,1236.04,1224.2,446,1224.6,87,
2026-04-10T10:11:34.147,NC,COFORGE,1224.2,1271.0,1272.0,1215.3,1264.9,1486335,1236.04,1224.2,412,1224.6,311,
2026-04-10T10:11:35.253,NC,COFORGE,1224.3,1271.0,1272.0,1215.3,1264.9,1486446,1236.04,1224.3,412,1224.6,81,
2026-04-10T10:11:36.346,NC,COFORGE,1224.2,1271.0,1272.0,1215.3,1264.9,1486482,1236.04,1224.2,525,1224.6,67,
2026-04-10T10:11:37.449,NC,COFORGE,1224.3,1271.0,1272.0,1215.3,1264.9,1488892,1236.02,1224.3,609,1224.4,50,
2026-04-10T10:11:38.451,NC,COFORGE,1224.3,1271.0,1272.0,1215.3,1264.9,1489151,1236.02,1224.3,457,1224.5,94,
2026-04-10T10:11:39.563,NC,COFORGE,1224.3,1271.0,1272.0,1215.3,1264.9,1489166,1236.02,1224.3,483,1224.6,201,
2026-04-10T10:11:40.656,NC,COFORGE,1224.6,1271.0,1272.0,1215.3,1264.9,1489358,1236.02,1224.4,599,1224.6,47,
2026-04-10T10:11:41.756,NC,COFORGE,1224.6,1271.0,1272.0,1215.3,1264.9,1489368,1236.02,1224.4,539,1224.6,42,
2026-04-10T10:11:42.762,NC,COFORGE,1224.6,1271.0,1272.0,1215.3,1264.9,1489398,1236.02,1224.4,570,1224.6,13,
2026-04-10T10:11:43.858,NC,COFORGE,1224.4,1271.0,1272.0,1215.3,1264.9,1489400,1236.02,1224.4,568,1224.6,13,
2026-04-10T10:11:45.062,NC,COFORGE,1224.6,1271.0,1272.0,1215.3,1264.9,1489401,1236.02,1224.5,426,1224.6,12,
2026-04-10T10:11:46.161,NC,COFORGE,1225.0,1271.0,1272.0,1215.3,1264.9,1491528,1236.0,1225.0,132,1225.3,10,
2026-04-10T10:11:47.264,NC,COFORGE,1225.5,1271.0,1272.0,1215.3,1264.9,1491810,1236.0,1225.5,82,1225.9,656,
2026-04-10T10:11:48.264,NC,COFORGE,1225.5,1271.0,1272.0,1215.3,1264.9,1491849,1236.0,1225.5,172,1225.9,626,
2026-04-10T10:11:49.373,NC,COFORGE,1225.9,1271.0,1272.0,1215.3,1264.9,1492262,1236.0,1225.5,96,1225.9,246,
2026-04-10T10:11:50.471,NC,COFORGE,1225.6,1271.0,1272.0,1215.3,1264.9,1492415,1236.0,1225.6,103,1225.7,3,
2026-04-10T10:11:51.572,NC,COFORGE,1225.6,1271.0,1272.0,1215.3,1264.9,1492470,1236.0,1225.6,71,1225.9,188,
2026-04-10T10:11:52.676,NC,COFORGE,1226.0,1271.0,1272.0,1215.3,1264.9,1493137,1235.99,1225.9,7,1226.0,986,
2026-04-10T10:11:53.781,NC,COFORGE,1225.7,1271.0,1272.0,1215.3,1264.9,1493527,1235.99,1225.1,59,1225.7,156,
2026-04-10T10:11:54.898,NC,COFORGE,1225.1,1271.0,1272.0,1215.3,1264.9,1493593,1235.99,1225.1,75,1225.6,250,
2026-04-10T10:11:55.978,NC,COFORGE,1225.2,1271.0,1272.0,1215.3,1264.9,1493638,1235.99,1225.2,373,1225.6,84,
2026-04-10T10:11:57.079,NC,COFORGE,1225.2,1271.0,1272.0,1215.3,1264.9,1493800,1235.99,1225.2,339,1225.6,75,
2026-04-10T10:11:58.188,NC,COFORGE,1225.1,1271.0,1272.0,1215.3,1264.9,1495192,1235.98,1225.1,167,1225.6,88,
2026-04-10T10:11:59.293,NC,COFORGE,1225.2,1271.0,1272.0,1215.3,1264.9,1495413,1235.98,1225.2,5,1225.6,80,
2026-04-10T10:12:00.279,NC,COFORGE,1225.2,1271.0,1272.0,1215.3,1264.9,1495514,1235.98,1225.0,405,1225.2,144,
2026-04-10T10:12:01.380,NC,COFORGE,1225.0,1271.0,1272.0,1215.3,1264.9,1497134,1235.97,1225.0,426,1225.4,22,
2026-04-10T10:12:02.484,NC,COFORGE,1225.4,1271.0,1272.0,1215.3,1264.9,1498178,1235.96,1225.2,68,1225.4,9,
2026-04-10T10:12:04.690,NC,COFORGE,1225.1,1271.0,1272.0,1215.3,1264.9,1498288,1235.96,1225.2,24,1225.6,198,
2026-04-10T10:12:05.795,NC,COFORGE,1225.2,1271.0,1272.0,1215.3,1264.9,1498294,1235.96,1225.2,23,1225.5,388,
2026-04-10T10:12:06.895,NC,COFORGE,1225.2,1271.0,1272.0,1215.3,1264.9,1498305,1235.96,1225.2,22,1225.5,378,
2026-04-10T10:12:07.998,NC,COFORGE,1225.4,1271.0,1272.0,1215.3,1264.9,1498586,1235.96,1225.1,42,1225.4,118,
2026-04-10T10:12:09.114,NC,COFORGE,1225.7,1271.0,1272.0,1215.3,1264.9,1498624,1235.95,1225.4,39,1225.7,111,
2026-04-10T10:12:10.208,NC,COFORGE,1225.2,1271.0,1272.0,1215.3,1264.9,1499266,1235.95,1225.2,273,1225.7,27,
2026-04-10T10:12:11.324,NC,COFORGE,1225.5,1271.0,1272.0,1215.3,1264.9,1499316,1235.95,1225.4,35,1225.5,273,
2026-04-10T10:12:12.321,NC,COFORGE,1225.5,1271.0,1272.0,1215.3,1264.9,1499325,1235.95,1225.4,66,1225.5,284,
2026-04-10T10:12:13.424,NC,COFORGE,1225.5,1271.0,1272.0,1215.3,1264.9,1499609,1235.95,1225.5,263,1225.9,52,
2026-04-10T10:12:14.515,NC,COFORGE,1225.5,1271.0,1272.0,1215.3,1264.9,1499634,1235.95,1225.5,239,1225.9,52,
2026-04-10T10:12:15.618,NC,COFORGE,1225.5,1271.0,1272.0,1215.3,1264.9,1499739,1235.95,1225.5,227,1225.9,47,
2026-04-10T10:12:16.720,NC,COFORGE,1225.5,1271.0,1272.0,1215.3,1264.9,1499747,1235.95,1225.5,209,1225.9,47,
2026-04-10T10:12:17.815,NC,COFORGE,1225.9,1271.0,1272.0,1215.3,1264.9,1499777,1235.95,1225.5,196,1225.9,45,
2026-04-10T10:12:18.922,NC,COFORGE,1225.7,1271.0,1272.0,1215.3,1264.9,1499804,1235.95,1225.7,173,1225.9,72,
2026-04-10T10:12:20.032,NC,COFORGE,1225.7,1271.0,1272.0,1215.3,1264.9,1499913,1235.95,1225.7,227,1226.0,206,
2026-04-10T10:12:21.134,NC,COFORGE,1226.0,1271.0,1272.0,1215.3,1264.9,1499994,1235.95,1225.7,220,1226.0,367,
2026-04-10T10:12:22.224,NC,COFORGE,1225.9,1271.0,1272.0,1215.3,1264.9,1500007,1235.95,1225.7,215,1226.0,130,
2026-04-10T10:12:23.327,NC,COFORGE,1225.7,1271.0,1272.0,1215.3,1264.9,1500264,1235.94,1225.7,171,1226.0,96,
2026-04-10T10:12:24.325,NC,COFORGE,1226.2,1271.0,1272.0,1215.3,1264.9,1500582,1235.94,1226.0,30,1226.2,188,
2026-04-10T10:12:25.423,NC,COFORGE,1226.0,1271.0,1272.0,1215.3,1264.9,1500693,1235.94,1226.0,138,1226.3,162,
2026-04-10T10:12:26.427,NC,COFORGE,1226.2,1271.0,1272.0,1215.3,1264.9,1500701,1235.94,1226.0,182,1226.2,33,
2026-04-10T10:12:27.526,NC,COFORGE,1226.0,1271.0,1272.0,1215.3,1264.9,1500893,1235.94,1225.7,147,1226.0,85,
2026-04-10T10:12:28.628,NC,COFORGE,1225.6,1271.0,1272.0,1215.3,1264.9,1501085,1235.94,1225.5,121,1225.7,262,
2026-04-10T10:12:29.831,NC,COFORGE,1225.3,1271.0,1272.0,1215.3,1264.9,1502251,1235.93,1225.0,1192,1225.3,126,
2026-04-10T10:12:30.833,NC,COFORGE,1225.0,1271.0,1272.0,1215.3,1264.9,1502308,1235.93,1225.0,2232,1225.3,43,
2026-04-10T10:12:31.934,NC,COFORGE,1225.3,1271.0,1272.0,1215.3,1264.9,1502334,1235.93,1225.0,2327,1225.3,99,
2026-04-10T10:12:33.037,NC,COFORGE,1225.0,1271.0,1272.0,1215.3,1264.9,1502389,1235.93,1225.0,2322,1225.3,78,
2026-04-10T10:12:34.136,NC,COFORGE,1225.0,1271.0,1272.0,1215.3,1264.9,1502395,1235.93,1225.0,2316,1225.3,78,
2026-04-10T10:12:36.335,NC,COFORGE,1224.8,1271.0,1272.0,1215.3,1264.9,1507287,1235.89,1224.8,200,1225.0,2752,
2026-04-10T10:12:37.335,NC,COFORGE,1223.1,1271.0,1272.0,1215.3,1264.9,1513011,1235.85,1223.0,84,1223.2,44,
2026-04-10T10:12:38.344,NC,COFORGE,1222.9,1271.0,1272.0,1215.3,1264.9,1513113,1235.85,1222.9,5,1223.0,31,
2026-04-10T10:12:39.349,NC,COFORGE,1222.9,1271.0,1272.0,1215.3,1264.9,1513157,1235.85,1222.9,5,1223.0,28,
2026-04-10T10:12:40.339,NC,COFORGE,1223.0,1271.0,1272.0,1215.3,1264.9,1513161,1235.85,1222.9,3,1223.0,46,
2026-04-10T10:12:42.347,NC,COFORGE,1222.7,1271.0,1272.0,1215.3,1264.9,1513223,1235.85,1222.7,67,1222.9,15,
2026-04-10T10:12:43.340,NC,COFORGE,1222.6,1271.0,1272.0,1215.3,1264.9,1513330,1235.85,1222.6,71,1222.7,8,
2026-04-10T10:12:44.351,NC,COFORGE,1222.6,1271.0,1272.0,1215.3,1264.9,1513349,1235.85,1222.6,64,1222.7,39,
2026-04-10T10:12:45.347,NC,COFORGE,1222.9,1271.0,1272.0,1215.3,1264.9,1513510,1235.84,1222.7,154,1222.9,12,
2026-04-10T10:12:46.544,NC,COFORGE,1222.9,1271.0,1272.0,1215.3,1264.9,1513534,1235.84,1222.6,96,1222.7,11,
2026-04-10T10:12:47.646,NC,COFORGE,1222.6,1271.0,1272.0,1215.3,1264.9,1513699,1235.84,1222.6,91,1222.7,20,
2026-04-10T10:12:48.551,NC,COFORGE,1222.6,1271.0,1272.0,1215.3,1264.9,1513711,1235.84,1222.6,80,1222.7,47,
2026-04-10T10:12:49.650,NC,COFORGE,1222.6,1271.0,1272.0,1215.3,1264.9,1513713,1235.84,1222.6,97,1222.7,54,
2026-04-10T10:12:50.851,NC,COFORGE,1223.0,1271.0,1272.0,1215.3,1264.9,1513975,1235.84,1222.6,207,1223.0,24,
2026-04-10T10:12:51.859,NC,COFORGE,1223.0,1271.0,1272.0,1215.3,1264.9,1514271,1235.84,1222.6,16,1223.0,82,
2026-04-10T10:12:52.954,NC,COFORGE,1222.5,1271.0,1272.0,1215.3,1264.9,1514462,1235.84,1222.5,102,1223.0,83,
2026-04-10T10:12:53.954,NC,COFORGE,1223.2,1271.0,1272.0,1215.3,1264.9,1514551,1235.83,1222.6,160,1223.2,107,
2026-04-10T10:12:55.054,NC,COFORGE,1222.6,1271.0,1272.0,1215.3,1264.9,1514563,1235.83,1222.6,149,1223.2,134,
2026-04-10T10:12:56.158,NC,COFORGE,1223.0,1271.0,1272.0,1215.3,1264.9,1514715,1235.83,1222.6,65,1222.9,83,
2026-04-10T10:12:57.261,NC,COFORGE,1222.6,1271.0,1272.0,1215.3,1264.9,1514748,1235.83,1222.9,8,1223.0,305,
2026-04-10T10:12:58.297,NC,COFORGE,1222.6,1271.0,1272.0,1215.3,1264.9,1514789,1235.83,1222.6,1,1222.7,284,
2026-04-10T10:12:59.396,NC,COFORGE,1222.5,1271.0,1272.0,1215.3,1264.9,1514955,1235.83,1222.3,14,1222.5,98,
2026-04-10T10:13:00.397,NC,COFORGE,1222.1,1271.0,1272.0,1215.3,1264.9,1515072,1235.83,1222.1,303,1222.5,42,
2026-04-10T10:13:01.400,NC,COFORGE,1222.0,1271.0,1272.0,1215.3,1264.9,1515102,1235.83,1222.0,236,1222.5,130,
2026-04-10T10:13:02.499,NC,COFORGE,1222.6,1271.0,1272.0,1215.3,1264.9,1515168,1235.83,1222.2,429,1222.8,1,
2026-04-10T10:13:03.518,NC,COFORGE,1222.4,1271.0,1272.0,1215.3,1264.9,1515239,1235.83,1222.4,218,1223.0,14,
2026-04-10T10:13:04.518,NC,COFORGE,1222.9,1271.0,1272.0,1215.3,1264.9,1515264,1235.83,1222.4,345,1223.0,184,
2026-04-10T10:13:05.523,NC,COFORGE,1222.4,1271.0,1272.0,1215.3,1264.9,1515268,1235.83,1222.4,50,1222.8,78,
2026-04-10T10:13:06.536,NC,COFORGE,1222.6,1271.0,1272.0,1215.3,1264.9,1515511,1235.83,1222.7,88,1223.0,42,
2026-04-10T10:13:07.536,NC,COFORGE,1223.0,1271.0,1272.0,1215.3,1264.9,1515572,1235.83,1223.0,24,1223.3,73,
2026-04-10T10:13:08.523,NC,COFORGE,1223.0,1271.0,1272.0,1215.3,1264.9,1515740,1235.82,1223.0,69,1223.5,30,
2026-04-10T10:13:09.537,NC,COFORGE,1223.0,1271.0,1272.0,1215.3,1264.9,1515751,1235.82,1223.0,116,1223.6,77,
2026-04-10T10:13:10.542,NC,COFORGE,1223.9,1271.0,1272.0,1215.3,1264.9,1515928,1235.82,1223.9,24,1224.1,69,
2026-04-10T10:13:11.530,NC,COFORGE,1223.9,1271.0,1272.0,1215.3,1264.9,1515966,1235.82,1223.9,22,1224.2,315,
2026-04-10T10:13:12.533,NC,COFORGE,1224.5,1271.0,1272.0,1215.3,1264.9,1516030,1235.82,1224.5,125,1225.0,2952,
2026-04-10T10:13:13.642,NC,COFORGE,1224.8,1271.0,1272.0,1215.3,1264.9,1516116,1235.82,1224.5,26,1224.8,138,
2026-04-10T10:13:14.636,NC,COFORGE,1224.3,1271.0,1272.0,1215.3,1264.9,1516130,1235.82,1224.3,236,1224.8,137,
2026-04-10T10:13:16.841,NC,COFORGE,1224.8,1271.0,1272.0,1215.3,1264.9,1516508,1235.82,1224.8,151,1225.0,120,
2026-04-10T10:13:17.952,NC,COFORGE,1225.2,1271.0,1272.0,1215.3,1264.9,1516674,1235.82,1225.2,44,1225.7,175,
2026-04-10T10:13:19.036,NC,COFORGE,1225.1,1271.0,1272.0,1215.3,1264.9,1516721,1235.82,1225.1,119,1225.7,175,
2026-04-10T10:13:20.151,NC,COFORGE,1225.7,1271.0,1272.0,1215.3,1264.9,1516775,1235.82,1225.2,85,1225.7,76,
2026-04-10T10:13:21.242,NC,COFORGE,1225.1,1271.0,1272.0,1215.3,1264.9,1516931,1235.82,1225.1,24,1225.2,110,
2026-04-10T10:13:22.351,NC,COFORGE,1224.8,1271.0,1272.0,1215.3,1264.9,1517447,1235.81,1224.8,526,1225.5,263,
2026-04-10T10:13:23.441,NC,COFORGE,1225.9,1271.0,1272.0,1215.3,1264.9,1517583,1235.81,1225.5,152,1225.9,199,
2026-04-10T10:13:24.544,NC,COFORGE,1225.5,1271.0,1272.0,1215.3,1264.9,1517593,1235.81,1225.6,35,1225.9,227,
2026-04-10T10:13:25.648,NC,COFORGE,1225.9,1271.0,1272.0,1215.3,1264.9,1517604,1235.81,1225.6,141,1225.9,216,
2026-04-10T10:13:26.549,NC,COFORGE,1225.6,1271.0,1272.0,1215.3,1264.9,1517605,1235.81,1225.5,34,1225.9,216,
2026-04-10T10:13:27.544,NC,COFORGE,1225.5,1271.0,1272.0,1215.3,1264.9,1517714,1235.81,1225.5,370,1225.9,140,
2026-04-10T10:13:28.652,NC,COFORGE,1225.9,1271.0,1272.0,1215.3,1264.9,1517739,1235.81,1225.5,360,1225.9,125,
2026-04-10T10:13:29.744,NC,COFORGE,1225.5,1271.0,1272.0,1215.3,1264.9,1517745,1235.81,1225.5,27,1225.9,120,
2026-04-10T10:13:30.845,NC,COFORGE,1225.9,1271.0,1272.0,1215.3,1264.9,1517782,1235.81,1225.6,20,1225.9,85,
2026-04-10T10:13:31.848,NC,COFORGE,1225.5,1271.0,1272.0,1215.3,1264.9,1518379,1235.81,1225.4,162,1225.5,38,
2026-04-10T10:13:33.045,NC,COFORGE,1225.9,1271.0,1272.0,1215.3,1264.9,1518497,1235.8,1225.4,77,1225.9,47,
2026-04-10T10:13:34.150,NC,COFORGE,1225.9,1271.0,1272.0,1215.3,1264.9,1518522,1235.8,1225.5,198,1225.9,60,
2026-04-10T10:13:35.155,NC,COFORGE,1225.5,1271.0,1272.0,1215.3,1264.9,1518538,1235.8,1225.5,227,1225.9,47,
2026-04-10T10:13:36.358,NC,COFORGE,1225.9,1271.0,1272.0,1215.3,1264.9,1518540,1235.8,1225.7,196,1225.9,46,
2026-04-10T10:13:37.456,NC,COFORGE,1225.9,1271.0,1272.0,1215.3,1264.9,1518640,1235.8,1225.9,24,1226.0,736,
2026-04-10T10:13:38.499,NC,COFORGE,1226.0,1271.0,1272.0,1215.3,1264.9,1518787,1235.8,1225.9,16,1226.0,716,
2026-04-10T10:13:39.582,NC,COFORGE,1225.6,1271.0,1272.0,1215.3,1264.9,1518990,1235.8,1225.6,230,1225.9,260,
2026-04-10T10:13:40.675,NC,COFORGE,1225.6,1271.0,1272.0,1215.3,1264.9,1519015,1235.8,1225.6,214,1226.0,691,
2026-04-10T10:13:41.868,NC,COFORGE,1225.6,1271.0,1272.0,1215.3,1264.9,1519022,1235.8,1225.6,207,1226.0,858,
2026-04-10T10:13:42.967,NC,COFORGE,1225.6,1271.0,1272.0,1215.3,1264.9,1519085,1235.8,1225.6,149,1225.9,210,
2026-04-10T10:13:43.979,NC,COFORGE,1225.4,1271.0,1272.0,1215.3,1264.9,1519336,1235.8,1225.0,160,1225.3,90,
2026-04-10T10:13:44.977,NC,COFORGE,1225.0,1271.0,1272.0,1215.3,1264.9,1519425,1235.8,1225.0,178,1225.4,203,
2026-04-10T10:13:45.984,NC,COFORGE,1225.0,1271.0,1272.0,1215.3,1264.9,1519459,1235.8,1225.0,319,1225.3,120,
2026-04-10T10:13:47.093,NC,COFORGE,1225.0,1271.0,1272.0,1215.3,1264.9,1519483,1235.8,1225.0,437,1225.3,94,
2026-04-10T10:13:48.094,NC,COFORGE,1225.0,1271.0,1272.0,1215.3,1264.9,1519520,1235.8,1225.0,445,1225.3,60,
2026-04-10T10:13:49.095,NC,COFORGE,1225.0,1271.0,1272.0,1215.3,1264.9,1519521,1235.8,1225.0,444,1225.3,96,
2026-04-10T10:13:50.005,NC,COFORGE,1225.3,1271.0,1272.0,1215.3,1264.9,1519527,1235.8,1225.0,588,1225.3,81,
2026-04-10T10:13:52.199,NC,COFORGE,1225.0,1271.0,1272.0,1215.3,1264.9,1519552,1235.8,1225.0,634,1225.3,22,
2026-04-10T10:13:53.202,NC,COFORGE,1225.3,1271.0,1272.0,1215.3,1264.9,1519596,1235.8,1225.3,9,1225.4,86,
2026-04-10T10:13:54.300,NC,COFORGE,1225.3,1271.0,1272.0,1215.3,1264.9,1519599,1235.8,1225.3,6,1225.4,102,
2026-04-10T10:13:55.298,NC,COFORGE,1225.4,1271.0,1272.0,1215.3,1264.9,1519601,1235.8,1225.3,6,1225.4,101,
2026-04-10T10:13:56.202,NC,COFORGE,1225.4,1271.0,1272.0,1215.3,1264.9,1519816,1235.8,1225.3,1,1225.4,204,
2026-04-10T10:13:57.201,NC,COFORGE,1225.0,1271.0,1272.0,1215.3,1264.9,1519866,1235.8,1225.0,579,1225.1,1,
2026-04-10T10:13:58.207,NC,COFORGE,1225.3,1271.0,1272.0,1215.3,1264.9,1519888,1235.8,1225.3,31,1225.4,160,
2026-04-10T10:13:59.205,NC,COFORGE,1225.3,1271.0,1272.0,1215.3,1264.9,1519987,1235.79,1225.0,673,1225.3,5,
2026-04-10T10:14:00.205,NC,COFORGE,1225.4,1271.0,1272.0,1215.3,1264.9,1520010,1235.79,1225.3,5,1225.4,494,
2026-04-10T10:14:01.207,NC,COFORGE,1225.4,1271.0,1272.0,1215.3,1264.9,1520507,1235.79,1225.3,78,1225.5,10,
2026-04-10T10:14:02.311,NC,COFORGE,1225.2,1271.0,1272.0,1215.3,1264.9,1520560,1235.79,1225.2,179,1225.3,4,
2026-04-10T10:14:03.327,NC,COFORGE,1225.3,1271.0,1272.0,1215.3,1264.9,1520570,1235.79,1225.3,42,1225.5,10,
2026-04-10T10:14:04.327,NC,COFORGE,1225.5,1271.0,1272.0,1215.3,1264.9,1520573,1235.79,1225.3,42,1225.5,14,
2026-04-10T10:14:05.317,NC,COFORGE,1225.5,1271.0,1272.0,1215.3,1264.9,1520574,1235.79,1225.3,91,1225.5,13,
2026-04-10T10:14:06.329,NC,COFORGE,1225.5,1271.0,1272.0,1215.3,1264.9,1520576,1235.79,1225.3,91,1225.5,11,
2026-04-10T10:14:07.321,NC,COFORGE,1225.3,1271.0,1272.0,1215.3,1264.9,1520586,1235.79,1225.3,90,1225.5,6,
2026-04-10T10:14:08.335,NC,COFORGE,1225.5,1271.0,1272.0,1215.3,1264.9,1520597,1235.79,1225.5,13,1225.6,10,
2026-04-10T10:14:09.331,NC,COFORGE,1225.5,1271.0,1272.0,1215.3,1264.9,1520598,1235.79,1225.5,12,1225.6,17,
2026-04-10T10:14:10.336,NC,COFORGE,1225.6,1271.0,1272.0,1215.3,1264.9,1520603,1235.79,1225.5,12,1225.6,12,
2026-04-10T10:14:11.443,NC,COFORGE,1225.6,1271.0,1272.0,1215.3,1264.9,1520632,1235.79,1225.6,17,1225.8,296,
2026-04-10T10:14:12.536,NC,COFORGE,1225.6,1271.0,1272.0,1215.3,1264.9,1520697,1235.79,1225.6,19,1225.8,155,
2026-04-10T10:14:13.645,NC,COFORGE,1225.8,1271.0,1272.0,1215.3,1264.9,1520847,1235.79,1225.6,58,1225.8,35,
2026-04-10T10:14:14.730,NC,COFORGE,1225.6,1271.0,1272.0,1215.3,1264.9,1520935,1235.79,1225.5,336,1225.6,133,
2026-04-10T10:14:15.633,NC,COFORGE,1225.5,1271.0,1272.0,1215.3,1264.9,1520939,1235.79,1225.5,332,1225.6,160,
2026-04-10T10:14:16.731,NC,COFORGE,1226.8,1271.0,1272.0,1215.3,1264.9,1523860,1235.77,1226.9,83,1227.0,154,
2026-04-10T10:14:17.833,NC,COFORGE,1226.7,1271.0,1272.0,1215.3,1264.9,1524553,1235.77,1226.8,80,1227.4,140,
2026-04-10T10:14:18.933,NC,COFORGE,1226.9,1271.0,1272.0,1215.3,1264.9,1525206,1235.76,1227.2,155,1227.7,4,
2026-04-10T10:14:20.033,NC,COFORGE,1227.9,1271.0,1272.0,1215.3,1264.9,1525359,1235.76,1227.3,315,1227.9,78,
2026-04-10T10:14:21.146,NC,COFORGE,1227.7,1271.0,1272.0,1215.3,1264.9,1525790,1235.76,1227.3,211,1227.8,9,
2026-04-10T10:14:22.250,NC,COFORGE,1227.7,1271.0,1272.0,1215.3,1264.9,1526450,1235.76,1227.7,207,1228.0,342,
2026-04-10T10:14:23.368,NC,COFORGE,1227.9,1271.0,1272.0,1215.3,1264.9,1526795,1235.75,1227.8,207,1228.0,71,
2026-04-10T10:14:24.446,NC,COFORGE,1228.0,1271.0,1272.0,1215.3,1264.9,1526822,1235.75,1227.8,136,1228.0,90,
2026-04-10T10:14:25.552,NC,COFORGE,1228.4,1271.0,1272.0,1215.3,1264.9,1530061,1235.74,1227.8,128,1228.4,48,
2026-04-10T10:14:26.658,NC,COFORGE,1227.8,1271.0,1272.0,1215.3,1264.9,1530751,1235.74,1227.8,76,1228.0,20,
2026-04-10T10:14:27.759,NC,COFORGE,1228.0,1271.0,1272.0,1215.3,1264.9,1530928,1235.73,1227.8,18,1228.0,1,
2026-04-10T10:14:29.166,NC,COFORGE,1227.8,1271.0,1272.0,1215.3,1264.9,1530971,1235.73,1227.7,10,1227.8,1,
2026-04-10T10:14:30.261,NC,COFORGE,1228.2,1271.0,1272.0,1215.3,1264.9,1532080,1235.73,1227.7,57,1228.3,134,
2026-04-10T10:14:31.380,NC,COFORGE,1227.7,1271.0,1272.0,1215.3,1264.9,1532239,1235.73,1227.6,63,1227.7,119,
2026-04-10T10:14:32.465,NC,COFORGE,1227.6,1271.0,1272.0,1215.3,1264.9,1532255,1235.73,1227.5,196,1227.7,108,
2026-04-10T10:14:33.564,NC,COFORGE,1227.5,1271.0,1272.0,1215.3,1264.9,1532316,1235.73,1227.5,169,1227.7,53,
2026-04-10T10:14:34.465,NC,COFORGE,1227.5,1271.0,1272.0,1215.3,1264.9,1532317,1235.73,1227.5,192,1227.7,82,
2026-04-10T10:14:35.570,NC,COFORGE,1227.5,1271.0,1272.0,1215.3,1264.9,1532494,1235.73,1227.5,36,1227.7,71,
2026-04-10T10:14:36.670,NC,COFORGE,1227.5,1271.0,1272.0,1215.3,1264.9,1532716,1235.73,1227.5,2,1227.9,208,
2026-04-10T10:14:37.774,NC,COFORGE,1227.1,1271.0,1272.0,1215.3,1264.9,1533275,1235.72,1227.1,19,1227.4,103,
2026-04-10T10:14:38.872,NC,COFORGE,1227.4,1271.0,1272.0,1215.3,1264.9,1533307,1235.72,1227.1,8,1227.4,95,
2026-04-10T10:14:39.972,NC,COFORGE,1227.0,1271.0,1272.0,1215.3,1264.9,1533364,1235.72,1227.0,176,1227.3,227,
2026-04-10T10:14:40.875,NC,COFORGE,1227.0,1271.0,1272.0,1215.3,1264.9,1533378,1235.72,1227.0,274,1227.3,276,
2026-04-10T10:14:41.877,NC,COFORGE,1227.0,1271.0,1272.0,1215.3,1264.9,1533432,1235.72,1227.0,270,1227.1,1,
2026-04-10T10:14:42.880,NC,COFORGE,1227.4,1271.0,1272.0,1215.3,1264.9,1534307,1235.72,1227.0,283,1227.5,237,
2026-04-10T10:14:43.882,NC,COFORGE,1227.1,1271.0,1272.0,1215.3,1264.9,1534402,1235.72,1227.1,34,1227.6,125,
2026-04-10T10:14:44.989,NC,COFORGE,1227.1,1271.0,1272.0,1215.3,1264.9,1534404,1235.72,1227.1,32,1227.5,60,
2026-04-10T10:14:46.088,NC,COFORGE,1227.0,1271.0,1272.0,1215.3,1264.9,1534586,1235.72,1227.1,18,1227.5,65,
2026-04-10T10:14:47.005,NC,COFORGE,1227.1,1271.0,1272.0,1215.3,1264.9,1534595,1235.72,1227.1,9,1227.5,253,
2026-04-10T10:14:48.098,NC,COFORGE,1227.0,1271.0,1272.0,1215.3,1264.9,1534674,1235.72,1227.1,5,1227.4,229,
2026-04-10T10:14:49.215,NC,COFORGE,1227.4,1271.0,1272.0,1215.3,1264.9,1534733,1235.71,1227.0,102,1227.4,108,
2026-04-10T10:14:50.357,NC,COFORGE,1227.0,1271.0,1272.0,1215.3,1264.9,1534753,1235.71,1227.0,119,1227.4,120,
2026-04-10T10:14:52.564,NC,COFORGE,1227.4,1271.0,1272.0,1215.3,1264.9,1534782,1235.71,1227.4,24,1227.6,120,
2026-04-10T10:14:53.561,NC,COFORGE,1227.4,1271.0,1272.0,1215.3,1264.9,1534837,1235.71,1227.4,24,1227.7,89,
2026-04-10T10:14:54.665,NC,COFORGE,1227.4,1271.0,1272.0,1215.3,1264.9,1534867,1235.71,1227.4,24,1227.7,260,
2026-04-10T10:14:55.765,NC,COFORGE,1227.1,1271.0,1272.0,1215.3,1264.9,1535031,1235.71,1227.0,137,1227.1,2,
2026-04-10T10:14:56.885,NC,COFORGE,1227.2,1271.0,1272.0,1215.3,1264.9,1535040,1235.71,1227.0,134,1227.1,1,
2026-04-10T10:14:57.985,NC,COFORGE,1227.5,1271.0,1272.0,1215.3,1264.9,1535338,1235.71,1227.1,128,1227.5,80,
2026-04-10T10:14:59.079,NC,COFORGE,1227.3,1271.0,1272.0,1215.3,1264.9,1535473,1235.71,1227.0,171,1227.3,20,
2026-04-10T10:15:00.205,NC,COFORGE,1227.0,1271.0,1272.0,1215.3,1264.9,1535486,1235.71,1227.2,67,1227.3,34,
2026-04-10T10:15:01.274,NC,COFORGE,1227.1,1271.0,1272.0,1215.3,1264.9,1536417,1235.71,1227.1,196,1227.5,80,
2026-04-10T10:15:02.281,NC,COFORGE,1227.2,1271.0,1272.0,1215.3,1264.9,1536438,1235.71,1227.2,190,1227.5,80,
2026-04-10T10:15:03.272,NC,COFORGE,1227.5,1271.0,1272.0,1215.3,1264.9,1536445,1235.71,1227.4,3,1227.5,75,
2026-04-10T10:15:04.375,NC,COFORGE,1227.3,1271.0,1272.0,1215.3,1264.9,1536534,1235.7,1227.1,5,1227.3,138,
2026-04-10T10:15:05.479,NC,COFORGE,1227.1,1271.0,1272.0,1215.3,1264.9,1536537,1235.7,1227.1,26,1227.3,165,
2026-04-10T10:15:06.579,NC,COFORGE,1227.1,1271.0,1272.0,1215.3,1264.9,1536548,1235.7,1227.1,15,1227.3,165,
2026-04-10T10:15:07.687,NC,COFORGE,1227.6,1271.0,1272.0,1215.3,1264.9,1536979,1235.7,1227.6,45,1228.0,65,
2026-04-10T10:15:08.781,NC,COFORGE,1228.0,1271.0,1272.0,1215.3,1264.9,1537063,1235.7,1227.4,44,1228.0,94,
2026-04-10T10:15:09.883,NC,COFORGE,1227.4,1271.0,1272.0,1215.3,1264.9,1537071,1235.7,1227.4,4,1227.7,45,
2026-04-10T10:15:11.004,NC,COFORGE,1227.4,1271.0,1272.0,1215.3,1264.9,1537103,1235.7,1227.4,20,1227.7,88,
2026-04-10T10:15:12.084,NC,COFORGE,1227.4,1271.0,1272.0,1215.3,1264.9,1537104,1235.7,1227.5,1,1227.7,194,
2026-04-10T10:15:13.182,NC,COFORGE,1226.8,1271.0,1272.0,1215.3,1264.9,1537314,1235.7,1226.7,38,1226.9,84,
2026-04-10T10:15:14.284,NC,COFORGE,1226.7,1271.0,1272.0,1215.3,1264.9,1537523,1235.7,1226.4,11,1226.7,91,
2026-04-10T10:15:15.388,NC,COFORGE,1226.6,1271.0,1272.0,1215.3,1264.9,1538734,1235.69,1226.6,2,1227.0,53,
2026-04-10T10:15:16.488,NC,COFORGE,1226.4,1271.0,1272.0,1215.3,1264.9,1538750,1235.69,1226.4,134,1226.6,2,
2026-04-10T10:15:18.705,NC,COFORGE,1226.5,1271.0,1272.0,1215.3,1264.9,1540378,1235.68,1226.5,34,1226.6,3,
2026-04-10T10:15:19.794,NC,COFORGE,1226.6,1271.0,1272.0,1215.3,1264.9,1540472,1235.68,1226.7,358,1227.1,1,
2026-04-10T10:15:20.893,NC,COFORGE,1226.7,1271.0,1272.0,1215.3,1264.9,1540476,1235.68,1226.7,387,1227.1,1,
2026-04-10T10:15:21.896,NC,COFORGE,1226.8,1271.0,1272.0,1215.3,1264.9,1540563,1235.68,1226.8,53,1227.2,127,
2026-04-10T10:15:22.894,NC,COFORGE,1226.6,1271.0,1272.0,1215.3,1264.9,1540833,1235.68,1226.6,31,1227.1,90,
2026-04-10T10:15:22.894,NC,COFORGE,1226.6,1271.0,1272.0,1215.3,1264.9,1540833,1235.68,1226.6,31,1227.1,90,
2026-04-10T10:15:23.893,NC,COFORGE,1226.6,1271.0,1272.0,1215.3,1264.9,1540843,1235.68,1226.6,54,1227.2,389,
2026-04-10T10:15:24.915,NC,COFORGE,1227.1,1271.0,1272.0,1215.3,1264.9,1540874,1235.68,1227.1,15,1227.2,4,
2026-04-10T10:15:27.094,NC,COFORGE,1227.2,1271.0,1272.0,1215.3,1264.9,1540876,1235.68,1227.1,15,1227.2,2,
2026-04-10T10:15:28.201,NC,COFORGE,1226.8,1271.0,1272.0,1215.3,1264.9,1540930,1235.68,1227.0,5,1227.1,3517,
2026-04-10T10:15:29.296,NC,COFORGE,1227.0,1271.0,1272.0,1215.3,1264.9,1540935,1235.68,1226.7,19,1227.0,44,
2026-04-10T10:15:30.414,NC,COFORGE,1226.7,1271.0,1272.0,1215.3,1264.9,1540956,1235.68,1226.6,193,1226.7,5,
2026-04-10T10:15:31.404,NC,COFORGE,1226.6,1271.0,1272.0,1215.3,1264.9,1541092,1235.68,1226.6,57,1227.0,298,
2026-04-10T10:15:32.500,NC,COFORGE,1226.6,1271.0,1272.0,1215.3,1264.9,1541108,1235.68,1226.7,1,1226.9,139,
2026-04-10T10:15:33.607,NC,COFORGE,1226.6,1271.0,1272.0,1215.3,1264.9,1541160,1235.68,1226.6,40,1226.7,1,
2026-04-10T10:15:34.709,NC,COFORGE,1226.6,1271.0,1272.0,1215.3,1264.9,1541345,1235.68,1226.6,20,1226.9,27,
2026-04-10T10:15:35.828,NC,COFORGE,1226.4,1271.0,1272.0,1215.3,1264.9,1541772,1235.67,1226.4,512,1226.9,45,
2026-04-10T10:15:36.818,NC,COFORGE,1226.9,1271.0,1272.0,1215.3,1264.9,1541794,1235.67,1226.4,464,1226.8,169,
2026-04-10T10:15:37.813,NC,COFORGE,1226.4,1271.0,1272.0,1215.3,1264.9,1541795,1235.67,1226.4,463,1226.7,75,
2026-04-10T10:15:38.916,NC,COFORGE,1226.4,1271.0,1272.0,1215.3,1264.9,1541797,1235.67,1226.4,467,1226.7,97,
2026-04-10T10:15:40.015,NC,COFORGE,1226.4,1271.0,1272.0,1215.3,1264.9,1541829,1235.67,1226.4,445,1226.7,66,
2026-04-10T10:15:41.121,NC,COFORGE,1226.7,1271.0,1272.0,1215.3,1264.9,1541896,1235.67,1226.4,440,1226.7,31,
2026-04-10T10:15:42.220,NC,COFORGE,1226.4,1271.0,1272.0,1215.3,1264.9,1541929,1235.67,1226.5,5,1226.7,333,
2026-04-10T10:15:43.240,NC,COFORGE,1226.5,1271.0,1272.0,1215.3,1264.9,1541979,1235.67,1226.5,1,1226.7,349,
2026-04-10T10:15:46.038,NC,COFORGE,1226.7,1271.0,1272.0,1215.3,1264.9,1542039,1235.67,1226.4,406,1226.7,234,
2026-04-10T10:15:52.033,NC,COFORGE,1226.2,1271.0,1272.0,1215.3,1264.9,1542778,1235.67,1226.2,24,1226.5,235,
2026-04-10T10:15:58.243,NC,COFORGE,1226.0,1271.0,1272.0,1215.3,1264.9,1546844,1235.64,1226.0,7951,1226.6,228,
2026-04-10T10:16:04.446,NC,COFORGE,1226.0,1271.0,1272.0,1215.3,1264.9,1547085,1235.64,1226.0,8040,1226.1,1,
2026-04-10T10:16:10.960,NC,COFORGE,1226.0,1271.0,1272.0,1215.3,1264.9,1548004,1235.64,1226.0,7880,1226.1,27,
2026-04-10T10:16:17.158,NC,COFORGE,1224.6,1271.0,1272.0,1215.3,1264.9,1557591,1235.58,1224.5,10,1224.9,229,
2026-04-10T10:16:23.278,NC,COFORGE,1224.9,1271.0,1272.0,1215.3,1264.9,1559057,1235.57,1224.5,101,1224.9,48,
2026-04-10T10:16:29.467,NC,COFORGE,1224.4,1271.0,1272.0,1215.3,1264.9,1559656,1235.56,1224.4,106,1224.5,9,
2026-04-10T10:16:35.690,NC,COFORGE,1224.6,1271.0,1272.0,1215.3,1264.9,1560725,1235.55,1224.6,127,1224.9,37,
2026-04-10T10:16:42.275,NC,COFORGE,1225.5,1271.0,1272.0,1215.3,1264.9,1561408,1235.55,1225.4,135,1226.0,190,
2026-04-10T10:16:44.476,NC,COFORGE,1226.0,1271.0,1272.0,1215.3,1264.9,1562322,1235.54,1225.6,97,1226.0,165,
2026-04-10T10:16:45.500,NC,COFORGE,1226.0,1271.0,1272.0,1215.3,1264.9,1562569,1235.54,1225.5,219,1226.0,155,
2026-04-10T10:16:46.478,NC,COFORGE,1225.5,1271.0,1272.0,1215.3,1264.9,1562607,1235.54,1225.5,300,1226.0,145,
2026-04-10T10:16:47.490,NC,COFORGE,1225.5,1271.0,1272.0,1215.3,1264.9,1562608,1235.54,1225.5,299,1226.0,145,
2026-04-10T10:16:49.504,NC,COFORGE,1226.5,1271.0,1272.0,1215.3,1264.9,1563008,1235.54,1225.9,34,1226.5,260,
2026-04-10T10:16:50.487,NC,COFORGE,1225.9,1271.0,1272.0,1215.3,1264.9,1563052,1235.54,1226.0,33,1226.5,31,
2026-04-10T10:16:51.490,NC,COFORGE,1225.9,1271.0,1272.0,1215.3,1264.9,1569158,1235.5,1225.8,95,1225.9,6,
2026-04-10T10:16:52.490,NC,COFORGE,1225.8,1271.0,1272.0,1215.3,1264.9,1569278,1235.5,1225.7,70,1225.8,10,
2026-04-10T10:16:53.489,NC,COFORGE,1225.8,1271.0,1272.0,1215.3,1264.9,1569293,1235.5,1225.7,540,1225.8,20,
2026-04-10T10:16:54.590,NC,COFORGE,1225.6,1271.0,1272.0,1215.3,1264.9,1575193,1235.46,1225.6,278,1226.3,80,
2026-04-10T10:16:55.596,NC,COFORGE,1225.6,1271.0,1272.0,1215.3,1264.9,1575423,1235.46,1225.6,117,1226.2,120,
2026-04-10T10:16:56.596,NC,COFORGE,1225.6,1271.0,1272.0,1215.3,1264.9,1575495,1235.46,1225.6,104,1226.2,91,
2026-04-10T10:16:57.700,NC,COFORGE,1225.6,1271.0,1272.0,1215.3,1264.9,1575519,1235.46,1225.6,81,1226.2,90,
2026-04-10T10:16:58.699,NC,COFORGE,1226.3,1271.0,1272.0,1215.3,1264.9,1575596,1235.46,1225.7,403,1226.3,112,
2026-04-10T10:16:59.703,NC,COFORGE,1226.5,1271.0,1272.0,1215.3,1264.9,1575743,1235.46,1225.8,446,1226.4,61,
2026-04-10T10:17:00.811,NC,COFORGE,1225.8,1271.0,1272.0,1215.3,1264.9,1575756,1235.46,1225.8,118,1226.0,500,
2026-04-10T10:17:02.902,NC,COFORGE,1225.8,1271.0,1272.0,1215.3,1264.9,1575768,1235.46,1225.8,107,1226.0,499,
2026-04-10T10:17:04.005,NC,COFORGE,1226.0,1271.0,1272.0,1215.3,1264.9,1575927,1235.46,1225.8,17,1226.0,345,
2026-04-10T10:17:05.103,NC,COFORGE,1226.0,1271.0,1272.0,1215.3,1264.9,1575949,1235.46,1225.8,32,1226.0,425,
2026-04-10T10:17:06.206,NC,COFORGE,1226.0,1271.0,1272.0,1215.3,1264.9,1576031,1235.46,1225.8,28,1226.0,259,
2026-04-10T10:17:07.307,NC,COFORGE,1225.8,1271.0,1272.0,1215.3,1264.9,1576039,1235.46,1225.8,20,1226.0,386,
2026-04-10T10:17:08.431,NC,COFORGE,1225.8,1271.0,1272.0,1215.3,1264.9,1576435,1235.46,1225.6,18,1225.8,2,
2026-04-10T10:17:09.410,NC,COFORGE,1225.8,1271.0,1272.0,1215.3,1264.9,1576464,1235.46,1225.6,4,1225.8,3,
2026-04-10T10:17:10.410,NC,COFORGE,1225.4,1271.0,1272.0,1215.3,1264.9,1576548,1235.46,1225.5,4,1225.9,34,
2026-04-10T10:17:11.414,NC,COFORGE,1225.5,1271.0,1272.0,1215.3,1264.9,1576552,1235.45,1225.4,84,1225.5,1,
2026-04-10T10:17:12.532,NC,COFORGE,1225.9,1271.0,1272.0,1215.3,1264.9,1576652,1235.45,1225.4,20,1225.8,99,
2026-04-10T10:17:13.616,NC,COFORGE,1225.5,1271.0,1272.0,1215.3,1264.9,1576665,1235.45,1225.4,9,1225.8,314,
2026-04-10T10:17:14.619,NC,COFORGE,1225.8,1271.0,1272.0,1215.3,1264.9,1576967,1235.45,1225.4,8,1225.9,280,
2026-04-10T10:17:15.770,NC,COFORGE,1225.2,1271.0,1272.0,1215.3,1264.9,1577002,1235.45,1225.2,134,1225.4,1,
2026-04-10T10:17:18.782,NC,COFORGE,1225.4,1271.0,1272.0,1215.3,1264.9,1577003,1235.45,1225.2,78,1225.4,1,
2026-04-10T10:17:22.824,NC,COFORGE,1225.4,1271.0,1272.0,1215.3,1264.9,1577004,1235.45,1225.4,23,1225.8,214,
2026-04-10T10:17:23.803,NC,COFORGE,1225.5,1271.0,1272.0,1215.3,1264.9,1577010,1235.45,1225.5,99,1225.7,204,
2026-04-10T10:17:24.799,NC,COFORGE,1225.7,1271.0,1272.0,1215.3,1264.9,1577012,1235.45,1225.5,99,1225.7,231,
2026-04-10T10:17:25.798,NC,COFORGE,1225.8,1271.0,1272.0,1215.3,1264.9,1577253,1235.45,1225.5,98,1225.8,72,
2026-04-10T10:17:26.802,NC,COFORGE,1225.2,1271.0,1272.0,1215.3,1264.9,1577479,1235.45,1225.2,401,1225.7,213,
2026-04-10T10:17:27.797,NC,COFORGE,1225.2,1271.0,1272.0,1215.3,1264.9,1577551,1235.45,1225.2,290,1225.5,180,
2026-04-10T10:17:28.798,NC,COFORGE,1225.2,1271.0,1272.0,1215.3,1264.9,1580808,1235.43,1225.2,302,1225.7,262,
2026-04-10T10:17:29.800,NC,COFORGE,1225.0,1271.0,1272.0,1215.3,1264.9,1580946,1235.43,1225.0,714,1225.3,340,
2026-04-10T10:17:30.900,NC,COFORGE,1225.0,1271.0,1272.0,1215.3,1264.9,1581109,1235.43,1225.0,737,1225.3,275,
2026-04-10T10:17:31.903,NC,COFORGE,1225.3,1271.0,1272.0,1215.3,1264.9,1581150,1235.43,1225.0,831,1225.3,289,
2026-04-10T10:17:33.003,NC,COFORGE,1225.0,1271.0,1272.0,1215.3,1264.9,1581154,1235.43,1225.0,828,1225.3,264,
2026-04-10T10:17:33.905,NC,COFORGE,1225.3,1271.0,1272.0,1215.3,1264.9,1581155,1235.43,1225.0,833,1225.3,244,
2026-04-10T10:17:34.912,NC,COFORGE,1224.9,1271.0,1272.0,1215.3,1264.9,1582227,1235.42,1224.6,26,1224.9,458,
2026-04-10T10:17:36.015,NC,COFORGE,1224.4,1271.0,1272.0,1215.3,1264.9,1582554,1235.42,1224.3,1,1224.4,176,
2026-04-10T10:17:37.108,NC,COFORGE,1224.3,1271.0,1272.0,1215.3,1264.9,1582556,1235.42,1224.2,1,1224.3,145,
2026-04-10T10:17:38.125,NC,COFORGE,1224.0,1271.0,1272.0,1215.3,1264.9,1582686,1235.42,1224.0,310,1224.3,305,
2026-04-10T10:17:39.120,NC,COFORGE,1224.3,1271.0,1272.0,1215.3,1264.9,1583173,1235.41,1224.0,34,1224.3,86,
2026-04-10T10:17:40.219,NC,COFORGE,1223.8,1271.0,1272.0,1215.3,1264.9,1583297,1235.41,1223.8,26,1224.3,63,
2026-04-10T10:17:41.350,NC,COFORGE,1224.0,1271.0,1272.0,1215.3,1264.9,1583303,1235.41,1223.7,123,1223.8,2,
2026-04-10T10:17:42.328,NC,COFORGE,1224.2,1271.0,1272.0,1215.3,1264.9,1583329,1235.41,1223.7,56,1224.2,79,
2026-04-10T10:17:43.437,NC,COFORGE,1223.7,1271.0,1272.0,1215.3,1264.9,1583346,1235.41,1223.7,39,1224.1,79,
2026-04-10T10:17:47.040,NC,COFORGE,1223.5,1271.0,1272.0,1215.3,1264.9,1583697,1235.41,1223.5,50,1223.8,2,
2026-04-10T10:17:53.039,NC,COFORGE,1224.1,1271.0,1272.0,1215.3,1264.9,1583992,1235.41,1224.1,15,1224.2,101,
2026-04-10T10:17:59.248,NC,COFORGE,1224.2,1271.0,1272.0,1215.3,1264.9,1584132,1235.41,1224.0,150,1224.2,217,
2026-04-10T10:18:05.561,NC,COFORGE,1224.2,1271.0,1272.0,1215.3,1264.9,1584720,1235.4,1224.0,1,1224.2,15,
2026-04-10T10:18:11.970,NC,COFORGE,1224.0,1271.0,1272.0,1215.3,1264.9,1585092,1235.4,1224.0,106,1224.3,7074,
2026-04-10T10:18:17.973,NC,COFORGE,1224.0,1271.0,1272.0,1215.3,1264.9,1585258,1235.4,1223.6,336,1224.0,6617,
2026-04-10T10:18:24.100,NC,COFORGE,1223.3,1271.0,1272.0,1215.3,1264.9,1586059,1235.39,1223.1,26,1223.3,6,
2026-04-10T10:18:30.105,NC,COFORGE,1223.3,1271.0,1272.0,1215.3,1264.9,1593845,1235.33,1223.2,53,1223.3,6,
2026-04-10T10:18:36.022,NC,COFORGE,1223.8,1271.0,1272.0,1215.3,1264.9,1594994,1235.32,1223.9,68,1224.5,265,
2026-04-10T10:18:41.920,NC,COFORGE,1223.9,1271.0,1272.0,1215.3,1264.9,1595732,1235.32,1223.8,5,1223.9,3,
2026-04-10T10:18:47.853,NC,COFORGE,1223.8,1271.0,1272.0,1215.3,1264.9,1595992,1235.31,1223.8,1006,1224.3,193,
2026-04-10T10:18:53.450,NC,COFORGE,1224.5,1271.0,1272.0,1215.3,1264.9,1596214,1235.31,1224.5,28,1224.9,80,
2026-04-10T10:18:59.257,NC,COFORGE,1224.9,1271.0,1272.0,1215.3,1264.9,1596556,1235.31,1224.6,338,1224.9,1,
2026-04-10T10:19:04.969,NC,COFORGE,1224.8,1271.0,1272.0,1215.3,1264.9,1596797,1235.31,1224.8,89,1225.0,480,
2026-04-10T10:19:10.883,NC,COFORGE,1224.1,1271.0,1272.0,1215.3,1264.9,1602523,1235.27,1224.1,18,1224.5,44,
2026-04-10T10:19:17.095,NC,COFORGE,1223.9,1271.0,1272.0,1215.3,1264.9,1602947,1235.27,1223.9,17,1224.0,3,
2026-04-10T10:19:23.206,NC,COFORGE,1224.4,1271.0,1272.0,1215.3,1264.9,1605179,1235.25,1224.4,15,1224.7,161,
2026-04-10T10:19:29.008,NC,COFORGE,1223.8,1271.0,1272.0,1215.3,1264.9,1605352,1235.25,1223.8,41,1224.1,343,
2026-04-10T10:19:35.113,NC,COFORGE,1223.9,1271.0,1272.0,1215.3,1264.9,1605716,1235.25,1223.7,1,1223.9,62,
2026-04-10T10:19:41.620,NC,COFORGE,1224.0,1271.0,1272.0,1215.3,1264.9,1607092,1235.24,1223.4,3,1223.6,32,
2026-04-10T10:19:44.126,NC,COFORGE,1223.5,1271.0,1272.0,1215.3,1264.9,1607392,1235.24,1223.5,1232,1223.6,17,
2026-04-10T10:19:45.026,NC,COFORGE,1223.6,1271.0,1272.0,1215.3,1264.9,1607532,1235.24,1223.6,19,1224.0,321,
2026-04-10T10:19:46.131,NC,COFORGE,1223.6,1271.0,1272.0,1215.3,1264.9,1607548,1235.24,1223.6,4,1224.0,320,
2026-04-10T10:19:47.129,NC,COFORGE,1224.0,1271.0,1272.0,1215.3,1264.9,1607598,1235.24,1223.6,4,1224.0,235,
2026-04-10T10:19:48.259,NC,COFORGE,1223.6,1271.0,1272.0,1215.3,1264.9,1607608,1235.24,1223.5,1241,1223.6,1,
2026-04-10T10:19:49.336,NC,COFORGE,1224.0,1271.0,1272.0,1215.3,1264.9,1607666,1235.24,1223.5,1228,1224.0,55,
2026-04-10T10:19:50.477,NC,COFORGE,1223.5,1271.0,1272.0,1215.3,1264.9,1607717,1235.23,1223.5,1251,1224.0,76,
2026-04-10T10:19:51.346,NC,COFORGE,1223.5,1271.0,1272.0,1215.3,1264.9,1607725,1235.23,1223.5,1243,1224.0,44,
2026-04-10T10:19:52.438,NC,COFORGE,1224.0,1271.0,1272.0,1215.3,1264.9,1608159,1235.23,1223.5,1269,1223.9,32,
2026-04-10T10:19:53.543,NC,COFORGE,1223.5,1271.0,1272.0,1215.3,1264.9,1608210,1235.23,1223.5,1218,1223.9,32,
2026-04-10T10:19:54.638,NC,COFORGE,1223.5,1271.0,1272.0,1215.3,1264.9,1608236,1235.23,1223.5,1214,1223.9,10,
2026-04-10T10:19:55.850,NC,COFORGE,1223.1,1271.0,1272.0,1215.3,1264.9,1609894,1235.22,1223.0,2521,1223.1,11,
2026-04-10T10:19:56.841,NC,COFORGE,1223.1,1271.0,1272.0,1215.3,1264.9,1610283,1235.22,1223.1,141,1223.5,3367,
2026-04-10T10:19:57.940,NC,COFORGE,1223.5,1271.0,1272.0,1215.3,1264.9,1613611,1235.19,1223.8,110,1224.0,40,
2026-04-10T10:19:59.140,NC,COFORGE,1224.2,1271.0,1272.0,1215.3,1264.9,1614045,1235.19,1224.2,89,1224.6,100,
2026-04-10T10:20:00.259,NC,COFORGE,1224.1,1271.0,1272.0,1215.3,1264.9,1614060,1235.19,1224.1,166,1224.6,127,
2026-04-10T10:20:01.351,NC,COFORGE,1224.2,1271.0,1272.0,1215.3,1264.9,1614196,1235.19,1224.2,133,1224.6,95,
2026-04-10T10:20:02.444,NC,COFORGE,1224.2,1271.0,1272.0,1215.3,1264.9,1614202,1235.19,1224.2,95,1224.6,95,
2026-04-10T10:20:03.546,NC,COFORGE,1224.6,1271.0,1272.0,1215.3,1264.9,1614231,1235.19,1224.3,197,1224.6,66,
2026-04-10T10:20:04.648,NC,COFORGE,1224.4,1271.0,1272.0,1215.3,1264.9,1614300,1235.19,1224.3,24,1224.4,1,
2026-04-10T10:20:05.653,NC,COFORGE,1224.8,1271.0,1272.0,1215.3,1264.9,1614407,1235.19,1224.3,49,1224.8,48,
2026-04-10T10:20:06.762,NC,COFORGE,1224.3,1271.0,1272.0,1215.3,1264.9,1614475,1235.19,1224.3,24,1224.7,77,
2026-04-10T10:20:07.954,NC,COFORGE,1224.7,1271.0,1272.0,1215.3,1264.9,1614691,1235.18,1224.3,3,1224.7,336,
2026-04-10T10:20:08.957,NC,COFORGE,1224.2,1271.0,1272.0,1215.3,1264.9,1614695,1235.18,1224.0,25,1224.2,1,
2026-04-10T10:20:12.264,NC,COFORGE,1223.6,1271.0,1272.0,1215.3,1264.9,1614864,1235.18,1223.6,42,1224.2,130,
2026-04-10T10:20:13.271,NC,COFORGE,1224.1,1271.0,1272.0,1215.3,1264.9,1614899,1235.18,1223.6,31,1224.1,74,
2026-04-10T10:20:14.362,NC,COFORGE,1223.7,1271.0,1272.0,1215.3,1264.9,1615089,1235.18,1223.7,135,1224.3,307,
2026-04-10T10:20:15.463,NC,COFORGE,1223.7,1271.0,1272.0,1215.3,1264.9,1615102,1235.18,1223.8,35,1224.3,246,
2026-04-10T10:20:16.663,NC,COFORGE,1223.8,1271.0,1272.0,1215.3,1264.9,1615867,1235.18,1223.8,13,1224.4,198,
2026-04-10T10:20:17.775,NC,COFORGE,1223.7,1271.0,1272.0,1215.3,1264.9,1615897,1235.18,1223.7,88,1224.3,123,
2026-04-10T10:20:18.868,NC,COFORGE,1224.3,1271.0,1272.0,1215.3,1264.9,1615908,1235.18,1223.7,5,1224.3,413,
2026-04-10T10:20:21.068,NC,COFORGE,1224.1,1271.0,1272.0,1215.3,1264.9,1616047,1235.18,1223.8,159,1224.2,30,
2026-04-10T10:20:22.169,NC,COFORGE,1224.7,1271.0,1272.0,1215.3,1264.9,1616100,1235.17,1224.7,171,1224.9,1,
2026-04-10T10:20:23.174,NC,COFORGE,1224.9,1271.0,1272.0,1215.3,1264.9,1616115,1235.17,1224.9,22,1225.0,53,
2026-04-10T10:20:24.275,NC,COFORGE,1224.9,1271.0,1272.0,1215.3,1264.9,1616195,1235.17,1224.9,147,1225.5,214,
2026-04-10T10:20:25.373,NC,COFORGE,1225.5,1271.0,1272.0,1215.3,1264.9,1616231,1235.17,1225.1,186,1225.5,194,
2026-04-10T10:20:26.473,NC,COFORGE,1225.2,1271.0,1272.0,1215.3,1264.9,1616477,1235.17,1225.2,52,1225.5,214,
2026-04-10T10:20:27.670,NC,COFORGE,1225.3,1271.0,1272.0,1215.3,1264.9,1616485,1235.17,1225.3,205,1225.5,214,
2026-04-10T10:20:28.672,NC,COFORGE,1225.5,1271.0,1272.0,1215.3,1264.9,1618372,1235.16,1225.6,230,1225.9,5,
2026-04-10T10:20:29.877,NC,COFORGE,1225.5,1271.0,1272.0,1215.3,1264.9,1618597,1235.16,1225.6,89,1225.9,8,
2026-04-10T10:20:30.878,NC,COFORGE,1226.0,1271.0,1272.0,1215.3,1264.9,1618629,1235.16,1225.7,32,1225.9,5,
2026-04-10T10:20:31.978,NC,COFORGE,1225.7,1271.0,1272.0,1215.3,1264.9,1618633,1235.16,1225.7,28,1225.9,5,
2026-04-10T10:20:37.083,NC,COFORGE,1226.0,1271.0,1272.0,1215.3,1264.9,1618783,1235.16,1225.7,134,1226.0,338,
2026-04-10T10:20:38.098,NC,COFORGE,1226.0,1271.0,1272.0,1215.3,1264.9,1619087,1235.16,1225.7,84,1226.0,76,
2026-04-10T10:20:39.183,NC,COFORGE,1225.7,1271.0,1272.0,1215.3,1264.9,1619123,1235.16,1225.9,20,1226.0,94,
2026-04-10T10:20:40.290,NC,COFORGE,1225.9,1271.0,1272.0,1215.3,1264.9,1619223,1235.16,1225.9,12,1226.0,311,
2026-04-10T10:20:41.482,NC,COFORGE,1226.0,1271.0,1272.0,1215.3,1264.9,1619228,1235.16,1225.9,9,1226.0,276,
2026-04-10T10:20:42.484,NC,COFORGE,1226.0,1271.0,1272.0,1215.3,1264.9,1619249,1235.16,1225.9,8,1226.0,256,
2026-04-10T10:20:43.587,NC,COFORGE,1225.9,1271.0,1272.0,1215.3,1264.9,1619267,1235.16,1225.9,5,1226.0,241,
2026-04-10T10:20:44.798,NC,COFORGE,1225.9,1271.0,1272.0,1215.3,1264.9,1619323,1235.16,1225.9,39,1226.0,579,
2026-04-10T10:20:45.791,NC,COFORGE,1225.9,1271.0,1272.0,1215.3,1264.9,1619351,1235.16,1225.9,56,1226.0,554,
2026-04-10T10:20:46.794,NC,COFORGE,1225.9,1271.0,1272.0,1215.3,1264.9,1619353,1235.16,1225.9,54,1226.0,554,
2026-04-10T10:20:48.797,NC,COFORGE,1226.0,1271.0,1272.0,1215.3,1264.9,1619357,1235.16,1225.9,54,1226.0,586,
2026-04-10T10:20:49.805,NC,COFORGE,1226.0,1271.0,1272.0,1215.3,1264.9,1621920,1235.14,1226.1,42,1226.5,1500,
2026-04-10T10:20:50.806,NC,COFORGE,1225.7,1271.0,1272.0,1215.3,1264.9,1622480,1235.14,1225.7,184,1226.0,9,
2026-04-10T10:20:51.799,NC,COFORGE,1226.1,1271.0,1272.0,1215.3,1264.9,1622749,1235.14,1226.0,201,1226.1,1,
2026-04-10T10:20:52.805,NC,COFORGE,1226.0,1271.0,1272.0,1215.3,1264.9,1622761,1235.14,1226.1,32,1226.5,1500,
2026-04-10T10:20:54.907,NC,COFORGE,1226.1,1271.0,1272.0,1215.3,1264.9,1622790,1235.14,1226.1,72,1226.5,1473,
2026-04-10T10:20:55.906,NC,COFORGE,1226.1,1271.0,1272.0,1215.3,1264.9,1622792,1235.14,1226.1,70,1226.5,1473,
2026-04-10T10:20:56.906,NC,COFORGE,1226.5,1271.0,1272.0,1215.3,1264.9,1622802,1235.14,1226.1,70,1226.5,1463,
2026-04-10T10:20:57.906,NC,COFORGE,1226.5,1271.0,1272.0,1215.3,1264.9,1623003,1235.13,1226.1,69,1226.5,1290,
2026-04-10T10:20:58.924,NC,COFORGE,1226.1,1271.0,1272.0,1215.3,1264.9,1623081,1235.13,1226.1,46,1226.5,1240,
2026-04-10T10:21:00.021,NC,COFORGE,1226.1,1271.0,1272.0,1215.3,1264.9,1623085,1235.13,1226.1,74,1226.5,1240,
2026-04-10T10:21:01.021,NC,COFORGE,1226.8,1271.0,1272.0,1215.3,1264.9,1624469,1235.13,1226.7,141,1227.0,54,
2026-04-10T10:21:02.107,NC,COFORGE,1227.0,1271.0,1272.0,1215.3,1264.9,1624651,1235.13,1226.6,220,1227.0,35,
2026-04-10T10:21:03.111,NC,COFORGE,1227.0,1271.0,1272.0,1215.3,1264.9,1624672,1235.13,1226.6,147,1227.0,23,
2026-04-10T10:21:04.110,NC,COFORGE,1226.6,1271.0,1272.0,1215.3,1264.9,1624685,1235.13,1226.6,164,1227.0,12,
2026-04-10T10:21:05.123,NC,COFORGE,1227.2,1271.0,1272.0,1215.3,1264.9,1624747,1235.13,1226.6,250,1227.2,39,
2026-04-10T10:21:06.113,NC,COFORGE,1226.6,1271.0,1272.0,1215.3,1264.9,1624769,1235.13,1226.6,98,1227.2,55,
2026-04-10T10:21:08.219,NC,COFORGE,1227.4,1271.0,1272.0,1215.3,1264.9,1624878,1235.13,1227.4,15,1227.6,24,
2026-04-10T10:21:09.121,NC,COFORGE,1227.4,1271.0,1272.0,1215.3,1264.9,1624959,1235.12,1227.4,18,1227.6,165,
2026-04-10T10:21:10.227,NC,COFORGE,1227.6,1271.0,1272.0,1215.3,1264.9,1625072,1235.12,1227.4,16,1227.6,157,
2026-04-10T10:21:11.223,NC,COFORGE,1226.9,1271.0,1272.0,1215.3,1264.9,1625468,1235.12,1226.9,3,1227.2,2,
2026-04-10T10:21:12.229,NC,COFORGE,1227.2,1271.0,1272.0,1215.3,1264.9,1625544,1235.12,1226.9,6,1227.2,84,
2026-04-10T10:21:13.226,NC,COFORGE,1227.2,1271.0,1272.0,1215.3,1264.9,1625676,1235.12,1226.8,33,1227.2,38,
2026-04-10T10:21:14.227,NC,COFORGE,1226.9,1271.0,1272.0,1215.3,1264.9,1625697,1235.12,1226.9,90,1227.2,9,
2026-04-10T10:21:15.133,NC,COFORGE,1227.0,1271.0,1272.0,1215.3,1264.9,1625837,1235.12,1227.0,79,1227.6,94,
2026-04-10T10:21:16.130,NC,COFORGE,1226.9,1271.0,1272.0,1215.3,1264.9,1625992,1235.12,1226.9,89,1227.5,150,
2026-04-10T10:21:17.131,NC,COFORGE,1226.9,1271.0,1272.0,1215.3,1264.9,1626013,1235.12,1226.9,41,1227.4,182,
2026-04-10T10:21:18.149,NC,COFORGE,1226.9,1271.0,1272.0,1215.3,1264.9,1626014,1235.12,1226.9,40,1227.4,214,
2026-04-10T10:21:19.138,NC,COFORGE,1227.5,1271.0,1272.0,1215.3,1264.9,1626019,1235.12,1227.0,6977,1227.5,27,
2026-04-10T10:21:20.140,NC,COFORGE,1227.2,1271.0,1272.0,1215.3,1264.9,1626023,1235.12,1227.2,24,1227.5,44,
2026-04-10T10:21:21.143,NC,COFORGE,1227.2,1271.0,1272.0,1215.3,1264.9,1626044,1235.12,1227.2,38,1227.5,19,
2026-04-10T10:21:22.148,NC,COFORGE,1227.5,1271.0,1272.0,1215.3,1264.9,1626139,1235.12,1227.3,193,1228.0,625,
2026-04-10T10:21:23.146,NC,COFORGE,1227.9,1271.0,1272.0,1215.3,1264.9,1626248,1235.12,1227.9,23,1228.0,228,
2026-04-10T10:21:24.248,NC,COFORGE,1227.9,1271.0,1272.0,1215.3,1264.9,1626305,1235.12,1227.9,20,1228.0,228,
2026-04-10T10:21:25.250,NC,COFORGE,1227.9,1271.0,1272.0,1215.3,1264.9,1626368,1235.12,1227.9,19,1228.0,228,
2026-04-10T10:21:26.348,NC,COFORGE,1227.7,1271.0,1272.0,1215.3,1264.9,1626499,1235.12,1227.6,195,1228.0,110,
2026-04-10T10:21:27.452,NC,COFORGE,1227.6,1271.0,1272.0,1215.3,1264.9,1626503,1235.12,1227.6,147,1228.0,110,
2026-04-10T10:21:28.565,NC,COFORGE,1228.0,1271.0,1272.0,1215.3,1264.9,1626507,1235.12,1227.6,57,1228.0,139,
2026-04-10T10:21:33.759,NC,COFORGE,1227.9,1271.0,1272.0,1215.3,1264.9,1626508,1235.12,1227.4,79,1227.9,164,
2026-04-10T10:21:34.760,NC,COFORGE,1227.4,1271.0,1272.0,1215.3,1264.9,1626612,1235.12,1227.5,35,1228.0,406,
2026-04-10T10:21:35.763,NC,COFORGE,1227.5,1271.0,1272.0,1215.3,1264.9,1627615,1235.11,1227.1,244,1227.9,246,
2026-04-10T10:21:36.867,NC,COFORGE,1227.1,1271.0,1272.0,1215.3,1264.9,1627739,1235.11,1227.1,100,1227.6,151,
2026-04-10T10:21:37.864,NC,COFORGE,1227.6,1271.0,1272.0,1215.3,1264.9,1628012,1235.11,1227.0,6921,1227.7,137,
2026-04-10T10:21:38.764,NC,COFORGE,1227.1,1271.0,1272.0,1215.3,1264.9,1628121,1235.11,1227.1,158,1227.7,32,
2026-04-10T10:21:39.870,NC,COFORGE,1227.7,1271.0,1272.0,1215.3,1264.9,1628349,1235.11,1227.4,1,1227.7,211,
2026-04-10T10:21:40.871,NC,COFORGE,1227.5,1271.0,1272.0,1215.3,1264.9,1628402,1235.11,1227.1,33,1227.5,276,
2026-04-10T10:21:41.970,NC,COFORGE,1227.5,1271.0,1272.0,1215.3,1264.9,1628408,1235.11,1227.1,30,1227.4,5,
2026-04-10T10:21:43.072,NC,COFORGE,1227.4,1271.0,1272.0,1215.3,1264.9,1628925,1235.11,1227.4,194,1228.0,41,
2026-04-10T10:21:44.306,NC,COFORGE,1227.4,1271.0,1272.0,1215.3,1264.9,1628974,1235.11,1227.4,2,1227.9,435,
2026-04-10T10:21:45.380,NC,COFORGE,1227.8,1271.0,1272.0,1215.3,1264.9,1628989,1235.11,1227.4,1,1227.8,161,
2026-04-10T10:21:46.374,NC,COFORGE,1227.4,1271.0,1272.0,1215.3,1264.9,1628990,1235.11,1227.3,17,1227.5,1,
2026-04-10T10:21:48.379,NC,COFORGE,1227.8,1271.0,1272.0,1215.3,1264.9,1629044,1235.11,1227.4,52,1227.8,102,
2026-04-10T10:21:49.379,NC,COFORGE,1227.6,1271.0,1272.0,1215.3,1264.9,1629107,1235.11,1227.2,9,1227.6,117,
2026-04-10T10:21:50.378,NC,COFORGE,1227.3,1271.0,1272.0,1215.3,1264.9,1629110,1235.1,1227.3,23,1227.6,227,
2026-04-10T10:21:51.382,NC,COFORGE,1227.6,1271.0,1272.0,1215.3,1264.9,1629115,1235.1,1227.4,10,1227.5,127,
2026-04-10T10:21:52.379,NC,COFORGE,1227.5,1271.0,1272.0,1215.3,1264.9,1629119,1235.1,1227.4,10,1227.5,146,
2026-04-10T10:21:53.381,NC,COFORGE,1227.5,1271.0,1272.0,1215.3,1264.9,1629278,1235.1,1227.5,23,1227.6,228,
2026-04-10T10:21:54.381,NC,COFORGE,1227.5,1271.0,1272.0,1215.3,1264.9,1629286,1235.1,1227.5,17,1227.6,197,
2026-04-10T10:21:55.535,NC,COFORGE,1227.6,1271.0,1272.0,1215.3,1264.9,1629353,1235.1,1227.4,619,1227.6,87,
2026-04-10T10:21:56.503,NC,COFORGE,1227.6,1271.0,1272.0,1215.3,1264.9,1629388,1235.1,1227.5,130,1227.6,61,
2026-04-10T10:21:57.494,NC,COFORGE,1227.5,1271.0,1272.0,1215.3,1264.9,1629514,1235.1,1227.5,39,1227.6,27,
2026-04-10T10:21:58.594,NC,COFORGE,1227.4,1271.0,1272.0,1215.3,1264.9,1629791,1235.1,1227.4,606,1227.5,3469,
2026-04-10T10:21:59.698,NC,COFORGE,1227.2,1271.0,1272.0,1215.3,1264.9,1630664,1235.1,1227.2,4,1227.3,105,
2026-04-10T10:22:00.802,NC,COFORGE,1227.1,1271.0,1272.0,1215.3,1264.9,1630704,1235.1,1227.1,29,1227.5,3631,
2026-04-10T10:22:01.904,NC,COFORGE,1227.1,1271.0,1272.0,1215.3,1264.9,1630711,1235.1,1227.1,98,1227.5,3680,
2026-04-10T10:22:03.910,NC,COFORGE,1227.5,1271.0,1272.0,1215.3,1264.9,1630715,1235.1,1227.1,27,1227.5,3749,
2026-04-10T10:22:05.004,NC,COFORGE,1227.1,1271.0,1272.0,1215.3,1264.9,1630873,1235.1,1227.1,52,1227.5,3506,
2026-04-10T10:22:05.906,NC,COFORGE,1227.5,1271.0,1272.0,1215.3,1264.9,1630962,1235.1,1227.2,59,1227.5,3504,
2026-04-10T10:22:07.003,NC,COFORGE,1227.1,1271.0,1272.0,1215.3,1264.9,1631014,1235.1,1227.1,1140,1227.5,3459,
2026-04-10T10:22:07.915,NC,COFORGE,1227.5,1271.0,1272.0,1215.3,1264.9,1631236,1235.09,1227.1,1108,1227.5,3254,
2026-04-10T10:22:08.812,NC,COFORGE,1227.5,1271.0,1272.0,1215.3,1264.9,1631255,1235.09,1227.1,1033,1227.5,3434,
2026-04-10T10:22:09.908,NC,COFORGE,1227.1,1271.0,1272.0,1215.3,1264.9,1631269,1235.09,1227.2,50,1227.5,3392,
2026-04-10T10:22:11.925,NC,COFORGE,1227.2,1271.0,1272.0,1215.3,1264.9,1631280,1235.09,1227.2,49,1227.5,3223,
2026-04-10T10:22:12.911,NC,COFORGE,1227.2,1271.0,1272.0,1215.3,1264.9,1631314,1235.09,1227.2,30,1227.5,3217,
2026-04-10T10:22:13.911,NC,COFORGE,1227.2,1271.0,1272.0,1215.3,1264.9,1631347,1235.09,1227.2,27,1227.5,3187,
2026-04-10T10:22:14.821,NC,COFORGE,1227.2,1271.0,1272.0,1215.3,1264.9,1631349,1235.09,1227.3,50,1227.5,3494,
2026-04-10T10:22:15.913,NC,COFORGE,1227.3,1271.0,1272.0,1215.3,1264.9,1631350,1235.09,1227.3,49,1227.5,3494,
2026-04-10T10:22:16.820,NC,COFORGE,1227.3,1271.0,1272.0,1215.3,1264.9,1631515,1235.09,1227.3,36,1227.5,3260,
2026-04-10T10:22:17.824,NC,COFORGE,1227.5,1271.0,1272.0,1215.3,1264.9,1634794,1235.08,1227.6,420,1227.9,100,
2026-04-10T10:22:18.851,NC,COFORGE,1227.6,1271.0,1272.0,1215.3,1264.9,1635169,1235.08,1227.6,201,1227.9,100,
2026-04-10T10:22:19.855,NC,COFORGE,1227.6,1271.0,1272.0,1215.3,1264.9,1635248,1235.08,1227.6,452,1227.9,40,
2026-04-10T10:22:20.859,NC,COFORGE,1227.9,1271.0,1272.0,1215.3,1264.9,1635274,1235.08,1227.6,351,1227.9,39,
2026-04-10T10:22:21.857,NC,COFORGE,1227.7,1271.0,1272.0,1215.3,1264.9,1635561,1235.07,1227.7,10,1228.0,256,
2026-04-10T10:22:22.858,NC,COFORGE,1227.7,1271.0,1272.0,1215.3,1264.9,1636233,1235.07,1227.7,28,1228.0,245,
2026-04-10T10:22:23.858,NC,COFORGE,1227.7,1271.0,1272.0,1215.3,1264.9,1636260,1235.07,1227.7,3,1228.0,243,
2026-04-10T10:22:25.867,NC,COFORGE,1227.7,1271.0,1272.0,1215.3,1264.9,1636742,1235.07,1227.7,32,1228.0,232,
2026-04-10T10:22:26.871,NC,COFORGE,1228.0,1271.0,1272.0,1215.3,1264.9,1636762,1235.07,1227.7,14,1228.0,230,
2026-04-10T10:22:27.869,NC,COFORGE,1227.7,1271.0,1272.0,1215.3,1264.9,1636814,1235.07,1227.7,176,1228.0,229,
2026-04-10T10:22:28.882,NC,COFORGE,1228.0,1271.0,1272.0,1215.3,1264.9,1636823,1235.07,1227.8,31,1228.0,255,
2026-04-10T10:22:29.884,NC,COFORGE,1228.0,1271.0,1272.0,1215.3,1264.9,1636825,1235.07,1227.8,31,1228.0,253,
2026-04-10T10:22:30.975,NC,COFORGE,1227.7,1271.0,1272.0,1215.3,1264.9,1636853,1235.07,1227.7,73,1228.0,228,
2026-04-10T10:22:31.877,NC,COFORGE,1228.0,1271.0,1272.0,1215.3,1264.9,1636882,1235.07,1227.7,71,1228.0,201,
2026-04-10T10:22:32.781,NC,COFORGE,1227.7,1271.0,1272.0,1215.3,1264.9,1636883,1235.07,1227.7,70,1228.0,201,
2026-04-10T10:22:33.782,NC,COFORGE,1228.0,1271.0,1272.0,1215.3,1264.9,1636909,1235.07,1227.7,1070,1228.0,175,
2026-04-10T10:22:34.785,NC,COFORGE,1227.9,1271.0,1272.0,1215.3,1264.9,1637103,1235.07,1227.9,249,1228.5,173,
2026-04-10T10:22:35.786,NC,COFORGE,1227.7,1271.0,1272.0,1215.3,1264.9,1639388,1235.06,1227.5,23,1227.7,111,
2026-04-10T10:22:36.794,NC,COFORGE,1227.6,1271.0,1272.0,1215.3,1264.9,1642457,1235.04,1227.2,5225,1227.6,438,
2026-04-10T10:22:37.792,NC,COFORGE,1227.6,1271.0,1272.0,1215.3,1264.9,1642778,1235.04,1227.2,5079,1227.6,17,
2026-04-10T10:22:38.692,NC,COFORGE,1227.2,1271.0,1272.0,1215.3,1264.9,1642820,1235.04,1227.2,5037,1227.6,83,
2026-04-10T10:22:39.696,NC,COFORGE,1227.6,1271.0,1272.0,1215.3,1264.9,1642826,1235.04,1227.2,5034,1227.6,80,
2026-04-10T10:22:41.706,NC,COFORGE,1227.2,1271.0,1272.0,1215.3,1264.9,1642854,1235.04,1227.2,5032,1227.5,256,
2026-04-10T10:22:42.705,NC,COFORGE,1227.2,1271.0,1272.0,1215.3,1264.9,1642861,1235.04,1227.2,5075,1227.5,299,
2026-04-10T10:22:47.809,NC,COFORGE,1227.2,1271.0,1272.0,1215.3,1264.9,1642883,1235.04,1227.2,5305,1227.5,17,
2026-04-10T10:22:54.216,NC,COFORGE,1227.5,1271.0,1272.0,1215.3,1264.9,1643508,1235.04,1227.2,5205,1227.5,484,
2026-04-10T10:23:00.626,NC,COFORGE,1227.5,1271.0,1272.0,1215.3,1264.9,1643762,1235.04,1227.5,26,1227.6,240,
2026-04-10T10:23:07.140,NC,COFORGE,1226.6,1271.0,1272.0,1215.3,1264.9,1653095,1234.99,1226.6,117,1227.1,9,
2026-04-10T10:23:13.658,NC,COFORGE,1226.6,1271.0,1272.0,1215.3,1264.9,1653218,1234.99,1226.3,33,1226.6,24,
2026-04-10T10:23:19.970,NC,COFORGE,1225.5,1271.0,1272.0,1215.3,1264.9,1654966,1234.98,1225.0,751,1225.5,365,
2026-04-10T10:23:26.160,NC,COFORGE,1224.8,1271.0,1272.0,1215.3,1264.9,1656970,1234.97,1224.9,128,1225.4,279,
2026-04-10T10:23:32.370,NC,COFORGE,1225.5,1271.0,1272.0,1215.3,1264.9,1657951,1234.96,1225.4,266,1226.0,241,
2026-04-10T10:23:38.886,NC,COFORGE,1225.7,1271.0,1272.0,1215.3,1264.9,1658611,1234.96,1225.7,24,1226.0,378,
2026-04-10T10:23:44.494,NC,COFORGE,1226.0,1271.0,1272.0,1215.3,1264.9,1658664,1234.96,1226.3,22,1226.6,204,
2026-04-10T10:23:45.587,NC,COFORGE,1226.2,1271.0,1272.0,1215.3,1264.9,1658789,1234.96,1226.1,129,1226.6,9,
2026-04-10T10:23:46.697,NC,COFORGE,1226.1,1271.0,1272.0,1215.3,1264.9,1659109,1234.96,1226.0,260,1226.1,3,
2026-04-10T10:23:47.592,NC,COFORGE,1226.1,1271.0,1272.0,1215.3,1264.9,1659119,1234.96,1226.2,89,1226.9,218,
2026-04-10T10:23:49.587,NC,COFORGE,1226.8,1271.0,1272.0,1215.3,1264.9,1659128,1234.96,1226.2,262,1226.8,151,
2026-04-10T10:23:50.692,NC,COFORGE,1226.2,1271.0,1272.0,1215.3,1264.9,1659148,1234.96,1226.2,258,1226.8,135,
2026-04-10T10:23:52.889,NC,COFORGE,1226.8,1271.0,1272.0,1215.3,1264.9,1659218,1234.96,1226.8,18,1227.1,190,
2026-04-10T10:23:54.992,NC,COFORGE,1226.8,1271.0,1272.0,1215.3,1264.9,1659230,1234.96,1226.8,81,1227.3,495,
2026-04-10T10:23:56.091,NC,COFORGE,1226.8,1271.0,1272.0,1215.3,1264.9,1659412,1234.96,1226.8,60,1227.3,253,
2026-04-10T10:23:57.205,NC,COFORGE,1226.8,1271.0,1272.0,1215.3,1264.9,1659413,1234.96,1226.8,59,1227.3,49,
2026-04-10T10:24:00.307,NC,COFORGE,1226.8,1271.0,1272.0,1215.3,1264.9,1659424,1234.96,1226.8,58,1227.4,246,
2026-04-10T10:24:02.304,NC,COFORGE,1227.4,1271.0,1272.0,1215.3,1264.9,1659425,1234.96,1226.9,133,1227.4,26,
2026-04-10T10:24:03.300,NC,COFORGE,1227.5,1271.0,1272.0,1215.3,1264.9,1659482,1234.96,1227.3,2,1227.5,97,
2026-04-10T10:24:04.308,NC,COFORGE,1227.0,1271.0,1272.0,1215.3,1264.9,1663503,1234.94,1226.9,92,1227.0,31,
2026-04-10T10:24:05.403,NC,COFORGE,1227.0,1271.0,1272.0,1215.3,1264.9,1663760,1234.93,1227.0,97,1227.6,44,
2026-04-10T10:24:06.502,NC,COFORGE,1227.0,1271.0,1272.0,1215.3,1264.9,1663763,1234.93,1227.1,85,1227.7,231,
2026-04-10T10:24:07.510,NC,COFORGE,1227.7,1271.0,1272.0,1215.3,1264.9,1663821,1234.93,1227.1,39,1227.7,169,
2026-04-10T10:24:08.506,NC,COFORGE,1227.0,1271.0,1272.0,1215.3,1264.9,1663845,1234.93,1227.2,131,1227.8,3,
2026-04-10T10:24:09.629,NC,COFORGE,1227.2,1271.0,1272.0,1215.3,1264.9,1663847,1234.93,1227.2,109,1227.9,386,
2026-04-10T10:24:11.613,NC,COFORGE,1227.1,1271.0,1272.0,1215.3,1264.9,1663865,1234.93,1227.1,32,1227.6,83,
2026-04-10T10:24:12.529,NC,COFORGE,1227.2,1271.0,1272.0,1215.3,1264.9,1663935,1234.93,1227.2,54,1227.7,83,
2026-04-10T10:24:13.523,NC,COFORGE,1227.2,1271.0,1272.0,1215.3,1264.9,1663962,1234.93,1227.1,86,1227.7,370,
2026-04-10T10:24:14.623,NC,COFORGE,1227.0,1271.0,1272.0,1215.3,1264.9,1664057,1234.93,1227.0,1378,1227.1,15,
2026-04-10T10:24:15.642,NC,COFORGE,1227.0,1271.0,1272.0,1215.3,1264.9,1664088,1234.93,1227.0,1372,1227.5,83,
2026-04-10T10:24:16.632,NC,COFORGE,1227.0,1271.0,1272.0,1215.3,1264.9,1664090,1234.93,1227.0,1371,1227.5,135,
2026-04-10T10:24:17.726,NC,COFORGE,1227.5,1271.0,1272.0,1215.3,1264.9,1664093,1234.93,1227.0,1390,1227.5,91,
2026-04-10T10:24:18.741,NC,COFORGE,1227.0,1271.0,1272.0,1215.3,1264.9,1664184,1234.93,1227.0,1314,1227.5,81,
2026-04-10T10:24:19.722,NC,COFORGE,1227.0,1271.0,1272.0,1215.3,1264.9,1664493,1234.93,1227.0,1029,1227.5,150,
2026-04-10T10:24:20.836,NC,COFORGE,1227.3,1271.0,1272.0,1215.3,1264.9,1664991,1234.93,1227.2,10,1227.3,3,
2026-04-10T10:24:21.929,NC,COFORGE,1227.2,1271.0,1272.0,1215.3,1264.9,1665011,1234.93,1227.1,195,1227.3,3,
2026-04-10T10:24:23.035,NC,COFORGE,1227.3,1271.0,1272.0,1215.3,1264.9,1665016,1234.93,1227.3,20,1227.7,186,
2026-04-10T10:24:25.043,NC,COFORGE,1227.8,1271.0,1272.0,1215.3,1264.9,1665017,1234.93,1227.3,20,1227.8,15,
2026-04-10T10:24:26.033,NC,COFORGE,1227.8,1271.0,1272.0,1215.3,1264.9,1665160,1234.93,1227.8,13,1227.9,174,
2026-04-10T10:24:27.135,NC,COFORGE,1228.0,1271.0,1272.0,1215.3,1264.9,1665168,1234.93,1227.8,8,1228.0,258,
2026-04-10T10:24:29.142,NC,COFORGE,1228.0,1271.0,1272.0,1215.3,1264.9,1665300,1234.93,1227.4,134,1228.0,53,
2026-04-10T10:24:30.147,NC,COFORGE,1227.4,1271.0,1272.0,1215.3,1264.9,1665317,1234.93,1227.4,25,1227.9,274,
2026-04-10T10:24:31.143,NC,COFORGE,1227.4,1271.0,1272.0,1215.3,1264.9,1665436,1234.93,1227.4,16,1227.9,224,
2026-04-10T10:24:32.153,NC,COFORGE,1227.4,1271.0,1272.0,1215.3,1264.9,1665442,1234.93,1227.4,11,1227.8,74,
2026-04-10T10:24:33.252,NC,COFORGE,1227.8,1271.0,1272.0,1215.3,1264.9,1665445,1234.93,1227.4,11,1227.8,71,
2026-04-10T10:24:34.347,NC,COFORGE,1227.6,1271.0,1272.0,1215.3,1264.9,1665451,1234.93,1227.6,2,1227.8,92,
2026-04-10T10:24:35.486,NC,COFORGE,1227.8,1271.0,1272.0,1215.3,1264.9,1665452,1234.93,1227.6,26,1227.8,118,
2026-04-10T10:24:36.597,NC,COFORGE,1227.8,1271.0,1272.0,1215.3,1264.9,1665473,1234.93,1227.6,6,1227.8,300,
2026-04-10T10:24:37.697,NC,COFORGE,1227.8,1271.0,1272.0,1215.3,1264.9,1665688,1234.93,1227.3,31,1227.7,35,
2026-04-10T10:24:38.700,NC,COFORGE,1227.6,1271.0,1272.0,1215.3,1264.9,1665736,1234.93,1227.3,5,1227.6,119,
2026-04-10T10:24:39.803,NC,COFORGE,1227.6,1271.0,1272.0,1215.3,1264.9,1665745,1234.93,1227.4,26,1227.6,114,
2026-04-10T10:24:41.818,NC,COFORGE,1227.6,1271.0,1272.0,1215.3,1264.9,1665771,1234.93,1227.4,26,1227.6,40,
2026-04-10T10:24:42.809,NC,COFORGE,1227.4,1271.0,1272.0,1215.3,1264.9,1665774,1234.93,1227.4,23,1227.6,40,
2026-04-10T10:24:46.218,NC,COFORGE,1227.4,1271.0,1272.0,1215.3,1264.9,1665842,1234.93,1227.4,8,1227.8,279,
2026-04-10T10:24:52.123,NC,COFORGE,1227.6,1271.0,1272.0,1215.3,1264.9,1666106,1234.92,1227.6,150,1228.0,4400,
2026-04-10T10:24:57.830,NC,COFORGE,1227.9,1271.0,1272.0,1215.3,1264.9,1671176,1234.9,1227.6,246,1227.9,4,
2026-04-10T10:25:03.639,NC,COFORGE,1229.1,1271.0,1272.0,1215.3,1264.9,1714222,1234.75,1228.9,82,1229.3,69,
2026-04-10T10:25:09.768,NC,COFORGE,1227.5,1271.0,1272.0,1215.3,1264.9,1721589,1234.72,1227.7,9,1228.2,204,
2026-04-10T10:25:15.659,NC,COFORGE,1227.3,1271.0,1272.0,1215.3,1264.9,1721774,1234.72,1227.1,6,1227.3,118,
2026-04-10T10:25:21.665,NC,COFORGE,1227.0,1271.0,1272.0,1215.3,1264.9,1724479,1234.71,1226.7,4,1227.0,3,
2026-04-10T10:25:27.771,NC,COFORGE,1226.2,1271.0,1272.0,1215.3,1264.9,1724643,1234.71,1226.1,230,1226.2,1,
2026-04-10T10:25:33.978,NC,COFORGE,1226.0,1271.0,1272.0,1215.3,1264.9,1726603,1234.7,1226.0,341,1226.1,26,
2026-04-10T10:25:40.006,NC,COFORGE,1226.1,1271.0,1272.0,1215.3,1264.9,1726877,1234.7,1226.1,17,1226.2,86,
2026-04-10T10:25:44.150,NC,COFORGE,1226.1,1271.0,1272.0,1215.3,1264.9,1727163,1234.7,1226.1,12,1226.2,17,
2026-04-10T10:25:45.266,NC,COFORGE,1226.2,1271.0,1272.0,1215.3,1264.9,1727179,1234.7,1226.1,15,1226.2,27,
2026-04-10T10:25:46.274,NC,COFORGE,1225.4,1271.0,1272.0,1215.3,1264.9,1727748,1234.69,1225.4,1,1225.5,182,
2026-04-10T10:25:47.353,NC,COFORGE,1224.3,1271.0,1272.0,1215.3,1264.9,1729212,1234.68,1224.2,92,1224.3,8,
2026-04-10T10:25:48.449,NC,COFORGE,1223.8,1271.0,1272.0,1215.3,1264.9,1730168,1234.68,1223.7,14,1223.8,6,
2026-04-10T10:25:49.350,NC,COFORGE,1223.6,1271.0,1272.0,1215.3,1264.9,1730265,1234.68,1223.6,24,1223.7,50,
2026-04-10T10:25:50.355,NC,COFORGE,1223.6,1271.0,1272.0,1215.3,1264.9,1730535,1234.68,1223.6,40,1223.7,89,
2026-04-10T10:25:51.351,NC,COFORGE,1223.6,1271.0,1272.0,1215.3,1264.9,1730638,1234.68,1223.6,84,1223.7,124,
2026-04-10T10:25:52.351,NC,COFORGE,1223.3,1271.0,1272.0,1215.3,1264.9,1731218,1234.67,1223.2,72,1223.7,66,
2026-04-10T10:25:53.352,NC,COFORGE,1223.1,1271.0,1272.0,1215.3,1264.9,1732362,1234.66,1223.6,1,1223.7,79,
2026-04-10T10:25:54.357,NC,COFORGE,1223.4,1271.0,1272.0,1215.3,1264.9,1732850,1234.66,1223.0,92,1223.4,252,
2026-04-10T10:25:55.356,NC,COFORGE,1223.3,1271.0,1272.0,1215.3,1264.9,1732954,1234.66,1223.0,22,1223.3,37,
2026-04-10T10:25:56.357,NC,COFORGE,1223.0,1271.0,1272.0,1215.3,1264.9,1732978,1234.66,1223.0,10,1223.3,262,
2026-04-10T10:25:57.357,NC,COFORGE,1223.0,1271.0,1272.0,1215.3,1264.9,1733166,1234.66,1223.0,4,1223.3,63,
2026-04-10T10:25:58.360,NC,COFORGE,1222.8,1271.0,1272.0,1215.3,1264.9,1733256,1234.66,1222.8,88,1223.3,108,
2026-04-10T10:25:59.361,NC,COFORGE,1223.3,1271.0,1272.0,1215.3,1264.9,1733333,1234.66,1222.8,67,1223.3,49,
2026-04-10T10:26:00.372,NC,COFORGE,1223.3,1271.0,1272.0,1215.3,1264.9,1733341,1234.66,1223.0,50,1223.3,44,
2026-04-10T10:26:01.278,NC,COFORGE,1223.0,1271.0,1272.0,1215.3,1264.9,1733343,1234.66,1223.0,48,1223.3,168,
2026-04-10T10:26:04.470,NC,COFORGE,1223.2,1271.0,1272.0,1215.3,1264.9,1733353,1234.66,1223.0,72,1223.2,131,
2026-04-10T10:26:05.579,NC,COFORGE,1223.0,1271.0,1272.0,1215.3,1264.9,1733647,1234.66,1223.0,24,1223.2,210,
2026-04-10T10:26:06.575,NC,COFORGE,1223.2,1271.0,1272.0,1215.3,1264.9,1733710,1234.66,1223.0,2,1223.2,210,
2026-04-10T10:26:07.580,NC,COFORGE,1223.2,1271.0,1272.0,1215.3,1264.9,1733818,1234.65,1223.0,5,1223.2,56,
2026-04-10T10:26:08.674,NC,COFORGE,1223.0,1271.0,1272.0,1215.3,1264.9,1733936,1234.65,1222.8,317,1223.0,1,
2026-04-10T10:26:09.775,NC,COFORGE,1222.8,1271.0,1272.0,1215.3,1264.9,1734154,1234.65,1222.8,101,1223.0,3,
2026-04-10T10:26:10.880,NC,COFORGE,1222.8,1271.0,1272.0,1215.3,1264.9,1734167,1234.65,1222.8,95,1223.0,9,
2026-04-10T10:26:11.975,NC,COFORGE,1223.4,1271.0,1272.0,1215.3,1264.9,1734727,1234.65,1223.4,12,1223.9,294,
2026-04-10T10:26:13.079,NC,COFORGE,1223.2,1271.0,1272.0,1215.3,1264.9,1734808,1234.65,1223.2,3,1223.4,1,
2026-04-10T10:26:14.186,NC,COFORGE,1223.2,1271.0,1272.0,1215.3,1264.9,1734811,1234.65,1223.2,1,1223.4,15,
2026-04-10T10:26:15.278,NC,COFORGE,1223.2,1271.0,1272.0,1215.3,1264.9,1734814,1234.65,1223.1,16,1223.4,47,
2026-04-10T10:26:16.381,NC,COFORGE,1222.9,1271.0,1272.0,1215.3,1264.9,1737203,1234.63,1222.9,63,1223.4,99,
2026-04-10T10:26:17.285,NC,COFORGE,1222.9,1271.0,1272.0,1215.3,1264.9,1737375,1234.63,1222.9,32,1223.4,145,
2026-04-10T10:26:18.392,NC,COFORGE,1222.7,1271.0,1272.0,1215.3,1264.9,1739188,1234.62,1222.8,27,1223.1,75,
2026-04-10T10:26:19.379,NC,COFORGE,1223.1,1271.0,1272.0,1215.3,1264.9,1739524,1234.62,1222.6,106,1223.1,125,
2026-04-10T10:26:20.580,NC,COFORGE,1223.1,1271.0,1272.0,1215.3,1264.9,1739571,1234.62,1223.0,4,1223.1,185,
2026-04-10T10:26:21.683,NC,COFORGE,1222.8,1271.0,1272.0,1215.3,1264.9,1739746,1234.61,1222.8,14,1223.0,42,
2026-04-10T10:26:22.683,NC,COFORGE,1222.9,1271.0,1272.0,1215.3,1264.9,1739969,1234.61,1222.7,10,1222.9,190,
2026-04-10T10:26:23.591,NC,COFORGE,1222.7,1271.0,1272.0,1215.3,1264.9,1740007,1234.61,1222.7,198,1222.9,165,
2026-04-10T10:26:24.490,NC,COFORGE,1222.7,1271.0,1272.0,1215.3,1264.9,1740321,1234.61,1222.7,14,1222.9,202,
2026-04-10T10:26:25.586,NC,COFORGE,1222.3,1271.0,1272.0,1215.3,1264.9,1740627,1234.61,1222.3,6,1222.9,206,
2026-04-10T10:26:26.598,NC,COFORGE,1222.3,1271.0,1272.0,1215.3,1264.9,1740700,1234.61,1222.3,8,1222.8,43,
2026-04-10T10:26:27.588,NC,COFORGE,1222.3,1271.0,1272.0,1215.3,1264.9,1740736,1234.61,1222.3,47,1222.9,195,
2026-04-10T10:26:28.590,NC,COFORGE,1222.3,1271.0,1272.0,1215.3,1264.9,1740744,1234.61,1222.3,39,1222.8,33,
2026-04-10T10:26:29.592,NC,COFORGE,1222.6,1271.0,1272.0,1215.3,1264.9,1741078,1234.61,1222.2,248,1222.6,232,
2026-04-10T10:26:30.591,NC,COFORGE,1222.3,1271.0,1272.0,1215.3,1264.9,1741188,1234.6,1222.3,120,1222.5,182,
2026-04-10T10:26:31.596,NC,COFORGE,1222.3,1271.0,1272.0,1215.3,1264.9,1741243,1234.6,1222.3,75,1222.5,242,
2026-04-10T10:26:32.592,NC,COFORGE,1222.3,1271.0,1272.0,1215.3,1264.9,1741254,1234.6,1222.3,64,1222.5,242,
2026-04-10T10:26:33.592,NC,COFORGE,1222.5,1271.0,1272.0,1215.3,1264.9,1741310,1234.6,1222.3,58,1222.5,164,
2026-04-10T10:26:34.592,NC,COFORGE,1222.5,1271.0,1272.0,1215.3,1264.9,1741337,1234.6,1222.3,69,1222.5,150,
2026-04-10T10:26:35.595,NC,COFORGE,1222.5,1271.0,1272.0,1215.3,1264.9,1741350,1234.6,1222.4,63,1222.5,116,
2026-04-10T10:26:36.614,NC,COFORGE,1222.5,1271.0,1272.0,1215.3,1264.9,1741368,1234.6,1222.4,56,1222.5,132,
2026-04-10T10:26:37.595,NC,COFORGE,1222.5,1271.0,1272.0,1215.3,1264.9,1741605,1234.6,1222.4,61,1222.5,52,
2026-04-10T10:26:38.595,NC,COFORGE,1222.4,1271.0,1272.0,1215.3,1264.9,1741716,1234.6,1222.4,13,1222.5,52,
2026-04-10T10:26:39.604,NC,COFORGE,1222.5,1271.0,1272.0,1215.3,1264.9,1741875,1234.6,1222.4,42,1222.5,302,
2026-04-10T10:26:40.502,NC,COFORGE,1222.4,1271.0,1272.0,1215.3,1264.9,1742015,1234.6,1222.4,3,1222.5,293,
2026-04-10T10:26:41.505,NC,COFORGE,1222.4,1271.0,1272.0,1215.3,1264.9,1742093,1234.6,1222.4,38,1222.5,306,
2026-04-10T10:26:42.504,NC,COFORGE,1222.2,1271.0,1272.0,1215.3,1264.9,1743285,1234.59,1222.2,42,1222.3,150,
2026-04-10T10:26:43.504,NC,COFORGE,1221.6,1271.0,1272.0,1215.3,1264.9,1746070,1234.57,1221.5,110,1221.6,19,
2026-04-10T10:26:44.710,NC,COFORGE,1221.5,1271.0,1272.0,1215.3,1264.9,1746944,1234.56,1221.2,162,1221.5,319,
2026-04-10T10:26:45.709,NC,COFORGE,1221.0,1271.0,1272.0,1215.3,1264.9,1747260,1234.56,1221.0,437,1221.4,24,
2026-04-10T10:26:46.710,NC,COFORGE,1221.4,1271.0,1272.0,1215.3,1264.9,1747460,1234.56,1221.0,412,1221.5,225,
2026-04-10T10:26:47.715,NC,COFORGE,1221.1,1271.0,1272.0,1215.3,1264.9,1747747,1234.56,1221.0,127,1221.1,1,
2026-04-10T10:26:48.714,NC,COFORGE,1221.0,1271.0,1272.0,1215.3,1264.9,1747983,1234.56,1221.0,79,1221.3,25,
2026-04-10T10:26:49.720,NC,COFORGE,1221.0,1271.0,1272.0,1215.3,1264.9,1748149,1234.55,1221.0,24,1221.2,153,
2026-04-10T10:26:50.720,NC,COFORGE,1220.9,1271.0,1272.0,1215.3,1264.9,1748305,1234.55,1220.9,9,1221.0,3,
2026-04-10T10:26:51.733,NC,COFORGE,1220.8,1271.0,1272.0,1215.3,1264.9,1748804,1234.55,1220.8,65,1221.3,35,
2026-04-10T10:26:52.723,NC,COFORGE,1221.1,1271.0,1272.0,1215.3,1264.9,1749099,1234.55,1220.6,26,1221.1,118,
2026-04-10T10:26:53.719,NC,COFORGE,1221.0,1271.0,1272.0,1215.3,1264.9,1749383,1234.54,1221.0,63,1221.1,102,
2026-04-10T10:26:54.721,NC,COFORGE,1221.1,1271.0,1272.0,1215.3,1264.9,1749741,1234.54,1221.0,103,1221.1,52,
2026-04-10T10:26:55.723,NC,COFORGE,1221.0,1271.0,1272.0,1215.3,1264.9,1750265,1234.54,1220.9,63,1221.0,100,
2026-04-10T10:26:56.733,NC,COFORGE,1220.9,1271.0,1272.0,1215.3,1264.9,1750326,1234.54,1220.9,7,1221.0,95,
2026-04-10T10:26:57.740,NC,COFORGE,1220.9,1271.0,1272.0,1215.3,1264.9,1750384,1234.54,1220.9,59,1221.0,148,
2026-04-10T10:26:58.731,NC,COFORGE,1221.0,1271.0,1272.0,1215.3,1264.9,1750671,1234.53,1220.9,8,1221.0,77,
2026-04-10T10:26:59.828,NC,COFORGE,1220.9,1271.0,1272.0,1215.3,1264.9,1750732,1234.53,1220.9,31,1221.0,157,
2026-04-10T10:27:00.740,NC,COFORGE,1221.0,1271.0,1272.0,1215.3,1264.9,1750746,1234.53,1220.9,24,1221.0,178,
2026-04-10T10:27:01.742,NC,COFORGE,1221.0,1271.0,1272.0,1215.3,1264.9,1751507,1234.53,1221.0,155,1221.2,157,
2026-04-10T10:27:02.844,NC,COFORGE,1221.0,1271.0,1272.0,1215.3,1264.9,1751975,1234.52,1221.0,12,1221.2,175,
2026-04-10T10:27:03.831,NC,COFORGE,1221.0,1271.0,1272.0,1215.3,1264.9,1752459,1234.52,1221.0,63,1221.4,233,
2026-04-10T10:27:04.929,NC,COFORGE,1221.0,1271.0,1272.0,1215.3,1264.9,1752543,1234.52,1221.0,26,1221.4,282,
2026-04-10T10:27:05.932,NC,COFORGE,1221.4,1271.0,1272.0,1215.3,1264.9,1752631,1234.52,1221.0,77,1221.4,171,
2026-04-10T10:27:06.832,NC,COFORGE,1221.1,1271.0,1272.0,1215.3,1264.9,1752655,1234.52,1221.1,73,1221.4,77,
2026-04-10T10:27:07.938,NC,COFORGE,1221.4,1271.0,1272.0,1215.3,1264.9,1752776,1234.52,1221.4,24,1221.6,208,
2026-04-10T10:27:08.936,NC,COFORGE,1220.9,1271.0,1272.0,1215.3,1264.9,1753012,1234.52,1221.0,5,1221.4,242,
2026-04-10T10:27:09.939,NC,COFORGE,1220.9,1271.0,1272.0,1215.3,1264.9,1753137,1234.52,1220.9,66,1221.0,14,
2026-04-10T10:27:10.938,NC,COFORGE,1220.9,1271.0,1272.0,1215.3,1264.9,1753171,1234.52,1220.9,49,1221.0,59,
2026-04-10T10:27:11.938,NC,COFORGE,1221.0,1271.0,1272.0,1215.3,1264.9,1753264,1234.51,1220.9,32,1221.2,68,
2026-04-10T10:27:12.939,NC,COFORGE,1220.9,1271.0,1272.0,1215.3,1264.9,1753299,1234.51,1220.9,10,1221.2,69,
2026-04-10T10:27:13.944,NC,COFORGE,1220.9,1271.0,1272.0,1215.3,1264.9,1753511,1234.51,1220.9,47,1221.3,173,
2026-04-10T10:27:14.980,NC,COFORGE,1221.3,1271.0,1272.0,1215.3,1264.9,1753570,1234.51,1221.0,4,1221.3,204,
2026-04-10T10:27:15.946,NC,COFORGE,1220.9,1271.0,1272.0,1215.3,1264.9,1753581,1234.51,1220.9,7,1221.3,233,
2026-04-10T10:27:16.954,NC,COFORGE,1220.9,1271.0,1272.0,1215.3,1264.9,1753582,1234.51,1220.9,6,1221.3,234,
2026-04-10T10:27:17.946,NC,COFORGE,1220.9,1271.0,1272.0,1215.3,1264.9,1753583,1234.51,1220.9,5,1221.3,50,
2026-04-10T10:27:18.948,NC,COFORGE,1220.9,1271.0,1272.0,1215.3,1264.9,1754190,1234.51,1220.9,61,1221.3,10,
2026-04-10T10:27:19.864,NC,COFORGE,1221.1,1271.0,1272.0,1215.3,1264.9,1754229,1234.51,1221.1,23,1221.3,10,
2026-04-10T10:27:20.950,NC,COFORGE,1221.1,1271.0,1272.0,1215.3,1264.9,1754452,1234.51,1221.1,30,1221.3,52,
2026-04-10T10:27:22.057,NC,COFORGE,1220.9,1271.0,1272.0,1215.3,1264.9,1754509,1234.51,1220.9,37,1221.2,31,
2026-04-10T10:27:23.049,NC,COFORGE,1221.0,1271.0,1272.0,1215.3,1264.9,1754772,1234.5,1221.0,105,1221.2,25,
2026-04-10T10:27:24.067,NC,COFORGE,1221.0,1271.0,1272.0,1215.3,1264.9,1754868,1234.5,1221.0,276,1221.2,8,
2026-04-10T10:27:25.062,NC,COFORGE,1221.6,1271.0,1272.0,1215.3,1264.9,1754967,1234.5,1221.3,213,1221.6,120,
2026-04-10T10:27:26.052,NC,COFORGE,1221.3,1271.0,1272.0,1215.3,1264.9,1754985,1234.5,1221.3,196,1221.6,199,
2026-04-10T10:27:27.050,NC,COFORGE,1221.0,1271.0,1272.0,1215.3,1264.9,1755212,1234.5,1221.0,259,1221.3,62,
2026-04-10T10:27:28.086,NC,COFORGE,1221.0,1271.0,1272.0,1215.3,1264.9,1755249,1234.5,1221.0,223,1221.3,8,
2026-04-10T10:27:29.150,NC,COFORGE,1221.3,1271.0,1272.0,1215.3,1264.9,1755272,1234.5,1221.0,215,1221.3,5,
2026-04-10T10:27:30.256,NC,COFORGE,1221.0,1271.0,1272.0,1215.3,1264.9,1755296,1234.5,1221.0,210,1221.3,15,
2026-04-10T10:27:31.369,NC,COFORGE,1221.3,1271.0,1272.0,1215.3,1264.9,1755308,1234.5,1221.0,215,1221.3,178,
2026-04-10T10:27:32.360,NC,COFORGE,1221.0,1271.0,1272.0,1215.3,1264.9,1755311,1234.5,1221.0,215,1221.3,268,
2026-04-10T10:27:33.470,NC,COFORGE,1221.3,1271.0,1272.0,1215.3,1264.9,1755354,1234.5,1221.0,184,1221.3,298,
2026-04-10T10:27:34.559,NC,COFORGE,1221.3,1271.0,1272.0,1215.3,1264.9,1755373,1234.5,1221.0,201,1221.3,415,
2026-04-10T10:27:35.658,NC,COFORGE,1221.0,1271.0,1272.0,1215.3,1264.9,1755386,1234.5,1221.0,396,1221.3,354,
2026-04-10T10:27:36.776,NC,COFORGE,1221.0,1271.0,1272.0,1215.3,1264.9,1755438,1234.5,1221.0,394,1221.3,239,
2026-04-10T10:27:37.863,NC,COFORGE,1221.5,1271.0,1272.0,1215.3,1264.9,1756266,1234.49,1221.0,269,1221.5,142,
2026-04-10T10:27:38.883,NC,COFORGE,1221.0,1271.0,1272.0,1215.3,1264.9,1756436,1234.49,1221.0,165,1221.4,34,
2026-04-10T10:27:39.874,NC,COFORGE,1221.0,1271.0,1272.0,1215.3,1264.9,1756463,1234.49,1221.0,240,1221.3,336,
2026-04-10T10:27:40.987,NC,COFORGE,1221.0,1271.0,1272.0,1215.3,1264.9,1756479,1234.49,1221.0,235,1221.3,290,
2026-04-10T10:27:41.988,NC,COFORGE,1221.0,1271.0,1272.0,1215.3,1264.9,1756496,1234.49,1221.0,231,1221.3,287,
2026-04-10T10:27:42.979,NC,COFORGE,1221.0,1271.0,1272.0,1215.3,1264.9,1756571,1234.49,1221.0,176,1221.2,265,
2026-04-10T10:27:44.579,NC,COFORGE,1221.2,1271.0,1272.0,1215.3,1264.9,1756606,1234.49,1221.0,160,1221.2,257,
2026-04-10T10:27:45.581,NC,COFORGE,1221.0,1271.0,1272.0,1215.3,1264.9,1756611,1234.49,1221.0,170,1221.2,261,
2026-04-10T10:27:46.581,NC,COFORGE,1221.0,1271.0,1272.0,1215.3,1264.9,1756612,1234.49,1221.0,184,1221.2,261,
2026-04-10T10:27:47.613,NC,COFORGE,1221.0,1271.0,1272.0,1215.3,1264.9,1756620,1234.49,1221.0,451,1221.2,195,
2026-04-10T10:27:48.590,NC,COFORGE,1221.2,1271.0,1272.0,1215.3,1264.9,1756624,1234.49,1221.0,499,1221.2,110,
2026-04-10T10:27:49.597,NC,COFORGE,1220.9,1271.0,1272.0,1215.3,1264.9,1758967,1234.47,1220.8,63,1220.9,26,
2026-04-10T10:27:50.504,NC,COFORGE,1221.3,1271.0,1272.0,1215.3,1264.9,1762249,1234.45,1221.5,31,1222.0,134,
2026-04-10T10:27:51.597,NC,COFORGE,1221.3,1271.0,1272.0,1215.3,1264.9,1762802,1234.44,1221.3,16,1221.5,8,
2026-04-10T10:27:52.505,NC,COFORGE,1221.5,1271.0,1272.0,1215.3,1264.9,1763159,1234.44,1221.1,34,1221.5,371,
2026-04-10T10:27:53.498,NC,COFORGE,1221.1,1271.0,1272.0,1215.3,1264.9,1763475,1234.44,1220.6,63,1221.1,435,
2026-04-10T10:27:54.598,NC,COFORGE,1221.0,1271.0,1272.0,1215.3,1264.9,1763604,1234.44,1220.6,56,1221.0,15,
2026-04-10T10:27:55.600,NC,COFORGE,1221.0,1271.0,1272.0,1215.3,1264.9,1764387,1234.43,1221.0,1389,1221.1,88,
2026-04-10T10:27:56.500,NC,COFORGE,1220.5,1271.0,1272.0,1215.3,1264.9,1766554,1234.41,1220.4,115,1221.0,173,
2026-04-10T10:27:57.500,NC,COFORGE,1220.4,1271.0,1272.0,1215.3,1264.9,1766955,1234.41,1220.2,283,1220.4,3,
2026-04-10T10:27:58.583,NC,COFORGE,1220.5,1271.0,1272.0,1215.3,1264.9,1767416,1234.41,1220.1,497,1220.7,114,
2026-04-10T10:27:59.509,NC,COFORGE,1220.0,1271.0,1272.0,1215.3,1264.9,1769025,1234.39,1220.0,6975,1220.6,92,
2026-04-10T10:28:00.507,NC,COFORGE,1220.6,1271.0,1272.0,1215.3,1264.9,1769325,1234.39,1220.1,59,1220.6,98,
2026-04-10T10:28:01.417,NC,COFORGE,1220.0,1271.0,1272.0,1215.3,1264.9,1769419,1234.39,1220.0,6826,1220.5,30,
2026-04-10T10:28:02.414,NC,COFORGE,1220.8,1271.0,1272.0,1215.3,1264.9,1769694,1234.39,1220.6,9,1221.0,1,
2026-04-10T10:28:03.444,NC,COFORGE,1220.6,1271.0,1272.0,1215.3,1264.9,1769760,1234.39,1220.5,61,1221.0,1,
2026-04-10T10:28:04.517,NC,COFORGE,1220.5,1271.0,1272.0,1215.3,1264.9,1769769,1234.39,1220.5,76,1221.0,14,
2026-04-10T10:28:05.522,NC,COFORGE,1220.9,1271.0,1272.0,1215.3,1264.9,1769777,1234.39,1220.5,23,1221.0,216,
2026-04-10T10:28:06.532,NC,COFORGE,1220.5,1271.0,1272.0,1215.3,1264.9,1769816,1234.39,1220.5,19,1221.0,263,
2026-04-10T10:28:07.519,NC,COFORGE,1221.0,1271.0,1272.0,1215.3,1264.9,1770045,1234.39,1220.5,151,1221.0,12,
2026-04-10T10:28:08.529,NC,COFORGE,1220.4,1271.0,1272.0,1215.3,1264.9,1770371,1234.38,1220.4,130,1221.0,8,
2026-04-10T10:28:09.533,NC,COFORGE,1220.3,1271.0,1272.0,1215.3,1264.9,1770471,1234.38,1220.3,183,1220.9,85,
2026-04-10T10:28:10.527,NC,COFORGE,1220.9,1271.0,1272.0,1215.3,1264.9,1770487,1234.38,1220.3,70,1220.9,248,
2026-04-10T10:28:11.531,NC,COFORGE,1220.2,1271.0,1272.0,1215.3,1264.9,1770599,1234.38,1220.2,80,1220.8,175,
2026-04-10T10:28:12.525,NC,COFORGE,1220.8,1271.0,1272.0,1215.3,1264.9,1771729,1234.37,1220.5,5,1220.8,322,
2026-04-10T10:28:13.530,NC,COFORGE,1220.2,1271.0,1272.0,1215.3,1264.9,1771938,1234.37,1220.2,138,1220.5,8,
2026-04-10T10:28:14.532,NC,COFORGE,1220.2,1271.0,1272.0,1215.3,1264.9,1771970,1234.37,1220.4,5,1220.5,74,
2026-04-10T10:28:15.441,NC,COFORGE,1220.2,1271.0,1272.0,1215.3,1264.9,1772053,1234.37,1220.2,15,1220.5,84,
2026-04-10T10:28:16.437,NC,COFORGE,1220.2,1271.0,1272.0,1215.3,1264.9,1772065,1234.37,1220.2,3,1220.5,84,
2026-04-10T10:28:17.534,NC,COFORGE,1220.5,1271.0,1272.0,1215.3,1264.9,1772179,1234.37,1220.1,176,1220.5,145,
2026-04-10T10:28:18.536,NC,COFORGE,1220.5,1271.0,1272.0,1215.3,1264.9,1772336,1234.37,1220.1,291,1220.5,75,
2026-04-10T10:28:19.537,NC,COFORGE,1220.5,1271.0,1272.0,1215.3,1264.9,1772370,1234.37,1220.2,27,1220.5,99,
2026-04-10T10:28:20.542,NC,COFORGE,1220.2,1271.0,1272.0,1215.3,1264.9,1772377,1234.37,1220.2,21,1220.5,99,
2026-04-10T10:28:21.551,NC,COFORGE,1220.2,1271.0,1272.0,1215.3,1264.9,1772657,1234.37,1220.1,139,1220.2,2,
2026-04-10T10:28:22.538,NC,COFORGE,1220.3,1271.0,1272.0,1215.3,1264.9,1772709,1234.36,1220.3,51,1220.5,85,
2026-04-10T10:28:23.543,NC,COFORGE,1220.1,1271.0,1272.0,1215.3,1264.9,1772812,1234.36,1220.1,90,1220.4,2,
2026-04-10T10:28:24.539,NC,COFORGE,1220.2,1271.0,1272.0,1215.3,1264.9,1772852,1234.36,1220.2,8,1220.4,6,
2026-04-10T10:28:25.548,NC,COFORGE,1220.4,1271.0,1272.0,1215.3,1264.9,1772864,1234.36,1220.2,1,1220.4,28,
2026-04-10T10:28:26.542,NC,COFORGE,1220.4,1271.0,1272.0,1215.3,1264.9,1772869,1234.36,1220.3,10,1220.4,102,
2026-04-10T10:28:27.547,NC,COFORGE,1220.4,1271.0,1272.0,1215.3,1264.9,1772873,1234.36,1220.3,9,1220.4,148,
2026-04-10T10:28:30.358,NC,COFORGE,1220.4,1271.0,1272.0,1215.3,1264.9,1772874,1234.36,1220.3,9,1220.4,131,
2026-04-10T10:28:31.363,NC,COFORGE,1220.3,1271.0,1272.0,1215.3,1264.9,1772881,1234.36,1220.3,7,1220.4,317,
2026-04-10T10:28:32.465,NC,COFORGE,1220.1,1271.0,1272.0,1215.3,1264.9,1773089,1234.36,1220.1,131,1220.3,2,
2026-04-10T10:28:33.458,NC,COFORGE,1220.2,1271.0,1272.0,1215.3,1264.9,1773569,1234.36,1220.1,285,1220.7,37,
2026-04-10T10:28:34.374,NC,COFORGE,1220.3,1271.0,1272.0,1215.3,1264.9,1773699,1234.36,1220.2,55,1220.7,39,
2026-04-10T10:28:35.459,NC,COFORGE,1220.3,1271.0,1272.0,1215.3,1264.9,1773745,1234.36,1220.3,6,1220.6,113,
2026-04-10T10:28:36.461,NC,COFORGE,1220.3,1271.0,1272.0,1215.3,1264.9,1773789,1234.36,1220.3,24,1220.6,136,
2026-04-10T10:28:37.462,NC,COFORGE,1220.6,1271.0,1272.0,1215.3,1264.9,1774113,1234.35,1220.4,11,1220.6,40,
2026-04-10T10:28:38.485,NC,COFORGE,1220.1,1271.0,1272.0,1215.3,1264.9,1774176,1234.35,1220.1,79,1220.4,251,
2026-04-10T10:28:39.376,NC,COFORGE,1220.1,1271.0,1272.0,1215.3,1264.9,1774187,1234.35,1220.1,68,1220.4,338,
2026-04-10T10:28:40.467,NC,COFORGE,1220.4,1271.0,1272.0,1215.3,1264.9,1774241,1234.35,1220.3,10,1220.4,321,
2026-04-10T10:28:41.468,NC,COFORGE,1220.3,1271.0,1272.0,1215.3,1264.9,1774355,1234.35,1220.3,3,1220.4,322,
2026-04-10T10:28:42.373,NC,COFORGE,1220.4,1271.0,1272.0,1215.3,1264.9,1774382,1234.35,1220.1,120,1220.4,305,
2026-04-10T10:28:43.375,NC,COFORGE,1220.4,1271.0,1272.0,1215.3,1264.9,1774451,1234.35,1220.1,149,1220.4,250,
2026-04-10T10:28:44.475,NC,COFORGE,1220.1,1271.0,1272.0,1215.3,1264.9,1774511,1234.35,1220.1,53,1220.4,260,
2026-04-10T10:28:45.571,NC,COFORGE,1220.1,1271.0,1272.0,1215.3,1264.9,1774546,1234.35,1220.1,49,1220.4,278,
2026-04-10T10:28:46.693,NC,COFORGE,1220.1,1271.0,1272.0,1215.3,1264.9,1774567,1234.35,1220.1,53,1220.4,271,
2026-04-10T10:28:47.677,NC,COFORGE,1220.1,1271.0,1272.0,1215.3,1264.9,1774612,1234.35,1220.1,11,1220.4,271,
2026-04-10T10:28:48.776,NC,COFORGE,1220.1,1271.0,1272.0,1215.3,1264.9,1774653,1234.35,1220.1,52,1220.4,273,
2026-04-10T10:28:49.880,NC,COFORGE,1220.1,1271.0,1272.0,1215.3,1264.9,1774661,1234.35,1220.1,68,1220.4,284,
2026-04-10T10:28:50.986,NC,COFORGE,1220.1,1271.0,1272.0,1215.3,1264.9,1774683,1234.35,1220.1,315,1220.4,277,
2026-04-10T10:28:52.077,NC,COFORGE,1220.1,1271.0,1272.0,1215.3,1264.9,1774690,1234.35,1220.1,318,1220.4,248,
2026-04-10T10:28:52.984,NC,COFORGE,1220.1,1271.0,1272.0,1215.3,1264.9,1774942,1234.35,1220.1,357,1220.4,17,
2026-04-10T10:28:54.080,NC,COFORGE,1220.1,1271.0,1272.0,1215.3,1264.9,1775198,1234.35,1220.1,333,1220.4,17,
2026-04-10T10:28:55.182,NC,COFORGE,1220.1,1271.0,1272.0,1215.3,1264.9,1775421,1234.34,1220.1,297,1220.6,60,
2026-04-10T10:28:56.285,NC,COFORGE,1220.4,1271.0,1272.0,1215.3,1264.9,1784859,1234.27,1220.2,170,1220.6,85,
2026-04-10T10:28:57.399,NC,COFORGE,1220.2,1271.0,1272.0,1215.3,1264.9,1786695,1234.25,1220.1,155,1220.2,18,
2026-04-10T10:28:58.487,NC,COFORGE,1220.0,1271.0,1272.0,1215.3,1264.9,1786983,1234.25,1220.0,213,1220.2,68,
2026-04-10T10:28:59.487,NC,COFORGE,1220.0,1271.0,1272.0,1215.3,1264.9,1788226,1234.24,1219.9,72,1220.0,33,
2026-04-10T10:29:00.591,NC,COFORGE,1220.0,1271.0,1272.0,1215.3,1264.9,1788798,1234.24,1219.8,67,1220.0,159,
2026-04-10T10:29:01.714,NC,COFORGE,1219.8,1271.0,1272.0,1215.3,1264.9,1788894,1234.24,1219.7,10,1219.9,106,
2026-04-10T10:29:02.792,NC,COFORGE,1219.8,1271.0,1272.0,1215.3,1264.9,1789045,1234.23,1219.6,14,1219.9,75,
2026-04-10T10:29:03.892,NC,COFORGE,1219.9,1271.0,1272.0,1215.3,1264.9,1789097,1234.23,1219.6,9,1219.9,297,
2026-04-10T10:29:05.000,NC,COFORGE,1219.9,1271.0,1272.0,1215.3,1264.9,1789112,1234.23,1219.6,30,1219.9,313,
2026-04-10T10:29:06.103,NC,COFORGE,1219.8,1271.0,1272.0,1215.3,1264.9,1789327,1234.23,1219.6,22,1219.9,204,
2026-04-10T10:29:07.095,NC,COFORGE,1219.6,1271.0,1272.0,1215.3,1264.9,1789385,1234.23,1219.6,18,1219.9,144,
2026-04-10T10:29:08.096,NC,COFORGE,1219.4,1271.0,1272.0,1215.3,1264.9,1789465,1234.23,1219.4,113,1219.9,129,
2026-04-10T10:29:09.304,NC,COFORGE,1219.4,1271.0,1272.0,1215.3,1264.9,1789468,1234.23,1219.4,210,1219.9,129,
2026-04-10T10:29:10.300,NC,COFORGE,1219.6,1271.0,1272.0,1215.3,1264.9,1789504,1234.23,1219.6,2,1219.9,261,
2026-04-10T10:29:11.334,NC,COFORGE,1220.0,1271.0,1272.0,1215.3,1264.9,1790114,1234.23,1220.0,6,1220.3,63,
2026-04-10T10:29:12.300,NC,COFORGE,1220.0,1271.0,1272.0,1215.3,1264.9,1790289,1234.22,1220.1,38,1220.6,63,
2026-04-10T10:29:13.400,NC,COFORGE,1220.2,1271.0,1272.0,1215.3,1264.9,1791411,1234.22,1220.2,81,1220.7,63,
2026-04-10T10:29:14.503,NC,COFORGE,1220.2,1271.0,1272.0,1215.3,1264.9,1791704,1234.21,1220.2,119,1220.8,195,
2026-04-10T10:29:15.610,NC,COFORGE,1220.2,1271.0,1272.0,1215.3,1264.9,1791749,1234.21,1220.2,174,1220.6,6,
2026-04-10T10:29:16.537,NC,COFORGE,1220.5,1271.0,1272.0,1215.3,1264.9,1791841,1234.21,1220.5,171,1220.6,1,
2026-04-10T10:29:17.604,NC,COFORGE,1220.5,1271.0,1272.0,1215.3,1264.9,1791917,1234.21,1220.6,36,1221.0,6485,
2026-04-10T10:29:18.705,NC,COFORGE,1221.0,1271.0,1272.0,1215.3,1264.9,1792376,1234.21,1220.6,244,1221.0,6160,
2026-04-10T10:29:19.806,NC,COFORGE,1220.6,1271.0,1272.0,1215.3,1264.9,1792575,1234.21,1220.6,24,1221.0,6105,
2026-04-10T10:29:20.905,NC,COFORGE,1221.0,1271.0,1272.0,1215.3,1264.9,1800242,1234.15,1221.0,452,1221.3,57,
2026-04-10T10:29:22.011,NC,COFORGE,1220.8,1271.0,1272.0,1215.3,1264.9,1801457,1234.14,1220.8,187,1221.0,1,
2026-04-10T10:29:22.919,NC,COFORGE,1221.0,1271.0,1272.0,1215.3,1264.9,1801917,1234.14,1221.0,113,1221.5,74,
2026-04-10T10:29:24.023,NC,COFORGE,1221.5,1271.0,1272.0,1215.3,1264.9,1802051,1234.14,1221.0,26,1221.5,52,
2026-04-10T10:29:25.131,NC,COFORGE,1221.1,1271.0,1272.0,1215.3,1264.9,1802114,1234.14,1221.1,212,1221.5,22,
2026-04-10T10:29:26.214,NC,COFORGE,1221.5,1271.0,1272.0,1215.3,1264.9,1802150,1234.14,1221.1,130,1221.5,52,
2026-04-10T10:29:27.328,NC,COFORGE,1221.1,1271.0,1272.0,1215.3,1264.9,1802199,1234.14,1221.1,232,1221.5,13,
2026-04-10T10:29:28.420,NC,COFORGE,1221.1,1271.0,1272.0,1215.3,1264.9,1802208,1234.14,1221.1,228,1221.5,13,
2026-04-10T10:29:29.522,NC,COFORGE,1221.1,1271.0,1272.0,1215.3,1264.9,1802209,1234.14,1221.1,395,1221.5,13,
2026-04-10T10:29:30.523,NC,COFORGE,1221.1,1271.0,1272.0,1215.3,1264.9,1802211,1234.14,1221.1,393,1221.5,13,
2026-04-10T10:29:32.624,NC,COFORGE,1221.5,1271.0,1272.0,1215.3,1264.9,1802269,1234.14,1221.3,179,1221.5,127,
2026-04-10T10:29:33.727,NC,COFORGE,1221.1,1271.0,1272.0,1215.3,1264.9,1802404,1234.14,1221.1,24,1221.5,78,
2026-04-10T10:29:34.829,NC,COFORGE,1221.3,1271.0,1272.0,1215.3,1264.9,1802519,1234.13,1221.3,369,1221.5,1,
2026-04-10T10:29:35.961,NC,COFORGE,1221.5,1271.0,1272.0,1215.3,1264.9,1802526,1234.13,1221.7,64,1222.0,51,
2026-04-10T10:29:37.035,NC,COFORGE,1222.1,1271.0,1272.0,1215.3,1264.9,1802606,1234.13,1222.1,358,1222.5,175,
2026-04-10T10:29:38.135,NC,COFORGE,1222.5,1271.0,1272.0,1215.3,1264.9,1802839,1234.13,1222.5,2,1222.7,324,
2026-04-10T10:29:39.137,NC,COFORGE,1222.1,1271.0,1272.0,1215.3,1264.9,1802871,1234.13,1222.2,293,1222.5,3,
2026-04-10T10:29:40.239,NC,COFORGE,1222.5,1271.0,1272.0,1215.3,1264.9,1802880,1234.13,1222.6,38,1223.1,12,
2026-04-10T10:29:41.246,NC,COFORGE,1222.6,1271.0,1272.0,1215.3,1264.9,1802882,1234.13,1222.6,206,1223.1,3,
2026-04-10T10:29:42.242,NC,COFORGE,1222.6,1271.0,1272.0,1215.3,1264.9,1802904,1234.13,1222.7,67,1223.1,2,
2026-04-10T10:29:43.346,NC,COFORGE,1222.7,1271.0,1272.0,1215.3,1264.9,1802907,1234.13,1222.7,308,1223.1,3,
2026-04-10T10:29:44.242,NC,COFORGE,1223.0,1271.0,1272.0,1215.3,1264.9,1802918,1234.13,1222.7,4,1223.1,213,
2026-04-10T10:29:45.344,NC,COFORGE,1223.1,1271.0,1272.0,1215.3,1264.9,1802926,1234.13,1222.7,1,1223.1,356,
2026-04-10T10:29:46.345,NC,COFORGE,1222.7,1271.0,1272.0,1215.3,1264.9,1802927,1234.13,1222.5,300,1223.1,172,
2026-04-10T10:29:48.347,NC,COFORGE,1223.1,1271.0,1272.0,1215.3,1264.9,1802928,1234.13,1222.7,21,1223.1,121,
2026-04-10T10:29:49.346,NC,COFORGE,1222.7,1271.0,1272.0,1215.3,1264.9,1802929,1234.13,1222.7,20,1223.1,121,
2026-04-10T10:29:50.349,NC,COFORGE,1222.7,1271.0,1272.0,1215.3,1264.9,1803124,1234.13,1222.7,186,1223.1,25,
2026-04-10T10:29:51.258,NC,COFORGE,1223.1,1271.0,1272.0,1215.3,1264.9,1803188,1234.13,1223.1,267,1223.3,208,
2026-04-10T10:29:52.255,NC,COFORGE,1223.1,1271.0,1272.0,1215.3,1264.9,1803209,1234.13,1223.1,246,1223.3,252,
2026-04-10T10:29:53.261,NC,COFORGE,1223.1,1271.0,1272.0,1215.3,1264.9,1803506,1234.13,1223.1,193,1223.3,303,
2026-04-10T10:29:54.267,NC,COFORGE,1223.1,1271.0,1272.0,1215.3,1264.9,1803529,1234.13,1223.1,182,1223.3,171,
2026-04-10T10:29:55.268,NC,COFORGE,1223.1,1271.0,1272.0,1215.3,1264.9,1803533,1234.13,1223.1,183,1223.3,162,
2026-04-10T10:29:56.268,NC,COFORGE,1223.1,1271.0,1272.0,1215.3,1264.9,1803561,1234.13,1223.1,180,1223.3,57,
2026-04-10T10:29:57.271,NC,COFORGE,1223.3,1271.0,1272.0,1215.3,1264.9,1803567,1234.13,1223.1,176,1223.3,55,
2026-04-10T10:29:58.268,NC,COFORGE,1223.3,1271.0,1272.0,1215.3,1264.9,1803624,1234.13,1223.4,35,1223.9,154,
2026-04-10T10:29:59.274,NC,COFORGE,1223.5,1271.0,1272.0,1215.3,1264.9,1803673,1234.13,1223.4,30,1223.9,152,
2026-04-10T10:30:00.271,NC,COFORGE,1223.9,1271.0,1272.0,1215.3,1264.9,1803702,1234.13,1223.5,95,1223.9,19,
2026-04-10T10:30:01.426,NC,COFORGE,1223.4,1271.0,1272.0,1215.3,1264.9,1803707,1234.13,1223.4,269,1223.9,19,
2026-04-10T10:30:02.275,NC,COFORGE,1223.9,1271.0,1272.0,1215.3,1264.9,1803755,1234.13,1223.8,74,1224.3,189,
2026-04-10T10:30:03.376,NC,COFORGE,1224.3,1271.0,1272.0,1215.3,1264.9,1803801,1234.13,1223.8,95,1224.3,118,
2026-04-10T10:30:04.282,NC,COFORGE,1223.8,1271.0,1272.0,1215.3,1264.9,1804204,1234.12,1223.7,292,1224.3,103,
2026-04-10T10:30:05.280,NC,COFORGE,1223.8,1271.0,1272.0,1215.3,1264.9,1806473,1234.11,1223.5,385,1223.8,51,
2026-04-10T10:30:06.386,NC,COFORGE,1223.5,1271.0,1272.0,1215.3,1264.9,1806889,1234.11,1223.5,27,1223.8,328,
2026-04-10T10:30:07.392,NC,COFORGE,1223.4,1271.0,1272.0,1215.3,1264.9,1813996,1234.07,1223.4,67,1223.5,36,
2026-04-10T10:30:08.389,NC,COFORGE,1223.0,1271.0,1272.0,1215.3,1264.9,1815318,1234.06,1223.0,208,1223.4,15,
2026-04-10T10:30:09.392,NC,COFORGE,1223.4,1271.0,1272.0,1215.3,1264.9,1815605,1234.06,1223.0,268,1223.4,3,
2026-04-10T10:30:10.293,NC,COFORGE,1223.0,1271.0,1272.0,1215.3,1264.9,1815997,1234.06,1222.7,38,1223.3,204,
2026-04-10T10:30:11.294,NC,COFORGE,1222.6,1271.0,1272.0,1215.3,1264.9,1816726,1234.05,1222.6,81,1223.0,100,
2026-04-10T10:30:12.294,NC,COFORGE,1222.6,1271.0,1272.0,1215.3,1264.9,1817015,1234.05,1222.5,9,1223.0,152,
2026-04-10T10:30:13.295,NC,COFORGE,1222.6,1271.0,1272.0,1215.3,1264.9,1817549,1234.05,1222.6,152,1223.0,169,
2026-04-10T10:30:14.294,NC,COFORGE,1222.6,1271.0,1272.0,1215.3,1264.9,1817612,1234.05,1222.6,190,1223.0,168,
2026-04-10T10:30:15.300,NC,COFORGE,1223.5,1271.0,1272.0,1215.3,1264.9,1819081,1234.04,1223.1,196,1223.5,56,
2026-04-10T10:30:16.319,NC,COFORGE,1223.5,1271.0,1272.0,1215.3,1264.9,1819676,1234.04,1223.5,102,1223.8,18,
2026-04-10T10:30:17.246,NC,COFORGE,1223.5,1271.0,1272.0,1215.3,1264.9,1819822,1234.03,1223.4,193,1223.8,19,
2026-04-10T10:30:18.215,NC,COFORGE,1223.4,1271.0,1272.0,1215.3,1264.9,1819849,1234.03,1223.4,292,1223.8,33,
2026-04-10T10:30:19.207,NC,COFORGE,1223.5,1271.0,1272.0,1215.3,1264.9,1819852,1234.03,1223.5,57,1223.8,33,
2026-04-10T10:30:20.206,NC,COFORGE,1223.5,1271.0,1272.0,1215.3,1264.9,1819854,1234.03,1223.5,129,1223.8,33,
2026-04-10T10:30:21.231,NC,COFORGE,1223.7,1271.0,1272.0,1215.3,1264.9,1819877,1234.03,1223.5,156,1223.7,83,
2026-04-10T10:30:22.214,NC,COFORGE,1223.5,1271.0,1272.0,1215.3,1264.9,1819921,1234.03,1223.5,147,1223.7,26,
2026-04-10T10:30:23.216,NC,COFORGE,1223.7,1271.0,1272.0,1215.3,1264.9,1820146,1234.03,1223.7,1,1223.8,2,
2026-04-10T10:30:23.216,NC,COFORGE,1223.7,1271.0,1272.0,1215.3,1264.9,1820146,1234.03,1223.7,1,1223.8,2,
2026-04-10T10:30:24.213,NC,COFORGE,1223.7,1271.0,1272.0,1215.3,1264.9,1820223,1234.03,1223.7,17,1224.1,1,
2026-04-10T10:30:25.212,NC,COFORGE,1223.6,1271.0,1272.0,1215.3,1264.9,1820417,1234.03,1223.6,40,1224.2,84,
2026-04-10T10:30:26.316,NC,COFORGE,1223.5,1271.0,1272.0,1215.3,1264.9,1820446,1234.03,1223.5,154,1224.1,196,
2026-04-10T10:30:27.317,NC,COFORGE,1223.6,1271.0,1272.0,1215.3,1264.9,1820557,1234.03,1223.6,10,1224.1,52,
2026-04-10T10:30:28.419,NC,COFORGE,1223.5,1271.0,1272.0,1215.3,1264.9,1820574,1234.03,1223.5,180,1224.1,170,
2026-04-10T10:30:29.423,NC,COFORGE,1224.4,1271.0,1272.0,1215.3,1264.9,1821020,1234.03,1223.7,57,1224.3,69,
2026-04-10T10:30:30.417,NC,COFORGE,1223.6,1271.0,1272.0,1215.3,1264.9,1821096,1234.03,1223.6,59,1224.0,70,
2026-04-10T10:30:31.527,NC,COFORGE,1223.6,1271.0,1272.0,1215.3,1264.9,1821110,1234.03,1223.6,7,1223.9,102,
2026-04-10T10:30:32.621,NC,COFORGE,1223.7,1271.0,1272.0,1215.3,1264.9,1821215,1234.03,1223.6,7,1223.7,1,
2026-04-10T10:30:33.722,NC,COFORGE,1223.5,1271.0,1272.0,1215.3,1264.9,1821383,1234.03,1223.5,105,1223.9,13,
2026-04-10T10:30:34.828,NC,COFORGE,1223.5,1271.0,1272.0,1215.3,1264.9,1821401,1234.03,1223.5,111,1223.9,39,
2026-04-10T10:30:35.724,NC,COFORGE,1223.5,1271.0,1272.0,1215.3,1264.9,1821412,1234.03,1223.5,157,1223.9,30,
2026-04-10T10:30:36.736,NC,COFORGE,1223.5,1271.0,1272.0,1215.3,1264.9,1821414,1234.03,1223.5,107,1223.9,30,
2026-04-10T10:30:37.730,NC,COFORGE,1223.9,1271.0,1272.0,1215.3,1264.9,1821967,1234.02,1223.9,24,1224.0,287,
2026-04-10T10:30:38.736,NC,COFORGE,1223.6,1271.0,1272.0,1215.3,1264.9,1822055,1234.02,1223.6,1,1224.0,234,
2026-04-10T10:30:39.738,NC,COFORGE,1223.5,1271.0,1272.0,1215.3,1264.9,1822078,1234.02,1223.5,61,1223.9,80,
2026-04-10T10:30:40.735,NC,COFORGE,1223.8,1271.0,1272.0,1215.3,1264.9,1822132,1234.02,1223.5,57,1223.8,14,
2026-04-10T10:30:41.752,NC,COFORGE,1223.4,1271.0,1272.0,1215.3,1264.9,1822214,1234.02,1223.1,39,1223.6,92,
2026-04-10T10:30:42.736,NC,COFORGE,1223.6,1271.0,1272.0,1215.3,1264.9,1822326,1234.02,1223.1,1,1223.6,95,
2026-04-10T10:30:43.939,NC,COFORGE,1223.3,1271.0,1272.0,1215.3,1264.9,1822496,1234.02,1223.3,83,1223.9,247,
2026-04-10T10:30:44.938,NC,COFORGE,1223.3,1271.0,1272.0,1215.3,1264.9,1822509,1234.02,1223.4,118,1223.9,52,
2026-04-10T10:30:45.940,NC,COFORGE,1223.4,1271.0,1272.0,1215.3,1264.9,1822510,1234.02,1223.4,117,1223.9,61,
2026-04-10T10:30:47.846,NC,COFORGE,1223.5,1271.0,1272.0,1215.3,1264.9,1822542,1234.02,1223.5,135,1223.9,61,
2026-04-10T10:30:48.943,NC,COFORGE,1223.9,1271.0,1272.0,1215.3,1264.9,1822553,1234.02,1223.5,130,1223.9,55,
2026-04-10T10:30:49.969,NC,COFORGE,1223.9,1271.0,1272.0,1215.3,1264.9,1822574,1234.02,1223.6,35,1223.9,62,
2026-04-10T10:30:50.946,NC,COFORGE,1223.6,1271.0,1272.0,1215.3,1264.9,1822577,1234.02,1223.6,32,1223.9,62,
2026-04-10T10:30:51.946,NC,COFORGE,1224.0,1271.0,1272.0,1215.3,1264.9,1822740,1234.02,1223.6,29,1223.9,13,
2026-04-10T10:30:52.952,NC,COFORGE,1223.9,1271.0,1272.0,1215.3,1264.9,1822908,1234.02,1223.9,24,1224.0,370,
2026-04-10T10:30:53.967,NC,COFORGE,1223.9,1271.0,1272.0,1215.3,1264.9,1822949,1234.02,1223.9,26,1224.0,407,
2026-04-10T10:30:54.974,NC,COFORGE,1223.9,1271.0,1272.0,1215.3,1264.9,1822957,1234.02,1223.9,19,1224.0,406,
2026-04-10T10:30:55.970,NC,COFORGE,1223.9,1271.0,1272.0,1215.3,1264.9,1823133,1234.02,1223.7,64,1223.9,2,
2026-04-10T10:30:56.968,NC,COFORGE,1224.0,1271.0,1272.0,1215.3,1264.9,1823186,1234.02,1223.7,1,1223.9,6,
2026-04-10T10:30:57.970,NC,COFORGE,1223.5,1271.0,1272.0,1215.3,1264.9,1823306,1234.02,1223.5,115,1223.9,18,
2026-04-10T10:30:58.972,NC,COFORGE,1223.9,1271.0,1272.0,1215.3,1264.9,1823340,1234.01,1223.5,146,1223.9,45,
2026-04-10T10:30:59.873,NC,COFORGE,1223.5,1271.0,1272.0,1215.3,1264.9,1823347,1234.01,1223.5,62,1223.9,44,
2026-04-10T10:31:00.874,NC,COFORGE,1223.9,1271.0,1272.0,1215.3,1264.9,1823373,1234.01,1223.5,72,1223.9,23,
2026-04-10T10:31:01.880,NC,COFORGE,1223.9,1271.0,1272.0,1215.3,1264.9,1823413,1234.01,1223.5,101,1223.9,5,
2026-04-10T10:31:02.880,NC,COFORGE,1223.6,1271.0,1272.0,1215.3,1264.9,1823446,1234.01,1223.8,5,1224.0,70,
2026-04-10T10:31:03.974,NC,COFORGE,1223.6,1271.0,1272.0,1215.3,1264.9,1823505,1234.01,1223.5,309,1224.0,97,
2026-04-10T10:31:05.090,NC,COFORGE,1223.5,1271.0,1272.0,1215.3,1264.9,1823513,1234.01,1223.5,300,1224.0,98,
2026-04-10T10:31:06.082,NC,COFORGE,1223.5,1271.0,1272.0,1215.3,1264.9,1823514,1234.01,1223.5,299,1224.0,162,
2026-04-10T10:31:07.187,NC,COFORGE,1224.0,1271.0,1272.0,1215.3,1264.9,1823525,1234.01,1223.5,298,1224.0,165,
2026-04-10T10:31:08.293,NC,COFORGE,1223.9,1271.0,1272.0,1215.3,1264.9,1823763,1234.01,1223.9,47,1224.0,260,
2026-04-10T10:31:09.294,NC,COFORGE,1224.0,1271.0,1272.0,1215.3,1264.9,1823807,1234.01,1223.9,9,1224.0,315,
2026-04-10T10:31:10.293,NC,COFORGE,1224.0,1271.0,1272.0,1215.3,1264.9,1823814,1234.01,1223.9,3,1224.0,321,
2026-04-10T10:31:11.298,NC,COFORGE,1224.0,1271.0,1272.0,1215.3,1264.9,1823857,1234.01,1223.7,1,1224.0,293,
2026-04-10T10:31:12.294,NC,COFORGE,1224.0,1271.0,1272.0,1215.3,1264.9,1823913,1234.01,1223.6,48,1224.0,350,
2026-04-10T10:31:13.301,NC,COFORGE,1224.0,1271.0,1272.0,1215.3,1264.9,1823919,1234.01,1223.6,45,1224.0,371,
2026-04-10T10:31:14.300,NC,COFORGE,1224.0,1271.0,1272.0,1215.3,1264.9,1823922,1234.01,1223.6,43,1224.0,373,
2026-04-10T10:31:15.397,NC,COFORGE,1224.0,1271.0,1272.0,1215.3,1264.9,1823944,1234.01,1223.7,1,1224.0,384,
2026-04-10T10:31:16.504,NC,COFORGE,1224.0,1271.0,1272.0,1215.3,1264.9,1823978,1234.01,1223.6,45,1224.0,326,
2026-04-10T10:31:17.599,NC,COFORGE,1224.0,1271.0,1272.0,1215.3,1264.9,1824307,1234.01,1223.6,7,1224.0,107,
2026-04-10T10:31:18.602,NC,COFORGE,1223.6,1271.0,1272.0,1215.3,1264.9,1824357,1234.01,1223.5,181,1223.6,1,
2026-04-10T10:31:19.603,NC,COFORGE,1223.6,1271.0,1272.0,1215.3,1264.9,1824373,1234.01,1223.5,195,1223.6,3,
2026-04-10T10:31:20.607,NC,COFORGE,1223.6,1271.0,1272.0,1215.3,1264.9,1824386,1234.01,1223.5,193,1223.6,3,
2026-04-10T10:31:21.706,NC,COFORGE,1223.6,1271.0,1272.0,1215.3,1264.9,1824390,1234.01,1223.5,190,1223.6,2,
2026-04-10T10:31:22.714,NC,COFORGE,1224.1,1271.0,1272.0,1215.3,1264.9,1824602,1234.01,1223.6,13,1223.9,4,
2026-04-10T10:31:23.708,NC,COFORGE,1223.3,1271.0,1272.0,1215.3,1264.9,1824993,1234.01,1223.2,27,1223.3,60,
2026-04-10T10:31:24.714,NC,COFORGE,1222.4,1271.0,1272.0,1215.3,1264.9,1826083,1234.0,1222.3,57,1222.4,9,
2026-04-10T10:31:25.823,NC,COFORGE,1222.2,1271.0,1272.0,1215.3,1264.9,1826274,1234.0,1222.2,235,1222.4,6,
2026-04-10T10:31:26.911,NC,COFORGE,1222.2,1271.0,1272.0,1215.3,1264.9,1826313,1234.0,1222.2,206,1222.4,14,
2026-04-10T10:31:28.019,NC,COFORGE,1222.4,1271.0,1272.0,1215.3,1264.9,1826337,1234.0,1222.2,198,1222.4,96,
2026-04-10T10:31:29.125,NC,COFORGE,1222.2,1271.0,1272.0,1215.3,1264.9,1826459,1234.0,1222.2,177,1222.4,116,
2026-04-10T10:31:30.127,NC,COFORGE,1222.2,1271.0,1272.0,1215.3,1264.9,1826465,1234.0,1222.2,171,1222.4,116,
2026-04-10T10:31:31.221,NC,COFORGE,1222.0,1271.0,1272.0,1215.3,1264.9,1826969,1233.99,1222.0,51,1222.2,2762,
2026-04-10T10:31:32.317,NC,COFORGE,1222.2,1271.0,1272.0,1215.3,1264.9,1827078,1233.99,1221.7,305,1222.2,2748,
2026-04-10T10:31:33.419,NC,COFORGE,1222.2,1271.0,1272.0,1215.3,1264.9,1827107,1233.99,1222.0,7,1222.2,2795,
2026-04-10T10:31:34.538,NC,COFORGE,1221.7,1271.0,1272.0,1215.3,1264.9,1827140,1233.99,1221.7,312,1221.9,249,
2026-04-10T10:31:35.529,NC,COFORGE,1221.7,1271.0,1272.0,1215.3,1264.9,1827146,1233.99,1221.7,307,1221.8,157,
2026-04-10T10:31:36.532,NC,COFORGE,1221.8,1271.0,1272.0,1215.3,1264.9,1827636,1233.99,1221.7,18,1221.8,256,
2026-04-10T10:31:37.534,NC,COFORGE,1221.8,1271.0,1272.0,1215.3,1264.9,1827719,1233.99,1221.6,7,1221.8,147,
2026-04-10T10:31:38.629,NC,COFORGE,1221.8,1271.0,1272.0,1215.3,1264.9,1827747,1233.99,1221.6,6,1221.8,221,
2026-04-10T10:31:39.732,NC,COFORGE,1221.7,1271.0,1272.0,1215.3,1264.9,1828114,1233.99,1221.3,234,1221.8,6,
2026-04-10T10:31:40.832,NC,COFORGE,1221.4,1271.0,1272.0,1215.3,1264.9,1828185,1233.99,1221.4,53,1221.9,87,
2026-04-10T10:31:41.842,NC,COFORGE,1221.8,1271.0,1272.0,1215.3,1264.9,1828196,1233.99,1221.6,17,1221.8,145,
2026-04-10T10:31:42.935,NC,COFORGE,1221.8,1271.0,1272.0,1215.3,1264.9,1828219,1233.99,1221.6,15,1221.8,88,
2026-04-10T10:31:43.937,NC,COFORGE,1221.6,1271.0,1272.0,1215.3,1264.9,1828226,1233.99,1221.6,13,1221.7,24,
2026-04-10T10:31:45.939,NC,COFORGE,1221.7,1271.0,1272.0,1215.3,1264.9,1828228,1233.99,1221.6,13,1221.7,22,
2026-04-10T10:31:47.040,NC,COFORGE,1221.3,1271.0,1272.0,1215.3,1264.9,1828263,1233.98,1221.3,425,1221.7,74,
2026-04-10T10:31:48.046,NC,COFORGE,1221.7,1271.0,1272.0,1215.3,1264.9,1828522,1233.98,1221.7,127,1221.8,211,
2026-04-10T10:31:49.146,NC,COFORGE,1221.0,1271.0,1272.0,1215.3,1264.9,1828998,1233.98,1221.0,1346,1221.6,305,
2026-04-10T10:31:50.144,NC,COFORGE,1221.0,1271.0,1272.0,1215.3,1264.9,1829085,1233.98,1221.0,1334,1221.6,296,
2026-04-10T10:31:51.147,NC,COFORGE,1221.0,1271.0,1272.0,1215.3,1264.9,1829094,1233.98,1221.0,1326,1221.3,178,
2026-04-10T10:31:52.242,NC,COFORGE,1221.0,1271.0,1272.0,1215.3,1264.9,1829180,1233.98,1221.0,1316,1221.3,160,
2026-04-10T10:31:53.352,NC,COFORGE,1221.2,1271.0,1272.0,1215.3,1264.9,1829439,1233.98,1221.0,1278,1221.3,226,
2026-04-10T10:31:54.246,NC,COFORGE,1221.0,1271.0,1272.0,1215.3,1264.9,1829485,1233.98,1221.0,1238,1221.3,227,
2026-04-10T10:31:55.354,NC,COFORGE,1221.0,1271.0,1272.0,1215.3,1264.9,1829495,1233.98,1221.0,1229,1221.3,226,
2026-04-10T10:31:56.354,NC,COFORGE,1221.0,1271.0,1272.0,1215.3,1264.9,1829527,1233.98,1221.0,1483,1221.2,30,
2026-04-10T10:31:57.351,NC,COFORGE,1221.0,1271.0,1272.0,1215.3,1264.9,1829528,1233.98,1221.0,1482,1221.3,163,
2026-04-10T10:31:58.354,NC,COFORGE,1221.3,1271.0,1272.0,1215.3,1264.9,1829591,1233.98,1221.0,1538,1221.3,303,
2026-04-10T10:31:59.357,NC,COFORGE,1221.0,1271.0,1272.0,1215.3,1264.9,1829607,1233.98,1221.0,1523,1221.3,318,
2026-04-10T10:32:00.258,NC,COFORGE,1221.0,1271.0,1272.0,1215.3,1264.9,1829609,1233.98,1221.0,1523,1221.2,30,
2026-04-10T10:32:02.373,NC,COFORGE,1221.1,1271.0,1272.0,1215.3,1264.9,1829670,1233.98,1221.1,374,1221.2,121,
2026-04-10T10:32:03.362,NC,COFORGE,1221.1,1271.0,1272.0,1215.3,1264.9,1829691,1233.97,1221.1,353,1221.2,145,
2026-04-10T10:32:04.362,NC,COFORGE,1221.1,1271.0,1272.0,1215.3,1264.9,1830049,1233.97,1221.0,1509,1221.1,184,
2026-04-10T10:32:05.362,NC,COFORGE,1221.0,1271.0,1272.0,1215.3,1264.9,1830563,1233.97,1221.0,1349,1221.1,178,
2026-04-10T10:32:06.376,NC,COFORGE,1221.1,1271.0,1272.0,1215.3,1264.9,1830958,1233.97,1221.0,1438,1221.1,1,
2026-04-10T10:32:07.364,NC,COFORGE,1221.0,1271.0,1272.0,1215.3,1264.9,1830979,1233.97,1221.0,1444,1221.1,26,
2026-04-10T10:32:08.466,NC,COFORGE,1221.0,1271.0,1272.0,1215.3,1264.9,1830985,1233.97,1221.0,1490,1221.1,161,
2026-04-10T10:32:09.481,NC,COFORGE,1221.0,1271.0,1272.0,1215.3,1264.9,1831022,1233.97,1221.0,1633,1221.1,157,
2026-04-10T10:32:10.475,NC,COFORGE,1221.0,1271.0,1272.0,1215.3,1264.9,1831100,1233.96,1221.0,1626,1221.1,90,
2026-04-10T10:32:11.473,NC,COFORGE,1221.0,1271.0,1272.0,1215.3,1264.9,1831138,1233.96,1221.0,1638,1221.1,107,
2026-04-10T10:32:12.578,NC,COFORGE,1221.0,1271.0,1272.0,1215.3,1264.9,1831153,1233.96,1221.0,1650,1221.1,500,
2026-04-10T10:32:13.672,NC,COFORGE,1221.1,1271.0,1272.0,1215.3,1264.9,1831717,1233.96,1221.1,113,1221.3,1,
2026-04-10T10:32:14.672,NC,COFORGE,1221.9,1271.0,1272.0,1215.3,1264.9,1832041,1233.96,1221.3,97,1221.9,123,
2026-04-10T10:32:15.871,NC,COFORGE,1221.2,1271.0,1272.0,1215.3,1264.9,1832211,1233.96,1221.1,176,1221.7,63,
2026-04-10T10:32:16.890,NC,COFORGE,1221.1,1271.0,1272.0,1215.3,1264.9,1832238,1233.96,1221.1,33,1221.7,265,
2026-04-10T10:32:18.014,NC,COFORGE,1221.1,1271.0,1272.0,1215.3,1264.9,1832244,1233.96,1221.1,122,1221.7,188,
2026-04-10T10:32:18.883,NC,COFORGE,1221.1,1271.0,1272.0,1215.3,1264.9,1832245,1233.96,1221.2,93,1221.7,77,
2026-04-10T10:32:19.880,NC,COFORGE,1221.7,1271.0,1272.0,1215.3,1264.9,1832294,1233.96,1221.3,28,1221.7,28,
2026-04-10T10:32:20.884,NC,COFORGE,1221.2,1271.0,1272.0,1215.3,1264.9,1832305,1233.96,1221.2,157,1221.7,28,
2026-04-10T10:32:22.010,NC,COFORGE,1221.3,1271.0,1272.0,1215.3,1264.9,1832307,1233.96,1221.2,156,1221.7,70,
2026-04-10T10:32:22.987,NC,COFORGE,1221.9,1271.0,1272.0,1215.3,1264.9,1832399,1233.96,1221.7,5,1221.9,217,
2026-04-10T10:32:24.008,NC,COFORGE,1221.7,1271.0,1272.0,1215.3,1264.9,1832417,1233.96,1221.7,11,1221.9,354,
2026-04-10T10:32:25.097,NC,COFORGE,1221.6,1271.0,1272.0,1215.3,1264.9,1832559,1233.95,1221.2,3,1221.6,360,
2026-04-10T10:32:26.097,NC,COFORGE,1221.1,1271.0,1272.0,1215.3,1264.9,1832581,1233.95,1221.1,474,1221.4,363,
2026-04-10T10:32:27.090,NC,COFORGE,1221.1,1271.0,1272.0,1215.3,1264.9,1832592,1233.95,1221.1,479,1221.4,314,
2026-04-10T10:32:28.106,NC,COFORGE,1221.1,1271.0,1272.0,1215.3,1264.9,1832594,1233.95,1221.1,477,1221.4,314,
2026-04-10T10:32:29.104,NC,COFORGE,1221.1,1271.0,1272.0,1215.3,1264.9,1832595,1233.95,1221.1,476,1221.4,314,
2026-04-10T10:32:30.194,NC,COFORGE,1221.4,1271.0,1272.0,1215.3,1264.9,1832605,1233.95,1221.1,476,1221.4,271,
2026-04-10T10:32:31.196,NC,COFORGE,1221.1,1271.0,1272.0,1215.3,1264.9,1832607,1233.95,1221.1,474,1221.4,321,
2026-04-10T10:32:32.201,NC,COFORGE,1221.4,1271.0,1272.0,1215.3,1264.9,1832632,1233.95,1221.1,474,1221.4,296,
2026-04-10T10:32:33.303,NC,COFORGE,1221.1,1271.0,1272.0,1215.3,1264.9,1832674,1233.95,1221.1,464,1221.3,283,
2026-04-10T10:32:34.403,NC,COFORGE,1221.1,1271.0,1272.0,1215.3,1264.9,1833106,1233.95,1221.1,517,1221.4,124,
2026-04-10T10:32:35.600,NC,COFORGE,1221.4,1271.0,1272.0,1215.3,1264.9,1833285,1233.95,1221.4,27,1221.6,25,
2026-04-10T10:32:36.710,NC,COFORGE,1221.2,1271.0,1272.0,1215.3,1264.9,1833319,1233.95,1221.2,206,1221.6,27,
2026-04-10T10:32:37.803,NC,COFORGE,1221.5,1271.0,1272.0,1215.3,1264.9,1834526,1233.94,1221.1,270,1221.5,91,
2026-04-10T10:32:38.903,NC,COFORGE,1221.5,1271.0,1272.0,1215.3,1264.9,1834732,1233.94,1221.1,474,1221.6,52,
2026-04-10T10:32:40.014,NC,COFORGE,1221.3,1271.0,1272.0,1215.3,1264.9,1834766,1233.94,1221.3,70,1221.6,77,
2026-04-10T10:32:41.105,NC,COFORGE,1221.3,1271.0,1272.0,1215.3,1264.9,1834776,1233.94,1221.3,65,1221.6,188,
2026-04-10T10:32:42.212,NC,COFORGE,1221.3,1271.0,1272.0,1215.3,1264.9,1834783,1233.94,1221.3,61,1221.6,187,
2026-04-10T10:32:43.222,NC,COFORGE,1221.3,1271.0,1272.0,1215.3,1264.9,1834784,1233.94,1221.3,60,1221.6,185,
2026-04-10T10:32:46.825,NC,COFORGE,1221.5,1271.0,1272.0,1215.3,1264.9,1834798,1233.94,1221.3,58,1221.5,195,
2026-04-10T10:32:52.832,NC,COFORGE,1221.5,1271.0,1272.0,1215.3,1264.9,1835192,1233.94,1221.3,45,1221.5,3,
2026-04-10T10:32:58.634,NC,COFORGE,1221.3,1271.0,1272.0,1215.3,1264.9,1835451,1233.93,1221.3,141,1221.6,30,
2026-04-10T10:33:04.143,NC,COFORGE,1221.3,1271.0,1272.0,1215.3,1264.9,1835507,1233.93,1221.3,199,1221.6,91,
2026-04-10T10:33:10.049,NC,COFORGE,1221.6,1271.0,1272.0,1215.3,1264.9,1835664,1233.93,1221.6,21,1221.8,290,
2026-04-10T10:33:16.259,NC,COFORGE,1221.2,1271.0,1272.0,1215.3,1264.9,1838317,1233.92,1221.2,270,1221.5,30,
2026-04-10T10:33:22.570,NC,COFORGE,1221.2,1271.0,1272.0,1215.3,1264.9,1838501,1233.91,1221.4,24,1221.5,76,
2026-04-10T10:33:28.472,NC,COFORGE,1221.5,1271.0,1272.0,1215.3,1264.9,1838798,1233.91,1221.5,87,1221.6,49,
2026-04-10T10:33:34.394,NC,COFORGE,1221.6,1271.0,1272.0,1215.3,1264.9,1839296,1233.91,1221.6,136,1221.7,80,
2026-04-10T10:33:40.414,NC,COFORGE,1221.4,1271.0,1272.0,1215.3,1264.9,1840168,1233.9,1221.5,25,1221.6,85,
2026-04-10T10:33:46.211,NC,COFORGE,1221.4,1271.0,1272.0,1215.3,1264.9,1840349,1233.9,1221.4,402,1221.5,30,
2026-04-10T10:33:51.930,NC,COFORGE,1221.1,1271.0,1272.0,1215.3,1264.9,1841664,1233.89,1221.0,2727,1221.1,65,
2026-04-10T10:33:57.834,NC,COFORGE,1220.2,1271.0,1272.0,1215.3,1264.9,1845775,1233.86,1220.2,319,1220.8,107,
2026-04-10T10:34:03.939,NC,COFORGE,1220.2,1271.0,1272.0,1215.3,1264.9,1845946,1233.86,1220.2,35,1220.7,111,
2026-04-10T10:34:10.255,NC,COFORGE,1221.2,1271.0,1272.0,1215.3,1264.9,1848116,1233.85,1221.2,439,1221.7,250,
2026-04-10T10:34:16.260,NC,COFORGE,1221.6,1271.0,1272.0,1215.3,1264.9,1848901,1233.84,1221.6,71,1221.7,80,
2026-04-10T10:34:22.363,NC,COFORGE,1221.6,1271.0,1272.0,1215.3,1264.9,1849032,1233.84,1221.6,124,1221.7,48,
2026-04-10T10:34:28.166,NC,COFORGE,1221.6,1271.0,1272.0,1215.3,1264.9,1850300,1233.83,1221.6,147,1221.7,10,
2026-04-10T10:34:33.771,NC,COFORGE,1221.5,1271.0,1272.0,1215.3,1264.9,1851479,1233.83,1221.5,124,1222.0,135,
2026-04-10T10:34:39.585,NC,COFORGE,1221.8,1271.0,1272.0,1215.3,1264.9,1851898,1233.82,1221.8,20,1222.0,52,
2026-04-10T10:34:44.001,NC,COFORGE,1221.7,1271.0,1272.0,1215.3,1264.9,1852366,1233.82,1221.7,188,1222.0,16,
2026-04-10T10:34:45.002,NC,COFORGE,1221.7,1271.0,1272.0,1215.3,1264.9,1852377,1233.82,1221.7,76,1222.0,43,
2026-04-10T10:34:45.996,NC,COFORGE,1221.7,1271.0,1272.0,1215.3,1264.9,1852410,1233.82,1221.7,71,1222.0,16,
2026-04-10T10:34:46.995,NC,COFORGE,1222.0,1271.0,1272.0,1215.3,1264.9,1852420,1233.82,1221.7,49,1222.0,13,
2026-04-10T10:34:47.998,NC,COFORGE,1221.7,1271.0,1272.0,1215.3,1264.9,1852423,1233.82,1221.7,46,1222.0,13,
2026-04-10T10:34:49.009,NC,COFORGE,1221.7,1271.0,1272.0,1215.3,1264.9,1852486,1233.82,1221.6,105,1222.0,2,
2026-04-10T10:34:50.016,NC,COFORGE,1221.7,1271.0,1272.0,1215.3,1264.9,1852496,1233.82,1221.7,24,1222.0,23,
2026-04-10T10:34:51.011,NC,COFORGE,1221.7,1271.0,1272.0,1215.3,1264.9,1852498,1233.82,1221.7,22,1222.0,29,
2026-04-10T10:34:52.102,NC,COFORGE,1222.0,1271.0,1272.0,1215.3,1264.9,1852508,1233.82,1221.7,22,1222.0,19,
2026-04-10T10:34:53.103,NC,COFORGE,1222.0,1271.0,1272.0,1215.3,1264.9,1852565,1233.82,1222.0,19,1222.2,48,
2026-04-10T10:34:54.209,NC,COFORGE,1222.0,1271.0,1272.0,1215.3,1264.9,1852575,1233.82,1222.0,11,1222.2,38,
2026-04-10T10:34:56.223,NC,COFORGE,1222.2,1271.0,1272.0,1215.3,1264.9,1852657,1233.82,1222.2,24,1222.4,102,
2026-04-10T10:34:57.209,NC,COFORGE,1222.2,1271.0,1272.0,1215.3,1264.9,1852715,1233.82,1222.2,1,1222.4,100,
2026-04-10T10:34:58.211,NC,COFORGE,1222.2,1271.0,1272.0,1215.3,1264.9,1852720,1233.82,1222.2,20,1222.4,122,
2026-04-10T10:34:59.221,NC,COFORGE,1221.9,1271.0,1272.0,1215.3,1264.9,1852902,1233.82,1221.9,40,1222.4,61,
2026-04-10T10:35:00.211,NC,COFORGE,1222.4,1271.0,1272.0,1215.3,1264.9,1852913,1233.82,1221.9,30,1222.4,79,
2026-04-10T10:35:01.215,NC,COFORGE,1221.9,1271.0,1272.0,1215.3,1264.9,1852914,1233.82,1221.9,29,1222.4,48,
2026-04-10T10:35:03.215,NC,COFORGE,1222.7,1271.0,1272.0,1215.3,1264.9,1853215,1233.81,1222.0,103,1222.6,127,
2026-04-10T10:35:04.218,NC,COFORGE,1222.4,1271.0,1272.0,1215.3,1264.9,1853321,1233.81,1222.4,2,1222.6,86,
2026-04-10T10:35:05.213,NC,COFORGE,1222.4,1271.0,1272.0,1215.3,1264.9,1853349,1233.81,1222.4,12,1222.6,42,
2026-04-10T10:35:06.237,NC,COFORGE,1222.4,1271.0,1272.0,1215.3,1264.9,1853353,1233.81,1222.4,8,1222.6,42,
2026-04-10T10:35:07.228,NC,COFORGE,1222.4,1271.0,1272.0,1215.3,1264.9,1853354,1233.81,1222.4,7,1222.6,42,
2026-04-10T10:35:08.215,NC,COFORGE,1222.2,1271.0,1272.0,1215.3,1264.9,1853651,1233.81,1222.2,200,1222.5,807,
2026-04-10T10:35:09.318,NC,COFORGE,1222.2,1271.0,1272.0,1215.3,1264.9,1853670,1233.81,1222.2,185,1222.4,38,
2026-04-10T10:35:10.425,NC,COFORGE,1222.2,1271.0,1272.0,1215.3,1264.9,1853673,1233.81,1222.4,4,1222.5,825,
2026-04-10T10:35:11.416,NC,COFORGE,1222.5,1271.0,1272.0,1215.3,1264.9,1853728,1233.81,1222.2,181,1222.5,803,
2026-04-10T10:35:12.536,NC,COFORGE,1222.2,1271.0,1272.0,1215.3,1264.9,1853740,1233.81,1222.2,169,1222.5,869,
2026-04-10T10:35:13.519,NC,COFORGE,1222.2,1271.0,1272.0,1215.3,1264.9,1853765,1233.81,1222.2,165,1222.5,848,
2026-04-10T10:35:14.625,NC,COFORGE,1222.2,1271.0,1272.0,1215.3,1264.9,1853769,1233.81,1222.2,161,1222.5,848,
2026-04-10T10:35:15.623,NC,COFORGE,1222.2,1271.0,1272.0,1215.3,1264.9,1853770,1233.81,1222.2,160,1222.5,834,
2026-04-10T10:35:18.535,NC,COFORGE,1222.5,1271.0,1272.0,1215.3,1264.9,1853797,1233.81,1222.2,160,1222.5,905,
2026-04-10T10:35:19.532,NC,COFORGE,1222.5,1271.0,1272.0,1215.3,1264.9,1853803,1233.81,1222.2,179,1222.5,904,
2026-04-10T10:35:20.525,NC,COFORGE,1222.2,1271.0,1272.0,1215.3,1264.9,1853804,1233.81,1222.2,178,1222.5,932,
2026-04-10T10:35:21.563,NC,COFORGE,1221.6,1271.0,1272.0,1215.3,1264.9,1855367,1233.8,1221.6,129,1222.3,291,
2026-04-10T10:35:22.531,NC,COFORGE,1221.5,1271.0,1272.0,1215.3,1264.9,1855603,1233.8,1221.5,140,1222.1,54,
2026-04-10T10:35:23.631,NC,COFORGE,1222.2,1271.0,1272.0,1215.3,1264.9,1855691,1233.8,1221.6,112,1222.2,115,
2026-04-10T10:35:24.634,NC,COFORGE,1221.5,1271.0,1272.0,1215.3,1264.9,1855710,1233.8,1221.6,18,1222.2,313,
2026-04-10T10:35:25.648,NC,COFORGE,1221.9,1271.0,1272.0,1215.3,1264.9,1855716,1233.8,1221.6,14,1221.9,63,
2026-04-10T10:35:26.641,NC,COFORGE,1221.9,1271.0,1272.0,1215.3,1264.9,1855726,1233.8,1221.6,14,1221.8,30,
2026-04-10T10:35:27.540,NC,COFORGE,1221.6,1271.0,1272.0,1215.3,1264.9,1855728,1233.8,1221.6,12,1221.8,30,
2026-04-10T10:35:28.641,NC,COFORGE,1221.5,1271.0,1272.0,1215.3,1264.9,1855752,1233.8,1221.5,129,1221.8,105,
2026-04-10T10:35:29.642,NC,COFORGE,1221.5,1271.0,1272.0,1215.3,1264.9,1855753,1233.8,1221.5,128,1221.8,262,
2026-04-10T10:35:30.741,NC,COFORGE,1221.5,1271.0,1272.0,1215.3,1264.9,1855780,1233.8,1221.5,126,1221.7,145,
2026-04-10T10:35:31.856,NC,COFORGE,1221.6,1271.0,1272.0,1215.3,1264.9,1855784,1233.8,1221.6,328,1221.7,241,
2026-04-10T10:35:33.947,NC,COFORGE,1221.7,1271.0,1272.0,1215.3,1264.9,1855785,1233.8,1221.6,356,1221.7,147,
2026-04-10T10:35:35.047,NC,COFORGE,1221.5,1271.0,1272.0,1215.3,1264.9,1856573,1233.79,1221.5,113,1221.6,2322,
2026-04-10T10:35:36.060,NC,COFORGE,1221.2,1271.0,1272.0,1215.3,1264.9,1856811,1233.79,1221.2,151,1221.6,2477,
2026-04-10T10:35:37.153,NC,COFORGE,1221.2,1271.0,1272.0,1215.3,1264.9,1856873,1233.79,1221.2,105,1221.5,14,
2026-04-10T10:35:38.251,NC,COFORGE,1221.2,1271.0,1272.0,1215.3,1264.9,1856880,1233.79,1221.2,99,1221.5,23,
2026-04-10T10:35:39.258,NC,COFORGE,1221.2,1271.0,1272.0,1215.3,1264.9,1856939,1233.79,1221.2,96,1221.5,76,
2026-04-10T10:35:40.356,NC,COFORGE,1221.5,1271.0,1272.0,1215.3,1264.9,1856946,1233.79,1221.2,83,1221.5,126,
2026-04-10T10:35:41.554,NC,COFORGE,1221.2,1271.0,1272.0,1215.3,1264.9,1857002,1233.79,1221.2,27,1221.5,142,
2026-04-10T10:35:42.556,NC,COFORGE,1221.2,1271.0,1272.0,1215.3,1264.9,1857016,1233.79,1221.2,189,1221.5,154,
2026-04-10T10:35:43.657,NC,COFORGE,1221.5,1271.0,1272.0,1215.3,1264.9,1857041,1233.79,1221.2,209,1221.5,144,
2026-04-10T10:35:47.484,NC,COFORGE,1221.5,1271.0,1272.0,1215.3,1264.9,1857248,1233.79,1221.2,335,1221.5,230,
2026-04-10T10:35:52.995,NC,COFORGE,1221.6,1271.0,1272.0,1215.3,1264.9,1857710,1233.79,1221.2,310,1221.5,48,
2026-04-10T10:35:58.395,NC,COFORGE,1221.7,1271.0,1272.0,1215.3,1264.9,1860812,1233.77,1221.8,41,1222.3,1,
2026-04-10T10:36:04.003,NC,COFORGE,1222.5,1271.0,1272.0,1215.3,1264.9,1861557,1233.76,1221.8,251,1222.5,393,
2026-04-10T10:36:09.613,NC,COFORGE,1222.5,1271.0,1272.0,1215.3,1264.9,1863228,1233.75,1222.4,11,1222.5,72,
2026-04-10T10:36:15.131,NC,COFORGE,1221.8,1271.0,1272.0,1215.3,1264.9,1863487,1233.75,1221.8,125,1222.4,42,
2026-04-10T10:36:20.946,NC,COFORGE,1221.5,1271.0,1272.0,1215.3,1264.9,1863966,1233.75,1221.2,436,1221.5,134,
2026-04-10T10:36:26.558,NC,COFORGE,1221.2,1271.0,1272.0,1215.3,1264.9,1864342,1233.74,1221.2,196,1221.5,21,
2026-04-10T10:36:32.078,NC,COFORGE,1221.1,1271.0,1272.0,1215.3,1264.9,1865107,1233.74,1221.1,111,1221.5,62,
2026-04-10T10:36:37.470,NC,COFORGE,1221.5,1271.0,1272.0,1215.3,1264.9,1865442,1233.74,1221.5,24,1221.6,100,
2026-04-10T10:36:42.880,NC,COFORGE,1221.5,1271.0,1272.0,1215.3,1264.9,1865598,1233.73,1221.5,29,1221.6,52,
2026-04-10T10:36:44.276,NC,COFORGE,1221.5,1271.0,1272.0,1215.3,1264.9,1865616,1233.73,1221.5,13,1221.6,100,
2026-04-10T10:36:45.272,NC,COFORGE,1221.6,1271.0,1272.0,1215.3,1264.9,1865627,1233.73,1221.5,12,1221.6,94,
2026-04-10T10:36:46.276,NC,COFORGE,1221.5,1271.0,1272.0,1215.3,1264.9,1865641,1233.73,1221.5,43,1221.6,85,
2026-04-10T10:36:47.277,NC,COFORGE,1221.5,1271.0,1272.0,1215.3,1264.9,1865664,1233.73,1221.5,22,1221.6,87,
2026-04-10T10:36:48.278,NC,COFORGE,1221.2,1271.0,1272.0,1215.3,1264.9,1865824,1233.73,1221.2,10,1221.6,137,
2026-04-10T10:36:49.279,NC,COFORGE,1221.2,1271.0,1272.0,1215.3,1264.9,1865834,1233.73,1221.2,34,1221.6,160,
2026-04-10T10:36:50.385,NC,COFORGE,1221.2,1271.0,1272.0,1215.3,1264.9,1865845,1233.73,1221.2,54,1221.6,181,
2026-04-10T10:36:51.483,NC,COFORGE,1221.2,1271.0,1272.0,1215.3,1264.9,1865848,1233.73,1221.2,53,1221.5,178,
2026-04-10T10:36:52.583,NC,COFORGE,1221.2,1271.0,1272.0,1215.3,1264.9,1866101,1233.73,1221.2,9,1221.4,92,
2026-04-10T10:36:53.589,NC,COFORGE,1221.4,1271.0,1272.0,1215.3,1264.9,1866159,1233.73,1221.2,9,1221.4,133,
2026-04-10T10:36:54.694,NC,COFORGE,1221.0,1271.0,1272.0,1215.3,1264.9,1866578,1233.73,1221.0,902,1221.4,42,
2026-04-10T10:36:55.693,NC,COFORGE,1221.0,1271.0,1272.0,1215.3,1264.9,1866642,1233.73,1221.3,8,1221.4,142,
2026-04-10T10:36:56.591,NC,COFORGE,1221.2,1271.0,1272.0,1215.3,1264.9,1866676,1233.73,1221.2,19,1221.4,121,
2026-04-10T10:36:57.692,NC,COFORGE,1221.4,1271.0,1272.0,1215.3,1264.9,1866688,1233.73,1221.2,15,1221.4,137,
2026-04-10T10:36:58.691,NC,COFORGE,1221.2,1271.0,1272.0,1215.3,1264.9,1866689,1233.73,1221.2,15,1221.4,138,
2026-04-10T10:37:00.699,NC,COFORGE,1221.2,1271.0,1272.0,1215.3,1264.9,1866694,1233.73,1221.2,14,1221.4,100,
2026-04-10T10:37:01.696,NC,COFORGE,1221.0,1271.0,1272.0,1215.3,1264.9,1866920,1233.73,1221.0,709,1221.4,101,
2026-04-10T10:37:02.695,NC,COFORGE,1221.0,1271.0,1272.0,1215.3,1264.9,1866974,1233.73,1221.0,687,1221.4,116,
2026-04-10T10:37:03.695,NC,COFORGE,1221.4,1271.0,1272.0,1215.3,1264.9,1866992,1233.73,1221.2,5,1221.4,140,
2026-04-10T10:37:04.697,NC,COFORGE,1221.0,1271.0,1272.0,1215.3,1264.9,1867034,1233.72,1221.2,24,1221.4,122,
2026-04-10T10:37:05.708,NC,COFORGE,1221.2,1271.0,1272.0,1215.3,1264.9,1867130,1233.72,1221.2,24,1221.4,137,
2026-04-10T10:37:06.698,NC,COFORGE,1221.4,1271.0,1272.0,1215.3,1264.9,1867217,1233.72,1221.2,24,1221.4,86,
2026-04-10T10:37:07.798,NC,COFORGE,1221.4,1271.0,1272.0,1215.3,1264.9,1867320,1233.72,1221.4,11,1221.5,10,
2026-04-10T10:37:08.700,NC,COFORGE,1221.7,1271.0,1272.0,1215.3,1264.9,1867388,1233.72,1221.1,352,1221.7,71,
2026-04-10T10:37:09.713,NC,COFORGE,1221.1,1271.0,1272.0,1215.3,1264.9,1867413,1233.72,1221.2,5,1221.7,38,
2026-04-10T10:37:10.698,NC,COFORGE,1221.2,1271.0,1272.0,1215.3,1264.9,1867417,1233.72,1221.4,25,1221.7,95,
2026-04-10T10:37:12.706,NC,COFORGE,1221.4,1271.0,1272.0,1215.3,1264.9,1867433,1233.72,1221.4,23,1221.7,3,
2026-04-10T10:37:13.799,NC,COFORGE,1221.4,1271.0,1272.0,1215.3,1264.9,1867435,1233.72,1221.4,21,1221.7,23,
2026-04-10T10:37:14.708,NC,COFORGE,1221.7,1271.0,1272.0,1215.3,1264.9,1867438,1233.72,1221.4,21,1221.7,105,
2026-04-10T10:37:15.903,NC,COFORGE,1221.2,1271.0,1272.0,1215.3,1264.9,1867475,1233.72,1221.0,1715,1221.4,54,
2026-04-10T10:37:16.908,NC,COFORGE,1221.0,1271.0,1272.0,1215.3,1264.9,1867734,1233.72,1221.0,1775,1221.2,2,
2026-04-10T10:37:17.906,NC,COFORGE,1221.0,1271.0,1272.0,1215.3,1264.9,1867788,1233.72,1221.0,1740,1221.2,2,
2026-04-10T10:37:18.908,NC,COFORGE,1221.0,1271.0,1272.0,1215.3,1264.9,1867797,1233.72,1221.0,1731,1221.2,2,
2026-04-10T10:37:19.925,NC,COFORGE,1221.0,1271.0,1272.0,1215.3,1264.9,1867799,1233.72,1221.0,1754,1221.2,1,
2026-04-10T10:37:21.011,NC,COFORGE,1221.0,1271.0,1272.0,1215.3,1264.9,1867920,1233.72,1221.0,1696,1221.2,2,
2026-04-10T10:37:22.029,NC,COFORGE,1221.0,1271.0,1272.0,1215.3,1264.9,1867938,1233.72,1221.0,1678,1221.2,29,
2026-04-10T10:37:23.115,NC,COFORGE,1221.2,1271.0,1272.0,1215.3,1264.9,1868035,1233.72,1221.2,17,1221.4,101,
2026-04-10T10:37:24.117,NC,COFORGE,1220.6,1271.0,1272.0,1215.3,1264.9,1869979,1233.71,1220.5,71,1220.6,1,
2026-04-10T10:37:25.123,NC,COFORGE,1220.2,1271.0,1272.0,1215.3,1264.9,1870291,1233.7,1220.2,43,1220.8,68,
2026-04-10T10:37:26.045,NC,COFORGE,1220.3,1271.0,1272.0,1215.3,1264.9,1870424,1233.7,1220.3,44,1220.6,50,
2026-04-10T10:37:27.128,NC,COFORGE,1220.3,1271.0,1272.0,1215.3,1264.9,1870537,1233.7,1220.3,28,1220.6,52,
2026-04-10T10:37:28.134,NC,COFORGE,1220.2,1271.0,1272.0,1215.3,1264.9,1870571,1233.7,1220.2,15,1220.6,38,
2026-04-10T10:37:29.135,NC,COFORGE,1220.3,1271.0,1272.0,1215.3,1264.9,1870601,1233.7,1220.3,38,1220.6,16,
2026-04-10T10:37:30.150,NC,COFORGE,1220.3,1271.0,1272.0,1215.3,1264.9,1870618,1233.7,1220.3,37,1220.6,48,
2026-04-10T10:37:31.171,NC,COFORGE,1220.5,1271.0,1272.0,1215.3,1264.9,1870728,1233.7,1220.5,31,1221.0,38,
2026-04-10T10:37:32.147,NC,COFORGE,1220.5,1271.0,1272.0,1215.3,1264.9,1870746,1233.7,1220.5,13,1221.0,157,
2026-04-10T10:37:33.148,NC,COFORGE,1220.5,1271.0,1272.0,1215.3,1264.9,1871114,1233.7,1220.5,106,1221.1,79,
2026-04-10T10:37:34.147,NC,COFORGE,1220.6,1271.0,1272.0,1215.3,1264.9,1871135,1233.7,1220.6,106,1220.9,144,
2026-04-10T10:37:35.254,NC,COFORGE,1220.6,1271.0,1272.0,1215.3,1264.9,1871164,1233.7,1220.6,101,1220.9,264,
2026-04-10T10:37:36.352,NC,COFORGE,1220.6,1271.0,1272.0,1215.3,1264.9,1871177,1233.7,1220.6,98,1220.9,244,
2026-04-10T10:37:37.360,NC,COFORGE,1220.9,1271.0,1272.0,1215.3,1264.9,1871179,1233.7,1220.6,147,1220.9,243,
2026-04-10T10:37:38.254,NC,COFORGE,1220.6,1271.0,1272.0,1215.3,1264.9,1871479,1233.69,1220.6,66,1220.9,121,
2026-04-10T10:37:39.260,NC,COFORGE,1220.6,1271.0,1272.0,1215.3,1264.9,1871599,1233.69,1220.6,246,1220.9,68,
2026-04-10T10:37:40.359,NC,COFORGE,1220.6,1271.0,1272.0,1215.3,1264.9,1871682,1233.69,1220.6,215,1220.9,71,
2026-04-10T10:37:41.462,NC,COFORGE,1220.6,1271.0,1272.0,1215.3,1264.9,1871709,1233.69,1220.6,255,1220.9,15,
2026-04-10T10:37:42.481,NC,COFORGE,1221.0,1271.0,1272.0,1215.3,1264.9,1871791,1233.69,1221.0,21,1221.1,14,
2026-04-10T10:37:43.566,NC,COFORGE,1221.0,1271.0,1272.0,1215.3,1264.9,1871811,1233.69,1221.0,1,1221.1,60,
2026-04-10T10:37:46.682,NC,COFORGE,1221.0,1271.0,1272.0,1215.3,1264.9,1871822,1233.69,1221.0,1,1221.1,52,
2026-04-10T10:37:51.979,NC,COFORGE,1221.3,1271.0,1272.0,1215.3,1264.9,1871983,1233.69,1221.0,29,1221.3,27,
2026-04-10T10:37:57.382,NC,COFORGE,1221.6,1271.0,1272.0,1215.3,1264.9,1872196,1233.69,1221.4,16,1221.6,108,
2026-04-10T10:38:02.791,NC,COFORGE,1221.6,1271.0,1272.0,1215.3,1264.9,1872472,1233.69,1221.6,91,1222.2,245,
2026-04-10T10:38:08.603,NC,COFORGE,1221.7,1271.0,1272.0,1215.3,1264.9,1872727,1233.69,1221.6,26,1221.7,2,
2026-04-10T10:38:14.207,NC,COFORGE,1221.5,1271.0,1272.0,1215.3,1264.9,1872979,1233.68,1221.5,3,1221.6,28,
2026-04-10T10:38:19.618,NC,COFORGE,1221.3,1271.0,1272.0,1215.3,1264.9,1873293,1233.68,1221.3,28,1221.9,252,
2026-04-10T10:38:24.923,NC,COFORGE,1221.6,1271.0,1272.0,1215.3,1264.9,1873598,1233.68,1221.6,11,1221.9,196,
2026-04-10T10:38:30.545,NC,COFORGE,1221.4,1271.0,1272.0,1215.3,1264.9,1873709,1233.68,1221.2,10,1221.4,27,
2026-04-10T10:38:36.049,NC,COFORGE,1221.3,1271.0,1272.0,1215.3,1264.9,1874303,1233.68,1221.1,19,1221.3,2266,
2026-04-10T10:38:41.568,NC,COFORGE,1221.0,1271.0,1272.0,1215.3,1264.9,1874489,1233.67,1221.0,258,1221.3,2356,
2026-04-10T10:38:46.638,NC,COFORGE,1221.0,1271.0,1272.0,1215.3,1264.9,1875503,1233.67,1221.0,156,1221.3,1577,
2026-04-10T10:38:51.747,NC,COFORGE,1221.0,1271.0,1272.0,1215.3,1264.9,1875761,1233.67,1221.0,74,1221.2,119,
2026-04-10T10:38:57.054,NC,COFORGE,1221.0,1271.0,1272.0,1215.3,1264.9,1876073,1233.66,1221.0,23,1221.2,126,
2026-04-10T10:39:02.264,NC,COFORGE,1221.0,1271.0,1272.0,1215.3,1264.9,1876113,1233.66,1221.0,37,1221.2,128,
2026-04-10T10:39:07.566,NC,COFORGE,1221.4,1271.0,1272.0,1215.3,1264.9,1877896,1233.65,1221.6,99,1221.9,1,
2026-04-10T10:39:12.969,NC,COFORGE,1221.7,1271.0,1272.0,1215.3,1264.9,1878705,1233.65,1221.7,226,1221.9,3,
2026-04-10T10:39:18.196,NC,COFORGE,1221.7,1271.0,1272.0,1215.3,1264.9,1878785,1233.65,1221.7,195,1221.9,9,
2026-04-10T10:39:23.981,NC,COFORGE,1222.0,1271.0,1272.0,1215.3,1264.9,1879390,1233.64,1222.0,286,1222.7,343,
2026-04-10T10:39:29.691,NC,COFORGE,1222.5,1271.0,1272.0,1215.3,1264.9,1879635,1233.64,1222.5,18,1222.7,131,
2026-04-10T10:39:35.101,NC,COFORGE,1222.5,1271.0,1272.0,1215.3,1264.9,1880157,1233.64,1222.5,45,1222.7,52,
2026-04-10T10:39:40.599,NC,COFORGE,1222.9,1271.0,1272.0,1215.3,1264.9,1880606,1233.64,1222.5,26,1222.9,190,
2026-04-10T10:39:46.302,NC,COFORGE,1222.6,1271.0,1272.0,1215.3,1264.9,1880671,1233.64,1222.6,55,1222.9,21,
2026-04-10T10:39:52.021,NC,COFORGE,1222.6,1271.0,1272.0,1215.3,1264.9,1880717,1233.64,1222.6,72,1222.9,9,
2026-04-10T10:39:57.410,NC,COFORGE,1223.1,1271.0,1272.0,1215.3,1264.9,1881214,1233.63,1223.1,12,1223.2,182,
2026-04-10T10:40:02.617,NC,COFORGE,1222.7,1271.0,1272.0,1215.3,1264.9,1881407,1233.63,1222.7,25,1222.9,120,
2026-04-10T10:40:08.118,NC,COFORGE,1222.5,1271.0,1272.0,1215.3,1264.9,1881863,1233.63,1222.5,570,1222.8,146,
2026-04-10T10:40:13.523,NC,COFORGE,1222.0,1271.0,1272.0,1215.3,1264.9,1882832,1233.62,1222.0,125,1222.3,188,
2026-04-10T10:40:19.047,NC,COFORGE,1222.0,1271.0,1272.0,1215.3,1264.9,1883091,1233.62,1222.0,12,1222.2,196,
2026-04-10T10:40:24.338,NC,COFORGE,1222.1,1271.0,1272.0,1215.3,1264.9,1883398,1233.62,1222.0,30,1222.1,49,
2026-04-10T10:40:29.553,NC,COFORGE,1221.9,1271.0,1272.0,1215.3,1264.9,1883542,1233.62,1221.9,38,1222.1,112,
2026-04-10T10:40:35.058,NC,COFORGE,1222.0,1271.0,1272.0,1215.3,1264.9,1883615,1233.62,1222.0,1,1222.1,125,
2026-04-10T10:40:40.666,NC,COFORGE,1221.7,1271.0,1272.0,1215.3,1264.9,1883914,1233.62,1221.7,218,1222.0,3,
2026-04-10T10:40:45.879,NC,COFORGE,1221.7,1271.0,1272.0,1215.3,1264.9,1883954,1233.62,1221.7,173,1222.0,3,
2026-04-10T10:40:51.494,NC,COFORGE,1221.7,1271.0,1272.0,1215.3,1264.9,1884138,1233.61,1221.7,276,1222.0,2,
2026-04-10T10:40:56.988,NC,COFORGE,1222.1,1271.0,1272.0,1215.3,1264.9,1884504,1233.61,1222.1,4,1222.6,37,
2026-04-10T10:41:03.019,NC,COFORGE,1222.6,1271.0,1272.0,1215.3,1264.9,1884719,1233.61,1222.3,129,1222.6,42,
2026-04-10T10:41:08.406,NC,COFORGE,1222.6,1271.0,1272.0,1215.3,1264.9,1885046,1233.61,1222.6,19,1222.7,28,
2026-04-10T10:41:14.105,NC,COFORGE,1222.1,1271.0,1272.0,1215.3,1264.9,1887289,1233.6,1222.1,67,1222.6,28,
2026-04-10T10:41:19.425,NC,COFORGE,1222.0,1271.0,1272.0,1215.3,1264.9,1887749,1233.59,1222.0,525,1222.4,37,
2026-04-10T10:41:24.329,NC,COFORGE,1222.0,1271.0,1272.0,1215.3,1264.9,1888084,1233.59,1222.0,436,1222.3,28,
2026-04-10T10:41:29.424,NC,COFORGE,1221.6,1271.0,1272.0,1215.3,1264.9,1894068,1233.55,1221.5,128,1222.1,25,
2026-04-10T10:41:34.939,NC,COFORGE,1221.9,1271.0,1272.0,1215.3,1264.9,1896927,1233.54,1221.9,93,1222.4,12,
2026-04-10T10:41:40.439,NC,COFORGE,1222.0,1271.0,1272.0,1215.3,1264.9,1897388,1233.53,1222.0,604,1222.2,89,
2026-04-10T10:41:44.642,NC,COFORGE,1223.0,1271.0,1272.0,1215.3,1264.9,1902915,1233.5,1222.5,44,1223.1,374,
2026-04-10T10:41:45.743,NC,COFORGE,1222.2,1271.0,1272.0,1215.3,1264.9,1903447,1233.5,1222.3,57,1222.8,219,
2026-04-10T10:41:46.747,NC,COFORGE,1222.3,1271.0,1272.0,1215.3,1264.9,1903880,1233.5,1222.3,166,1222.8,95,
2026-04-10T10:41:47.746,NC,COFORGE,1222.8,1271.0,1272.0,1215.3,1264.9,1905060,1233.49,1222.8,220,1223.3,350,
2026-04-10T10:41:48.647,NC,COFORGE,1222.6,1271.0,1272.0,1215.3,1264.9,1905300,1233.49,1222.8,20,1223.3,402,
2026-04-10T10:41:49.746,NC,COFORGE,1222.8,1271.0,1272.0,1215.3,1264.9,1905349,1233.49,1223.1,25,1223.3,91,
2026-04-10T10:41:50.845,NC,COFORGE,1223.1,1271.0,1272.0,1215.3,1264.9,1905370,1233.49,1223.1,132,1223.3,47,
2026-04-10T10:41:51.952,NC,COFORGE,1222.9,1271.0,1272.0,1215.3,1264.9,1905607,1233.49,1222.9,54,1223.1,2,
2026-04-10T10:41:52.950,NC,COFORGE,1223.1,1271.0,1272.0,1215.3,1264.9,1905653,1233.49,1223.1,12,1223.4,71,
2026-04-10T10:41:53.858,NC,COFORGE,1224.0,1271.0,1272.0,1215.3,1264.9,1905783,1233.48,1223.6,69,1224.0,195,
2026-04-10T10:41:54.954,NC,COFORGE,1223.6,1271.0,1272.0,1215.3,1264.9,1905811,1233.48,1223.6,32,1224.0,236,
2026-04-10T10:41:55.967,NC,COFORGE,1224.0,1271.0,1272.0,1215.3,1264.9,1906007,1233.48,1223.5,192,1224.0,124,
2026-04-10T10:41:57.063,NC,COFORGE,1223.5,1271.0,1272.0,1215.3,1264.9,1906053,1233.48,1223.5,174,1224.0,72,
2026-04-10T10:41:58.063,NC,COFORGE,1223.5,1271.0,1272.0,1215.3,1264.9,1906062,1233.48,1223.5,165,1224.0,105,
2026-04-10T10:41:59.068,NC,COFORGE,1223.5,1271.0,1272.0,1215.3,1264.9,1906063,1233.48,1223.5,164,1224.0,105,
2026-04-10T10:42:00.061,NC,COFORGE,1224.0,1271.0,1272.0,1215.3,1264.9,1906077,1233.48,1223.5,164,1224.0,91,
2026-04-10T10:42:01.174,NC,COFORGE,1223.5,1271.0,1272.0,1215.3,1264.9,1906080,1233.48,1223.6,28,1224.0,91,
2026-04-10T10:42:02.275,NC,COFORGE,1224.2,1271.0,1272.0,1215.3,1264.9,1906270,1233.48,1223.6,153,1224.0,19,
2026-04-10T10:42:03.363,NC,COFORGE,1223.6,1271.0,1272.0,1215.3,1264.9,1906321,1233.48,1223.6,137,1224.0,12,
2026-04-10T10:42:04.463,NC,COFORGE,1223.6,1271.0,1272.0,1215.3,1264.9,1906409,1233.48,1223.7,48,1224.0,2,
2026-04-10T10:42:05.468,NC,COFORGE,1223.0,1271.0,1272.0,1215.3,1264.9,1906729,1233.48,1223.0,10,1223.6,238,
2026-04-10T10:42:06.484,NC,COFORGE,1222.9,1271.0,1272.0,1215.3,1264.9,1906780,1233.48,1222.9,98,1223.6,354,
2026-04-10T10:42:07.590,NC,COFORGE,1222.9,1271.0,1272.0,1215.3,1264.9,1907041,1233.48,1222.8,134,1223.5,329,
2026-04-10T10:42:08.669,NC,COFORGE,1223.0,1271.0,1272.0,1215.3,1264.9,1907059,1233.48,1223.0,27,1223.5,196,
2026-04-10T10:42:09.669,NC,COFORGE,1223.0,1271.0,1272.0,1215.3,1264.9,1907083,1233.48,1223.0,3,1223.5,237,
2026-04-10T10:42:10.672,NC,COFORGE,1222.8,1271.0,1272.0,1215.3,1264.9,1907088,1233.48,1222.8,238,1223.5,238,
2026-04-10T10:42:11.581,NC,COFORGE,1222.9,1271.0,1272.0,1215.3,1264.9,1907145,1233.48,1222.8,225,1223.5,215,
2026-04-10T10:42:12.676,NC,COFORGE,1222.8,1271.0,1272.0,1215.3,1264.9,1907154,1233.48,1222.8,294,1223.5,223,
2026-04-10T10:42:13.775,NC,COFORGE,1222.7,1271.0,1272.0,1215.3,1264.9,1907161,1233.48,1222.6,9,1223.2,245,
2026-04-10T10:42:14.877,NC,COFORGE,1222.7,1271.0,1272.0,1215.3,1264.9,1907165,1233.48,1222.7,59,1223.2,52,
2026-04-10T10:42:15.880,NC,COFORGE,1223.2,1271.0,1272.0,1215.3,1264.9,1907173,1233.48,1222.7,59,1223.2,44,
2026-04-10T10:42:16.974,NC,COFORGE,1222.7,1271.0,1272.0,1215.3,1264.9,1907177,1233.48,1222.7,245,1223.2,44,
2026-04-10T10:42:18.075,NC,COFORGE,1223.2,1271.0,1272.0,1215.3,1264.9,1907222,1233.48,1223.0,65,1223.6,79,
2026-04-10T10:42:19.184,NC,COFORGE,1223.1,1271.0,1272.0,1215.3,1264.9,1907233,1233.48,1223.1,183,1223.6,16,
2026-04-10T10:42:20.277,NC,COFORGE,1223.1,1271.0,1272.0,1215.3,1264.9,1907254,1233.48,1223.2,189,1223.6,16,
2026-04-10T10:42:21.278,NC,COFORGE,1223.2,1271.0,1272.0,1215.3,1264.9,1907259,1233.48,1223.2,223,1223.6,16,
2026-04-10T10:42:22.276,NC,COFORGE,1223.6,1271.0,1272.0,1215.3,1264.9,1907285,1233.48,1223.2,217,1223.6,5,
2026-04-10T10:42:23.279,NC,COFORGE,1223.6,1271.0,1272.0,1215.3,1264.9,1907653,1233.48,1223.6,24,1224.0,90,
2026-04-10T10:42:24.284,NC,COFORGE,1223.6,1271.0,1272.0,1215.3,1264.9,1907830,1233.47,1223.6,24,1224.0,38,
2026-04-10T10:42:25.281,NC,COFORGE,1223.6,1271.0,1272.0,1215.3,1264.9,1907849,1233.47,1223.6,5,1224.0,173,
2026-04-10T10:42:26.185,NC,COFORGE,1223.6,1271.0,1272.0,1215.3,1264.9,1907970,1233.47,1223.6,8,1224.0,116,
2026-04-10T10:42:27.294,NC,COFORGE,1223.6,1271.0,1272.0,1215.3,1264.9,1907982,1233.47,1223.6,1,1224.0,71,
2026-04-10T10:42:28.389,NC,COFORGE,1223.5,1271.0,1272.0,1215.3,1264.9,1907984,1233.47,1223.5,20,1224.0,116,
2026-04-10T10:42:30.501,NC,COFORGE,1223.5,1271.0,1272.0,1215.3,1264.9,1908223,1233.47,1223.5,1,1224.0,140,
2026-04-10T10:42:31.593,NC,COFORGE,1224.0,1271.0,1272.0,1215.3,1264.9,1908262,1233.47,1223.5,294,1224.0,28,
2026-04-10T10:42:32.696,NC,COFORGE,1224.1,1271.0,1272.0,1215.3,1264.9,1908357,1233.47,1223.5,141,1224.1,127,
2026-04-10T10:42:33.799,NC,COFORGE,1223.4,1271.0,1272.0,1215.3,1264.9,1908380,1233.47,1223.4,111,1224.0,16,
2026-04-10T10:42:34.897,NC,COFORGE,1223.6,1271.0,1272.0,1215.3,1264.9,1908469,1233.47,1223.6,22,1224.2,105,
2026-04-10T10:42:36.001,NC,COFORGE,1223.6,1271.0,1272.0,1215.3,1264.9,1908538,1233.47,1223.5,330,1224.2,221,
2026-04-10T10:42:37.013,NC,COFORGE,1223.5,1271.0,1272.0,1215.3,1264.9,1908549,1233.47,1223.5,79,1224.1,234,
2026-04-10T10:42:38.106,NC,COFORGE,1223.5,1271.0,1272.0,1215.3,1264.9,1908849,1233.47,1223.5,81,1224.1,126,
2026-04-10T10:42:39.202,NC,COFORGE,1223.5,1271.0,1272.0,1215.3,1264.9,1908906,1233.47,1223.5,145,1224.1,141,
2026-04-10T10:42:40.310,NC,COFORGE,1223.5,1271.0,1272.0,1215.3,1264.9,1908911,1233.47,1223.5,70,1224.0,200,
2026-04-10T10:42:41.420,NC,COFORGE,1223.6,1271.0,1272.0,1215.3,1264.9,1909360,1233.47,1223.6,49,1224.0,69,
2026-04-10T10:42:42.554,NC,COFORGE,1223.4,1271.0,1272.0,1215.3,1264.9,1909428,1233.47,1223.4,144,1224.0,195,
2026-04-10T10:42:43.623,NC,COFORGE,1223.3,1271.0,1272.0,1215.3,1264.9,1909441,1233.47,1223.5,200,1224.0,181,
2026-04-10T10:42:44.908,NC,COFORGE,1223.5,1271.0,1272.0,1215.3,1264.9,1909442,1233.47,1223.5,211,1224.0,182,
2026-04-10T10:42:45.913,NC,COFORGE,1223.5,1271.0,1272.0,1215.3,1264.9,1909596,1233.47,1223.5,353,1224.0,26,
2026-04-10T10:42:46.825,NC,COFORGE,1223.3,1271.0,1272.0,1215.3,1264.9,1910120,1233.46,1223.5,19,1224.0,26,
2026-04-10T10:42:47.817,NC,COFORGE,1223.5,1271.0,1272.0,1215.3,1264.9,1910243,1233.46,1223.5,60,1224.0,26,
2026-04-10T10:42:48.816,NC,COFORGE,1223.5,1271.0,1272.0,1215.3,1264.9,1910267,1233.46,1223.5,21,1224.0,55,
2026-04-10T10:42:49.822,NC,COFORGE,1223.5,1271.0,1272.0,1215.3,1264.9,1910271,1233.46,1223.5,41,1224.0,191,
2026-04-10T10:42:50.835,NC,COFORGE,1224.0,1271.0,1272.0,1215.3,1264.9,1910275,1233.46,1223.5,45,1224.0,131,
2026-04-10T10:42:52.850,NC,COFORGE,1224.0,1271.0,1272.0,1215.3,1264.9,1910457,1233.46,1224.0,10,1224.2,181,
2026-04-10T10:42:53.930,NC,COFORGE,1224.0,1271.0,1272.0,1215.3,1264.9,1910488,1233.46,1224.0,21,1224.2,190,
2026-04-10T10:42:54.831,NC,COFORGE,1224.0,1271.0,1272.0,1215.3,1264.9,1910491,1233.46,1224.0,18,1224.2,190,
2026-04-10T10:42:55.844,NC,COFORGE,1223.7,1271.0,1272.0,1215.3,1264.9,1910619,1233.46,1223.7,23,1224.2,149,
2026-04-10T10:42:56.838,NC,COFORGE,1223.7,1271.0,1272.0,1215.3,1264.9,1910640,1233.46,1223.7,32,1224.2,149,
2026-04-10T10:42:57.840,NC,COFORGE,1223.7,1271.0,1272.0,1215.3,1264.9,1910648,1233.46,1223.7,29,1224.2,137,
2026-04-10T10:42:58.936,NC,COFORGE,1224.2,1271.0,1272.0,1215.3,1264.9,1910850,1233.46,1223.6,231,1224.2,64,
2026-04-10T10:43:00.036,NC,COFORGE,1223.6,1271.0,1272.0,1215.3,1264.9,1910899,1233.46,1223.6,145,1224.2,110,
2026-04-10T10:43:01.038,NC,COFORGE,1223.6,1271.0,1272.0,1215.3,1264.9,1911480,1233.46,1223.6,4,1224.0,85,
2026-04-10T10:43:02.143,NC,COFORGE,1223.6,1271.0,1272.0,1215.3,1264.9,1911526,1233.46,1223.5,15,1223.6,3,
2026-04-10T10:43:03.045,NC,COFORGE,1223.5,1271.0,1272.0,1215.3,1264.9,1911533,1233.46,1223.5,13,1223.6,14,
2026-04-10T10:43:05.255,NC,COFORGE,1223.6,1271.0,1272.0,1215.3,1264.9,1911536,1233.46,1223.5,46,1223.6,71,
2026-04-10T10:43:06.351,NC,COFORGE,1223.6,1271.0,1272.0,1215.3,1264.9,1911678,1233.45,1223.6,147,1224.2,58,
2026-04-10T10:43:07.450,NC,COFORGE,1224.2,1271.0,1272.0,1215.3,1264.9,1912038,1233.45,1223.9,9,1224.3,4,
2026-04-10T10:43:08.453,NC,COFORGE,1223.9,1271.0,1272.0,1215.3,1264.9,1912075,1233.45,1223.9,204,1224.3,16,
2026-04-10T10:43:09.569,NC,COFORGE,1223.9,1271.0,1272.0,1215.3,1264.9,1912076,1233.45,1223.9,203,1224.3,16,
2026-04-10T10:43:10.656,NC,COFORGE,1225.5,1271.0,1272.0,1215.3,1264.9,1914227,1233.44,1225.5,167,1225.8,31,
2026-04-10T10:43:11.758,NC,COFORGE,1225.5,1271.0,1272.0,1215.3,1264.9,1914466,1233.44,1225.4,310,1225.8,52,
2026-04-10T10:43:12.857,NC,COFORGE,1225.4,1271.0,1272.0,1215.3,1264.9,1914474,1233.44,1225.4,193,1225.8,52,
2026-04-10T10:43:14.859,NC,COFORGE,1226.1,1271.0,1272.0,1215.3,1264.9,1914863,1233.44,1226.1,199,1226.4,250,
2026-04-10T10:43:15.862,NC,COFORGE,1226.3,1271.0,1272.0,1215.3,1264.9,1914890,1233.44,1226.2,28,1226.3,1,
2026-04-10T10:43:16.961,NC,COFORGE,1226.6,1271.0,1272.0,1215.3,1264.9,1915431,1233.44,1226.5,182,1226.6,2,
2026-04-10T10:43:18.073,NC,COFORGE,1226.5,1271.0,1272.0,1215.3,1264.9,1915448,1233.44,1226.5,76,1226.6,8,
2026-04-10T10:43:19.088,NC,COFORGE,1226.6,1271.0,1272.0,1215.3,1264.9,1915456,1233.44,1226.5,294,1226.9,301,
2026-04-10T10:43:20.077,NC,COFORGE,1226.2,1271.0,1272.0,1215.3,1264.9,1915907,1233.44,1226.2,138,1226.5,2275,
2026-04-10T10:43:21.162,NC,COFORGE,1226.2,1271.0,1272.0,1215.3,1264.9,1915920,1233.44,1226.2,111,1226.5,2327,
2026-04-10T10:43:23.365,NC,COFORGE,1226.5,1271.0,1272.0,1215.3,1264.9,1915924,1233.44,1226.4,28,1226.5,2375,
2026-04-10T10:43:24.467,NC,COFORGE,1226.5,1271.0,1272.0,1215.3,1264.9,1916164,1233.44,1226.3,56,1226.5,2135,
2026-04-10T10:43:25.577,NC,COFORGE,1226.5,1271.0,1272.0,1215.3,1264.9,1919429,1233.42,1226.5,125,1226.9,301,
2026-04-10T10:43:26.677,NC,COFORGE,1226.4,1271.0,1272.0,1215.3,1264.9,1919763,1233.42,1226.5,23,1226.8,113,
2026-04-10T10:43:27.774,NC,COFORGE,1226.4,1271.0,1272.0,1215.3,1264.9,1919910,1233.42,1226.3,28,1226.4,1,
2026-04-10T10:43:28.872,NC,COFORGE,1226.3,1271.0,1272.0,1215.3,1264.9,1919914,1233.42,1226.3,24,1226.4,2,
2026-04-10T10:43:29.779,NC,COFORGE,1226.4,1271.0,1272.0,1215.3,1264.9,1919919,1233.42,1226.3,101,1226.4,2,
2026-04-10T10:43:30.873,NC,COFORGE,1226.3,1271.0,1272.0,1215.3,1264.9,1919920,1233.42,1226.3,48,1226.4,3,
2026-04-10T10:43:31.884,NC,COFORGE,1226.4,1271.0,1272.0,1215.3,1264.9,1919922,1233.42,1226.3,22,1226.4,3,
2026-04-10T10:43:33.877,NC,COFORGE,1226.3,1271.0,1272.0,1215.3,1264.9,1919923,1233.42,1226.3,21,1226.4,3,
2026-04-10T10:43:34.794,NC,COFORGE,1226.3,1271.0,1272.0,1215.3,1264.9,1920129,1233.42,1226.3,52,1226.4,3,
2026-04-10T10:43:35.691,NC,COFORGE,1226.3,1271.0,1272.0,1215.3,1264.9,1920149,1233.42,1226.3,4,1226.4,3,
2026-04-10T10:43:36.781,NC,COFORGE,1226.3,1271.0,1272.0,1215.3,1264.9,1920153,1233.42,1226.3,1,1226.4,4,
2026-04-10T10:43:37.786,NC,COFORGE,1226.4,1271.0,1272.0,1215.3,1264.9,1920159,1233.42,1226.4,19,1226.6,181,
2026-04-10T10:43:38.899,NC,COFORGE,1226.4,1271.0,1272.0,1215.3,1264.9,1920268,1233.42,1226.4,10,1226.5,50,
2026-04-10T10:43:39.885,NC,COFORGE,1226.4,1271.0,1272.0,1215.3,1264.9,1920287,1233.42,1226.4,6,1226.5,35,
2026-04-10T10:43:40.894,NC,COFORGE,1226.5,1271.0,1272.0,1215.3,1264.9,1920363,1233.42,1226.5,2,1226.7,93,
2026-04-10T10:43:41.883,NC,COFORGE,1226.1,1271.0,1272.0,1215.3,1264.9,1920417,1233.42,1226.3,25,1226.4,200,
2026-04-10T10:43:42.884,NC,COFORGE,1226.4,1271.0,1272.0,1215.3,1264.9,1920637,1233.42,1226.4,282,1226.6,2,
2026-04-10T10:43:43.885,NC,COFORGE,1226.6,1271.0,1272.0,1215.3,1264.9,1920642,1233.42,1226.4,279,1226.6,73,
2026-04-10T10:43:45.889,NC,COFORGE,1226.4,1271.0,1272.0,1215.3,1264.9,1920654,1233.42,1226.4,278,1226.5,196,
2026-04-10T10:43:46.996,NC,COFORGE,1226.4,1271.0,1272.0,1215.3,1264.9,1920655,1233.42,1226.4,277,1226.5,280,
2026-04-10T10:43:48.088,NC,COFORGE,1226.4,1271.0,1272.0,1215.3,1264.9,1920764,1233.42,1226.4,268,1226.5,191,
2026-04-10T10:43:49.090,NC,COFORGE,1226.4,1271.0,1272.0,1215.3,1264.9,1920768,1233.42,1226.4,264,1226.5,191,
2026-04-10T10:43:50.087,NC,COFORGE,1225.8,1271.0,1272.0,1215.3,1264.9,1922054,1233.41,1225.8,28,1226.3,7,
2026-04-10T10:43:51.194,NC,COFORGE,1226.3,1271.0,1272.0,1215.3,1264.9,1922094,1233.41,1225.9,28,1226.3,11,
2026-04-10T10:43:52.302,NC,COFORGE,1226.6,1271.0,1272.0,1215.3,1264.9,1922631,1233.41,1226.5,45,1226.9,285,
2026-04-10T10:43:53.396,NC,COFORGE,1226.4,1271.0,1272.0,1215.3,1264.9,1922689,1233.41,1226.5,28,1226.8,2,
2026-04-10T10:43:54.495,NC,COFORGE,1226.8,1271.0,1272.0,1215.3,1264.9,1922691,1233.41,1226.5,27,1226.8,1,
2026-04-10T10:43:55.596,NC,COFORGE,1226.8,1271.0,1272.0,1215.3,1264.9,1922692,1233.41,1226.5,27,1226.8,46,
2026-04-10T10:43:56.698,NC,COFORGE,1226.8,1271.0,1272.0,1215.3,1264.9,1922715,1233.41,1226.5,27,1226.8,77,
2026-04-10T10:43:57.794,NC,COFORGE,1226.8,1271.0,1272.0,1215.3,1264.9,1926510,1233.4,1227.0,140,1227.2,27,
2026-04-10T10:43:58.898,NC,COFORGE,1226.6,1271.0,1272.0,1215.3,1264.9,1926755,1233.4,1226.6,166,1226.9,5,
2026-04-10T10:43:59.901,NC,COFORGE,1226.4,1271.0,1272.0,1215.3,1264.9,1926808,1233.4,1226.4,358,1226.8,10,
2026-04-10T10:44:00.905,NC,COFORGE,1226.4,1271.0,1272.0,1215.3,1264.9,1926809,1233.4,1226.6,29,1226.8,40,
2026-04-10T10:44:02.003,NC,COFORGE,1226.8,1271.0,1272.0,1215.3,1264.9,1926859,1233.4,1226.6,29,1226.8,155,
2026-04-10T10:44:03.110,NC,COFORGE,1226.1,1271.0,1272.0,1215.3,1264.9,1927091,1233.4,1226.1,137,1226.4,1,
2026-04-10T10:44:04.213,NC,COFORGE,1226.5,1271.0,1272.0,1215.3,1264.9,1927180,1233.4,1226.1,23,1226.5,98,
2026-04-10T10:44:05.211,NC,COFORGE,1226.1,1271.0,1272.0,1215.3,1264.9,1927196,1233.4,1226.1,31,1226.5,177,
2026-04-10T10:44:06.214,NC,COFORGE,1226.5,1271.0,1272.0,1215.3,1264.9,1927206,1233.4,1226.1,23,1226.5,294,
2026-04-10T10:44:07.314,NC,COFORGE,1226.1,1271.0,1272.0,1215.3,1264.9,1927477,1233.4,1226.1,24,1226.5,406,
2026-04-10T10:44:08.413,NC,COFORGE,1226.3,1271.0,1272.0,1215.3,1264.9,1927692,1233.4,1226.0,3,1226.3,123,
2026-04-10T10:44:09.518,NC,COFORGE,1226.1,1271.0,1272.0,1215.3,1264.9,1927746,1233.4,1225.6,4,1225.9,86,
2026-04-10T10:44:10.615,NC,COFORGE,1225.5,1271.0,1272.0,1215.3,1264.9,1927754,1233.4,1225.5,21,1226.0,140,
2026-04-10T10:44:11.617,NC,COFORGE,1226.0,1271.0,1272.0,1215.3,1264.9,1927903,1233.39,1225.6,31,1226.0,12,
2026-04-10T10:44:12.723,NC,COFORGE,1226.0,1271.0,1272.0,1215.3,1264.9,1928016,1233.39,1225.6,24,1226.0,52,
2026-04-10T10:44:13.822,NC,COFORGE,1226.0,1271.0,1272.0,1215.3,1264.9,1928257,1233.39,1225.9,36,1226.4,75,
2026-04-10T10:44:14.928,NC,COFORGE,1225.8,1271.0,1272.0,1215.3,1264.9,1928332,1233.39,1225.8,260,1226.5,265,
2026-04-10T10:44:16.025,NC,COFORGE,1225.8,1271.0,1272.0,1215.3,1264.9,1928345,1233.39,1225.8,265,1226.5,263,
2026-04-10T10:44:17.122,NC,COFORGE,1226.4,1271.0,1272.0,1215.3,1264.9,1928425,1233.39,1225.8,356,1226.4,67,
2026-04-10T10:44:18.245,NC,COFORGE,1225.8,1271.0,1272.0,1215.3,1264.9,1929508,1233.39,1225.9,63,1226.4,52,
2026-04-10T10:44:19.426,NC,COFORGE,1226.4,1271.0,1272.0,1215.3,1264.9,1929541,1233.39,1225.9,206,1226.4,102,
2026-04-10T10:44:21.430,NC,COFORGE,1226.0,1271.0,1272.0,1215.3,1264.9,1929552,1233.39,1226.0,26,1226.4,98,
2026-04-10T10:44:22.531,NC,COFORGE,1226.4,1271.0,1272.0,1215.3,1264.9,1929775,1233.39,1226.4,10,1226.5,36,
2026-04-10T10:44:23.631,NC,COFORGE,1226.0,1271.0,1272.0,1215.3,1264.9,1929811,1233.39,1226.0,17,1226.5,72,
2026-04-10T10:44:24.729,NC,COFORGE,1226.5,1271.0,1272.0,1215.3,1264.9,1929847,1233.39,1226.0,78,1226.5,56,
2026-04-10T10:44:25.732,NC,COFORGE,1226.5,1271.0,1272.0,1215.3,1264.9,1929848,1233.39,1226.1,73,1226.5,55,
2026-04-10T10:44:26.739,NC,COFORGE,1226.1,1271.0,1272.0,1215.3,1264.9,1929864,1233.39,1226.1,89,1226.5,50,
2026-04-10T10:44:27.734,NC,COFORGE,1226.1,1271.0,1272.0,1215.3,1264.9,1929865,1233.39,1226.1,27,1226.5,77,
2026-04-10T10:44:29.837,NC,COFORGE,1226.1,1271.0,1272.0,1215.3,1264.9,1929881,1233.39,1226.0,18,1226.4,1293,
2026-04-10T10:44:30.939,NC,COFORGE,1226.0,1271.0,1272.0,1215.3,1264.9,1929900,1233.39,1226.0,40,1226.4,1253,
2026-04-10T10:44:31.844,NC,COFORGE,1225.7,1271.0,1272.0,1215.3,1264.9,1930100,1233.39,1225.7,116,1226.3,80,
2026-04-10T10:44:32.953,NC,COFORGE,1225.7,1271.0,1272.0,1215.3,1264.9,1930123,1233.39,1226.1,52,1226.3,292,
2026-04-10T10:44:34.068,NC,COFORGE,1226.3,1271.0,1272.0,1215.3,1264.9,1930127,1233.39,1226.1,52,1226.3,367,
2026-04-10T10:44:37.360,NC,COFORGE,1226.3,1271.0,1272.0,1215.3,1264.9,1930132,1233.39,1226.1,76,1226.3,167,
2026-04-10T10:44:38.355,NC,COFORGE,1225.1,1271.0,1272.0,1215.3,1264.9,1931617,1233.38,1225.3,237,1225.9,53,
2026-04-10T10:44:39.254,NC,COFORGE,1225.4,1271.0,1272.0,1215.3,1264.9,1931799,1233.38,1225.4,139,1226.0,258,
2026-04-10T10:44:40.250,NC,COFORGE,1225.4,1271.0,1272.0,1215.3,1264.9,1931804,1233.38,1225.5,205,1226.0,139,
2026-04-10T10:44:41.251,NC,COFORGE,1225.5,1271.0,1272.0,1215.3,1264.9,1931807,1233.38,1225.5,204,1226.0,78,
2026-04-10T10:44:42.251,NC,COFORGE,1224.7,1271.0,1272.0,1215.3,1264.9,1935870,1233.36,1224.6,1,1224.7,46,
2026-04-10T10:44:43.382,NC,COFORGE,1224.6,1271.0,1272.0,1215.3,1264.9,1936783,1233.36,1224.5,228,1224.7,28,
2026-04-10T10:44:44.653,NC,COFORGE,1224.6,1271.0,1272.0,1215.3,1264.9,1936986,1233.36,1225.2,3,1225.4,278,
2026-04-10T10:44:45.659,NC,COFORGE,1225.0,1271.0,1272.0,1215.3,1264.9,1937507,1233.35,1225.0,11,1225.1,89,
2026-04-10T10:44:46.566,NC,COFORGE,1225.0,1271.0,1272.0,1215.3,1264.9,1937751,1233.35,1225.0,11,1225.3,180,
2026-04-10T10:44:47.571,NC,COFORGE,1225.0,1271.0,1272.0,1215.3,1264.9,1938540,1233.35,1224.7,70,1225.0,8,
2026-04-10T10:44:48.666,NC,COFORGE,1224.7,1271.0,1272.0,1215.3,1264.9,1940221,1233.34,1224.7,83,1225.3,132,
2026-04-10T10:44:49.770,NC,COFORGE,1225.2,1271.0,1272.0,1215.3,1264.9,1940514,1233.34,1225.0,11,1225.2,104,
2026-04-10T10:44:50.867,NC,COFORGE,1225.1,1271.0,1272.0,1215.3,1264.9,1940834,1233.34,1225.0,11,1225.2,120,
2026-04-10T10:44:51.962,NC,COFORGE,1225.0,1271.0,1272.0,1215.3,1264.9,1941485,1233.34,1225.0,11,1225.2,181,
2026-04-10T10:44:53.076,NC,COFORGE,1225.0,1271.0,1272.0,1215.3,1264.9,1942044,1233.33,1225.0,11,1225.2,81,
2026-04-10T10:44:54.088,NC,COFORGE,1225.0,1271.0,1272.0,1215.3,1264.9,1942210,1233.33,1225.0,26,1225.2,93,
2026-04-10T10:44:55.205,NC,COFORGE,1225.2,1271.0,1272.0,1215.3,1264.9,1942354,1233.33,1225.0,13,1225.2,122,
2026-04-10T10:44:56.284,NC,COFORGE,1225.0,1271.0,1272.0,1215.3,1264.9,1942580,1233.33,1225.0,11,1225.2,363,
2026-04-10T10:44:57.269,NC,COFORGE,1225.0,1271.0,1272.0,1215.3,1264.9,1943060,1233.33,1224.6,4,1225.1,118,
2026-04-10T10:44:58.281,NC,COFORGE,1225.0,1271.0,1272.0,1215.3,1264.9,1943729,1233.33,1224.5,78,1225.0,50,
2026-04-10T10:44:59.277,NC,COFORGE,1224.4,1271.0,1272.0,1215.3,1264.9,1944283,1233.32,1224.5,55,1225.0,127,
2026-04-10T10:45:00.278,NC,COFORGE,1224.3,1271.0,1272.0,1215.3,1264.9,1944358,1233.32,1224.3,3,1224.5,27,
2026-04-10T10:45:01.379,NC,COFORGE,1223.9,1271.0,1272.0,1215.3,1264.9,1944656,1233.32,1223.7,380,1223.9,2,
2026-04-10T10:45:02.377,NC,COFORGE,1223.7,1271.0,1272.0,1215.3,1264.9,1944772,1233.32,1223.7,264,1223.9,116,
2026-04-10T10:45:03.383,NC,COFORGE,1223.6,1271.0,1272.0,1215.3,1264.9,1945411,1233.32,1223.5,216,1223.6,8,
2026-04-10T10:45:04.495,NC,COFORGE,1223.5,1271.0,1272.0,1215.3,1264.9,1945847,1233.32,1223.5,15,1223.6,175,
2026-04-10T10:45:05.585,NC,COFORGE,1223.3,1271.0,1272.0,1215.3,1264.9,1945894,1233.32,1223.3,18,1223.4,29,
2026-04-10T10:45:06.687,NC,COFORGE,1223.4,1271.0,1272.0,1215.3,1264.9,1945920,1233.32,1223.3,17,1223.4,6,
2026-04-10T10:45:07.688,NC,COFORGE,1223.3,1271.0,1272.0,1215.3,1264.9,1945924,1233.32,1223.3,13,1223.4,33,
2026-04-10T10:45:08.690,NC,COFORGE,1223.0,1271.0,1272.0,1215.3,1264.9,1946531,1233.31,1223.0,11,1223.3,1,
2026-04-10T10:45:09.705,NC,COFORGE,1222.7,1271.0,1272.0,1215.3,1264.9,1946624,1233.31,1222.7,66,1223.0,1,
2026-04-10T10:45:10.710,NC,COFORGE,1222.7,1271.0,1272.0,1215.3,1264.9,1946680,1233.31,1222.6,65,1223.0,2,
2026-04-10T10:45:11.701,NC,COFORGE,1222.7,1271.0,1272.0,1215.3,1264.9,1946863,1233.31,1222.8,54,1223.0,1,
2026-04-10T10:45:12.607,NC,COFORGE,1222.5,1271.0,1272.0,1215.3,1264.9,1947010,1233.31,1222.5,113,1223.0,6,
2026-04-10T10:45:13.723,NC,COFORGE,1222.5,1271.0,1272.0,1215.3,1264.9,1947065,1233.31,1222.2,119,1222.5,1,
2026-04-10T10:45:14.807,NC,COFORGE,1222.5,1271.0,1272.0,1215.3,1264.9,1947158,1233.31,1222.0,1034,1222.5,24,
2026-04-10T10:45:15.912,NC,COFORGE,1222.0,1271.0,1272.0,1215.3,1264.9,1947173,1233.31,1222.0,1019,1222.5,155,
2026-04-10T10:45:17.013,NC,COFORGE,1222.0,1271.0,1272.0,1215.3,1264.9,1947174,1233.31,1222.0,1028,1222.5,229,
2026-04-10T10:45:20.217,NC,COFORGE,1222.0,1271.0,1272.0,1215.3,1264.9,1947344,1233.31,1222.0,1032,1222.5,57,
2026-04-10T10:45:21.316,NC,COFORGE,1222.5,1271.0,1272.0,1215.3,1264.9,1947373,1233.31,1222.0,1006,1222.5,32,
2026-04-10T10:45:22.418,NC,COFORGE,1222.8,1271.0,1272.0,1215.3,1264.9,1948127,1233.3,1222.0,937,1222.6,84,
2026-04-10T10:45:23.443,NC,COFORGE,1222.5,1271.0,1272.0,1215.3,1264.9,1948245,1233.3,1222.5,13,1222.6,208,
2026-04-10T10:45:24.525,NC,COFORGE,1222.5,1271.0,1272.0,1215.3,1264.9,1948249,1233.3,1222.5,9,1222.6,164,
2026-04-10T10:45:25.623,NC,COFORGE,1222.6,1271.0,1272.0,1215.3,1264.9,1948361,1233.3,1222.5,30,1222.6,49,
2026-04-10T10:45:26.746,NC,COFORGE,1222.6,1271.0,1272.0,1215.3,1264.9,1948444,1233.3,1222.5,13,1222.6,26,
2026-04-10T10:45:27.834,NC,COFORGE,1222.5,1271.0,1272.0,1215.3,1264.9,1948462,1233.3,1222.1,189,1222.5,1,
2026-04-10T10:45:29.934,NC,COFORGE,1222.5,1271.0,1272.0,1215.3,1264.9,1948466,1233.3,1222.1,41,1222.5,5,
2026-04-10T10:45:33.234,NC,COFORGE,1222.5,1271.0,1272.0,1215.3,1264.9,1948473,1233.3,1222.1,27,1222.5,177,
2026-04-10T10:45:34.334,NC,COFORGE,1222.1,1271.0,1272.0,1215.3,1264.9,1948474,1233.3,1222.1,26,1222.5,177,
2026-04-10T10:45:35.336,NC,COFORGE,1222.5,1271.0,1272.0,1215.3,1264.9,1948476,1233.3,1222.1,50,1222.5,175,
2026-04-10T10:45:36.339,NC,COFORGE,1222.5,1271.0,1272.0,1215.3,1264.9,1948543,1233.3,1222.1,44,1222.5,140,
2026-04-10T10:45:36.339,NC,COFORGE,1222.5,1271.0,1272.0,1215.3,1264.9,1948543,1233.3,1222.1,44,1222.5,140,
2026-04-10T10:45:37.335,NC,COFORGE,1222.5,1271.0,1272.0,1215.3,1264.9,1948561,1233.3,1222.1,66,1222.5,125,
2026-04-10T10:45:38.339,NC,COFORGE,1222.1,1271.0,1272.0,1215.3,1264.9,1948791,1233.3,1222.1,66,1222.5,155,
2026-04-10T10:45:39.258,NC,COFORGE,1222.1,1271.0,1272.0,1215.3,1264.9,1948822,1233.3,1222.1,48,1222.5,161,
2026-04-10T10:45:40.346,NC,COFORGE,1222.5,1271.0,1272.0,1215.3,1264.9,1948931,1233.3,1222.1,209,1222.5,60,
2026-04-10T10:45:41.339,NC,COFORGE,1222.1,1271.0,1272.0,1215.3,1264.9,1948947,1233.3,1222.1,194,1222.5,70,
2026-04-10T10:45:43.340,NC,COFORGE,1222.3,1271.0,1272.0,1215.3,1264.9,1948964,1233.3,1222.2,250,1222.5,57,
2026-04-10T10:45:44.248,NC,COFORGE,1222.5,1271.0,1272.0,1215.3,1264.9,1948966,1233.3,1222.2,249,1222.5,58,
2026-04-10T10:45:45.254,NC,COFORGE,1222.3,1271.0,1272.0,1215.3,1264.9,1948973,1233.3,1222.2,223,1222.5,52,
2026-04-10T10:45:50.159,NC,COFORGE,1222.5,1271.0,1272.0,1215.3,1264.9,1949024,1233.3,1222.2,31,1222.5,2,
2026-04-10T10:45:51.262,NC,COFORGE,1222.5,1271.0,1272.0,1215.3,1264.9,1949035,1233.3,1222.5,7,1222.8,285,
2026-04-10T10:45:52.289,NC,COFORGE,1222.8,1271.0,1272.0,1215.3,1264.9,1949080,1233.3,1222.5,7,1222.8,242,
2026-04-10T10:45:53.372,NC,COFORGE,1222.3,1271.0,1272.0,1215.3,1264.9,1949401,1233.3,1222.1,208,1222.3,3,
2026-04-10T10:45:54.459,NC,COFORGE,1222.1,1271.0,1272.0,1215.3,1264.9,1949968,1233.29,1222.1,37,1222.5,8,
2026-04-10T10:45:55.469,NC,COFORGE,1221.8,1271.0,1272.0,1215.3,1264.9,1951266,1233.29,1222.0,289,1222.5,35,
2026-04-10T10:45:56.560,NC,COFORGE,1222.3,1271.0,1272.0,1215.3,1264.9,1951417,1233.29,1222.3,142,1222.5,11,
2026-04-10T10:45:57.662,NC,COFORGE,1222.3,1271.0,1272.0,1215.3,1264.9,1951472,1233.29,1222.3,201,1222.5,37,
2026-04-10T10:45:58.763,NC,COFORGE,1222.0,1271.0,1272.0,1215.3,1264.9,1953088,1233.28,1221.7,22,1222.3,9,
2026-04-10T10:45:59.864,NC,COFORGE,1222.2,1271.0,1272.0,1215.3,1264.9,1953402,1233.27,1222.1,67,1222.2,20,
2026-04-10T10:46:00.768,NC,COFORGE,1222.2,1271.0,1272.0,1215.3,1264.9,1953565,1233.27,1222.2,64,1222.8,87,
2026-04-10T10:46:01.868,NC,COFORGE,1222.8,1271.0,1272.0,1215.3,1264.9,1953585,1233.27,1222.2,118,1222.8,99,
2026-04-10T10:46:02.968,NC,COFORGE,1222.8,1271.0,1272.0,1215.3,1264.9,1953660,1233.27,1222.3,77,1222.8,36,
2026-04-10T10:46:03.973,NC,COFORGE,1222.4,1271.0,1272.0,1215.3,1264.9,1954711,1233.27,1222.3,83,1222.4,11,
2026-04-10T10:46:04.973,NC,COFORGE,1222.3,1271.0,1272.0,1215.3,1264.9,1954742,1233.27,1222.3,49,1222.4,11,
2026-04-10T10:46:05.973,NC,COFORGE,1222.4,1271.0,1272.0,1215.3,1264.9,1954871,1233.27,1222.4,26,1222.8,120,
2026-04-10T10:46:07.075,NC,COFORGE,1222.3,1271.0,1272.0,1215.3,1264.9,1955027,1233.27,1222.3,130,1222.8,140,
2026-04-10T10:46:08.176,NC,COFORGE,1222.4,1271.0,1272.0,1215.3,1264.9,1955268,1233.26,1222.4,56,1222.8,41,
2026-04-10T10:46:09.274,NC,COFORGE,1222.4,1271.0,1272.0,1215.3,1264.9,1955274,1233.26,1222.3,10,1222.8,98,
2026-04-10T10:46:13.383,NC,COFORGE,1222.6,1271.0,1272.0,1215.3,1264.9,1955354,1233.26,1222.6,16,1222.8,4,
2026-04-10T10:46:14.385,NC,COFORGE,1222.6,1271.0,1272.0,1215.3,1264.9,1955355,1233.26,1222.6,15,1222.8,4,
2026-04-10T10:46:15.393,NC,COFORGE,1222.6,1271.0,1272.0,1215.3,1264.9,1955367,1233.26,1222.6,13,1222.8,1,
2026-04-10T10:46:16.385,NC,COFORGE,1222.8,1271.0,1272.0,1215.3,1264.9,1955380,1233.26,1222.8,3,1223.1,221,
2026-04-10T10:46:17.384,NC,COFORGE,1222.8,1271.0,1272.0,1215.3,1264.9,1955383,1233.26,1222.5,18,1223.0,15,
2026-04-10T10:46:19.526,NC,COFORGE,1222.5,1271.0,1272.0,1215.3,1264.9,1955400,1233.26,1222.8,49,1223.1,64,
2026-04-10T10:46:20.488,NC,COFORGE,1222.8,1271.0,1272.0,1215.3,1264.9,1955514,1233.26,1222.8,10,1223.1,136,
2026-04-10T10:46:21.491,NC,COFORGE,1223.1,1271.0,1272.0,1215.3,1264.9,1955517,1233.26,1222.8,9,1223.1,64,
2026-04-10T10:46:22.494,NC,COFORGE,1223.1,1271.0,1272.0,1215.3,1264.9,1955686,1233.26,1222.6,56,1223.2,58,
2026-04-10T10:46:23.495,NC,COFORGE,1223.2,1271.0,1272.0,1215.3,1264.9,1955712,1233.26,1222.8,218,1223.2,11,
2026-04-10T10:46:24.511,NC,COFORGE,1222.8,1271.0,1272.0,1215.3,1264.9,1955713,1233.26,1222.8,291,1223.2,11,
2026-04-10T10:46:26.599,NC,COFORGE,1223.9,1271.0,1272.0,1215.3,1264.9,1957013,1233.26,1223.1,117,1223.8,136,
2026-04-10T10:46:27.702,NC,COFORGE,1222.8,1271.0,1272.0,1215.3,1264.9,1957443,1233.25,1222.8,308,1223.4,56,
2026-04-10T10:46:28.625,NC,COFORGE,1222.8,1271.0,1272.0,1215.3,1264.9,1957467,1233.25,1222.7,308,1223.3,81,
2026-04-10T10:46:29.698,NC,COFORGE,1223.3,1271.0,1272.0,1215.3,1264.9,1957472,1233.25,1222.8,5,1223.3,185,
2026-04-10T10:46:30.807,NC,COFORGE,1222.8,1271.0,1272.0,1215.3,1264.9,1957474,1233.25,1222.8,3,1223.3,139,
2026-04-10T10:46:35.106,NC,COFORGE,1223.0,1271.0,1272.0,1215.3,1264.9,1957495,1233.25,1223.0,23,1223.1,144,
2026-04-10T10:46:37.219,NC,COFORGE,1223.0,1271.0,1272.0,1215.3,1264.9,1957496,1233.25,1223.0,22,1223.1,200,
2026-04-10T10:46:38.311,NC,COFORGE,1222.7,1271.0,1272.0,1215.3,1264.9,1957765,1233.25,1222.7,37,1222.8,3,
2026-04-10T10:46:39.411,NC,COFORGE,1222.7,1271.0,1272.0,1215.3,1264.9,1957770,1233.25,1222.7,32,1222.8,3,
2026-04-10T10:46:40.422,NC,COFORGE,1222.6,1271.0,1272.0,1215.3,1264.9,1957925,1233.25,1222.5,86,1222.6,2,
2026-04-10T10:46:41.429,NC,COFORGE,1222.5,1271.0,1272.0,1215.3,1264.9,1958011,1233.25,1222.4,10,1222.5,64,
2026-04-10T10:46:42.423,NC,COFORGE,1222.3,1271.0,1272.0,1215.3,1264.9,1958144,1233.25,1222.2,1,1222.3,218,
2026-04-10T10:46:43.526,NC,COFORGE,1222.1,1271.0,1272.0,1215.3,1264.9,1958147,1233.25,1222.0,1507,1222.1,2,
2026-04-10T10:46:44.634,NC,COFORGE,1222.0,1271.0,1272.0,1215.3,1264.9,1958771,1233.25,1222.0,933,1222.1,1,
2026-04-10T10:46:45.622,NC,COFORGE,1222.0,1271.0,1272.0,1215.3,1264.9,1958785,1233.25,1222.0,919,1222.1,4,
2026-04-10T10:46:48.835,NC,COFORGE,1222.0,1271.0,1272.0,1215.3,1264.9,1958790,1233.25,1222.0,964,1222.1,10,
2026-04-10T10:46:49.942,NC,COFORGE,1222.0,1271.0,1272.0,1215.3,1264.9,1958930,1233.25,1222.0,873,1222.1,6,
2026-04-10T10:46:50.939,NC,COFORGE,1222.0,1271.0,1272.0,1215.3,1264.9,1958941,1233.25,1222.0,915,1222.1,21,
2026-04-10T10:46:52.136,NC,COFORGE,1222.0,1271.0,1272.0,1215.3,1264.9,1958947,1233.25,1222.0,909,1222.1,30,
2026-04-10T10:46:53.265,NC,COFORGE,1222.1,1271.0,1272.0,1215.3,1264.9,1959011,1233.24,1222.1,13,1222.2,27,
2026-04-10T10:46:54.242,NC,COFORGE,1221.9,1271.0,1272.0,1215.3,1264.9,1960327,1233.24,1221.6,16,1221.9,177,
2026-04-10T10:46:55.244,NC,COFORGE,1221.5,1271.0,1272.0,1215.3,1264.9,1960385,1233.24,1221.4,103,1221.5,1,
2026-04-10T10:46:56.346,NC,COFORGE,1221.3,1271.0,1272.0,1215.3,1264.9,1960564,1233.24,1221.2,40,1221.3,1,
2026-04-10T10:46:57.447,NC,COFORGE,1221.3,1271.0,1272.0,1215.3,1264.9,1960635,1233.24,1221.2,125,1221.8,246,
2026-04-10T10:46:58.358,NC,COFORGE,1221.1,1271.0,1272.0,1215.3,1264.9,1960637,1233.24,1221.1,85,1221.7,227,
2026-04-10T10:46:59.345,NC,COFORGE,1221.6,1271.0,1272.0,1215.3,1264.9,1960811,1233.23,1221.1,43,1221.7,205,
2026-04-10T10:47:00.346,NC,COFORGE,1221.7,1271.0,1272.0,1215.3,1264.9,1961384,1233.23,1221.6,84,1222.3,156,
2026-04-10T10:47:01.450,NC,COFORGE,1221.6,1271.0,1272.0,1215.3,1264.9,1961462,1233.23,1221.6,73,1222.2,322,
2026-04-10T10:47:02.447,NC,COFORGE,1222.2,1271.0,1272.0,1215.3,1264.9,1961557,1233.23,1221.6,119,1222.2,29,
2026-04-10T10:47:03.545,NC,COFORGE,1221.7,1271.0,1272.0,1215.3,1264.9,1961570,1233.23,1221.7,52,1222.2,16,
2026-04-10T10:47:07.452,NC,COFORGE,1222.2,1271.0,1272.0,1215.3,1264.9,1961695,1233.23,1222.2,144,1222.7,2093,
2026-04-10T10:47:08.458,NC,COFORGE,1221.7,1271.0,1272.0,1215.3,1264.9,1962149,1233.23,1221.7,175,1222.2,62,
2026-04-10T10:47:09.563,NC,COFORGE,1221.7,1271.0,1272.0,1215.3,1264.9,1962162,1233.23,1221.7,162,1222.2,62,
2026-04-10T10:47:13.655,NC,COFORGE,1222.2,1271.0,1272.0,1215.3,1264.9,1962223,1233.23,1222.2,257,1222.7,2093,
2026-04-10T10:47:14.659,NC,COFORGE,1222.0,1271.0,1272.0,1215.3,1264.9,1962597,1233.22,1221.7,131,1222.0,5,
2026-04-10T10:47:15.658,NC,COFORGE,1221.7,1271.0,1272.0,1215.3,1264.9,1962609,1233.22,1221.7,119,1222.0,5,
2026-04-10T10:47:16.760,NC,COFORGE,1221.7,1271.0,1272.0,1215.3,1264.9,1962621,1233.22,1221.7,117,1222.2,94,
2026-04-10T10:47:17.864,NC,COFORGE,1221.7,1271.0,1272.0,1215.3,1264.9,1962622,1233.22,1221.7,333,1222.2,94,
2026-04-10T10:47:18.909,NC,COFORGE,1221.7,1271.0,1272.0,1215.3,1264.9,1962645,1233.22,1221.7,37,1222.1,343,
2026-04-10T10:47:19.897,NC,COFORGE,1221.7,1271.0,1272.0,1215.3,1264.9,1962713,1233.22,1221.7,53,1222.1,245,
2026-04-10T10:47:20.997,NC,COFORGE,1221.7,1271.0,1272.0,1215.3,1264.9,1962715,1233.22,1222.0,10,1222.1,48,
2026-04-10T10:47:22.095,NC,COFORGE,1222.1,1271.0,1272.0,1215.3,1264.9,1962739,1233.22,1222.0,10,1222.1,24,
2026-04-10T10:47:23.203,NC,COFORGE,1222.1,1271.0,1272.0,1215.3,1264.9,1962769,1233.22,1222.1,21,1222.2,52,
2026-04-10T10:47:24.300,NC,COFORGE,1222.1,1271.0,1272.0,1215.3,1264.9,1962884,1233.22,1222.1,6,1222.3,71,
2026-04-10T10:47:25.403,NC,COFORGE,1222.1,1271.0,1272.0,1215.3,1264.9,1962887,1233.22,1222.1,3,1222.4,375,
2026-04-10T10:47:26.503,NC,COFORGE,1221.7,1271.0,1272.0,1215.3,1264.9,1963085,1233.22,1221.7,419,1222.0,2,
2026-04-10T10:47:27.606,NC,COFORGE,1222.0,1271.0,1272.0,1215.3,1264.9,1963092,1233.22,1221.7,414,1222.0,3,
2026-04-10T10:47:32.015,NC,COFORGE,1221.7,1271.0,1272.0,1215.3,1264.9,1963101,1233.22,1221.7,337,1222.0,26,
2026-04-10T10:47:34.222,NC,COFORGE,1222.0,1271.0,1272.0,1215.3,1264.9,1963102,1233.22,1221.7,263,1222.0,43,
2026-04-10T10:47:35.219,NC,COFORGE,1221.7,1271.0,1272.0,1215.3,1264.9,1963104,1233.22,1221.7,209,1222.0,144,
2026-04-10T10:47:36.225,NC,COFORGE,1221.7,1271.0,1272.0,1215.3,1264.9,1963108,1233.22,1221.7,205,1222.0,123,
2026-04-10T10:47:38.325,NC,COFORGE,1222.0,1271.0,1272.0,1215.3,1264.9,1963256,1233.22,1222.0,24,1222.1,170,
2026-04-10T10:47:39.425,NC,COFORGE,1222.0,1271.0,1272.0,1215.3,1264.9,1963263,1233.22,1222.0,768,1222.2,33,
2026-04-10T10:47:40.531,NC,COFORGE,1222.1,1271.0,1272.0,1215.3,1264.9,1964232,1233.21,1222.0,33,1222.1,67,
2026-04-10T10:47:41.438,NC,COFORGE,1221.7,1271.0,1272.0,1215.3,1264.9,1964384,1233.21,1221.7,68,1222.2,396,
2026-04-10T10:47:42.531,NC,COFORGE,1221.7,1271.0,1272.0,1215.3,1264.9,1964389,1233.21,1221.7,64,1222.2,448,
2026-04-10T10:47:44.838,NC,COFORGE,1222.1,1271.0,1272.0,1215.3,1264.9,1964397,1233.21,1221.7,66,1222.1,77,
2026-04-10T10:47:45.833,NC,COFORGE,1221.7,1271.0,1272.0,1215.3,1264.9,1964398,1233.21,1222.0,24,1222.1,42,
2026-04-10T10:47:46.938,NC,COFORGE,1222.1,1271.0,1272.0,1215.3,1264.9,1964402,1233.21,1222.0,24,1222.1,38,
2026-04-10T10:47:52.139,NC,COFORGE,1222.0,1271.0,1272.0,1215.3,1264.9,1964431,1233.21,1222.0,44,1222.1,13,
2026-04-10T10:47:53.145,NC,COFORGE,1222.1,1271.0,1272.0,1215.3,1264.9,1964447,1233.21,1222.1,23,1222.2,232,
2026-04-10T10:47:54.138,NC,COFORGE,1222.1,1271.0,1272.0,1215.3,1264.9,1964469,1233.21,1222.1,25,1222.2,201,
2026-04-10T10:47:55.142,NC,COFORGE,1222.2,1271.0,1272.0,1215.3,1264.9,1964571,1233.21,1222.1,23,1222.2,14,
2026-04-10T10:47:56.139,NC,COFORGE,1222.2,1271.0,1272.0,1215.3,1264.9,1964649,1233.21,1222.2,16,1222.5,960,
2026-04-10T10:47:57.147,NC,COFORGE,1222.2,1271.0,1272.0,1215.3,1264.9,1964654,1233.21,1222.2,13,1222.5,1040,
2026-04-10T10:47:59.144,NC,COFORGE,1222.5,1271.0,1272.0,1215.3,1264.9,1964809,1233.21,1222.5,8,1222.8,226,
2026-04-10T10:48:00.146,NC,COFORGE,1222.5,1271.0,1272.0,1215.3,1264.9,1964822,1233.21,1222.5,61,1222.8,124,
2026-04-10T10:48:01.154,NC,COFORGE,1222.6,1271.0,1272.0,1215.3,1264.9,1964905,1233.21,1222.6,328,1223.0,960,
2026-04-10T10:48:02.151,NC,COFORGE,1222.6,1271.0,1272.0,1215.3,1264.9,1964909,1233.21,1222.6,324,1223.0,980,
2026-04-10T10:48:03.151,NC,COFORGE,1223.0,1271.0,1272.0,1215.3,1264.9,1964910,1233.21,1222.7,232,1223.0,979,
2026-04-10T10:48:07.156,NC,COFORGE,1222.9,1271.0,1272.0,1215.3,1264.9,1965018,1233.21,1222.9,12,1223.0,1164,
2026-04-10T10:48:08.159,NC,COFORGE,1223.0,1271.0,1272.0,1215.3,1264.9,1965176,1233.21,1222.8,12,1223.0,1042,
2026-04-10T10:48:09.059,NC,COFORGE,1222.6,1271.0,1272.0,1215.3,1264.9,1965189,1233.21,1222.6,41,1222.8,27,
2026-04-10T10:48:10.162,NC,COFORGE,1222.8,1271.0,1272.0,1215.3,1264.9,1965190,1233.21,1222.6,41,1222.8,26,
2026-04-10T10:48:11.268,NC,COFORGE,1222.8,1271.0,1272.0,1215.3,1264.9,1965197,1233.21,1222.6,41,1222.8,14,
2026-04-10T10:48:12.260,NC,COFORGE,1222.6,1271.0,1272.0,1215.3,1264.9,1965198,1233.21,1222.6,40,1222.8,14,
2026-04-10T10:48:13.275,NC,COFORGE,1222.6,1271.0,1272.0,1215.3,1264.9,1965213,1233.21,1222.6,38,1222.8,1,
2026-04-10T10:48:16.267,NC,COFORGE,1222.8,1271.0,1272.0,1215.3,1264.9,1965214,1233.21,1222.6,38,1222.8,3,
2026-04-10T10:48:17.265,NC,COFORGE,1222.6,1271.0,1272.0,1215.3,1264.9,1965216,1233.21,1222.6,36,1222.8,3,
2026-04-10T10:48:18.368,NC,COFORGE,1222.6,1271.0,1272.0,1215.3,1264.9,1965273,1233.21,1222.6,29,1222.8,2,
2026-04-10T10:48:19.383,NC,COFORGE,1222.6,1271.0,1272.0,1215.3,1264.9,1965275,1233.21,1222.6,27,1222.8,2,
2026-04-10T10:48:22.477,NC,COFORGE,1222.6,1271.0,1272.0,1215.3,1264.9,1965562,1233.21,1222.6,16,1222.8,317,
2026-04-10T10:48:23.482,NC,COFORGE,1222.6,1271.0,1272.0,1215.3,1264.9,1965639,1233.21,1222.5,64,1222.8,448,
2026-04-10T10:48:24.481,NC,COFORGE,1222.6,1271.0,1272.0,1215.3,1264.9,1965650,1233.21,1222.5,56,1222.6,296,
2026-04-10T10:48:26.382,NC,COFORGE,1222.5,1271.0,1272.0,1215.3,1264.9,1965701,1233.21,1222.5,65,1222.6,344,
2026-04-10T10:48:27.595,NC,COFORGE,1222.5,1271.0,1272.0,1215.3,1264.9,1965705,1233.21,1222.5,62,1222.6,348,
2026-04-10T10:48:28.584,NC,COFORGE,1222.6,1271.0,1272.0,1215.3,1264.9,1965707,1233.21,1222.5,62,1222.6,346,
2026-04-10T10:48:29.600,NC,COFORGE,1222.6,1271.0,1272.0,1215.3,1264.9,1965709,1233.21,1222.5,62,1222.6,344,
2026-04-10T10:48:31.586,NC,COFORGE,1222.6,1271.0,1272.0,1215.3,1264.9,1965719,1233.21,1222.5,62,1222.6,344,
2026-04-10T10:48:32.604,NC,COFORGE,1222.5,1271.0,1272.0,1215.3,1264.9,1965743,1233.21,1222.5,58,1222.6,324,
2026-04-10T10:48:35.100,NC,COFORGE,1222.5,1271.0,1272.0,1215.3,1264.9,1965749,1233.21,1222.5,76,1222.6,319,
2026-04-10T10:48:38.390,NC,COFORGE,1222.5,1271.0,1272.0,1215.3,1264.9,1966013,1233.21,1222.5,21,1222.6,167,
2026-04-10T10:48:39.391,NC,COFORGE,1222.6,1271.0,1272.0,1215.3,1264.9,1966031,1233.21,1222.5,13,1222.6,157,
2026-04-10T10:48:40.500,NC,COFORGE,1222.5,1271.0,1272.0,1215.3,1264.9,1966032,1233.21,1222.5,12,1222.6,157,
2026-04-10T10:48:42.698,NC,COFORGE,1222.2,1271.0,1272.0,1215.3,1264.9,1966048,1233.2,1222.2,11,1222.4,207,
2026-04-10T10:48:49.115,NC,COFORGE,1222.1,1271.0,1272.0,1215.3,1264.9,1967104,1233.2,1222.1,6,1222.5,131,
2026-04-10T10:48:56.419,NC,COFORGE,1222.4,1271.0,1272.0,1215.3,1264.9,1967572,1233.2,1222.4,3,1222.5,27,
2026-04-10T10:49:02.026,NC,COFORGE,1223.0,1271.0,1272.0,1215.3,1264.9,1967688,1233.2,1222.5,286,1223.0,736,
2026-04-10T10:49:07.948,NC,COFORGE,1222.8,1271.0,1272.0,1215.3,1264.9,1967707,1233.2,1222.5,6,1222.8,117,
2026-04-10T10:49:13.736,NC,COFORGE,1222.8,1271.0,1272.0,1215.3,1264.9,1967975,1233.19,1222.4,2,1222.8,153,
2026-04-10T10:49:19.154,NC,COFORGE,1222.8,1271.0,1272.0,1215.3,1264.9,1968790,1233.19,1222.3,9,1222.8,31,
2026-04-10T10:49:24.654,NC,COFORGE,1222.8,1271.0,1272.0,1215.3,1264.9,1968941,1233.19,1222.8,2,1223.0,794,
2026-04-10T10:49:30.062,NC,COFORGE,1222.4,1271.0,1272.0,1215.3,1264.9,1969234,1233.19,1222.4,168,1222.9,106,
2026-04-10T10:49:35.279,NC,COFORGE,1222.4,1271.0,1272.0,1215.3,1264.9,1969357,1233.19,1222.4,36,1222.8,211,
2026-04-10T10:49:40.379,NC,COFORGE,1222.4,1271.0,1272.0,1215.3,1264.9,1969697,1233.19,1222.4,68,1222.8,76,
2026-04-10T10:49:44.481,NC,COFORGE,1223.0,1271.0,1272.0,1215.3,1264.9,1970182,1233.18,1222.6,202,1223.0,984,
2026-04-10T10:49:45.481,NC,COFORGE,1222.6,1271.0,1272.0,1215.3,1264.9,1970244,1233.18,1222.6,65,1223.0,1036,
2026-04-10T10:49:46.481,NC,COFORGE,1222.6,1271.0,1272.0,1215.3,1264.9,1970247,1233.18,1222.6,62,1223.0,1036,
2026-04-10T10:49:48.487,NC,COFORGE,1222.8,1271.0,1272.0,1215.3,1264.9,1970347,1233.18,1222.8,295,1223.0,977,
2026-04-10T10:49:49.590,NC,COFORGE,1222.8,1271.0,1272.0,1215.3,1264.9,1970348,1233.18,1222.8,294,1223.0,977,
2026-04-10T10:49:50.590,NC,COFORGE,1222.8,1271.0,1272.0,1215.3,1264.9,1970466,1233.18,1222.8,208,1223.0,973,
2026-04-10T10:49:51.691,NC,COFORGE,1222.8,1271.0,1272.0,1215.3,1264.9,1970471,1233.18,1222.8,203,1223.0,973,
2026-04-10T10:49:52.607,NC,COFORGE,1222.8,1271.0,1272.0,1215.3,1264.9,1970583,1233.18,1222.8,191,1223.0,873,
2026-04-10T10:49:53.601,NC,COFORGE,1222.8,1271.0,1272.0,1215.3,1264.9,1970852,1233.18,1222.8,132,1223.0,639,
2026-04-10T10:49:54.613,NC,COFORGE,1222.8,1271.0,1272.0,1215.3,1264.9,1970859,1233.18,1222.8,125,1223.0,639,
2026-04-10T10:49:59.705,NC,COFORGE,1222.8,1271.0,1272.0,1215.3,1264.9,1970865,1233.18,1222.8,125,1223.0,634,
2026-04-10T10:50:00.804,NC,COFORGE,1223.0,1271.0,1272.0,1215.3,1264.9,1970899,1233.18,1222.8,97,1223.0,660,
2026-04-10T10:50:01.803,NC,COFORGE,1223.0,1271.0,1272.0,1215.3,1264.9,1970916,1233.18,1222.8,86,1223.0,653,
2026-04-10T10:50:02.905,NC,COFORGE,1222.8,1271.0,1272.0,1215.3,1264.9,1970920,1233.18,1222.8,82,1223.0,653,
2026-04-10T10:50:03.905,NC,COFORGE,1223.0,1271.0,1272.0,1215.3,1264.9,1970922,1233.18,1222.8,82,1223.0,651,
2026-04-10T10:50:07.008,NC,COFORGE,1222.8,1271.0,1272.0,1215.3,1264.9,1971158,1233.18,1222.8,55,1223.0,442,
2026-04-10T10:50:08.142,NC,COFORGE,1222.8,1271.0,1272.0,1215.3,1264.9,1971166,1233.18,1222.8,48,1223.0,441,
2026-04-10T10:50:09.118,NC,COFORGE,1223.0,1271.0,1272.0,1215.3,1264.9,1971171,1233.18,1222.8,43,1223.0,436,
2026-04-10T10:50:10.019,NC,COFORGE,1222.5,1271.0,1272.0,1215.3,1264.9,1971239,1233.18,1222.5,73,1223.0,436,
2026-04-10T10:50:11.017,NC,COFORGE,1222.5,1271.0,1272.0,1215.3,1264.9,1971240,1233.18,1222.5,65,1223.0,436,
2026-04-10T10:50:12.018,NC,COFORGE,1222.4,1271.0,1272.0,1215.3,1264.9,1971282,1233.18,1222.4,65,1222.8,162,
2026-04-10T10:50:12.922,NC,COFORGE,1222.8,1271.0,1272.0,1215.3,1264.9,1971284,1233.18,1222.4,64,1222.8,265,
2026-04-10T10:50:14.020,NC,COFORGE,1222.4,1271.0,1272.0,1215.3,1264.9,1971291,1233.18,1222.4,56,1222.8,288,
2026-04-10T10:50:16.925,NC,COFORGE,1222.4,1271.0,1272.0,1215.3,1264.9,1971319,1233.18,1222.4,54,1222.8,203,
2026-04-10T10:50:17.930,NC,COFORGE,1222.4,1271.0,1272.0,1215.3,1264.9,1971320,1233.18,1222.5,250,1222.8,207,
2026-04-10T10:50:18.939,NC,COFORGE,1222.0,1271.0,1272.0,1215.3,1264.9,1976530,1233.15,1222.0,536,1222.1,16,
2026-04-10T10:50:19.930,NC,COFORGE,1222.1,1271.0,1272.0,1215.3,1264.9,1977330,1233.14,1222.0,58,1222.1,57,
2026-04-10T10:50:21.030,NC,COFORGE,1221.7,1271.0,1272.0,1215.3,1264.9,1977400,1233.14,1221.7,188,1222.1,96,
2026-04-10T10:50:21.931,NC,COFORGE,1221.7,1271.0,1272.0,1215.3,1264.9,1977467,1233.14,1221.7,146,1222.1,306,
2026-04-10T10:50:23.033,NC,COFORGE,1221.7,1271.0,1272.0,1215.3,1264.9,1977468,1233.14,1221.7,145,1222.1,403,
2026-04-10T10:50:26.039,NC,COFORGE,1222.1,1271.0,1272.0,1215.3,1264.9,1977491,1233.14,1221.7,241,1222.1,215,
2026-04-10T10:50:26.940,NC,COFORGE,1222.1,1271.0,1272.0,1215.3,1264.9,1977509,1233.14,1222.0,100,1222.1,212,
2026-04-10T10:50:27.947,NC,COFORGE,1222.0,1271.0,1272.0,1215.3,1264.9,1977510,1233.14,1222.0,99,1222.1,212,
2026-04-10T10:50:28.946,NC,COFORGE,1222.1,1271.0,1272.0,1215.3,1264.9,1977703,1233.14,1221.9,157,1222.1,117,
2026-04-10T10:50:29.948,NC,COFORGE,1222.1,1271.0,1272.0,1215.3,1264.9,1977722,1233.14,1221.9,67,1222.1,116,
2026-04-10T10:50:30.947,NC,COFORGE,1222.3,1271.0,1272.0,1215.3,1264.9,1978116,1233.14,1222.3,36,1222.9,340,
2026-04-10T10:50:32.050,NC,COFORGE,1222.4,1271.0,1272.0,1215.3,1264.9,1978213,1233.14,1222.4,40,1222.8,159,
2026-04-10T10:50:32.950,NC,COFORGE,1222.4,1271.0,1272.0,1215.3,1264.9,1978214,1233.14,1222.4,39,1222.8,192,
2026-04-10T10:50:33.952,NC,COFORGE,1222.0,1271.0,1272.0,1215.3,1264.9,1978464,1233.14,1222.1,308,1222.7,35,
2026-04-10T10:50:34.964,NC,COFORGE,1222.1,1271.0,1272.0,1215.3,1264.9,1978504,1233.14,1222.1,256,1222.7,294,
2026-04-10T10:50:35.952,NC,COFORGE,1222.1,1271.0,1272.0,1215.3,1264.9,1978510,1233.14,1222.1,165,1222.7,403,
2026-04-10T10:50:37.963,NC,COFORGE,1222.7,1271.0,1272.0,1215.3,1264.9,1978539,1233.14,1222.1,69,1222.7,126,
2026-04-10T10:50:39.055,NC,COFORGE,1222.1,1271.0,1272.0,1215.3,1264.9,1978545,1233.14,1222.2,354,1222.7,33,
2026-04-10T10:50:40.056,NC,COFORGE,1222.7,1271.0,1272.0,1215.3,1264.9,1979077,1233.13,1223.1,86,1223.5,19,
2026-04-10T10:50:40.961,NC,COFORGE,1223.1,1271.0,1272.0,1215.3,1264.9,1979153,1233.13,1223.1,79,1223.5,8,
2026-04-10T10:50:42.060,NC,COFORGE,1224.7,1271.0,1272.0,1215.3,1264.9,1979583,1233.13,1224.1,258,1224.7,26,
2026-04-10T10:50:43.064,NC,COFORGE,1224.2,1271.0,1272.0,1215.3,1264.9,1979645,1233.13,1223.7,94,1224.2,156,
2026-04-10T10:50:44.064,NC,COFORGE,1223.7,1271.0,1272.0,1215.3,1264.9,1979705,1233.13,1223.7,6,1224.0,307,
2026-04-10T10:50:45.063,NC,COFORGE,1223.7,1271.0,1272.0,1215.3,1264.9,1979706,1233.13,1223.7,5,1224.0,165,
2026-04-10T10:50:46.063,NC,COFORGE,1224.0,1271.0,1272.0,1215.3,1264.9,1979708,1233.13,1223.7,5,1224.0,142,
2026-04-10T10:50:47.067,NC,COFORGE,1224.0,1271.0,1272.0,1215.3,1264.9,1979719,1233.13,1223.7,4,1224.0,166,
2026-04-10T10:50:48.169,NC,COFORGE,1223.5,1271.0,1272.0,1215.3,1264.9,1979729,1233.13,1223.4,79,1223.7,1,
2026-04-10T10:50:49.282,NC,COFORGE,1222.9,1271.0,1272.0,1215.3,1264.9,1979775,1233.13,1222.9,102,1223.4,44,
2026-04-10T10:50:50.377,NC,COFORGE,1222.9,1271.0,1272.0,1215.3,1264.9,1979776,1233.13,1222.9,104,1223.4,59,
2026-04-10T10:50:51.477,NC,COFORGE,1223.3,1271.0,1272.0,1215.3,1264.9,1979778,1233.13,1222.9,35,1223.3,85,
2026-04-10T10:50:52.479,NC,COFORGE,1222.9,1271.0,1272.0,1215.3,1264.9,1979780,1233.13,1222.9,33,1223.3,114,
2026-04-10T10:50:53.584,NC,COFORGE,1223.3,1271.0,1272.0,1215.3,1264.9,1979810,1233.13,1222.9,30,1223.2,201,
2026-04-10T10:50:54.686,NC,COFORGE,1223.2,1271.0,1272.0,1215.3,1264.9,1979818,1233.13,1223.0,200,1223.2,204,
2026-04-10T10:50:56.791,NC,COFORGE,1223.0,1271.0,1272.0,1215.3,1264.9,1979846,1233.13,1223.0,197,1223.2,96,
2026-04-10T10:50:57.907,NC,COFORGE,1223.0,1271.0,1272.0,1215.3,1264.9,1979847,1233.13,1223.0,196,1223.2,96,
2026-04-10T10:50:58.995,NC,COFORGE,1223.2,1271.0,1272.0,1215.3,1264.9,1979887,1233.13,1223.0,196,1223.2,56,
2026-04-10T10:51:00.098,NC,COFORGE,1223.0,1271.0,1272.0,1215.3,1264.9,1979893,1233.13,1223.0,290,1223.2,56,
2026-04-10T10:51:02.200,NC,COFORGE,1222.9,1271.0,1272.0,1215.3,1264.9,1980249,1233.13,1222.8,133,1223.2,6,
2026-04-10T10:51:03.199,NC,COFORGE,1222.8,1271.0,1272.0,1215.3,1264.9,1980296,1233.13,1222.8,85,1223.2,5,
2026-04-10T10:51:04.307,NC,COFORGE,1222.8,1271.0,1272.0,1215.3,1264.9,1980304,1233.13,1222.8,130,1223.2,19,
2026-04-10T10:51:05.301,NC,COFORGE,1222.8,1271.0,1272.0,1215.3,1264.9,1980305,1233.13,1222.9,5,1223.2,40,
2026-04-10T10:51:06.303,NC,COFORGE,1222.8,1271.0,1272.0,1215.3,1264.9,1980317,1233.13,1222.8,2,1223.0,84,
2026-04-10T10:51:07.422,NC,COFORGE,1222.8,1271.0,1272.0,1215.3,1264.9,1980320,1233.13,1222.8,3,1223.0,28,
2026-04-10T10:51:08.406,NC,COFORGE,1222.7,1271.0,1272.0,1215.3,1264.9,1980342,1233.13,1222.7,1,1223.0,54,
2026-04-10T10:51:09.413,NC,COFORGE,1222.7,1271.0,1272.0,1215.3,1264.9,1980343,1233.13,1222.5,117,1223.0,65,
2026-04-10T10:51:10.410,NC,COFORGE,1223.0,1271.0,1272.0,1215.3,1264.9,1980348,1233.13,1222.5,117,1223.0,63,
2026-04-10T10:51:11.507,NC,COFORGE,1222.5,1271.0,1272.0,1215.3,1264.9,1980349,1233.13,1222.5,194,1223.0,52,
2026-04-10T10:51:18.014,NC,COFORGE,1223.0,1271.0,1272.0,1215.3,1264.9,1980354,1233.13,1222.9,20,1223.0,63,
2026-04-10T10:51:19.016,NC,COFORGE,1222.9,1271.0,1272.0,1215.3,1264.9,1980355,1233.13,1222.9,19,1223.0,63,
2026-04-10T10:51:20.047,NC,COFORGE,1222.9,1271.0,1272.0,1215.3,1264.9,1980378,1233.13,1222.9,20,1223.0,43,
2026-04-10T10:51:20.924,NC,COFORGE,1222.8,1271.0,1272.0,1215.3,1264.9,1980426,1233.13,1222.7,201,1222.8,13,
2026-04-10T10:51:22.028,NC,COFORGE,1222.9,1271.0,1272.0,1215.3,1264.9,1980467,1233.13,1222.7,200,1222.9,64,
2026-04-10T10:51:23.126,NC,COFORGE,1222.9,1271.0,1272.0,1215.3,1264.9,1980490,1233.13,1222.7,193,1222.9,99,
2026-04-10T10:51:24.130,NC,COFORGE,1222.9,1271.0,1272.0,1215.3,1264.9,1980502,1233.13,1222.7,191,1222.9,92,
2026-04-10T10:51:25.135,NC,COFORGE,1222.7,1271.0,1272.0,1215.3,1264.9,1980503,1233.13,1222.7,190,1222.9,71,
2026-04-10T10:51:26.141,NC,COFORGE,1222.7,1271.0,1272.0,1215.3,1264.9,1980504,1233.13,1222.7,189,1222.9,130,
2026-04-10T10:51:28.132,NC,COFORGE,1222.9,1271.0,1272.0,1215.3,1264.9,1980507,1233.13,1222.7,189,1222.9,69,
2026-04-10T10:51:33.848,NC,COFORGE,1222.7,1271.0,1272.0,1215.3,1264.9,1980518,1233.13,1222.7,188,1222.9,69,
2026-04-10T10:51:36.945,NC,COFORGE,1222.3,1271.0,1272.0,1215.3,1264.9,1982156,1233.12,1222.3,14,1222.4,15,
2026-04-10T10:51:37.947,NC,COFORGE,1222.1,1271.0,1272.0,1215.3,1264.9,1982212,1233.12,1222.1,78,1222.4,93,
2026-04-10T10:51:38.952,NC,COFORGE,1222.1,1271.0,1272.0,1215.3,1264.9,1982236,1233.12,1222.1,73,1222.4,126,
2026-04-10T10:51:39.850,NC,COFORGE,1222.1,1271.0,1272.0,1215.3,1264.9,1982242,1233.12,1222.1,108,1222.4,121,
2026-04-10T10:51:40.951,NC,COFORGE,1222.6,1271.0,1272.0,1215.3,1264.9,1982713,1233.11,1222.5,95,1223.1,167,
2026-04-10T10:51:41.854,NC,COFORGE,1223.0,1271.0,1272.0,1215.3,1264.9,1982864,1233.11,1222.8,123,1223.0,3,
2026-04-10T10:51:42.853,NC,COFORGE,1222.8,1271.0,1272.0,1215.3,1264.9,1982871,1233.11,1222.8,33,1223.0,12,
2026-04-10T10:51:43.854,NC,COFORGE,1223.0,1271.0,1272.0,1215.3,1264.9,1982872,1233.11,1222.8,4,1223.0,18,
2026-04-10T10:51:47.762,NC,COFORGE,1222.7,1271.0,1272.0,1215.3,1264.9,1982887,1233.11,1222.7,8,1223.0,96,
2026-04-10T10:51:53.072,NC,COFORGE,1222.5,1271.0,1272.0,1215.3,1264.9,1983009,1233.11,1222.5,25,1223.0,81,
2026-04-10T10:51:58.179,NC,COFORGE,1222.1,1271.0,1272.0,1215.3,1264.9,1983064,1233.11,1222.1,88,1222.6,137,
2026-04-10T10:52:03.505,NC,COFORGE,1222.5,1271.0,1272.0,1215.3,1264.9,1983401,1233.11,1222.1,11,1222.6,173,
2026-04-10T10:52:08.985,NC,COFORGE,1222.5,1271.0,1272.0,1215.3,1264.9,1983600,1233.11,1222.2,275,1222.6,36,
2026-04-10T10:52:14.402,NC,COFORGE,1222.2,1271.0,1272.0,1215.3,1264.9,1983732,1233.11,1222.2,82,1222.6,30,
2026-04-10T10:52:20.209,NC,COFORGE,1222.6,1271.0,1272.0,1215.3,1264.9,1983927,1233.11,1222.6,68,1223.1,89,
2026-04-10T10:52:26.012,NC,COFORGE,1222.6,1271.0,1272.0,1215.3,1264.9,1983989,1233.11,1222.5,230,1223.1,25,
2026-04-10T10:52:31.318,NC,COFORGE,1222.6,1271.0,1272.0,1215.3,1264.9,1984009,1233.11,1222.6,17,1223.0,232,
2026-04-10T10:52:41.446,NC,COFORGE,1222.6,1271.0,1272.0,1215.3,1264.9,1984620,1233.1,1223.0,1,1223.2,151,
2026-04-10T10:52:46.333,NC,COFORGE,1223.0,1271.0,1272.0,1215.3,1264.9,1984632,1233.1,1222.6,67,1223.0,2,
2026-04-10T10:52:51.343,NC,COFORGE,1223.6,1271.0,1272.0,1215.3,1264.9,1984789,1233.1,1223.1,210,1223.6,11,
2026-04-10T10:52:56.346,NC,COFORGE,1223.6,1271.0,1272.0,1215.3,1264.9,1984871,1233.1,1223.3,56,1223.6,24,
2026-04-10T10:53:01.469,NC,COFORGE,1223.6,1271.0,1272.0,1215.3,1264.9,1984913,1233.1,1223.4,231,1223.6,61,
2026-04-10T10:53:07.072,NC,COFORGE,1223.2,1271.0,1272.0,1215.3,1264.9,1984965,1233.1,1223.2,3,1223.5,25,
2026-04-10T10:53:12.179,NC,COFORGE,1223.0,1271.0,1272.0,1215.3,1264.9,1985164,1233.1,1223.0,111,1223.4,25,
2026-04-10T10:53:17.765,NC,COFORGE,1223.0,1271.0,1272.0,1215.3,1264.9,1985170,1233.1,1223.0,45,1223.4,94,
2026-04-10T10:53:23.375,NC,COFORGE,1223.2,1271.0,1272.0,1215.3,1264.9,1985268,1233.1,1223.1,2,1223.2,73,
2026-04-10T10:53:28.686,NC,COFORGE,1223.1,1271.0,1272.0,1215.3,1264.9,1985279,1233.1,1223.1,1,1223.2,124,
2026-04-10T10:53:33.884,NC,COFORGE,1222.2,1271.0,1272.0,1215.3,1264.9,1986908,1233.09,1222.2,270,1222.6,206,
2026-04-10T10:53:39.091,NC,COFORGE,1222.4,1271.0,1272.0,1215.3,1264.9,1987060,1233.09,1222.4,1,1222.5,38,
2026-04-10T10:53:44.396,NC,COFORGE,1222.3,1271.0,1272.0,1215.3,1264.9,1987291,1233.09,1222.3,164,1222.5,12,
2026-04-10T10:53:49.710,NC,COFORGE,1222.4,1271.0,1272.0,1215.3,1264.9,1987360,1233.09,1222.4,152,1222.5,31,
2026-04-10T10:53:55.119,NC,COFORGE,1222.2,1271.0,1272.0,1215.3,1264.9,1988147,1233.09,1222.2,230,1222.8,101,
2026-04-10T10:54:00.566,NC,COFORGE,1222.2,1271.0,1272.0,1215.3,1264.9,1988237,1233.09,1222.2,129,1222.3,10,
2026-04-10T10:54:05.804,NC,COFORGE,1221.7,1271.0,1272.0,1215.3,1264.9,1990109,1233.08,1221.7,62,1221.8,13,
2026-04-10T10:54:11.083,NC,COFORGE,1221.8,1271.0,1272.0,1215.3,1264.9,1991351,1233.07,1222.0,44,1222.2,25,
2026-04-10T10:54:16.293,NC,COFORGE,1221.8,1271.0,1272.0,1215.3,1264.9,1991715,1233.07,1221.8,1996,1222.2,397,
2026-04-10T10:54:21.617,NC,COFORGE,1224.1,1271.0,1272.0,1215.3,1264.9,1997169,1233.04,1224.0,77,1224.1,14,
2026-04-10T10:54:26.621,NC,COFORGE,1223.5,1271.0,1272.0,1215.3,1264.9,1998309,1233.03,1223.5,2,1224.1,160,
2026-04-10T10:54:31.428,NC,COFORGE,1223.0,1271.0,1272.0,1215.3,1264.9,1998482,1233.03,1223.0,2,1223.5,396,
2026-04-10T10:54:36.740,NC,COFORGE,1224.5,1271.0,1272.0,1215.3,1264.9,1999447,1233.03,1224.1,1,1224.5,174,
2026-04-10T10:54:42.244,NC,COFORGE,1224.4,1271.0,1272.0,1215.3,1264.9,1999777,1233.03,1224.4,1,1224.5,62,
2026-04-10T10:54:44.037,NC,COFORGE,1224.0,1271.0,1272.0,1215.3,1264.9,1999860,1233.03,1224.0,325,1224.4,1,
2026-04-10T10:54:45.035,NC,COFORGE,1224.0,1271.0,1272.0,1215.3,1264.9,1999864,1233.03,1224.0,322,1224.4,38,
2026-04-10T10:54:47.040,NC,COFORGE,1224.4,1271.0,1272.0,1215.3,1264.9,2000346,1233.02,1224.4,7,1224.6,71,
2026-04-10T10:54:48.045,NC,COFORGE,1224.4,1271.0,1272.0,1215.3,1264.9,2000360,1233.02,1224.4,1,1224.6,43,
2026-04-10T10:54:49.039,NC,COFORGE,1224.1,1271.0,1272.0,1215.3,1264.9,2000365,1233.02,1224.1,116,1224.3,46,
2026-04-10T10:54:49.946,NC,COFORGE,1224.1,1271.0,1272.0,1215.3,1264.9,2000415,1233.02,1224.1,57,1224.3,6,
2026-04-10T10:54:51.052,NC,COFORGE,1224.1,1271.0,1272.0,1215.3,1264.9,2000696,1233.02,1224.1,6,1224.6,251,
2026-04-10T10:54:52.046,NC,COFORGE,1224.1,1271.0,1272.0,1215.3,1264.9,2000705,1233.02,1224.2,1,1224.5,1,
2026-04-10T10:54:54.052,NC,COFORGE,1224.6,1271.0,1272.0,1215.3,1264.9,2000728,1233.02,1224.2,1,1224.6,80,
2026-04-10T10:54:55.055,NC,COFORGE,1224.6,1271.0,1272.0,1215.3,1264.9,2000733,1233.02,1224.1,1,1224.6,124,
2026-04-10T10:54:56.955,NC,COFORGE,1224.7,1271.0,1272.0,1215.3,1264.9,2001044,1233.02,1224.1,174,1224.7,59,
2026-04-10T10:54:57.962,NC,COFORGE,1224.1,1271.0,1272.0,1215.3,1264.9,2001078,1233.02,1224.1,121,1224.2,4,
2026-04-10T10:54:58.962,NC,COFORGE,1224.2,1271.0,1272.0,1215.3,1264.9,2001095,1233.02,1224.2,23,1224.5,130,
2026-04-10T10:55:00.870,NC,COFORGE,1224.5,1271.0,1272.0,1215.3,1264.9,2001146,1233.02,1224.2,20,1224.5,135,
2026-04-10T10:55:01.862,NC,COFORGE,1224.2,1271.0,1272.0,1215.3,1264.9,2001268,1233.02,1224.2,106,1224.5,32,
2026-04-10T10:55:02.864,NC,COFORGE,1224.5,1271.0,1272.0,1215.3,1264.9,2001382,1233.02,1224.6,90,1224.8,25,
2026-04-10T10:55:03.862,NC,COFORGE,1224.6,1271.0,1272.0,1215.3,1264.9,2001418,1233.02,1224.6,64,1224.8,41,
2026-04-10T10:55:04.862,NC,COFORGE,1224.8,1271.0,1272.0,1215.3,1264.9,2001430,1233.02,1224.6,6,1224.8,65,
2026-04-10T10:55:05.867,NC,COFORGE,1224.8,1271.0,1272.0,1215.3,1264.9,2001434,1233.02,1224.6,7,1224.8,65,
2026-04-10T10:55:06.769,NC,COFORGE,1224.8,1271.0,1272.0,1215.3,1264.9,2001447,1233.02,1224.6,3,1224.8,25,
2026-04-10T10:55:07.767,NC,COFORGE,1224.6,1271.0,1272.0,1215.3,1264.9,2001448,1233.02,1224.6,5,1224.8,42,
2026-04-10T10:55:08.772,NC,COFORGE,1224.6,1271.0,1272.0,1215.3,1264.9,2001480,1233.02,1224.4,174,1224.8,21,
2026-04-10T10:55:09.773,NC,COFORGE,1224.1,1271.0,1272.0,1215.3,1264.9,2002497,1233.01,1224.2,97,1224.8,4,
2026-04-10T10:55:10.773,NC,COFORGE,1224.8,1271.0,1272.0,1215.3,1264.9,2002674,1233.01,1224.2,104,1224.8,302,
2026-04-10T10:55:11.670,NC,COFORGE,1224.2,1271.0,1272.0,1215.3,1264.9,2002682,1233.01,1224.2,125,1224.8,260,
2026-04-10T10:55:13.777,NC,COFORGE,1224.3,1271.0,1272.0,1215.3,1264.9,2002764,1233.01,1224.3,1,1224.8,148,
2026-04-10T10:55:14.682,NC,COFORGE,1224.3,1271.0,1272.0,1215.3,1264.9,2002783,1233.01,1224.3,38,1224.8,127,
2026-04-10T10:55:15.789,NC,COFORGE,1224.8,1271.0,1272.0,1215.3,1264.9,2002785,1233.01,1224.3,2,1224.8,130,
2026-04-10T10:55:16.682,NC,COFORGE,1224.8,1271.0,1272.0,1215.3,1264.9,2002789,1233.01,1224.3,1,1224.8,122,
2026-04-10T10:55:17.787,NC,COFORGE,1224.3,1271.0,1272.0,1215.3,1264.9,2002796,1233.01,1224.1,399,1224.8,164,
2026-04-10T10:55:18.784,NC,COFORGE,1224.3,1271.0,1272.0,1215.3,1264.9,2002825,1233.01,1224.3,6,1224.8,53,
2026-04-10T10:55:19.789,NC,COFORGE,1224.8,1271.0,1272.0,1215.3,1264.9,2002827,1233.01,1224.3,9,1224.8,52,
2026-04-10T10:55:21.793,NC,COFORGE,1224.3,1271.0,1272.0,1215.3,1264.9,2002830,1233.01,1224.3,4,1224.8,198,
2026-04-10T10:55:22.788,NC,COFORGE,1224.8,1271.0,1272.0,1215.3,1264.9,2002952,1233.01,1224.3,15,1224.8,106,
2026-04-10T10:55:23.888,NC,COFORGE,1224.3,1271.0,1272.0,1215.3,1264.9,2002965,1233.01,1224.3,9,1224.8,101,
2026-04-10T10:55:24.890,NC,COFORGE,1224.8,1271.0,1272.0,1215.3,1264.9,2002968,1233.01,1224.6,10,1224.8,124,
2026-04-10T10:55:25.890,NC,COFORGE,1224.8,1271.0,1272.0,1215.3,1264.9,2002981,1233.01,1224.6,9,1224.8,126,
2026-04-10T10:55:26.890,NC,COFORGE,1224.8,1271.0,1272.0,1215.3,1264.9,2003021,1233.01,1224.6,7,1224.8,66,
2026-04-10T10:55:27.907,NC,COFORGE,1224.6,1271.0,1272.0,1215.3,1264.9,2003024,1233.01,1224.6,5,1224.8,67,
2026-04-10T10:55:28.888,NC,COFORGE,1224.5,1271.0,1272.0,1215.3,1264.9,2003138,1233.01,1224.5,110,1224.8,14,
2026-04-10T10:55:29.892,NC,COFORGE,1224.8,1271.0,1272.0,1215.3,1264.9,2003141,1233.01,1224.5,86,1224.8,13,
2026-04-10T10:55:30.894,NC,COFORGE,1224.5,1271.0,1272.0,1215.3,1264.9,2003142,1233.01,1224.5,134,1224.8,13,
2026-04-10T10:55:31.900,NC,COFORGE,1224.9,1271.0,1272.0,1215.3,1264.9,2003157,1233.01,1224.6,25,1225.0,403,
2026-04-10T10:55:31.901,NC,COFORGE,1224.9,1271.0,1272.0,1215.3,1264.9,2003157,1233.01,1224.6,25,1225.0,403,
2026-04-10T10:55:32.899,NC,COFORGE,1224.6,1271.0,1272.0,1215.3,1264.9,2003159,1233.01,1224.6,25,1225.0,560,
2026-04-10T10:55:33.901,NC,COFORGE,1224.6,1271.0,1272.0,1215.3,1264.9,2003160,1233.01,1224.8,20,1225.0,496,
2026-04-10T10:55:34.906,NC,COFORGE,1224.8,1271.0,1272.0,1215.3,1264.9,2003172,1233.01,1224.8,12,1225.0,496,
2026-04-10T10:55:35.918,NC,COFORGE,1224.8,1271.0,1272.0,1215.3,1264.9,2003239,1233.01,1224.8,305,1225.0,437,
2026-04-10T10:55:36.911,NC,COFORGE,1225.0,1271.0,1272.0,1215.3,1264.9,2003282,1233.01,1224.8,305,1225.0,395,
2026-04-10T10:55:37.810,NC,COFORGE,1225.0,1271.0,1272.0,1215.3,1264.9,2003349,1233.01,1224.8,266,1225.0,368,
2026-04-10T10:55:38.811,NC,COFORGE,1224.8,1271.0,1272.0,1215.3,1264.9,2003374,1233.01,1224.8,344,1225.0,351,
2026-04-10T10:55:39.844,NC,COFORGE,1225.0,1271.0,1272.0,1215.3,1264.9,2003376,1233.01,1224.8,318,1225.0,350,
2026-04-10T10:55:40.712,NC,COFORGE,1225.0,1271.0,1272.0,1215.3,1264.9,2003389,1233.01,1224.8,316,1225.0,338,
2026-04-10T10:55:41.723,NC,COFORGE,1224.8,1271.0,1272.0,1215.3,1264.9,2003398,1233.01,1224.8,315,1225.0,331,
2026-04-10T10:55:42.711,NC,COFORGE,1225.0,1271.0,1272.0,1215.3,1264.9,2003401,1233.01,1224.8,314,1225.0,328,
2026-04-10T10:55:45.623,NC,COFORGE,1224.8,1271.0,1272.0,1215.3,1264.9,2004114,1233.01,1224.8,284,1225.0,160,
2026-04-10T10:55:50.728,NC,COFORGE,1224.8,1271.0,1272.0,1215.3,1264.9,2004498,1233.01,1224.6,13,1224.8,375,
2026-04-10T10:55:55.930,NC,COFORGE,1224.2,1271.0,1272.0,1215.3,1264.9,2004818,1233.01,1224.2,44,1224.3,16,
2026-04-10T10:56:01.645,NC,COFORGE,1224.3,1271.0,1272.0,1215.3,1264.9,2004938,1233.0,1224.0,141,1224.3,32,
2026-04-10T10:56:07.746,NC,COFORGE,1224.2,1271.0,1272.0,1215.3,1264.9,2004979,1233.0,1224.2,4,1224.3,32,
2026-04-10T10:56:13.347,NC,COFORGE,1224.3,1271.0,1272.0,1215.3,1264.9,2005110,1233.0,1224.0,524,1224.6,127,
2026-04-10T10:56:18.763,NC,COFORGE,1224.1,1271.0,1272.0,1215.3,1264.9,2005136,1233.0,1224.1,49,1224.2,18,
2026-04-10T10:56:23.975,NC,COFORGE,1224.1,1271.0,1272.0,1215.3,1264.9,2005176,1233.0,1224.0,379,1224.1,1,
2026-04-10T10:56:29.787,NC,COFORGE,1224.2,1271.0,1272.0,1215.3,1264.9,2005689,1233.0,1224.0,477,1224.2,451,
2026-04-10T10:56:35.084,NC,COFORGE,1224.0,1271.0,1272.0,1215.3,1264.9,2006188,1233.0,1224.0,145,1224.1,40,
2026-04-10T10:56:40.591,NC,COFORGE,1224.1,1271.0,1272.0,1215.3,1264.9,2006313,1233.0,1224.0,117,1224.1,44,
2026-04-10T10:56:44.299,NC,COFORGE,1224.1,1271.0,1272.0,1215.3,1264.9,2006673,1233.0,1224.0,77,1224.1,49,
2026-04-10T10:56:45.308,NC,COFORGE,1224.1,1271.0,1272.0,1215.3,1264.9,2006684,1233.0,1224.0,68,1224.1,80,
2026-04-10T10:56:46.414,NC,COFORGE,1224.0,1271.0,1272.0,1215.3,1264.9,2006731,1233.0,1224.0,60,1224.1,50,
2026-04-10T10:56:47.408,NC,COFORGE,1224.1,1271.0,1272.0,1215.3,1264.9,2006734,1233.0,1224.0,58,1224.1,86,
2026-04-10T10:56:48.412,NC,COFORGE,1224.0,1271.0,1272.0,1215.3,1264.9,2006881,1233.0,1224.0,37,1224.1,18,
2026-04-10T10:56:49.313,NC,COFORGE,1224.0,1271.0,1272.0,1215.3,1264.9,2006898,1233.0,1224.0,53,1224.1,17,
2026-04-10T10:56:50.315,NC,COFORGE,1224.0,1271.0,1272.0,1215.3,1264.9,2006905,1233.0,1224.0,53,1224.1,12,
2026-04-10T10:56:51.319,NC,COFORGE,1224.2,1271.0,1272.0,1215.3,1264.9,2006923,1233.0,1224.0,51,1224.2,21,
2026-04-10T10:56:52.318,NC,COFORGE,1223.7,1271.0,1272.0,1215.3,1264.9,2007492,1232.99,1224.0,1,1224.2,41,
2026-04-10T10:56:53.329,NC,COFORGE,1223.7,1271.0,1272.0,1215.3,1264.9,2007495,1232.99,1223.7,96,1224.0,2,
2026-04-10T10:56:55.333,NC,COFORGE,1224.2,1271.0,1272.0,1215.3,1264.9,2007680,1232.99,1223.7,64,1224.2,18,
2026-04-10T10:56:56.334,NC,COFORGE,1223.7,1271.0,1272.0,1215.3,1264.9,2007709,1232.99,1223.7,117,1224.2,30,
2026-04-10T10:56:57.336,NC,COFORGE,1224.2,1271.0,1272.0,1215.3,1264.9,2007810,1232.99,1224.0,25,1224.2,20,
2026-04-10T10:56:58.345,NC,COFORGE,1224.0,1271.0,1272.0,1215.3,1264.9,2007835,1232.99,1224.0,10,1224.2,26,
2026-04-10T10:56:59.344,NC,COFORGE,1224.0,1271.0,1272.0,1215.3,1264.9,2008076,1232.99,1223.7,110,1224.0,1,
2026-04-10T10:57:00.337,NC,COFORGE,1224.0,1271.0,1272.0,1215.3,1264.9,2008086,1232.99,1224.0,40,1224.4,254,
2026-04-10T10:57:01.338,NC,COFORGE,1223.8,1271.0,1272.0,1215.3,1264.9,2008141,1232.99,1223.9,65,1224.4,14,
2026-04-10T10:57:02.346,NC,COFORGE,1224.4,1271.0,1272.0,1215.3,1264.9,2008169,1232.99,1223.8,26,1224.3,60,
2026-04-10T10:57:03.439,NC,COFORGE,1223.6,1271.0,1272.0,1215.3,1264.9,2008369,1232.99,1223.8,37,1224.4,109,
2026-04-10T10:57:04.444,NC,COFORGE,1223.8,1271.0,1272.0,1215.3,1264.9,2008400,1232.99,1223.8,64,1224.4,110,
2026-04-10T10:57:06.341,NC,COFORGE,1223.9,1271.0,1272.0,1215.3,1264.9,2008411,1232.99,1223.9,9,1224.4,94,
2026-04-10T10:57:07.348,NC,COFORGE,1223.9,1271.0,1272.0,1215.3,1264.9,2008413,1232.99,1223.9,7,1224.4,171,
2026-04-10T10:57:08.343,NC,COFORGE,1223.9,1271.0,1272.0,1215.3,1264.9,2008451,1232.99,1223.9,2,1224.4,121,
2026-04-10T10:57:09.344,NC,COFORGE,1223.9,1271.0,1272.0,1215.3,1264.9,2008452,1232.99,1223.9,1,1224.4,136,
2026-04-10T10:57:11.352,NC,COFORGE,1224.4,1271.0,1272.0,1215.3,1264.9,2008456,1232.99,1223.9,30,1224.4,77,
2026-04-10T10:57:12.351,NC,COFORGE,1223.9,1271.0,1272.0,1215.3,1264.9,2008457,1232.99,1223.8,2,1224.3,67,
2026-04-10T10:57:13.369,NC,COFORGE,1224.3,1271.0,1272.0,1215.3,1264.9,2008528,1232.99,1223.9,25,1224.4,191,
2026-04-10T10:57:14.358,NC,COFORGE,1223.9,1271.0,1272.0,1215.3,1264.9,2008539,1232.99,1223.9,16,1224.4,272,
2026-04-10T10:57:15.358,NC,COFORGE,1223.9,1271.0,1272.0,1215.3,1264.9,2008545,1232.99,1223.9,16,1224.3,46,
2026-04-10T10:57:16.359,NC,COFORGE,1223.9,1271.0,1272.0,1215.3,1264.9,2008563,1232.99,1223.9,15,1224.3,30,
2026-04-10T10:57:17.360,NC,COFORGE,1224.3,1271.0,1272.0,1215.3,1264.9,2008575,1232.99,1223.9,12,1224.3,74,
2026-04-10T10:57:18.369,NC,COFORGE,1224.3,1271.0,1272.0,1215.3,1264.9,2008589,1232.99,1223.9,12,1224.1,61,
2026-04-10T10:57:19.363,NC,COFORGE,1224.1,1271.0,1272.0,1215.3,1264.9,2008594,1232.99,1223.9,9,1224.1,70,
2026-04-10T10:57:20.363,NC,COFORGE,1224.1,1271.0,1272.0,1215.3,1264.9,2008603,1232.99,1223.9,12,1224.1,118,
2026-04-10T10:57:21.363,NC,COFORGE,1223.9,1271.0,1272.0,1215.3,1264.9,2008605,1232.99,1223.9,11,1224.0,73,
2026-04-10T10:57:22.266,NC,COFORGE,1224.0,1271.0,1272.0,1215.3,1264.9,2008606,1232.99,1223.9,10,1224.0,89,
2026-04-10T10:57:23.265,NC,COFORGE,1223.3,1271.0,1272.0,1215.3,1264.9,2008732,1232.99,1223.4,42,1224.0,308,
2026-04-10T10:57:24.268,NC,COFORGE,1223.5,1271.0,1272.0,1215.3,1264.9,2008808,1232.99,1223.5,146,1224.0,376,
2026-04-10T10:57:25.269,NC,COFORGE,1223.5,1271.0,1272.0,1215.3,1264.9,2008810,1232.99,1223.5,145,1224.0,628,
2026-04-10T10:57:27.178,NC,COFORGE,1223.8,1271.0,1272.0,1215.3,1264.9,2008860,1232.99,1223.5,145,1223.8,38,
2026-04-10T10:57:28.276,NC,COFORGE,1223.8,1271.0,1272.0,1215.3,1264.9,2008922,1232.99,1223.5,132,1223.8,50,
2026-04-10T10:57:29.286,NC,COFORGE,1223.5,1271.0,1272.0,1215.3,1264.9,2009027,1232.99,1223.5,30,1223.8,69,
2026-04-10T10:57:30.280,NC,COFORGE,1223.9,1271.0,1272.0,1215.3,1264.9,2009236,1232.99,1223.5,26,1223.9,39,
2026-04-10T10:57:31.275,NC,COFORGE,1223.9,1271.0,1272.0,1215.3,1264.9,2009272,1232.99,1223.5,4,1223.9,253,
2026-04-10T10:57:32.276,NC,COFORGE,1223.8,1271.0,1272.0,1215.3,1264.9,2009282,1232.99,1223.5,4,1223.8,189,
2026-04-10T10:57:33.177,NC,COFORGE,1223.8,1271.0,1272.0,1215.3,1264.9,2009287,1232.99,1223.5,6,1223.8,144,
2026-04-10T10:57:34.207,NC,COFORGE,1223.5,1271.0,1272.0,1215.3,1264.9,2009306,1232.99,1223.5,2,1223.8,137,
2026-04-10T10:57:35.287,NC,COFORGE,1223.5,1271.0,1272.0,1215.3,1264.9,2009321,1232.99,1223.5,3,1223.8,78,
2026-04-10T10:57:36.376,NC,COFORGE,1223.5,1271.0,1272.0,1215.3,1264.9,2009324,1232.99,1223.5,9,1223.8,78,
2026-04-10T10:57:37.380,NC,COFORGE,1223.8,1271.0,1272.0,1215.3,1264.9,2009334,1232.99,1223.5,64,1223.8,68,
2026-04-10T10:57:38.381,NC,COFORGE,1223.5,1271.0,1272.0,1215.3,1264.9,2009359,1232.99,1223.5,39,1223.8,54,
2026-04-10T10:57:39.382,NC,COFORGE,1224.1,1271.0,1272.0,1215.3,1264.9,2009844,1232.98,1223.6,186,1224.1,50,
2026-04-10T10:57:40.404,NC,COFORGE,1223.6,1271.0,1272.0,1215.3,1264.9,2009903,1232.98,1223.6,40,1224.1,214,
2026-04-10T10:57:41.393,NC,COFORGE,1223.6,1271.0,1272.0,1215.3,1264.9,2010025,1232.98,1223.6,7,1224.0,84,
2026-04-10T10:57:42.396,NC,COFORGE,1223.6,1271.0,1272.0,1215.3,1264.9,2010040,1232.98,1223.6,15,1223.8,10,
2026-04-10T10:57:43.395,NC,COFORGE,1223.8,1271.0,1272.0,1215.3,1264.9,2010082,1232.98,1223.6,5,1223.8,37,
2026-04-10T10:57:47.801,NC,COFORGE,1223.5,1271.0,1272.0,1215.3,1264.9,2010115,1232.98,1223.5,11,1223.6,106,
2026-04-10T10:57:53.735,NC,COFORGE,1223.6,1271.0,1272.0,1215.3,1264.9,2010189,1232.98,1223.5,55,1223.6,9,
2026-04-10T10:57:59.538,NC,COFORGE,1223.4,1271.0,1272.0,1215.3,1264.9,2010747,1232.98,1223.3,42,1223.4,3,
2026-04-10T10:58:05.447,NC,COFORGE,1224.0,1271.0,1272.0,1215.3,1264.9,2010818,1232.98,1223.5,300,1224.0,209,
2026-04-10T10:58:10.960,NC,COFORGE,1224.1,1271.0,1272.0,1215.3,1264.9,2011121,1232.98,1224.1,3,1224.3,49,
2026-04-10T10:58:16.469,NC,COFORGE,1224.0,1271.0,1272.0,1215.3,1264.9,2011221,1232.98,1224.0,165,1224.3,9,
2026-04-10T10:58:21.973,NC,COFORGE,1224.3,1271.0,1272.0,1215.3,1264.9,2011225,1232.98,1224.1,50,1224.3,8,
2026-04-10T10:58:27.281,NC,COFORGE,1224.4,1271.0,1272.0,1215.3,1264.9,2011284,1232.98,1224.3,100,1224.5,34,
2026-04-10T10:58:32.581,NC,COFORGE,1224.3,1271.0,1272.0,1215.3,1264.9,2011317,1232.98,1224.3,103,1224.5,72,
2026-04-10T10:58:37.797,NC,COFORGE,1224.6,1271.0,1272.0,1215.3,1264.9,2011668,1232.97,1224.3,4,1224.6,185,
2026-04-10T10:58:43.300,NC,COFORGE,1224.6,1271.0,1272.0,1215.3,1264.9,2011681,1232.97,1224.0,33,1224.6,440,
2026-04-10T10:58:48.803,NC,COFORGE,1224.6,1271.0,1272.0,1215.3,1264.9,2011893,1232.97,1224.0,228,1224.6,479,
2026-04-10T10:58:54.533,NC,COFORGE,1224.8,1271.0,1272.0,1215.3,1264.9,2012260,1232.97,1224.7,4,1224.8,96,
2026-04-10T10:59:00.156,NC,COFORGE,1224.8,1271.0,1272.0,1215.3,1264.9,2012331,1232.97,1224.7,50,1224.8,111,
2026-04-10T10:59:05.758,NC,COFORGE,1225.0,1271.0,1272.0,1215.3,1264.9,2012591,1232.97,1225.1,1,1225.2,104,
2026-04-10T10:59:11.166,NC,COFORGE,1225.2,1271.0,1272.0,1215.3,1264.9,2012774,1232.97,1224.9,3,1225.2,64,
2026-04-10T10:59:16.794,NC,COFORGE,1224.8,1271.0,1272.0,1215.3,1264.9,2012835,1232.97,1224.8,62,1225.0,570,
2026-04-10T10:59:16.794,NC,COFORGE,1224.8,1271.0,1272.0,1215.3,1264.9,2012835,1232.97,1224.8,62,1225.0,570,
2026-04-10T10:59:22.416,NC,COFORGE,1224.8,1271.0,1272.0,1215.3,1264.9,2012962,1232.97,1224.8,4,1225.0,546,
2026-04-10T10:59:27.901,NC,COFORGE,1224.8,1271.0,1272.0,1215.3,1264.9,2013055,1232.97,1224.8,4,1225.0,523,
2026-04-10T10:59:33.205,NC,COFORGE,1224.4,1271.0,1272.0,1215.3,1264.9,2013742,1232.97,1224.3,6,1224.4,99,
2026-04-10T10:59:38.902,NC,COFORGE,1224.0,1271.0,1272.0,1215.3,1264.9,2013982,1232.97,1224.0,572,1224.3,1958,
2026-04-10T10:59:44.354,NC,COFORGE,1223.7,1271.0,1272.0,1215.3,1264.9,2015252,1232.96,1224.1,1,1224.2,73,
2026-04-10T10:59:49.645,NC,COFORGE,1223.7,1271.0,1272.0,1215.3,1264.9,2015341,1232.96,1223.5,1296,1224.0,138,
2026-04-10T10:59:54.841,NC,COFORGE,1224.0,1271.0,1272.0,1215.3,1264.9,2015460,1232.96,1223.8,106,1224.0,43,
2026-04-10T11:00:00.049,NC,COFORGE,1223.8,1271.0,1272.0,1215.3,1264.9,2016192,1232.96,1223.8,24,1224.3,1859,
2026-04-10T11:00:05.702,NC,COFORGE,1223.9,1271.0,1272.0,1215.3,1264.9,2016275,1232.95,1223.9,59,1224.3,1890,
2026-04-10T11:00:11.361,NC,COFORGE,1224.0,1271.0,1272.0,1215.3,1264.9,2016348,1232.95,1223.8,5,1224.0,1,
2026-04-10T11:00:16.473,NC,COFORGE,1224.2,1271.0,1272.0,1215.3,1264.9,2016372,1232.95,1223.8,1,1224.1,219,
2026-04-10T11:00:21.589,NC,COFORGE,1224.1,1271.0,1272.0,1215.3,1264.9,2016391,1232.95,1224.0,277,1224.1,66,
2026-04-10T11:00:26.778,NC,COFORGE,1224.1,1271.0,1272.0,1215.3,1264.9,2016432,1232.95,1224.0,271,1224.1,52,
2026-04-10T11:00:31.989,NC,COFORGE,1223.7,1271.0,1272.0,1215.3,1264.9,2016835,1232.95,1223.7,20,1223.9,182,
2026-04-10T11:00:31.990,NC,COFORGE,1223.7,1271.0,1272.0,1215.3,1264.9,2016835,1232.95,1223.7,20,1223.9,182,
2026-04-10T11:00:37.319,NC,COFORGE,1223.6,1271.0,1272.0,1215.3,1264.9,2017752,1232.95,1223.6,8,1223.7,1,
2026-04-10T11:00:42.502,NC,COFORGE,1223.9,1271.0,1272.0,1215.3,1264.9,2018428,1232.95,1223.7,2,1223.9,167,
2026-04-10T11:00:47.607,NC,COFORGE,1223.3,1271.0,1272.0,1215.3,1264.9,2019671,1232.94,1223.0,402,1223.3,11,
2026-04-10T11:00:53.514,NC,COFORGE,1222.6,1271.0,1272.0,1215.3,1264.9,2020232,1232.94,1222.6,48,1223.0,2431,
2026-04-10T11:00:59.218,NC,COFORGE,1223.0,1271.0,1272.0,1215.3,1264.9,2020687,1232.93,1222.5,95,1223.0,2553,
2026-04-10T11:01:05.028,NC,COFORGE,1223.0,1271.0,1272.0,1215.3,1264.9,2020747,1232.93,1222.6,176,1223.0,2578,
2026-04-10T11:01:10.935,NC,COFORGE,1223.0,1271.0,1272.0,1215.3,1264.9,2020798,1232.93,1222.6,178,1223.0,2540,
2026-04-10T11:01:16.432,NC,COFORGE,1223.0,1271.0,1272.0,1215.3,1264.9,2021467,1232.93,1222.6,94,1223.0,2364,
2026-04-10T11:01:21.634,NC,COFORGE,1222.6,1271.0,1272.0,1215.3,1264.9,2021672,1232.93,1222.6,113,1223.0,2356,
2026-04-10T11:01:26.749,NC,COFORGE,1223.0,1271.0,1272.0,1215.3,1264.9,2025547,1232.91,1223.0,701,1223.3,76,
2026-04-10T11:01:31.856,NC,COFORGE,1223.3,1271.0,1272.0,1215.3,1264.9,2025730,1232.91,1223.0,512,1223.3,96,
2026-04-10T11:01:36.850,NC,COFORGE,1223.3,1271.0,1272.0,1215.3,1264.9,2025935,1232.91,1223.0,223,1223.3,71,
2026-04-10T11:01:42.049,NC,COFORGE,1223.0,1271.0,1272.0,1215.3,1264.9,2025996,1232.91,1223.0,224,1223.3,84,
2026-04-10T11:01:47.170,NC,COFORGE,1223.4,1271.0,1272.0,1215.3,1264.9,2026329,1232.91,1223.1,463,1223.4,82,
2026-04-10T11:01:52.073,NC,COFORGE,1223.4,1271.0,1272.0,1215.3,1264.9,2026396,1232.91,1223.1,460,1223.4,131,
2026-04-10T11:01:57.177,NC,COFORGE,1222.5,1271.0,1272.0,1215.3,1264.9,2027337,1232.9,1222.5,128,1222.7,20,
2026-04-10T11:02:02.590,NC,COFORGE,1222.5,1271.0,1272.0,1215.3,1264.9,2027983,1232.9,1222.2,8,1222.5,66,
2026-04-10T11:02:07.701,NC,COFORGE,1222.4,1271.0,1272.0,1215.3,1264.9,2028321,1232.9,1222.0,3438,1222.4,93,
2026-04-10T11:02:13.006,NC,COFORGE,1222.0,1271.0,1272.0,1215.3,1264.9,2028539,1232.9,1222.0,3457,1222.4,51,
2026-04-10T11:02:18.397,NC,COFORGE,1222.0,1271.0,1272.0,1215.3,1264.9,2028618,1232.89,1222.0,2464,1222.4,46,
2026-04-10T11:02:23.805,NC,COFORGE,1222.3,1271.0,1272.0,1215.3,1264.9,2028649,1232.89,1222.3,4,1222.4,124,
2026-04-10T11:02:29.121,NC,COFORGE,1222.0,1271.0,1272.0,1215.3,1264.9,2028761,1232.89,1222.0,3985,1222.3,25,
2026-04-10T11:02:34.133,NC,COFORGE,1222.2,1271.0,1272.0,1215.3,1264.9,2028788,1232.89,1222.2,309,1222.3,2089,
2026-04-10T11:02:39.420,NC,COFORGE,1222.2,1271.0,1272.0,1215.3,1264.9,2028825,1232.89,1222.2,309,1222.3,2241,
2026-04-10T11:02:44.740,NC,COFORGE,1222.0,1271.0,1272.0,1215.3,1264.9,2030886,1232.88,1222.0,2652,1222.1,76,
2026-04-10T11:02:50.042,NC,COFORGE,1222.0,1271.0,1272.0,1215.3,1264.9,2032738,1232.87,1222.0,912,1222.1,104,
2026-04-10T11:02:55.139,NC,COFORGE,1222.1,1271.0,1272.0,1215.3,1264.9,2035486,1232.86,1221.8,1536,1222.1,30,
2026-04-10T11:03:00.171,NC,COFORGE,1222.1,1271.0,1272.0,1215.3,1264.9,2035849,1232.86,1222.0,297,1222.1,35,
2026-04-10T11:03:05.662,NC,COFORGE,1222.1,1271.0,1272.0,1215.3,1264.9,2036117,1232.86,1222.0,193,1222.1,232,
2026-04-10T11:03:11.257,NC,COFORGE,1222.1,1271.0,1272.0,1215.3,1264.9,2036278,1232.85,1222.0,148,1222.1,326,
2026-04-10T11:03:16.773,NC,COFORGE,1221.8,1271.0,1272.0,1215.3,1264.9,2036795,1232.85,1221.8,1178,1221.9,37,
2026-04-10T11:03:22.078,NC,COFORGE,1221.9,1271.0,1272.0,1215.3,1264.9,2037022,1232.85,1221.8,1136,1221.9,29,
2026-04-10T11:03:27.484,NC,COFORGE,1221.1,1271.0,1272.0,1215.3,1264.9,2040408,1232.83,1221.1,2,1221.2,105,
2026-04-10T11:03:33.093,NC,COFORGE,1221.2,1271.0,1272.0,1215.3,1264.9,2041121,1232.83,1221.1,4,1221.2,52,
2026-04-10T11:03:39.101,NC,COFORGE,1221.2,1271.0,1272.0,1215.3,1264.9,2041843,1232.82,1221.1,274,1221.2,52,
2026-04-10T11:03:44.416,NC,COFORGE,1221.2,1271.0,1272.0,1215.3,1264.9,2042319,1232.82,1221.1,125,1221.2,34,
2026-04-10T11:03:49.630,NC,COFORGE,1221.6,1271.0,1272.0,1215.3,1264.9,2042716,1232.82,1221.3,133,1221.6,59,
2026-04-10T11:03:54.633,NC,COFORGE,1221.2,1271.0,1272.0,1215.3,1264.9,2044994,1232.81,1221.2,104,1221.6,103,
2026-04-10T11:03:59.739,NC,COFORGE,1221.6,1271.0,1272.0,1215.3,1264.9,2045310,1232.8,1221.2,121,1221.6,77,
2026-04-10T11:04:04.988,NC,COFORGE,1221.5,1271.0,1272.0,1215.3,1264.9,2046688,1232.8,1221.2,3,1221.5,2249,
2026-04-10T11:04:10.445,NC,COFORGE,1221.5,1271.0,1272.0,1215.3,1264.9,2046923,1232.79,1221.4,4,1221.5,2244,
2026-04-10T11:04:15.551,NC,COFORGE,1221.1,1271.0,1272.0,1215.3,1264.9,2047002,1232.79,1221.1,16,1221.5,2225,
2026-04-10T11:04:20.658,NC,COFORGE,1221.5,1271.0,1272.0,1215.3,1264.9,2047375,1232.79,1221.1,7,1221.5,1927,
2026-04-10T11:04:25.866,NC,COFORGE,1221.5,1271.0,1272.0,1215.3,1264.9,2047519,1232.79,1221.1,3,1221.5,1808,
2026-04-10T11:04:30.772,NC,COFORGE,1221.0,1271.0,1272.0,1215.3,1264.9,2047580,1232.79,1221.0,2876,1221.5,1783,
2026-04-10T11:04:36.080,NC,COFORGE,1221.1,1271.0,1272.0,1215.3,1264.9,2047818,1232.79,1221.1,3,1221.5,1911,
2026-04-10T11:04:41.700,NC,COFORGE,1221.1,1271.0,1272.0,1215.3,1264.9,2047966,1232.79,1221.1,79,1221.4,394,
2026-04-10T11:04:46.990,NC,COFORGE,1221.4,1271.0,1272.0,1215.3,1264.9,2048017,1232.79,1221.0,2561,1221.4,513,
2026-04-10T11:04:52.092,NC,COFORGE,1222.0,1271.0,1272.0,1215.3,1264.9,2050810,1232.77,1221.6,20,1222.0,148,
2026-04-10T11:04:57.297,NC,COFORGE,1222.0,1271.0,1272.0,1215.3,1264.9,2051166,1232.77,1221.6,2,1222.0,155,
2026-04-10T11:05:02.306,NC,COFORGE,1221.1,1271.0,1272.0,1215.3,1264.9,2051271,1232.77,1221.1,28,1221.4,304,
2026-04-10T11:05:08.315,NC,COFORGE,1221.4,1271.0,1272.0,1215.3,1264.9,2051413,1232.77,1221.1,1,1221.4,311,
2026-04-10T11:05:14.113,NC,COFORGE,1221.3,1271.0,1272.0,1215.3,1264.9,2051423,1232.77,1221.1,1,1221.3,26,
2026-04-10T11:05:19.521,NC,COFORGE,1221.0,1271.0,1272.0,1215.3,1264.9,2051971,1232.77,1221.0,2409,1221.4,21,
2026-04-10T11:05:25.131,NC,COFORGE,1221.4,1271.0,1272.0,1215.3,1264.9,2052093,1232.77,1221.0,2322,1221.4,55,
2026-04-10T11:05:30.362,NC,COFORGE,1221.0,1271.0,1272.0,1215.3,1264.9,2052142,1232.77,1221.0,2327,1221.4,186,
2026-04-10T11:05:35.847,NC,COFORGE,1221.0,1271.0,1272.0,1215.3,1264.9,2052182,1232.77,1221.0,2537,1221.3,48,
2026-04-10T11:05:41.256,NC,COFORGE,1220.7,1271.0,1272.0,1215.3,1264.9,2055744,1232.74,1220.7,27,1221.0,3494,
2026-04-10T11:05:46.761,NC,COFORGE,1221.0,1271.0,1272.0,1215.3,1264.9,2056371,1232.74,1220.6,100,1221.0,3325,
2026-04-10T11:05:52.371,NC,COFORGE,1220.6,1271.0,1272.0,1215.3,1264.9,2057384,1232.74,1220.6,28,1221.0,3127,
2026-04-10T11:05:58.181,NC,COFORGE,1220.7,1271.0,1272.0,1215.3,1264.9,2057645,1232.73,1220.7,39,1221.0,3087,
2026-04-10T11:06:03.587,NC,COFORGE,1221.0,1271.0,1272.0,1215.3,1264.9,2062053,1232.71,1221.0,244,1221.1,43,
2026-04-10T11:06:09.785,NC,COFORGE,1221.1,1271.0,1272.0,1215.3,1264.9,2062264,1232.71,1221.0,253,1221.1,17,
2026-04-10T11:06:15.496,NC,COFORGE,1221.0,1271.0,1272.0,1215.3,1264.9,2062518,1232.71,1221.0,8,1221.1,6,
2026-04-10T11:06:21.204,NC,COFORGE,1221.4,1271.0,1272.0,1215.3,1264.9,2062617,1232.71,1221.1,2,1221.4,82,
2026-04-10T11:06:26.916,NC,COFORGE,1221.1,1271.0,1272.0,1215.3,1264.9,2062673,1232.7,1221.1,48,1221.4,100,
2026-04-10T11:06:32.419,NC,COFORGE,1221.4,1271.0,1272.0,1215.3,1264.9,2062801,1232.7,1221.0,77,1221.4,170,
2026-04-10T11:06:37.828,NC,COFORGE,1221.0,1271.0,1272.0,1215.3,1264.9,2062936,1232.7,1221.0,21,1221.4,111,
2026-04-10T11:06:43.236,NC,COFORGE,1221.4,1271.0,1272.0,1215.3,1264.9,2062951,1232.7,1221.1,75,1221.4,105,
2026-04-10T11:06:48.142,NC,COFORGE,1221.1,1271.0,1272.0,1215.3,1264.9,2062958,1232.7,1221.1,1,1221.4,126,
2026-04-10T11:06:53.448,NC,COFORGE,1221.4,1271.0,1272.0,1215.3,1264.9,2063051,1232.7,1221.2,10,1221.4,44,
2026-04-10T11:06:58.758,NC,COFORGE,1221.2,1271.0,1272.0,1215.3,1264.9,2063093,1232.7,1221.1,66,1221.4,18,
2026-04-10T11:07:04.165,NC,COFORGE,1221.1,1271.0,1272.0,1215.3,1264.9,2063135,1232.7,1221.1,45,1221.4,268,
2026-04-10T11:07:09.692,NC,COFORGE,1221.3,1271.0,1272.0,1215.3,1264.9,2065199,1232.69,1221.1,22,1221.3,93,
2026-04-10T11:07:15.383,NC,COFORGE,1221.1,1271.0,1272.0,1215.3,1264.9,2065791,1232.69,1221.1,2,1221.3,52,
2026-04-10T11:07:20.696,NC,COFORGE,1221.3,1271.0,1272.0,1215.3,1264.9,2065833,1232.69,1221.1,178,1221.3,49,
2026-04-10T11:07:25.713,NC,COFORGE,1221.1,1271.0,1272.0,1215.3,1264.9,2066065,1232.69,1221.1,165,1221.3,257,
2026-04-10T11:07:30.707,NC,COFORGE,1221.1,1271.0,1272.0,1215.3,1264.9,2066115,1232.69,1221.1,577,1221.3,259,
2026-04-10T11:07:36.005,NC,COFORGE,1221.3,1271.0,1272.0,1215.3,1264.9,2066214,1232.69,1221.1,547,1221.3,218,
2026-04-10T11:07:41.119,NC,COFORGE,1221.1,1271.0,1272.0,1215.3,1264.9,2066310,1232.68,1221.1,531,1221.3,166,
2026-04-10T11:07:41.120,NC,COFORGE,1221.1,1271.0,1272.0,1215.3,1264.9,2066310,1232.68,1221.1,531,1221.3,166,
2026-04-10T11:07:46.823,NC,COFORGE,1221.6,1271.0,1272.0,1215.3,1264.9,2066863,1232.68,1221.5,179,1222.1,143,
2026-04-10T11:07:52.331,NC,COFORGE,1222.1,1271.0,1272.0,1215.3,1264.9,2067054,1232.68,1221.6,38,1222.1,136,
2026-04-10T11:07:57.740,NC,COFORGE,1222.1,1271.0,1272.0,1215.3,1264.9,2067166,1232.68,1221.7,296,1222.1,10,
2026-04-10T11:08:03.244,NC,COFORGE,1222.0,1271.0,1272.0,1215.3,1264.9,2067192,1232.68,1221.8,29,1222.1,7,
2026-04-10T11:08:08.952,NC,COFORGE,1221.1,1271.0,1272.0,1215.3,1264.9,2069315,1232.67,1221.2,1,1221.5,127,
2026-04-10T11:08:14.456,NC,COFORGE,1221.8,1271.0,1272.0,1215.3,1264.9,2069577,1232.67,1221.4,177,1221.8,8,
2026-04-10T11:08:20.266,NC,COFORGE,1221.6,1271.0,1272.0,1215.3,1264.9,2069622,1232.67,1221.4,8,1221.6,126,
2026-04-10T11:08:26.192,NC,COFORGE,1221.6,1271.0,1272.0,1215.3,1264.9,2069663,1232.67,1221.1,304,1221.6,134,
2026-04-10T11:08:31.391,NC,COFORGE,1220.0,1271.0,1272.0,1215.3,1264.9,2097215,1232.5,1220.1,88,1220.4,40,
2026-04-10T11:08:36.692,NC,COFORGE,1220.2,1271.0,1272.0,1215.3,1264.9,2103608,1232.46,1220.0,493,1220.6,130,
2026-04-10T11:08:41.713,NC,COFORGE,1220.6,1271.0,1272.0,1215.3,1264.9,2104701,1232.46,1220.2,226,1220.6,78,
2026-04-10T11:08:43.999,NC,COFORGE,1220.0,1271.0,1272.0,1215.3,1264.9,2105503,1232.45,1219.6,184,1220.0,41,
2026-04-10T11:08:45.003,NC,COFORGE,1220.4,1271.0,1272.0,1215.3,1264.9,2105755,1232.45,1220.0,2,1220.4,4,
2026-04-10T11:08:46.004,NC,COFORGE,1220.1,1271.0,1272.0,1215.3,1264.9,2105818,1232.45,1220.1,148,1220.5,8,
2026-04-10T11:08:47.010,NC,COFORGE,1220.2,1271.0,1272.0,1215.3,1264.9,2105928,1232.45,1220.2,67,1220.6,9,
2026-04-10T11:08:48.007,NC,COFORGE,1220.2,1271.0,1272.0,1215.3,1264.9,2105955,1232.45,1220.2,217,1220.6,29,
2026-04-10T11:08:49.009,NC,COFORGE,1220.6,1271.0,1272.0,1215.3,1264.9,2106000,1232.45,1220.7,1,1221.0,2,
2026-04-10T11:08:49.918,NC,COFORGE,1221.0,1271.0,1272.0,1215.3,1264.9,2106019,1232.45,1220.7,1,1221.1,312,
2026-04-10T11:08:50.924,NC,COFORGE,1221.0,1271.0,1272.0,1215.3,1264.9,2106075,1232.45,1220.7,3,1221.1,188,
2026-04-10T11:08:51.911,NC,COFORGE,1220.7,1271.0,1272.0,1215.3,1264.9,2106083,1232.45,1220.7,4,1221.1,95,
2026-04-10T11:08:52.911,NC,COFORGE,1220.8,1271.0,1272.0,1215.3,1264.9,2106085,1232.45,1220.9,14,1221.1,50,
2026-04-10T11:08:53.911,NC,COFORGE,1221.2,1271.0,1272.0,1215.3,1264.9,2106344,1232.45,1221.3,1,1221.8,126,
2026-04-10T11:08:54.922,NC,COFORGE,1221.3,1271.0,1272.0,1215.3,1264.9,2106388,1232.45,1221.3,63,1221.7,2,
2026-04-10T11:08:55.912,NC,COFORGE,1221.8,1271.0,1272.0,1215.3,1264.9,2106402,1232.45,1221.8,4,1221.9,53,
2026-04-10T11:08:56.929,NC,COFORGE,1221.5,1271.0,1272.0,1215.3,1264.9,2106709,1232.45,1221.5,58,1221.9,67,
2026-04-10T11:08:57.912,NC,COFORGE,1221.9,1271.0,1272.0,1215.3,1264.9,2106719,1232.45,1221.5,80,1221.9,106,
2026-04-10T11:08:58.923,NC,COFORGE,1221.7,1271.0,1272.0,1215.3,1264.9,2106755,1232.45,1221.4,17,1221.7,83,
2026-04-10T11:08:59.923,NC,COFORGE,1221.4,1271.0,1272.0,1215.3,1264.9,2106757,1232.45,1221.4,16,1221.7,83,
2026-04-10T11:09:00.914,NC,COFORGE,1221.2,1271.0,1272.0,1215.3,1264.9,2107657,1232.44,1221.1,33,1221.2,3,
2026-04-10T11:09:01.924,NC,COFORGE,1221.1,1271.0,1272.0,1215.3,1264.9,2107694,1232.44,1221.1,8,1221.2,6,
2026-04-10T11:09:02.931,NC,COFORGE,1221.0,1271.0,1272.0,1215.3,1264.9,2107748,1232.44,1221.0,38,1221.1,54,
2026-04-10T11:09:03.924,NC,COFORGE,1221.0,1271.0,1272.0,1215.3,1264.9,2107799,1232.44,1220.4,83,1221.0,188,
2026-04-10T11:09:04.926,NC,COFORGE,1220.5,1271.0,1272.0,1215.3,1264.9,2107803,1232.44,1220.5,129,1221.0,113,
2026-04-10T11:09:05.927,NC,COFORGE,1220.5,1271.0,1272.0,1215.3,1264.9,2107813,1232.44,1220.5,132,1221.0,156,
2026-04-10T11:09:06.927,NC,COFORGE,1220.5,1271.0,1272.0,1215.3,1264.9,2107931,1232.44,1220.5,3,1221.0,203,
2026-04-10T11:09:07.928,NC,COFORGE,1220.5,1271.0,1272.0,1215.3,1264.9,2107935,1232.44,1220.6,248,1221.0,156,
2026-04-10T11:09:08.938,NC,COFORGE,1221.0,1271.0,1272.0,1215.3,1264.9,2107950,1232.44,1220.6,248,1221.0,141,
2026-04-10T11:09:10.033,NC,COFORGE,1220.9,1271.0,1272.0,1215.3,1264.9,2107960,1232.44,1220.6,7,1220.9,7,
2026-04-10T11:09:10.931,NC,COFORGE,1220.5,1271.0,1272.0,1215.3,1264.9,2108059,1232.44,1220.5,1,1220.6,2,
2026-04-10T11:09:11.937,NC,COFORGE,1220.5,1271.0,1272.0,1215.3,1264.9,2108076,1232.44,1220.5,29,1220.9,64,
2026-04-10T11:09:12.932,NC,COFORGE,1220.5,1271.0,1272.0,1215.3,1264.9,2108079,1232.44,1220.6,27,1220.9,81,
2026-04-10T11:09:13.937,NC,COFORGE,1220.9,1271.0,1272.0,1215.3,1264.9,2108083,1232.44,1220.6,28,1220.9,77,
2026-04-10T11:09:14.935,NC,COFORGE,1220.9,1271.0,1272.0,1215.3,1264.9,2108089,1232.44,1220.6,28,1220.9,72,
2026-04-10T11:09:15.852,NC,COFORGE,1220.6,1271.0,1272.0,1215.3,1264.9,2108107,1232.44,1220.6,27,1220.9,57,
2026-04-10T11:09:16.840,NC,COFORGE,1220.9,1271.0,1272.0,1215.3,1264.9,2108121,1232.44,1220.6,24,1220.9,46,
2026-04-10T11:09:17.850,NC,COFORGE,1220.6,1271.0,1272.0,1215.3,1264.9,2108132,1232.44,1220.6,75,1220.9,74,
2026-04-10T11:09:18.937,NC,COFORGE,1220.9,1271.0,1272.0,1215.3,1264.9,2108177,1232.44,1220.7,21,1220.9,51,
2026-04-10T11:09:19.938,NC,COFORGE,1220.9,1271.0,1272.0,1215.3,1264.9,2108267,1232.44,1221.0,216,1221.5,124,
2026-04-10T11:09:20.939,NC,COFORGE,1220.9,1271.0,1272.0,1215.3,1264.9,2108554,1232.44,1220.7,12,1220.9,170,
2026-04-10T11:09:21.941,NC,COFORGE,1220.7,1271.0,1272.0,1215.3,1264.9,2108569,1232.44,1220.7,8,1220.9,193,
2026-04-10T11:09:23.041,NC,COFORGE,1220.9,1271.0,1272.0,1215.3,1264.9,2108574,1232.44,1220.7,6,1220.9,189,
2026-04-10T11:09:24.040,NC,COFORGE,1220.9,1271.0,1272.0,1215.3,1264.9,2108604,1232.44,1220.7,4,1220.9,214,
2026-04-10T11:09:25.041,NC,COFORGE,1220.7,1271.0,1272.0,1215.3,1264.9,2108607,1232.44,1220.7,4,1220.9,218,
2026-04-10T11:09:26.155,NC,COFORGE,1220.4,1271.0,1272.0,1215.3,1264.9,2108661,1232.44,1220.4,49,1220.9,215,
2026-04-10T11:09:27.255,NC,COFORGE,1220.9,1271.0,1272.0,1215.3,1264.9,2109497,1232.43,1220.4,71,1220.9,4,
2026-04-10T11:09:28.262,NC,COFORGE,1220.5,1271.0,1272.0,1215.3,1264.9,2109597,1232.43,1220.5,22,1221.0,154,
2026-04-10T11:09:29.245,NC,COFORGE,1220.5,1271.0,1272.0,1215.3,1264.9,2109599,1232.43,1220.5,21,1221.0,154,
2026-04-10T11:09:30.150,NC,COFORGE,1220.8,1271.0,1272.0,1215.3,1264.9,2109622,1232.43,1220.8,48,1221.0,100,
2026-04-10T11:09:31.146,NC,COFORGE,1220.8,1271.0,1272.0,1215.3,1264.9,2109732,1232.43,1220.8,35,1221.0,42,
2026-04-10T11:09:32.160,NC,COFORGE,1220.8,1271.0,1272.0,1215.3,1264.9,2109800,1232.43,1220.8,27,1221.0,45,
2026-04-10T11:09:33.152,NC,COFORGE,1221.0,1271.0,1272.0,1215.3,1264.9,2109818,1232.43,1220.8,24,1221.0,451,
2026-04-10T11:09:34.159,NC,COFORGE,1220.5,1271.0,1272.0,1215.3,1264.9,2110308,1232.43,1220.6,27,1221.0,103,
2026-04-10T11:09:35.255,NC,COFORGE,1220.6,1271.0,1272.0,1215.3,1264.9,2110385,1232.43,1220.6,4,1221.0,142,
2026-04-10T11:09:36.356,NC,COFORGE,1220.6,1271.0,1272.0,1215.3,1264.9,2110388,1232.43,1220.6,3,1221.0,177,
2026-04-10T11:09:37.458,NC,COFORGE,1220.6,1271.0,1272.0,1215.3,1264.9,2110425,1232.43,1220.6,1,1220.7,70,
2026-04-10T11:09:38.561,NC,COFORGE,1220.4,1271.0,1272.0,1215.3,1264.9,2110543,1232.43,1220.3,1,1220.4,1,
2026-04-10T11:09:39.467,NC,COFORGE,1220.3,1271.0,1272.0,1215.3,1264.9,2110548,1232.43,1220.2,28,1220.4,5,
2026-04-10T11:09:41.463,NC,COFORGE,1220.4,1271.0,1272.0,1215.3,1264.9,2110561,1232.43,1220.1,193,1220.4,3,
2026-04-10T11:09:42.559,NC,COFORGE,1220.1,1271.0,1272.0,1215.3,1264.9,2110568,1232.43,1220.2,27,1220.4,9,
2026-04-10T11:09:44.464,NC,COFORGE,1220.3,1271.0,1272.0,1215.3,1264.9,2111136,1232.42,1220.3,4,1220.4,23,
2026-04-10T11:09:45.462,NC,COFORGE,1220.3,1271.0,1272.0,1215.3,1264.9,2111150,1232.42,1220.3,7,1220.4,29,
2026-04-10T11:09:46.466,NC,COFORGE,1220.3,1271.0,1272.0,1215.3,1264.9,2111184,1232.42,1220.3,4,1220.4,24,
2026-04-10T11:09:47.568,NC,COFORGE,1220.4,1271.0,1272.0,1215.3,1264.9,2111221,1232.42,1220.3,2,1220.4,4,
2026-04-10T11:09:48.564,NC,COFORGE,1220.3,1271.0,1272.0,1215.3,1264.9,2111227,1232.42,1220.3,2,1220.4,4,
2026-04-10T11:09:49.563,NC,COFORGE,1220.3,1271.0,1272.0,1215.3,1264.9,2112030,1232.42,1220.1,51,1220.3,8,
2026-04-10T11:09:50.565,NC,COFORGE,1220.1,1271.0,1272.0,1215.3,1264.9,2112048,1232.42,1220.1,72,1220.3,37,
2026-04-10T11:09:51.570,NC,COFORGE,1220.3,1271.0,1272.0,1215.3,1264.9,2113187,1232.41,1220.1,141,1220.3,14,
2026-04-10T11:09:52.566,NC,COFORGE,1220.1,1271.0,1272.0,1215.3,1264.9,2113276,1232.41,1220.1,69,1220.3,49,
2026-04-10T11:09:53.572,NC,COFORGE,1220.1,1271.0,1272.0,1215.3,1264.9,2113442,1232.41,1220.1,37,1220.3,49,
2026-04-10T11:09:54.467,NC,COFORGE,1220.1,1271.0,1272.0,1215.3,1264.9,2113447,1232.41,1220.1,33,1220.3,49,
2026-04-10T11:09:55.576,NC,COFORGE,1220.3,1271.0,1272.0,1215.3,1264.9,2113601,1232.41,1220.1,30,1220.3,8,
2026-04-10T11:09:56.674,NC,COFORGE,1220.1,1271.0,1272.0,1215.3,1264.9,2113622,1232.41,1220.1,24,1220.4,5,
2026-04-10T11:09:57.771,NC,COFORGE,1220.1,1271.0,1272.0,1215.3,1264.9,2113627,1232.41,1220.1,29,1220.4,20,
2026-04-10T11:09:58.675,NC,COFORGE,1220.1,1271.0,1272.0,1215.3,1264.9,2113660,1232.41,1220.5,1,1220.6,51,
2026-04-10T11:09:59.675,NC,COFORGE,1220.5,1271.0,1272.0,1215.3,1264.9,2113661,1232.41,1220.5,2,1220.6,103,
2026-04-10T11:10:00.680,NC,COFORGE,1220.1,1271.0,1272.0,1215.3,1264.9,2113704,1232.41,1220.1,305,1220.6,52,
2026-04-10T11:10:01.780,NC,COFORGE,1220.2,1271.0,1272.0,1215.3,1264.9,2113721,1232.41,1220.1,111,1220.3,9,
2026-04-10T11:10:02.898,NC,COFORGE,1220.3,1271.0,1272.0,1215.3,1264.9,2113723,1232.41,1220.1,110,1220.3,8,
2026-04-10T11:10:03.880,NC,COFORGE,1220.3,1271.0,1272.0,1215.3,1264.9,2113748,1232.41,1220.1,98,1220.3,23,
2026-04-10T11:10:04.878,NC,COFORGE,1220.1,1271.0,1272.0,1215.3,1264.9,2113849,1232.41,1220.0,1019,1220.1,2,
2026-04-10T11:10:05.903,NC,COFORGE,1220.0,1271.0,1272.0,1215.3,1264.9,2113948,1232.41,1220.0,930,1220.1,14,
2026-04-10T11:10:06.891,NC,COFORGE,1220.0,1271.0,1272.0,1215.3,1264.9,2113966,1232.41,1220.0,928,1220.1,51,
2026-04-10T11:10:07.886,NC,COFORGE,1220.1,1271.0,1272.0,1215.3,1264.9,2114086,1232.41,1220.1,86,1220.3,86,
2026-04-10T11:10:08.986,NC,COFORGE,1220.3,1271.0,1272.0,1215.3,1264.9,2114142,1232.41,1220.1,81,1220.3,89,
2026-04-10T11:10:09.985,NC,COFORGE,1220.1,1271.0,1272.0,1215.3,1264.9,2114249,1232.4,1220.0,910,1220.1,2162,
2026-04-10T11:10:11.090,NC,COFORGE,1220.0,1271.0,1272.0,1215.3,1264.9,2114254,1232.4,1220.0,907,1220.1,2161,
2026-04-10T11:10:12.202,NC,COFORGE,1220.0,1271.0,1272.0,1215.3,1264.9,2114276,1232.4,1220.0,905,1220.1,2193,
2026-04-10T11:10:13.191,NC,COFORGE,1220.1,1271.0,1272.0,1215.3,1264.9,2114518,1232.4,1220.0,752,1220.1,2104,
2026-04-10T11:10:14.200,NC,COFORGE,1220.0,1271.0,1272.0,1215.3,1264.9,2114544,1232.4,1220.0,740,1220.1,2104,
2026-04-10T11:10:15.211,NC,COFORGE,1220.1,1271.0,1272.0,1215.3,1264.9,2114594,1232.4,1220.0,740,1220.1,2043,
2026-04-10T11:10:16.396,NC,COFORGE,1220.1,1271.0,1272.0,1215.3,1264.9,2114743,1232.4,1220.0,722,1220.1,1916,
2026-04-10T11:10:17.497,NC,COFORGE,1220.1,1271.0,1272.0,1215.3,1264.9,2114751,1232.4,1220.0,720,1220.1,1914,
2026-04-10T11:10:18.614,NC,COFORGE,1220.1,1271.0,1272.0,1215.3,1264.9,2115462,1232.4,1220.0,720,1220.1,1231,
2026-04-10T11:10:19.753,NC,COFORGE,1220.0,1271.0,1272.0,1215.3,1264.9,2115592,1232.4,1220.0,613,1220.1,1216,
2026-04-10T11:10:20.702,NC,COFORGE,1220.0,1271.0,1272.0,1215.3,1264.9,2115596,1232.4,1220.0,613,1220.1,1215,
2026-04-10T11:10:21.724,NC,COFORGE,1220.1,1271.0,1272.0,1215.3,1264.9,2115669,1232.4,1220.0,684,1220.1,1142,
2026-04-10T11:10:22.719,NC,COFORGE,1220.2,1271.0,1272.0,1215.3,1264.9,2117709,1232.38,1220.3,2,1220.6,315,
2026-04-10T11:10:23.815,NC,COFORGE,1220.3,1271.0,1272.0,1215.3,1264.9,2117760,1232.38,1220.3,4,1220.6,367,
2026-04-10T11:10:24.916,NC,COFORGE,1220.3,1271.0,1272.0,1215.3,1264.9,2117788,1232.38,1220.3,16,1220.6,358,
2026-04-10T11:10:26.009,NC,COFORGE,1220.6,1271.0,1272.0,1215.3,1264.9,2118055,1232.38,1220.2,99,1220.6,121,
2026-04-10T11:10:27.114,NC,COFORGE,1220.2,1271.0,1272.0,1215.3,1264.9,2118069,1232.38,1220.2,123,1220.6,120,
2026-04-10T11:10:28.215,NC,COFORGE,1220.2,1271.0,1272.0,1215.3,1264.9,2118070,1232.38,1220.2,92,1220.6,162,
2026-04-10T11:10:29.322,NC,COFORGE,1220.6,1271.0,1272.0,1215.3,1264.9,2118104,1232.38,1220.2,27,1220.6,89,
2026-04-10T11:10:30.419,NC,COFORGE,1220.5,1271.0,1272.0,1215.3,1264.9,2118108,1232.38,1220.2,25,1220.5,61,
2026-04-10T11:10:31.519,NC,COFORGE,1220.2,1271.0,1272.0,1215.3,1264.9,2118110,1232.38,1220.2,23,1220.5,148,
2026-04-10T11:10:32.620,NC,COFORGE,1220.5,1271.0,1272.0,1215.3,1264.9,2118113,1232.38,1220.2,5,1220.5,161,
2026-04-10T11:10:33.721,NC,COFORGE,1220.5,1271.0,1272.0,1215.3,1264.9,2118139,1232.38,1220.2,4,1220.5,131,
2026-04-10T11:10:34.724,NC,COFORGE,1220.2,1271.0,1272.0,1215.3,1264.9,2118144,1232.38,1220.2,1,1220.5,130,
2026-04-10T11:10:35.728,NC,COFORGE,1220.2,1271.0,1272.0,1215.3,1264.9,2118145,1232.38,1220.2,105,1220.5,130,
2026-04-10T11:10:36.724,NC,COFORGE,1220.2,1271.0,1272.0,1215.3,1264.9,2118202,1232.38,1220.2,50,1220.5,130,
2026-04-10T11:10:37.736,NC,COFORGE,1220.5,1271.0,1272.0,1215.3,1264.9,2118228,1232.38,1220.2,49,1220.5,112,
2026-04-10T11:10:38.637,NC,COFORGE,1220.2,1271.0,1272.0,1215.3,1264.9,2118265,1232.38,1220.2,40,1220.5,83,
2026-04-10T11:10:39.632,NC,COFORGE,1220.2,1271.0,1272.0,1215.3,1264.9,2118266,1232.38,1220.2,39,1220.5,83,
2026-04-10T11:10:40.532,NC,COFORGE,1220.1,1271.0,1272.0,1215.3,1264.9,2118319,1232.38,1220.1,3,1220.2,4960,
2026-04-10T11:10:41.531,NC,COFORGE,1220.0,1271.0,1272.0,1215.3,1264.9,2118349,1232.38,1220.0,696,1220.2,5087,
2026-04-10T11:10:44.431,NC,COFORGE,1220.9,1271.0,1272.0,1215.3,1264.9,2125026,1232.34,1220.1,373,1220.8,120,
2026-04-10T11:10:45.438,NC,COFORGE,1220.1,1271.0,1272.0,1215.3,1264.9,2125267,1232.34,1220.2,292,1220.8,25,
2026-04-10T11:10:46.488,NC,COFORGE,1220.2,1271.0,1272.0,1215.3,1264.9,2125270,1232.34,1220.2,264,1220.5,10,
2026-04-10T11:10:48.540,NC,COFORGE,1220.5,1271.0,1272.0,1215.3,1264.9,2125302,1232.34,1220.2,347,1220.5,25,
2026-04-10T11:10:49.636,NC,COFORGE,1220.5,1271.0,1272.0,1215.3,1264.9,2125407,1232.34,1220.2,296,1220.5,13,
2026-04-10T11:10:50.548,NC,COFORGE,1220.2,1271.0,1272.0,1215.3,1264.9,2125425,1232.34,1220.2,157,1220.5,16,
2026-04-10T11:10:51.549,NC,COFORGE,1220.5,1271.0,1272.0,1215.3,1264.9,2125451,1232.34,1220.3,4,1220.5,319,
2026-04-10T11:10:52.537,NC,COFORGE,1220.3,1271.0,1272.0,1215.3,1264.9,2125458,1232.34,1220.3,6,1220.5,368,
2026-04-10T11:10:53.539,NC,COFORGE,1220.5,1271.0,1272.0,1215.3,1264.9,2125502,1232.34,1220.3,124,1220.5,335,
2026-04-10T11:10:54.540,NC,COFORGE,1220.3,1271.0,1272.0,1215.3,1264.9,2125506,1232.34,1220.3,219,1220.5,335,
2026-04-10T11:10:55.442,NC,COFORGE,1220.5,1271.0,1272.0,1215.3,1264.9,2126003,1232.34,1220.5,50,1220.9,92,
2026-04-10T11:10:56.541,NC,COFORGE,1220.9,1271.0,1272.0,1215.3,1264.9,2126006,1232.34,1220.5,122,1220.9,110,
2026-04-10T11:10:57.544,NC,COFORGE,1220.5,1271.0,1272.0,1215.3,1264.9,2126066,1232.34,1220.5,96,1220.9,107,
2026-04-10T11:10:58.547,NC,COFORGE,1220.9,1271.0,1272.0,1215.3,1264.9,2126079,1232.34,1220.5,99,1220.9,94,
2026-04-10T11:10:59.554,NC,COFORGE,1220.5,1271.0,1272.0,1215.3,1264.9,2126081,1232.34,1220.6,29,1220.9,144,
2026-04-10T11:11:00.452,NC,COFORGE,1220.9,1271.0,1272.0,1215.3,1264.9,2126261,1232.34,1220.9,201,1221.4,552,
2026-04-10T11:11:01.448,NC,COFORGE,1221.4,1271.0,1272.0,1215.3,1264.9,2126297,1232.34,1220.9,190,1221.4,525,
2026-04-10T11:11:02.550,NC,COFORGE,1221.4,1271.0,1272.0,1215.3,1264.9,2126301,1232.34,1220.9,217,1221.4,550,
2026-04-10T11:11:03.550,NC,COFORGE,1221.3,1271.0,1272.0,1215.3,1264.9,2126320,1232.34,1220.9,186,1221.3,110,
2026-04-10T11:11:04.551,NC,COFORGE,1221.3,1271.0,1272.0,1215.3,1264.9,2126326,1232.34,1220.9,183,1221.3,99,
2026-04-10T11:11:05.467,NC,COFORGE,1220.9,1271.0,1272.0,1215.3,1264.9,2126327,1232.34,1220.9,186,1221.3,99,
2026-04-10T11:11:06.554,NC,COFORGE,1220.9,1271.0,1272.0,1215.3,1264.9,2127461,1232.33,1220.9,64,1221.3,21,
2026-04-10T11:11:07.552,NC,COFORGE,1221.5,1271.0,1272.0,1215.3,1264.9,2127530,1232.33,1220.9,121,1221.5,240,
2026-04-10T11:11:08.571,NC,COFORGE,1220.9,1271.0,1272.0,1215.3,1264.9,2127604,1232.33,1220.9,34,1221.4,119,
2026-04-10T11:11:09.557,NC,COFORGE,1221.4,1271.0,1272.0,1215.3,1264.9,2127716,1232.33,1220.9,23,1221.4,96,
2026-04-10T11:11:10.654,NC,COFORGE,1221.4,1271.0,1272.0,1215.3,1264.9,2127739,1232.33,1220.9,8,1221.4,235,
2026-04-10T11:11:10.655,NC,COFORGE,1221.4,1271.0,1272.0,1215.3,1264.9,2127739,1232.33,1220.9,8,1221.4,235,
2026-04-10T11:11:11.558,NC,COFORGE,1221.3,1271.0,1272.0,1215.3,1264.9,2127747,1232.33,1220.9,7,1221.3,188,
2026-04-10T11:11:12.558,NC,COFORGE,1220.9,1271.0,1272.0,1215.3,1264.9,2127749,1232.33,1220.9,6,1221.3,84,
2026-04-10T11:11:13.559,NC,COFORGE,1220.9,1271.0,1272.0,1215.3,1264.9,2127892,1232.33,1220.7,67,1220.9,2,
2026-04-10T11:11:14.558,NC,COFORGE,1220.7,1271.0,1272.0,1215.3,1264.9,2127896,1232.33,1220.7,3,1220.9,2,
2026-04-10T11:11:15.562,NC,COFORGE,1220.7,1271.0,1272.0,1215.3,1264.9,2127917,1232.33,1220.7,6,1221.2,122,
2026-04-10T11:11:16.665,NC,COFORGE,1220.7,1271.0,1272.0,1215.3,1264.9,2127962,1232.33,1220.5,64,1220.7,3,
2026-04-10T11:11:18.876,NC,COFORGE,1220.7,1271.0,1272.0,1215.3,1264.9,2127974,1232.33,1220.5,64,1220.7,25,
2026-04-10T11:11:19.875,NC,COFORGE,1220.5,1271.0,1272.0,1215.3,1264.9,2127979,1232.33,1220.5,104,1220.7,25,
2026-04-10T11:11:21.779,NC,COFORGE,1220.7,1271.0,1272.0,1215.3,1264.9,2127998,1232.33,1220.5,230,1220.7,8,
2026-04-10T11:11:22.883,NC,COFORGE,1220.5,1271.0,1272.0,1215.3,1264.9,2128000,1232.33,1220.5,230,1220.7,13,
2026-04-10T11:11:23.886,NC,COFORGE,1220.7,1271.0,1272.0,1215.3,1264.9,2128036,1232.33,1220.5,32,1220.9,150,
2026-04-10T11:11:24.781,NC,COFORGE,1220.9,1271.0,1272.0,1215.3,1264.9,2128039,1232.33,1220.5,48,1220.9,43,
2026-04-10T11:11:25.892,NC,COFORGE,1221.1,1271.0,1272.0,1215.3,1264.9,2128140,1232.33,1220.7,49,1220.9,9,
2026-04-10T11:11:26.981,NC,COFORGE,1220.9,1271.0,1272.0,1215.3,1264.9,2128157,1232.33,1220.7,37,1220.9,6,
2026-04-10T11:11:27.984,NC,COFORGE,1220.9,1271.0,1272.0,1215.3,1264.9,2128158,1232.33,1220.7,37,1220.9,5,
2026-04-10T11:11:28.984,NC,COFORGE,1221.0,1271.0,1272.0,1215.3,1264.9,2128164,1232.33,1221.0,2,1221.1,31,
2026-04-10T11:11:29.992,NC,COFORGE,1221.1,1271.0,1272.0,1215.3,1264.9,2128165,1232.33,1221.0,32,1221.1,36,
2026-04-10T11:11:30.990,NC,COFORGE,1221.0,1271.0,1272.0,1215.3,1264.9,2128169,1232.33,1221.0,31,1221.1,32,
2026-04-10T11:11:31.991,NC,COFORGE,1221.1,1271.0,1272.0,1215.3,1264.9,2128174,1232.33,1221.0,30,1221.1,117,
2026-04-10T11:11:35.205,NC,COFORGE,1221.1,1271.0,1272.0,1215.3,1264.9,2128175,1232.33,1221.0,43,1221.1,138,
2026-04-10T11:11:38.411,NC,COFORGE,1221.5,1271.0,1272.0,1215.3,1264.9,2128435,1232.32,1221.1,66,1221.5,23,
2026-04-10T11:11:39.496,NC,COFORGE,1221.1,1271.0,1272.0,1215.3,1264.9,2128449,1232.32,1221.1,86,1221.5,23,
2026-04-10T11:11:40.602,NC,COFORGE,1221.3,1271.0,1272.0,1215.3,1264.9,2128477,1232.32,1221.3,27,1221.7,64,
2026-04-10T11:11:41.606,NC,COFORGE,1221.3,1271.0,1272.0,1215.3,1264.9,2128520,1232.32,1221.3,1,1221.7,21,
2026-04-10T11:11:42.810,NC,COFORGE,1221.7,1271.0,1272.0,1215.3,1264.9,2128525,1232.32,1221.3,2,1221.7,58,
2026-04-10T11:11:43.803,NC,COFORGE,1221.8,1271.0,1272.0,1215.3,1264.9,2128567,1232.32,1221.3,28,1221.8,148,
2026-04-10T11:11:45.007,NC,COFORGE,1221.3,1271.0,1272.0,1215.3,1264.9,2128573,1232.32,1221.3,284,1221.8,31,
2026-04-10T11:11:46.009,NC,COFORGE,1221.8,1271.0,1272.0,1215.3,1264.9,2128574,1232.32,1221.5,10,1221.8,51,
2026-04-10T11:11:47.207,NC,COFORGE,1221.5,1271.0,1272.0,1215.3,1264.9,2128578,1232.32,1221.5,9,1221.8,48,
2026-04-10T11:11:48.314,NC,COFORGE,1221.8,1271.0,1272.0,1215.3,1264.9,2128867,1232.32,1221.5,3,1221.8,36,
2026-04-10T11:11:49.412,NC,COFORGE,1221.8,1271.0,1272.0,1215.3,1264.9,2128883,1232.32,1221.5,31,1221.8,26,
2026-04-10T11:11:50.512,NC,COFORGE,1221.7,1271.0,1272.0,1215.3,1264.9,2128953,1232.32,1221.7,163,1222.0,349,
2026-04-10T11:11:51.534,NC,COFORGE,1221.7,1271.0,1272.0,1215.3,1264.9,2128954,1232.32,1221.9,1,1222.0,345,
2026-04-10T11:11:52.623,NC,COFORGE,1222.0,1271.0,1272.0,1215.3,1264.9,2129109,1232.32,1221.8,48,1222.0,260,
2026-04-10T11:11:53.727,NC,COFORGE,1221.8,1271.0,1272.0,1215.3,1264.9,2129159,1232.32,1221.8,44,1222.0,216,
2026-04-10T11:11:54.825,NC,COFORGE,1221.8,1271.0,1272.0,1215.3,1264.9,2129160,1232.32,1221.8,44,1222.0,216,
2026-04-10T11:11:55.826,NC,COFORGE,1222.0,1271.0,1272.0,1215.3,1264.9,2129162,1232.32,1221.9,28,1222.0,214,
2026-04-10T11:11:56.926,NC,COFORGE,1222.0,1271.0,1272.0,1215.3,1264.9,2129171,1232.32,1221.9,28,1222.0,206,
2026-04-10T11:11:58.028,NC,COFORGE,1222.0,1271.0,1272.0,1215.3,1264.9,2129172,1232.32,1221.9,28,1222.0,205,
2026-04-10T11:12:00.031,NC,COFORGE,1222.0,1271.0,1272.0,1215.3,1264.9,2129173,1232.32,1221.8,69,1222.0,204,
2026-04-10T11:12:02.052,NC,COFORGE,1222.0,1271.0,1272.0,1215.3,1264.9,2129181,1232.32,1221.8,68,1222.0,225,
2026-04-10T11:12:03.031,NC,COFORGE,1221.8,1271.0,1272.0,1215.3,1264.9,2129204,1232.32,1221.8,87,1222.0,205,
2026-04-10T11:12:04.130,NC,COFORGE,1222.0,1271.0,1272.0,1215.3,1264.9,2129214,1232.32,1221.8,87,1222.0,70,
2026-04-10T11:12:05.130,NC,COFORGE,1222.0,1271.0,1272.0,1215.3,1264.9,2129216,1232.32,1221.8,86,1222.0,69,
2026-04-10T11:12:06.141,NC,COFORGE,1221.8,1271.0,1272.0,1215.3,1264.9,2129219,1232.32,1221.8,87,1222.0,67,
2026-04-10T11:12:07.234,NC,COFORGE,1222.3,1271.0,1272.0,1215.3,1264.9,2129809,1232.32,1222.1,1,1222.3,100,
2026-04-10T11:12:08.341,NC,COFORGE,1222.1,1271.0,1272.0,1215.3,1264.9,2129901,1232.32,1222.0,429,1222.1,2,
2026-04-10T11:12:09.442,NC,COFORGE,1222.0,1271.0,1272.0,1215.3,1264.9,2129911,1232.32,1222.0,420,1222.1,3,
2026-04-10T11:12:10.449,NC,COFORGE,1222.3,1271.0,1272.0,1215.3,1264.9,2129915,1232.32,1222.0,431,1222.1,1,
2026-04-10T11:12:11.544,NC,COFORGE,1222.1,1271.0,1272.0,1215.3,1264.9,2130086,1232.32,1222.2,1,1222.4,1277,
2026-04-10T11:12:12.644,NC,COFORGE,1222.4,1271.0,1272.0,1215.3,1264.9,2130088,1232.32,1222.2,28,1222.4,51,
2026-04-10T11:12:14.849,NC,COFORGE,1222.4,1271.0,1272.0,1215.3,1264.9,2130117,1232.32,1222.2,27,1222.4,49,
2026-04-10T11:12:15.947,NC,COFORGE,1222.2,1271.0,1272.0,1215.3,1264.9,2130242,1232.32,1222.2,13,1222.4,52,
2026-04-10T11:12:17.064,NC,COFORGE,1222.2,1271.0,1272.0,1215.3,1264.9,2130243,1232.32,1222.2,12,1222.4,52,
2026-04-10T11:12:18.050,NC,COFORGE,1222.4,1271.0,1272.0,1215.3,1264.9,2130247,1232.32,1222.2,10,1222.4,48,
2026-04-10T11:12:19.054,NC,COFORGE,1222.4,1271.0,1272.0,1215.3,1264.9,2130306,1232.32,1222.2,4,1222.4,51,
2026-04-10T11:12:19.952,NC,COFORGE,1222.2,1271.0,1272.0,1215.3,1264.9,2130308,1232.32,1222.2,2,1222.4,51,
2026-04-10T11:12:21.072,NC,COFORGE,1222.2,1271.0,1272.0,1215.3,1264.9,2130318,1232.32,1222.2,3,1222.4,51,
2026-04-10T11:12:22.056,NC,COFORGE,1222.2,1271.0,1272.0,1215.3,1264.9,2130320,1232.32,1222.2,2,1222.4,51,
2026-04-10T11:12:24.079,NC,COFORGE,1222.1,1271.0,1272.0,1215.3,1264.9,2130525,1232.31,1222.1,12,1222.4,10,
2026-04-10T11:12:24.979,NC,COFORGE,1222.1,1271.0,1272.0,1215.3,1264.9,2130528,1232.31,1222.1,3,1222.4,10,
2026-04-10T11:12:26.964,NC,COFORGE,1222.4,1271.0,1272.0,1215.3,1264.9,2130546,1232.31,1222.0,699,1222.4,9,
2026-04-10T11:12:27.964,NC,COFORGE,1222.0,1271.0,1272.0,1215.3,1264.9,2130548,1232.31,1222.0,638,1222.4,9,
2026-04-10T11:12:30.065,NC,COFORGE,1222.4,1271.0,1272.0,1215.3,1264.9,2130568,1232.31,1222.2,100,1222.4,22,
2026-04-10T11:12:31.166,NC,COFORGE,1222.0,1271.0,1272.0,1215.3,1264.9,2131115,1232.31,1222.0,650,1222.5,74,
2026-04-10T11:12:32.287,NC,COFORGE,1222.4,1271.0,1272.0,1215.3,1264.9,2131118,1232.31,1222.4,1,1222.5,138,
2026-04-10T11:12:33.279,NC,COFORGE,1222.5,1271.0,1272.0,1215.3,1264.9,2131131,1232.31,1222.4,122,1222.5,44,
2026-04-10T11:12:34.272,NC,COFORGE,1222.5,1271.0,1272.0,1215.3,1264.9,2131177,1232.31,1222.6,7,1222.7,79,
2026-04-10T11:12:35.274,NC,COFORGE,1222.6,1271.0,1272.0,1215.3,1264.9,2131182,1232.31,1222.6,45,1222.7,16,
2026-04-10T11:12:37.277,NC,COFORGE,1222.3,1271.0,1272.0,1215.3,1264.9,2131561,1232.31,1222.3,50,1222.4,9,
2026-04-10T11:12:38.274,NC,COFORGE,1222.3,1271.0,1272.0,1215.3,1264.9,2131607,1232.31,1222.3,42,1222.4,9,
2026-04-10T11:12:39.279,NC,COFORGE,1222.3,1271.0,1272.0,1215.3,1264.9,2131613,1232.31,1222.3,79,1222.4,16,
2026-04-10T11:12:40.285,NC,COFORGE,1222.3,1271.0,1272.0,1215.3,1264.9,2131638,1232.31,1222.3,81,1222.4,7,
2026-04-10T11:12:41.280,NC,COFORGE,1222.6,1271.0,1272.0,1215.3,1264.9,2131703,1232.31,1222.5,3,1222.6,231,
2026-04-10T11:12:42.382,NC,COFORGE,1222.6,1271.0,1272.0,1215.3,1264.9,2131714,1232.31,1222.5,4,1222.6,275,
2026-04-10T11:12:43.487,NC,COFORGE,1222.3,1271.0,1272.0,1215.3,1264.9,2131877,1232.31,1222.3,101,1222.6,49,
2026-04-10T11:12:46.496,NC,COFORGE,1222.3,1271.0,1272.0,1215.3,1264.9,2132003,1232.31,1222.3,68,1222.6,526,
2026-04-10T11:12:51.146,NC,COFORGE,1222.3,1271.0,1272.0,1215.3,1264.9,2132465,1232.31,1222.3,8,1222.6,106,
2026-04-10T11:12:55.763,NC,COFORGE,1222.6,1271.0,1272.0,1215.3,1264.9,2132782,1232.3,1222.6,4,1222.7,9,
2026-04-10T11:13:00.746,NC,COFORGE,1222.6,1271.0,1272.0,1215.3,1264.9,2132995,1232.3,1222.6,1,1222.7,7,
2026-04-10T11:13:05.953,NC,COFORGE,1222.6,1271.0,1272.0,1215.3,1264.9,2133014,1232.3,1222.6,23,1222.7,118,
2026-04-10T11:13:10.965,NC,COFORGE,1222.3,1271.0,1272.0,1215.3,1264.9,2133370,1232.3,1222.3,7,1222.7,138,
2026-04-10T11:13:15.957,NC,COFORGE,1222.5,1271.0,1272.0,1215.3,1264.9,2133691,1232.3,1222.3,3,1222.5,41,
2026-04-10T11:13:20.666,NC,COFORGE,1222.3,1271.0,1272.0,1215.3,1264.9,2133734,1232.3,1222.3,3,1222.5,29,
2026-04-10T11:13:25.572,NC,COFORGE,1222.3,1271.0,1272.0,1215.3,1264.9,2133873,1232.3,1222.3,2,1222.5,52,
2026-04-10T11:13:30.685,NC,COFORGE,1222.3,1271.0,1272.0,1215.3,1264.9,2133995,1232.3,1222.3,1,1222.5,53,
2026-04-10T11:13:36.193,NC,COFORGE,1222.1,1271.0,1272.0,1215.3,1264.9,2134325,1232.3,1222.1,9,1222.5,92,
2026-04-10T11:13:41.303,NC,COFORGE,1222.4,1271.0,1272.0,1215.3,1264.9,2134590,1232.3,1222.1,45,1222.4,32,
2026-04-10T11:13:46.617,NC,COFORGE,1222.4,1271.0,1272.0,1215.3,1264.9,2134648,1232.3,1222.2,3,1222.4,33,
2026-04-10T11:13:52.123,NC,COFORGE,1222.4,1271.0,1272.0,1215.3,1264.9,2134884,1232.29,1222.0,1790,1222.4,10,
2026-04-10T11:13:57.437,NC,COFORGE,1222.0,1271.0,1272.0,1215.3,1264.9,2134997,1232.29,1222.1,750,1222.4,4,
2026-04-10T11:14:02.839,NC,COFORGE,1222.2,1271.0,1272.0,1215.3,1264.9,2135129,1232.29,1222.2,5,1222.6,170,
2026-04-10T11:14:08.055,NC,COFORGE,1222.6,1271.0,1272.0,1215.3,1264.9,2135355,1232.29,1222.1,579,1222.6,131,
2026-04-10T11:14:13.168,NC,COFORGE,1222.2,1271.0,1272.0,1215.3,1264.9,2135385,1232.29,1222.2,10,1222.5,7,
2026-04-10T11:14:18.379,NC,COFORGE,1222.2,1271.0,1272.0,1215.3,1264.9,2135444,1232.29,1222.2,4,1222.5,3,
2026-04-10T11:14:23.476,NC,COFORGE,1222.5,1271.0,1272.0,1215.3,1264.9,2136059,1232.29,1222.2,32,1222.6,217,
2026-04-10T11:14:28.775,NC,COFORGE,1222.2,1271.0,1272.0,1215.3,1264.9,2136151,1232.29,1222.2,59,1222.6,213,
2026-04-10T11:14:34.090,NC,COFORGE,1221.8,1271.0,1272.0,1215.3,1264.9,2140654,1232.27,1221.2,4,1221.7,27,
2026-04-10T11:14:39.694,NC,COFORGE,1221.0,1271.0,1272.0,1215.3,1264.9,2141318,1232.26,1220.8,174,1221.2,37,
2026-04-10T11:14:44.921,NC,COFORGE,1220.3,1271.0,1272.0,1215.3,1264.9,2142040,1232.26,1220.2,426,1220.8,130,
2026-04-10T11:14:50.115,NC,COFORGE,1220.2,1271.0,1272.0,1215.3,1264.9,2142600,1232.26,1220.1,252,1220.2,1,
2026-04-10T11:14:55.023,NC,COFORGE,1220.1,1271.0,1272.0,1215.3,1264.9,2142855,1232.25,1220.1,1,1220.2,235,
2026-04-10T11:14:59.928,NC,COFORGE,1220.6,1271.0,1272.0,1215.3,1264.9,2143596,1232.25,1220.1,94,1220.6,133,
2026-04-10T11:15:05.434,NC,COFORGE,1220.9,1271.0,1272.0,1215.3,1264.9,2146363,1232.23,1220.2,142,1220.9,165,
2026-04-10T11:15:10.942,NC,COFORGE,1220.6,1271.0,1272.0,1215.3,1264.9,2148980,1232.22,1220.6,3,1220.9,45,
2026-04-10T11:15:16.542,NC,COFORGE,1220.9,1271.0,1272.0,1215.3,1264.9,2149179,1232.22,1220.5,226,1220.9,41,
2026-04-10T11:15:22.244,NC,COFORGE,1220.5,1271.0,1272.0,1215.3,1264.9,2149259,1232.22,1220.5,2,1220.8,193,
2026-04-10T11:15:27.753,NC,COFORGE,1220.1,1271.0,1272.0,1215.3,1264.9,2150034,1232.22,1220.2,21,1220.4,555,
2026-04-10T11:15:32.960,NC,COFORGE,1220.0,1271.0,1272.0,1215.3,1264.9,2156597,1232.18,1219.5,59,1220.0,251,
2026-04-10T11:15:38.365,NC,COFORGE,1219.4,1271.0,1272.0,1215.3,1264.9,2158118,1232.17,1219.3,3,1219.8,479,
2026-04-10T11:15:38.366,NC,COFORGE,1219.4,1271.0,1272.0,1215.3,1264.9,2158118,1232.17,1219.3,3,1219.8,479,
2026-04-10T11:15:43.465,NC,COFORGE,1219.8,1271.0,1272.0,1215.3,1264.9,2158205,1232.17,1219.6,2,1219.8,209,
2026-04-10T11:15:44.467,NC,COFORGE,1219.6,1271.0,1272.0,1215.3,1264.9,2159229,1232.16,1219.0,1981,1219.4,10,
2026-04-10T11:15:45.465,NC,COFORGE,1219.0,1271.0,1272.0,1215.3,1264.9,2160096,1232.16,1219.0,1009,1219.4,10,
2026-04-10T11:15:46.465,NC,COFORGE,1219.4,1271.0,1272.0,1215.3,1264.9,2160121,1232.16,1219.0,1011,1219.4,439,
2026-04-10T11:15:47.565,NC,COFORGE,1219.4,1271.0,1272.0,1215.3,1264.9,2160224,1232.16,1219.0,1001,1219.4,463,
2026-04-10T11:15:48.666,NC,COFORGE,1219.0,1271.0,1272.0,1215.3,1264.9,2161901,1232.15,1218.6,192,1219.0,33,
2026-04-10T11:15:49.778,NC,COFORGE,1219.0,1271.0,1272.0,1215.3,1264.9,2161964,1232.15,1218.7,278,1219.0,22,
2026-04-10T11:15:50.866,NC,COFORGE,1219.0,1271.0,1272.0,1215.3,1264.9,2162188,1232.14,1218.7,175,1219.0,32,
2026-04-10T11:15:51.867,NC,COFORGE,1219.0,1271.0,1272.0,1215.3,1264.9,2163692,1232.13,1218.6,235,1219.0,58,
2026-04-10T11:15:52.868,NC,COFORGE,1219.0,1271.0,1272.0,1215.3,1264.9,2163710,1232.13,1218.7,190,1219.0,92,
2026-04-10T11:15:53.868,NC,COFORGE,1218.6,1271.0,1272.0,1215.3,1264.9,2163873,1232.13,1218.6,8,1219.0,211,
2026-04-10T11:15:54.867,NC,COFORGE,1219.0,1271.0,1272.0,1215.3,1264.9,2164013,1232.13,1218.6,4,1219.0,145,
2026-04-10T11:15:55.786,NC,COFORGE,1218.4,1271.0,1272.0,1215.3,1264.9,2164060,1232.13,1218.4,90,1219.0,69,
2026-04-10T11:15:56.771,NC,COFORGE,1219.0,1271.0,1272.0,1215.3,1264.9,2164061,1232.13,1218.5,244,1219.0,68,
2026-04-10T11:15:57.770,NC,COFORGE,1219.0,1271.0,1272.0,1215.3,1264.9,2164166,1232.13,1218.6,308,1219.0,15,
2026-04-10T11:15:58.869,NC,COFORGE,1219.0,1271.0,1272.0,1215.3,1264.9,2164170,1232.13,1218.6,353,1219.0,19,
2026-04-10T11:15:59.969,NC,COFORGE,1219.0,1271.0,1272.0,1215.3,1264.9,2164181,1232.13,1218.6,354,1219.0,60,
2026-04-10T11:16:01.071,NC,COFORGE,1219.4,1271.0,1272.0,1215.3,1264.9,2164362,1232.13,1219.4,205,1219.8,75,
2026-04-10T11:16:02.170,NC,COFORGE,1219.4,1271.0,1272.0,1215.3,1264.9,2164363,1232.13,1219.4,205,1219.8,156,
2026-04-10T11:16:03.170,NC,COFORGE,1219.7,1271.0,1272.0,1215.3,1264.9,2164379,1232.13,1219.4,193,1219.7,114,
2026-04-10T11:16:04.277,NC,COFORGE,1219.6,1271.0,1272.0,1215.3,1264.9,2164429,1232.13,1219.4,193,1219.6,50,
2026-04-10T11:16:05.282,NC,COFORGE,1219.4,1271.0,1272.0,1215.3,1264.9,2164481,1232.13,1219.4,145,1219.6,97,
2026-04-10T11:16:06.276,NC,COFORGE,1219.6,1271.0,1272.0,1215.3,1264.9,2164684,1232.13,1219.4,147,1219.6,3,
2026-04-10T11:16:07.275,NC,COFORGE,1219.6,1271.0,1272.0,1215.3,1264.9,2164691,1232.13,1219.4,145,1219.6,7,
2026-04-10T11:16:08.179,NC,COFORGE,1219.8,1271.0,1272.0,1215.3,1264.9,2165729,1232.12,1219.4,153,1219.8,88,
2026-04-10T11:16:09.282,NC,COFORGE,1219.6,1271.0,1272.0,1215.3,1264.9,2165762,1232.12,1219.4,147,1219.8,92,
2026-04-10T11:16:10.281,NC,COFORGE,1219.8,1271.0,1272.0,1215.3,1264.9,2165763,1232.12,1219.4,147,1219.8,143,
2026-04-10T11:16:11.382,NC,COFORGE,1219.8,1271.0,1272.0,1215.3,1264.9,2165872,1232.12,1219.4,134,1219.8,334,
2026-04-10T11:16:12.498,NC,COFORGE,1219.7,1271.0,1272.0,1215.3,1264.9,2165990,1232.12,1219.4,129,1219.7,74,
2026-04-10T11:16:13.399,NC,COFORGE,1219.6,1271.0,1272.0,1215.3,1264.9,2165997,1232.12,1219.5,2,1219.6,48,
2026-04-10T11:16:14.497,NC,COFORGE,1219.6,1271.0,1272.0,1215.3,1264.9,2166028,1232.12,1219.5,3,1219.6,73,
2026-04-10T11:16:15.587,NC,COFORGE,1219.6,1271.0,1272.0,1215.3,1264.9,2166145,1232.12,1219.4,38,1219.6,56,
2026-04-10T11:16:16.692,NC,COFORGE,1219.6,1271.0,1272.0,1215.3,1264.9,2166399,1232.12,1219.4,40,1219.6,19,
2026-04-10T11:16:17.690,NC,COFORGE,1219.4,1271.0,1272.0,1215.3,1264.9,2166403,1232.12,1219.4,37,1219.6,19,
2026-04-10T11:16:18.693,NC,COFORGE,1219.6,1271.0,1272.0,1215.3,1264.9,2166415,1232.12,1219.4,39,1219.6,7,
2026-04-10T11:16:19.797,NC,COFORGE,1219.4,1271.0,1272.0,1215.3,1264.9,2166450,1232.12,1219.4,34,1219.5,68,
2026-04-10T11:16:20.794,NC,COFORGE,1219.5,1271.0,1272.0,1215.3,1264.9,2166451,1232.12,1219.4,38,1219.5,129,
2026-04-10T11:16:21.801,NC,COFORGE,1219.4,1271.0,1272.0,1215.3,1264.9,2166493,1232.12,1219.4,5,1219.5,145,
2026-04-10T11:16:22.804,NC,COFORGE,1219.4,1271.0,1272.0,1215.3,1264.9,2166597,1232.12,1219.4,6,1219.5,35,
2026-04-10T11:16:23.698,NC,COFORGE,1219.5,1271.0,1272.0,1215.3,1264.9,2166632,1232.12,1219.4,3,1219.6,90,
2026-04-10T11:16:24.813,NC,COFORGE,1219.6,1271.0,1272.0,1215.3,1264.9,2166636,1232.12,1219.4,4,1219.5,5,
2026-04-10T11:16:26.702,NC,COFORGE,1219.4,1271.0,1272.0,1215.3,1264.9,2166669,1232.12,1219.4,4,1219.6,28,
2026-04-10T11:16:27.702,NC,COFORGE,1219.6,1271.0,1272.0,1215.3,1264.9,2166671,1232.12,1219.4,5,1219.6,31,
2026-04-10T11:16:28.701,NC,COFORGE,1219.5,1271.0,1272.0,1215.3,1264.9,2166686,1232.12,1219.4,6,1219.6,17,
2026-04-10T11:16:29.798,NC,COFORGE,1219.6,1271.0,1272.0,1215.3,1264.9,2166701,1232.12,1219.4,4,1219.6,4,
2026-04-10T11:16:30.809,NC,COFORGE,1219.1,1271.0,1272.0,1215.3,1264.9,2166751,1232.12,1219.1,136,1219.6,70,
2026-04-10T11:16:31.704,NC,COFORGE,1219.6,1271.0,1272.0,1215.3,1264.9,2166757,1232.12,1219.1,170,1219.6,224,
2026-04-10T11:16:32.807,NC,COFORGE,1219.6,1271.0,1272.0,1215.3,1264.9,2166957,1232.12,1219.2,1,1219.6,59,
2026-04-10T11:16:33.907,NC,COFORGE,1219.6,1271.0,1272.0,1215.3,1264.9,2166962,1232.12,1219.4,2,1219.6,54,
2026-04-10T11:16:34.908,NC,COFORGE,1219.6,1271.0,1272.0,1215.3,1264.9,2166963,1232.12,1219.4,2,1219.6,53,
2026-04-10T11:16:35.923,NC,COFORGE,1219.6,1271.0,1272.0,1215.3,1264.9,2166997,1232.12,1219.5,8,1219.6,46,
2026-04-10T11:16:36.911,NC,COFORGE,1219.6,1271.0,1272.0,1215.3,1264.9,2166999,1232.12,1219.5,9,1219.6,44,
2026-04-10T11:16:38.027,NC,COFORGE,1219.4,1271.0,1272.0,1215.3,1264.9,2167033,1232.11,1219.4,4,1219.6,67,
2026-04-10T11:16:39.111,NC,COFORGE,1219.2,1271.0,1272.0,1215.3,1264.9,2167068,1232.11,1219.4,6,1219.6,67,
2026-04-10T11:16:41.219,NC,COFORGE,1219.8,1271.0,1272.0,1215.3,1264.9,2167202,1232.11,1219.4,113,1219.8,32,
2026-04-10T11:16:42.327,NC,COFORGE,1219.1,1271.0,1272.0,1215.3,1264.9,2167583,1232.11,1219.1,328,1219.6,36,
2026-04-10T11:16:43.420,NC,COFORGE,1219.6,1271.0,1272.0,1215.3,1264.9,2167659,1232.11,1219.6,31,1219.7,9,
2026-04-10T11:16:44.630,NC,COFORGE,1219.6,1271.0,1272.0,1215.3,1264.9,2167703,1232.11,1219.1,203,1219.6,39,
2026-04-10T11:16:45.721,NC,COFORGE,1219.1,1271.0,1272.0,1215.3,1264.9,2167904,1232.11,1219.1,234,1219.4,337,
2026-04-10T11:16:47.924,NC,COFORGE,1219.1,1271.0,1272.0,1215.3,1264.9,2167925,1232.11,1219.1,186,1219.4,380,
2026-04-10T11:16:48.934,NC,COFORGE,1219.4,1271.0,1272.0,1215.3,1264.9,2168269,1232.11,1219.1,21,1219.4,50,
2026-04-10T11:16:50.029,NC,COFORGE,1219.4,1271.0,1272.0,1215.3,1264.9,2168275,1232.11,1219.1,22,1219.4,74,
2026-04-10T11:16:51.137,NC,COFORGE,1219.1,1271.0,1272.0,1215.3,1264.9,2168279,1232.11,1219.1,23,1219.4,74,
2026-04-10T11:16:52.143,NC,COFORGE,1219.4,1271.0,1272.0,1215.3,1264.9,2168315,1232.11,1219.1,18,1219.4,74,
2026-04-10T11:16:53.145,NC,COFORGE,1219.1,1271.0,1272.0,1215.3,1264.9,2168319,1232.11,1219.1,6,1219.4,73,
2026-04-10T11:16:54.143,NC,COFORGE,1219.4,1271.0,1272.0,1215.3,1264.9,2168350,1232.11,1219.3,3,1219.4,42,
2026-04-10T11:16:55.138,NC,COFORGE,1219.3,1271.0,1272.0,1215.3,1264.9,2168353,1232.11,1219.3,4,1219.4,42,
2026-04-10T11:16:56.193,NC,COFORGE,1219.4,1271.0,1272.0,1215.3,1264.9,2168379,1232.11,1219.3,3,1219.4,19,
2026-04-10T11:16:57.194,NC,COFORGE,1219.3,1271.0,1272.0,1215.3,1264.9,2168384,1232.11,1219.1,1,1219.2,386,
2026-04-10T11:16:58.196,NC,COFORGE,1219.2,1271.0,1272.0,1215.3,1264.9,2168389,1232.11,1219.1,2,1219.2,58,
2026-04-10T11:17:00.402,NC,COFORGE,1219.2,1271.0,1272.0,1215.3,1264.9,2168390,1232.11,1219.1,1,1219.2,92,
2026-04-10T11:17:01.500,NC,COFORGE,1219.2,1271.0,1272.0,1215.3,1264.9,2168396,1232.11,1219.1,5,1219.2,86,
2026-04-10T11:17:02.598,NC,COFORGE,1219.2,1271.0,1272.0,1215.3,1264.9,2168427,1232.11,1219.1,5,1219.2,55,
2026-04-10T11:17:03.600,NC,COFORGE,1219.0,1271.0,1272.0,1215.3,1264.9,2168641,1232.11,1219.0,807,1219.2,41,
2026-04-10T11:17:04.699,NC,COFORGE,1219.0,1271.0,1272.0,1215.3,1264.9,2168644,1232.11,1219.0,804,1219.2,68,
2026-04-10T11:17:05.809,NC,COFORGE,1219.0,1271.0,1272.0,1215.3,1264.9,2168674,1232.11,1219.0,778,1219.2,68,
2026-04-10T11:17:06.906,NC,COFORGE,1219.2,1271.0,1272.0,1215.3,1264.9,2168709,1232.1,1219.0,873,1219.2,45,
2026-04-10T11:17:07.904,NC,COFORGE,1219.0,1271.0,1272.0,1215.3,1264.9,2168759,1232.1,1219.0,835,1219.2,45,
2026-04-10T11:17:09.000,NC,COFORGE,1219.2,1271.0,1272.0,1215.3,1264.9,2168819,1232.1,1219.2,3,1219.3,2129,
2026-04-10T11:17:10.002,NC,COFORGE,1219.3,1271.0,1272.0,1215.3,1264.9,2168826,1232.1,1219.2,3,1219.3,2174,
2026-04-10T11:17:11.003,NC,COFORGE,1219.3,1271.0,1272.0,1215.3,1264.9,2168832,1232.1,1219.2,7,1219.3,2168,
2026-04-10T11:17:12.009,NC,COFORGE,1219.3,1271.0,1272.0,1215.3,1264.9,2168843,1232.1,1219.2,25,1219.3,2157,
2026-04-10T11:17:13.006,NC,COFORGE,1219.2,1271.0,1272.0,1215.3,1264.9,2168874,1232.1,1219.2,2,1219.3,2157,
2026-04-10T11:17:14.024,NC,COFORGE,1219.3,1271.0,1272.0,1215.3,1264.9,2168880,1232.1,1219.2,2,1219.3,2151,
2026-04-10T11:17:15.116,NC,COFORGE,1219.3,1271.0,1272.0,1215.3,1264.9,2168905,1232.1,1219.2,302,1219.3,2126,
2026-04-10T11:17:16.209,NC,COFORGE,1219.3,1271.0,1272.0,1215.3,1264.9,2168970,1232.1,1219.2,301,1219.3,2064,
2026-04-10T11:17:18.410,NC,COFORGE,1219.2,1271.0,1272.0,1215.3,1264.9,2168991,1232.1,1219.2,281,1219.3,2089,
2026-04-10T11:17:19.312,NC,COFORGE,1219.3,1271.0,1272.0,1215.3,1264.9,2169048,1232.1,1219.2,231,1219.3,2082,
2026-04-10T11:17:21.414,NC,COFORGE,1219.3,1271.0,1272.0,1215.3,1264.9,2169159,1232.1,1219.2,239,1219.3,1971,
2026-04-10T11:17:22.514,NC,COFORGE,1219.3,1271.0,1272.0,1215.3,1264.9,2169170,1232.1,1219.2,237,1219.3,1963,
2026-04-10T11:17:23.515,NC,COFORGE,1219.3,1271.0,1272.0,1215.3,1264.9,2169333,1232.1,1219.2,232,1219.3,1800,
2026-04-10T11:17:24.622,NC,COFORGE,1219.3,1271.0,1272.0,1215.3,1264.9,2169347,1232.1,1219.2,229,1219.3,1789,
2026-04-10T11:17:25.718,NC,COFORGE,1219.3,1271.0,1272.0,1215.3,1264.9,2171610,1232.09,1219.3,224,1219.5,138,
2026-04-10T11:17:26.820,NC,COFORGE,1219.5,1271.0,1272.0,1215.3,1264.9,2171649,1232.09,1219.3,195,1219.5,151,
2026-04-10T11:17:27.838,NC,COFORGE,1219.5,1271.0,1272.0,1215.3,1264.9,2171651,1232.09,1219.3,946,1219.5,149,
2026-04-10T11:17:28.831,NC,COFORGE,1219.5,1271.0,1272.0,1215.3,1264.9,2171810,1232.09,1219.6,25,1220.0,1513,
2026-04-10T11:17:29.942,NC,COFORGE,1219.6,1271.0,1272.0,1215.3,1264.9,2171901,1232.09,1219.6,2,1219.9,52,
2026-04-10T11:17:32.148,NC,COFORGE,1220.0,1271.0,1272.0,1215.3,1264.9,2172963,1232.08,1219.6,192,1219.8,24,
2026-04-10T11:17:33.145,NC,COFORGE,1219.8,1271.0,1272.0,1215.3,1264.9,2173041,1232.08,1219.6,85,1219.8,334,
2026-04-10T11:17:34.145,NC,COFORGE,1219.7,1271.0,1272.0,1215.3,1264.9,2173052,1232.08,1219.6,90,1219.8,386,
2026-04-10T11:17:36.147,NC,COFORGE,1219.8,1271.0,1272.0,1215.3,1264.9,2173170,1232.08,1219.6,44,1219.8,62,
2026-04-10T11:17:37.248,NC,COFORGE,1219.8,1271.0,1272.0,1215.3,1264.9,2173188,1232.08,1219.6,18,1219.8,52,
2026-04-10T11:17:38.365,NC,COFORGE,1219.5,1271.0,1272.0,1215.3,1264.9,2173266,1232.08,1219.5,166,1219.8,52,
2026-04-10T11:17:39.459,NC,COFORGE,1220.0,1271.0,1272.0,1215.3,1264.9,2173477,1232.08,1219.7,20,1219.8,11,
2026-04-10T11:17:40.448,NC,COFORGE,1220.0,1271.0,1272.0,1215.3,1264.9,2173561,1232.08,1219.7,23,1220.0,15,
2026-04-10T11:17:41.451,NC,COFORGE,1219.5,1271.0,1272.0,1215.3,1264.9,2173817,1232.08,1219.9,4,1220.0,15,
2026-04-10T11:17:42.466,NC,COFORGE,1219.9,1271.0,1272.0,1215.3,1264.9,2173837,1232.08,1219.9,5,1220.0,224,
2026-04-10T11:17:43.465,NC,COFORGE,1220.0,1271.0,1272.0,1215.3,1264.9,2173838,1232.08,1219.9,5,1220.0,218,
2026-04-10T11:17:45.767,NC,COFORGE,1219.9,1271.0,1272.0,1215.3,1264.9,2173909,1232.07,1219.9,2,1220.0,300,
2026-04-10T11:17:51.577,NC,COFORGE,1219.6,1271.0,1272.0,1215.3,1264.9,2174191,1232.07,1219.5,30,1219.6,21,
2026-04-10T11:17:57.173,NC,COFORGE,1219.5,1271.0,1272.0,1215.3,1264.9,2174838,1232.07,1219.5,6,1219.6,16,
2026-04-10T11:18:02.369,NC,COFORGE,1219.6,1271.0,1272.0,1215.3,1264.9,2175257,1232.07,1219.3,524,1219.6,32,
2026-04-10T11:18:07.773,NC,COFORGE,1219.6,1271.0,1272.0,1215.3,1264.9,2175377,1232.07,1219.3,502,1219.6,302,
2026-04-10T11:18:13.089,NC,COFORGE,1219.6,1271.0,1272.0,1215.3,1264.9,2175929,1232.06,1219.3,56,1219.6,48,
2026-04-10T11:18:18.282,NC,COFORGE,1219.3,1271.0,1272.0,1215.3,1264.9,2176064,1232.06,1219.3,1,1219.5,349,
2026-04-10T11:18:23.191,NC,COFORGE,1219.3,1271.0,1272.0,1215.3,1264.9,2177516,1232.05,1219.3,39,1219.6,864,
2026-04-10T11:18:28.002,NC,COFORGE,1219.3,1271.0,1272.0,1215.3,1264.9,2177651,1232.05,1219.3,43,1219.6,60,
2026-04-10T11:18:33.010,NC,COFORGE,1219.2,1271.0,1272.0,1215.3,1264.9,2177772,1232.05,1219.1,397,1219.2,31,
2026-04-10T11:18:37.905,NC,COFORGE,1219.2,1271.0,1272.0,1215.3,1264.9,2177858,1232.05,1219.1,1306,1219.2,90,
2026-04-10T11:18:42.716,NC,COFORGE,1219.2,1271.0,1272.0,1215.3,1264.9,2178254,1232.05,1219.2,290,1219.6,620,
2026-04-10T11:18:47.714,NC,COFORGE,1219.5,1271.0,1272.0,1215.3,1264.9,2178318,1232.05,1219.4,1,1219.5,8,
2026-04-10T11:18:52.932,NC,COFORGE,1219.5,1271.0,1272.0,1215.3,1264.9,2179218,1232.04,1219.4,4,1219.5,8,
2026-04-10T11:18:58.248,NC,COFORGE,1219.2,1271.0,1272.0,1215.3,1264.9,2181716,1232.03,1219.1,1251,1219.2,704,
2026-04-10T11:19:03.647,NC,COFORGE,1219.3,1271.0,1272.0,1215.3,1264.9,2184506,1232.01,1219.3,2,1219.4,677,
2026-04-10T11:19:08.956,NC,COFORGE,1219.3,1271.0,1272.0,1215.3,1264.9,2184602,1232.01,1219.1,1053,1219.4,1142,
2026-04-10T11:19:14.272,NC,COFORGE,1219.4,1271.0,1272.0,1215.3,1264.9,2184726,1232.01,1219.3,3,1219.4,1009,
2026-04-10T11:19:19.672,NC,COFORGE,1219.3,1271.0,1272.0,1215.3,1264.9,2185233,1232.01,1219.1,661,1219.3,331,
2026-04-10T11:19:24.910,NC,COFORGE,1219.3,1271.0,1272.0,1215.3,1264.9,2185331,1232.01,1219.2,3,1219.3,522,
2026-04-10T11:19:29.705,NC,COFORGE,1219.1,1271.0,1272.0,1215.3,1264.9,2185637,1232.01,1219.1,566,1219.3,689,
2026-04-10T11:19:34.502,NC,COFORGE,1219.3,1271.0,1272.0,1215.3,1264.9,2185845,1232.01,1219.2,40,1219.3,337,
2026-04-10T11:19:39.907,NC,COFORGE,1219.3,1271.0,1272.0,1215.3,1264.9,2185917,1232.0,1219.2,160,1219.3,650,
2026-04-10T11:19:45.111,NC,COFORGE,1219.2,1271.0,1272.0,1215.3,1264.9,2186671,1232.0,1219.1,391,1219.2,295,
2026-04-10T11:19:50.526,NC,COFORGE,1219.0,1271.0,1272.0,1215.3,1264.9,2189788,1231.98,1218.9,12,1219.0,21,
2026-04-10T11:19:55.923,NC,COFORGE,1219.0,1271.0,1272.0,1215.3,1264.9,2190249,1231.98,1218.7,5,1219.0,62,
2026-04-10T11:20:00.937,NC,COFORGE,1218.8,1271.0,1272.0,1215.3,1264.9,2190510,1231.98,1218.9,2,1219.0,95,
2026-04-10T11:20:06.247,NC,COFORGE,1219.0,1271.0,1272.0,1215.3,1264.9,2190551,1231.98,1218.9,7,1219.0,126,
2026-04-10T11:20:11.842,NC,COFORGE,1219.4,1271.0,1272.0,1215.3,1264.9,2193503,1231.96,1219.4,177,1219.6,750,
2026-04-10T11:20:16.850,NC,COFORGE,1219.6,1271.0,1272.0,1215.3,1264.9,2194294,1231.96,1219.5,4,1219.6,22,
2026-04-10T11:20:21.979,NC,COFORGE,1219.6,1271.0,1272.0,1215.3,1264.9,2194318,1231.96,1219.4,55,1219.6,455,
2026-04-10T11:20:27.163,NC,COFORGE,1219.6,1271.0,1272.0,1215.3,1264.9,2194755,1231.95,1219.3,194,1219.6,99,
2026-04-10T11:20:32.269,NC,COFORGE,1219.6,1271.0,1272.0,1215.3,1264.9,2194816,1231.95,1219.3,197,1219.6,188,
2026-04-10T11:20:37.687,NC,COFORGE,1219.6,1271.0,1272.0,1215.3,1264.9,2194857,1231.95,1219.5,36,1219.6,250,
2026-04-10T11:20:42.581,NC,COFORGE,1219.6,1271.0,1272.0,1215.3,1264.9,2194917,1231.95,1219.5,146,1219.6,219,
2026-04-10T11:20:47.387,NC,COFORGE,1219.6,1271.0,1272.0,1215.3,1264.9,2194990,1231.95,1219.5,14,1219.6,175,
2026-04-10T11:20:52.288,NC,COFORGE,1219.5,1271.0,1272.0,1215.3,1264.9,2195101,1231.95,1219.5,27,1219.6,211,
2026-04-10T11:20:57.310,NC,COFORGE,1219.0,1271.0,1272.0,1215.3,1264.9,2197018,1231.94,1218.8,20,1219.1,149,
2026-04-10T11:21:02.402,NC,COFORGE,1218.9,1271.0,1272.0,1215.3,1264.9,2198177,1231.93,1218.5,260,1218.9,340,
2026-04-10T11:21:08.516,NC,COFORGE,1218.6,1271.0,1272.0,1215.3,1264.9,2199177,1231.93,1218.6,55,1218.9,111,
2026-04-10T11:21:08.517,NC,COFORGE,1218.6,1271.0,1272.0,1215.3,1264.9,2199177,1231.93,1218.6,55,1218.9,111,
2026-04-10T11:21:14.715,NC,COFORGE,1218.5,1271.0,1272.0,1215.3,1264.9,2199302,1231.93,1218.5,26,1218.6,105,
2026-04-10T11:21:20.124,NC,COFORGE,1218.5,1271.0,1272.0,1215.3,1264.9,2199699,1231.92,1218.2,147,1218.5,114,
2026-04-10T11:21:25.729,NC,COFORGE,1218.5,1271.0,1272.0,1215.3,1264.9,2200478,1231.92,1218.4,28,1218.5,28,
2026-04-10T11:21:30.961,NC,COFORGE,1218.5,1271.0,1272.0,1215.3,1264.9,2201660,1231.91,1218.2,94,1218.5,2245,
2026-04-10T11:21:36.377,NC,COFORGE,1218.5,1271.0,1272.0,1215.3,1264.9,2202282,1231.91,1218.2,170,1218.5,1795,
2026-04-10T11:21:41.658,NC,COFORGE,1219.3,1271.0,1272.0,1215.3,1264.9,2205121,1231.89,1219.2,24,1219.3,370,
2026-04-10T11:21:46.667,NC,COFORGE,1220.1,1271.0,1272.0,1215.3,1264.9,2206414,1231.88,1220.1,33,1220.5,226,
2026-04-10T11:21:51.782,NC,COFORGE,1220.6,1271.0,1272.0,1215.3,1264.9,2210647,1231.86,1220.6,131,1221.0,84,
2026-04-10T11:21:56.772,NC,COFORGE,1221.0,1271.0,1272.0,1215.3,1264.9,2213055,1231.85,1220.7,196,1221.0,128,
2026-04-10T11:22:01.912,NC,COFORGE,1221.0,1271.0,1272.0,1215.3,1264.9,2213687,1231.85,1220.7,58,1221.0,129,
2026-04-10T11:22:07.200,NC,COFORGE,1220.7,1271.0,1272.0,1215.3,1264.9,2214256,1231.84,1220.7,118,1221.0,52,
2026-04-10T11:22:12.385,NC,COFORGE,1221.0,1271.0,1272.0,1215.3,1264.9,2214397,1231.84,1220.8,5,1221.0,53,
2026-04-10T11:22:17.621,NC,COFORGE,1221.0,1271.0,1272.0,1215.3,1264.9,2214484,1231.84,1220.8,5,1221.0,18,
2026-04-10T11:22:22.836,NC,COFORGE,1221.0,1271.0,1272.0,1215.3,1264.9,2214564,1231.84,1221.0,3,1221.3,11,
2026-04-10T11:22:27.933,NC,COFORGE,1220.8,1271.0,1272.0,1215.3,1264.9,2214644,1231.84,1220.8,937,1221.4,52,
2026-04-10T11:22:32.968,NC,COFORGE,1220.9,1271.0,1272.0,1215.3,1264.9,2214999,1231.84,1220.9,382,1221.5,224,
2026-04-10T11:22:38.140,NC,COFORGE,1221.5,1271.0,1272.0,1215.3,1264.9,2215239,1231.84,1220.9,313,1221.5,94,
2026-04-10T11:22:43.330,NC,COFORGE,1221.0,1271.0,1272.0,1215.3,1264.9,2215371,1231.84,1221.0,293,1221.5,1,
2026-04-10T11:22:44.628,NC,COFORGE,1221.5,1271.0,1272.0,1215.3,1264.9,2215511,1231.84,1221.0,258,1221.5,2,
2026-04-10T11:22:45.636,NC,COFORGE,1221.6,1271.0,1272.0,1215.3,1264.9,2215518,1231.84,1221.0,127,1221.5,53,
2026-04-10T11:22:46.651,NC,COFORGE,1221.0,1271.0,1272.0,1215.3,1264.9,2215612,1231.84,1221.0,6,1221.4,224,
2026-04-10T11:22:47.629,NC,COFORGE,1221.0,1271.0,1272.0,1215.3,1264.9,2215615,1231.84,1221.0,5,1221.4,236,
2026-04-10T11:22:48.632,NC,COFORGE,1221.0,1271.0,1272.0,1215.3,1264.9,2215655,1231.84,1221.0,26,1221.4,187,
2026-04-10T11:22:49.642,NC,COFORGE,1221.0,1271.0,1272.0,1215.3,1264.9,2215665,1231.84,1221.0,19,1221.4,229,
2026-04-10T11:22:50.532,NC,COFORGE,1221.0,1271.0,1272.0,1215.3,1264.9,2215779,1231.84,1221.0,27,1221.4,193,
2026-04-10T11:22:51.541,NC,COFORGE,1221.0,1271.0,1272.0,1215.3,1264.9,2215781,1231.84,1221.0,48,1221.3,9,
2026-04-10T11:22:52.533,NC,COFORGE,1221.0,1271.0,1272.0,1215.3,1264.9,2215836,1231.84,1221.0,5,1221.3,54,
2026-04-10T11:22:53.550,NC,COFORGE,1221.3,1271.0,1272.0,1215.3,1264.9,2215853,1231.84,1221.0,3,1221.3,93,
2026-04-10T11:22:54.538,NC,COFORGE,1221.0,1271.0,1272.0,1215.3,1264.9,2215888,1231.84,1221.0,2,1221.3,92,
2026-04-10T11:22:55.541,NC,COFORGE,1221.3,1271.0,1272.0,1215.3,1264.9,2215889,1231.84,1221.0,2,1221.3,91,
2026-04-10T11:22:56.541,NC,COFORGE,1220.5,1271.0,1272.0,1215.3,1264.9,2216676,1231.83,1220.2,171,1220.5,10,
2026-04-10T11:22:57.560,NC,COFORGE,1220.2,1271.0,1272.0,1215.3,1264.9,2216812,1231.83,1220.2,92,1220.5,40,
2026-04-10T11:22:58.541,NC,COFORGE,1220.2,1271.0,1272.0,1215.3,1264.9,2216822,1231.83,1220.2,63,1220.5,67,
2026-04-10T11:22:59.566,NC,COFORGE,1220.2,1271.0,1272.0,1215.3,1264.9,2216841,1231.83,1220.2,63,1220.5,134,
2026-04-10T11:23:00.445,NC,COFORGE,1220.2,1271.0,1272.0,1215.3,1264.9,2216960,1231.83,1220.2,134,1220.5,86,
2026-04-10T11:23:01.458,NC,COFORGE,1220.2,1271.0,1272.0,1215.3,1264.9,2216979,1231.83,1220.2,407,1220.5,91,
2026-04-10T11:23:02.450,NC,COFORGE,1220.2,1271.0,1272.0,1215.3,1264.9,2216987,1231.83,1220.2,421,1220.5,90,
2026-04-10T11:23:03.450,NC,COFORGE,1220.5,1271.0,1272.0,1215.3,1264.9,2217146,1231.83,1220.2,324,1220.5,84,
2026-04-10T11:23:04.450,NC,COFORGE,1220.5,1271.0,1272.0,1215.3,1264.9,2217393,1231.83,1220.5,131,1220.7,3,
2026-04-10T11:23:05.455,NC,COFORGE,1220.5,1271.0,1272.0,1215.3,1264.9,2217401,1231.83,1220.5,159,1220.7,3,
2026-04-10T11:23:06.462,NC,COFORGE,1220.7,1271.0,1272.0,1215.3,1264.9,2217403,1231.83,1220.5,160,1220.8,322,
2026-04-10T11:23:07.462,NC,COFORGE,1220.5,1271.0,1272.0,1215.3,1264.9,2217464,1231.83,1220.5,147,1220.8,261,
2026-04-10T11:23:08.459,NC,COFORGE,1220.5,1271.0,1272.0,1215.3,1264.9,2217523,1231.83,1220.5,137,1220.8,274,
2026-04-10T11:23:09.466,NC,COFORGE,1220.5,1271.0,1272.0,1215.3,1264.9,2217643,1231.83,1220.5,2,1220.7,245,
2026-04-10T11:23:10.466,NC,COFORGE,1220.2,1271.0,1272.0,1215.3,1264.9,2217700,1231.83,1220.2,222,1220.7,225,
2026-04-10T11:23:11.460,NC,COFORGE,1220.5,1271.0,1272.0,1215.3,1264.9,2217702,1231.83,1220.2,352,1220.5,1,
2026-04-10T11:23:12.361,NC,COFORGE,1220.2,1271.0,1272.0,1215.3,1264.9,2217705,1231.83,1220.2,372,1220.5,5,
2026-04-10T11:23:13.480,NC,COFORGE,1220.2,1271.0,1272.0,1215.3,1264.9,2217711,1231.83,1220.3,205,1220.5,5,
2026-04-10T11:23:14.565,NC,COFORGE,1220.3,1271.0,1272.0,1215.3,1264.9,2217720,1231.83,1220.3,106,1220.5,1,
2026-04-10T11:23:15.569,NC,COFORGE,1220.4,1271.0,1272.0,1215.3,1264.9,2217727,1231.83,1220.3,141,1220.5,1,
2026-04-10T11:23:16.668,NC,COFORGE,1220.5,1271.0,1272.0,1215.3,1264.9,2217729,1231.83,1220.4,40,1220.9,100,
2026-04-10T11:23:17.567,NC,COFORGE,1220.9,1271.0,1272.0,1215.3,1264.9,2217735,1231.83,1220.3,258,1220.9,165,
2026-04-10T11:23:18.575,NC,COFORGE,1220.3,1271.0,1272.0,1215.3,1264.9,2217736,1231.83,1220.3,188,1220.9,166,
2026-04-10T11:23:19.573,NC,COFORGE,1220.3,1271.0,1272.0,1215.3,1264.9,2217744,1231.83,1220.3,187,1220.9,159,
2026-04-10T11:23:20.578,NC,COFORGE,1220.5,1271.0,1272.0,1215.3,1264.9,2217804,1231.83,1220.5,62,1220.9,73,
2026-04-10T11:23:21.590,NC,COFORGE,1220.9,1271.0,1272.0,1215.3,1264.9,2217815,1231.83,1220.5,62,1220.9,70,
2026-04-10T11:23:22.585,NC,COFORGE,1220.9,1271.0,1272.0,1215.3,1264.9,2217827,1231.83,1220.6,1,1220.9,61,
2026-04-10T11:23:23.578,NC,COFORGE,1220.9,1271.0,1272.0,1215.3,1264.9,2217855,1231.83,1220.6,1,1220.9,33,
2026-04-10T11:23:24.575,NC,COFORGE,1220.9,1271.0,1272.0,1215.3,1264.9,2217860,1231.83,1220.5,27,1220.9,32,
2026-04-10T11:23:25.585,NC,COFORGE,1220.9,1271.0,1272.0,1215.3,1264.9,2217878,1231.83,1220.5,26,1220.9,22,
2026-04-10T11:23:26.607,NC,COFORGE,1220.5,1271.0,1272.0,1215.3,1264.9,2217880,1231.83,1220.5,1,1220.9,135,
2026-04-10T11:23:29.589,NC,COFORGE,1220.9,1271.0,1272.0,1215.3,1264.9,2217882,1231.83,1220.6,5,1220.9,171,
2026-04-10T11:23:32.489,NC,COFORGE,1220.6,1271.0,1272.0,1215.3,1264.9,2217890,1231.83,1220.6,5,1220.9,245,
2026-04-10T11:23:33.500,NC,COFORGE,1220.3,1271.0,1272.0,1215.3,1264.9,2217939,1231.83,1220.3,44,1220.8,198,
2026-04-10T11:23:34.500,NC,COFORGE,1220.8,1271.0,1272.0,1215.3,1264.9,2217940,1231.83,1220.3,40,1220.8,156,
2026-04-10T11:23:35.607,NC,COFORGE,1220.3,1271.0,1272.0,1215.3,1264.9,2219060,1231.82,1220.3,27,1220.8,169,
2026-04-10T11:23:36.603,NC,COFORGE,1220.3,1271.0,1272.0,1215.3,1264.9,2219176,1231.82,1220.3,29,1220.8,123,
2026-04-10T11:23:37.701,NC,COFORGE,1220.8,1271.0,1272.0,1215.3,1264.9,2219181,1231.82,1220.3,27,1220.8,126,
2026-04-10T11:23:38.706,NC,COFORGE,1221.0,1271.0,1272.0,1215.3,1264.9,2219690,1231.82,1221.0,309,1221.5,92,
2026-04-10T11:23:39.715,NC,COFORGE,1221.5,1271.0,1272.0,1215.3,1264.9,2219717,1231.82,1221.0,361,1221.5,99,
2026-04-10T11:23:40.709,NC,COFORGE,1221.0,1271.0,1272.0,1215.3,1264.9,2219728,1231.82,1221.1,111,1221.5,134,
2026-04-10T11:23:41.605,NC,COFORGE,1221.5,1271.0,1272.0,1215.3,1264.9,2219769,1231.82,1221.1,167,1221.5,96,
2026-04-10T11:23:42.619,NC,COFORGE,1221.5,1271.0,1272.0,1215.3,1264.9,2219800,1231.82,1221.1,161,1221.5,77,
2026-04-10T11:23:43.620,NC,COFORGE,1222.1,1271.0,1272.0,1215.3,1264.9,2220803,1231.81,1221.2,131,1221.8,46,
2026-04-10T11:23:44.807,NC,COFORGE,1221.2,1271.0,1272.0,1215.3,1264.9,2221010,1231.81,1221.2,211,1221.6,29,
2026-04-10T11:23:45.922,NC,COFORGE,1221.2,1271.0,1272.0,1215.3,1264.9,2221023,1231.81,1221.2,152,1221.6,71,
2026-04-10T11:23:46.924,NC,COFORGE,1221.6,1271.0,1272.0,1215.3,1264.9,2221129,1231.81,1221.3,264,1221.6,1,
2026-04-10T11:23:47.936,NC,COFORGE,1221.7,1271.0,1272.0,1215.3,1264.9,2221151,1231.81,1221.7,3,1221.9,102,
2026-04-10T11:23:48.919,NC,COFORGE,1221.9,1271.0,1272.0,1215.3,1264.9,2221158,1231.81,1221.7,4,1221.9,119,
2026-04-10T11:23:50.012,NC,COFORGE,1221.9,1271.0,1272.0,1215.3,1264.9,2221177,1231.81,1221.7,1,1221.9,112,
2026-04-10T11:23:51.118,NC,COFORGE,1221.7,1271.0,1272.0,1215.3,1264.9,2221178,1231.81,1221.7,4,1221.9,115,
2026-04-10T11:23:52.220,NC,COFORGE,1221.7,1271.0,1272.0,1215.3,1264.9,2221184,1231.81,1221.7,3,1221.9,115,
2026-04-10T11:23:53.323,NC,COFORGE,1221.9,1271.0,1272.0,1215.3,1264.9,2221211,1231.81,1221.6,175,1221.9,48,
2026-04-10T11:23:54.430,NC,COFORGE,1221.6,1271.0,1272.0,1215.3,1264.9,2221214,1231.81,1221.6,173,1221.9,53,
2026-04-10T11:23:55.456,NC,COFORGE,1221.6,1271.0,1272.0,1215.3,1264.9,2221219,1231.81,1221.6,169,1221.9,53,
2026-04-10T11:23:56.431,NC,COFORGE,1221.9,1271.0,1272.0,1215.3,1264.9,2221221,1231.81,1221.6,168,1221.9,52,
2026-04-10T11:23:57.430,NC,COFORGE,1221.6,1271.0,1272.0,1215.3,1264.9,2221283,1231.81,1221.6,159,1221.9,11,
2026-04-10T11:23:58.429,NC,COFORGE,1221.6,1271.0,1272.0,1215.3,1264.9,2221288,1231.81,1221.6,155,1221.9,16,
2026-04-10T11:23:59.337,NC,COFORGE,1221.6,1271.0,1272.0,1215.3,1264.9,2221290,1231.81,1221.6,153,1221.9,16,
2026-04-10T11:24:00.430,NC,COFORGE,1221.5,1271.0,1272.0,1215.3,1264.9,2221467,1231.81,1221.5,58,1221.8,9,
2026-04-10T11:24:01.432,NC,COFORGE,1221.5,1271.0,1272.0,1215.3,1264.9,2221475,1231.81,1221.5,57,1221.8,4,
2026-04-10T11:24:02.432,NC,COFORGE,1222.2,1271.0,1272.0,1215.3,1264.9,2221979,1231.81,1221.5,145,1222.0,94,
2026-04-10T11:24:03.533,NC,COFORGE,1221.5,1271.0,1272.0,1215.3,1264.9,2222498,1231.8,1221.5,89,1221.8,62,
2026-04-10T11:24:04.637,NC,COFORGE,1221.5,1271.0,1272.0,1215.3,1264.9,2222612,1231.8,1221.5,114,1221.8,38,
2026-04-10T11:24:05.638,NC,COFORGE,1221.8,1271.0,1272.0,1215.3,1264.9,2222651,1231.8,1221.5,106,1221.8,91,
2026-04-10T11:24:06.655,NC,COFORGE,1221.8,1271.0,1272.0,1215.3,1264.9,2222832,1231.8,1221.5,49,1221.8,217,
2026-04-10T11:24:07.647,NC,COFORGE,1221.8,1271.0,1272.0,1215.3,1264.9,2222857,1231.8,1221.5,34,1221.8,260,
2026-04-10T11:24:08.644,NC,COFORGE,1221.8,1271.0,1272.0,1215.3,1264.9,2223095,1231.8,1221.5,26,1221.8,115,
2026-04-10T11:24:09.644,NC,COFORGE,1221.5,1271.0,1272.0,1215.3,1264.9,2223232,1231.8,1221.2,121,1221.7,29,
2026-04-10T11:24:10.645,NC,COFORGE,1221.2,1271.0,1272.0,1215.3,1264.9,2223249,1231.8,1221.2,204,1221.7,57,
2026-04-10T11:24:11.646,NC,COFORGE,1221.7,1271.0,1272.0,1215.3,1264.9,2223251,1231.8,1221.2,205,1221.7,56,
2026-04-10T11:24:12.644,NC,COFORGE,1221.2,1271.0,1272.0,1215.3,1264.9,2223261,1231.8,1221.2,114,1221.7,123,
2026-04-10T11:24:13.647,NC,COFORGE,1221.2,1271.0,1272.0,1215.3,1264.9,2223315,1231.8,1221.2,187,1221.7,106,
2026-04-10T11:24:14.649,NC,COFORGE,1221.2,1271.0,1272.0,1215.3,1264.9,2223327,1231.8,1221.2,173,1221.7,139,
2026-04-10T11:24:15.652,NC,COFORGE,1220.6,1271.0,1272.0,1215.3,1264.9,2224189,1231.8,1220.2,429,1220.6,32,
2026-04-10T11:24:16.652,NC,COFORGE,1220.2,1271.0,1272.0,1215.3,1264.9,2224273,1231.8,1220.2,353,1220.6,105,
2026-04-10T11:24:17.551,NC,COFORGE,1220.2,1271.0,1272.0,1215.3,1264.9,2224297,1231.8,1220.2,205,1220.5,9,
2026-04-10T11:24:18.455,NC,COFORGE,1220.2,1271.0,1272.0,1215.3,1264.9,2224310,1231.8,1220.2,203,1220.6,195,
2026-04-10T11:24:19.472,NC,COFORGE,1220.5,1271.0,1272.0,1215.3,1264.9,2224400,1231.79,1220.2,178,1220.6,187,
2026-04-10T11:24:20.460,NC,COFORGE,1220.6,1271.0,1272.0,1215.3,1264.9,2224424,1231.79,1220.2,177,1220.6,168,
2026-04-10T11:24:21.459,NC,COFORGE,1220.2,1271.0,1272.0,1215.3,1264.9,2225552,1231.79,1220.0,2,1220.2,187,
2026-04-10T11:24:22.461,NC,COFORGE,1220.0,1271.0,1272.0,1215.3,1264.9,2225662,1231.79,1219.8,2,1220.0,11,
2026-04-10T11:24:23.555,NC,COFORGE,1220.0,1271.0,1272.0,1215.3,1264.9,2225796,1231.79,1220.0,4,1220.2,53,
2026-04-10T11:24:24.657,NC,COFORGE,1220.0,1271.0,1272.0,1215.3,1264.9,2226003,1231.79,1219.9,192,1220.5,315,
2026-04-10T11:24:25.771,NC,COFORGE,1220.5,1271.0,1272.0,1215.3,1264.9,2226026,1231.79,1220.0,55,1220.5,52,
2026-04-10T11:24:26.779,NC,COFORGE,1220.0,1271.0,1272.0,1215.3,1264.9,2226091,1231.79,1220.0,135,1220.4,20,
2026-04-10T11:24:27.764,NC,COFORGE,1220.5,1271.0,1272.0,1215.3,1264.9,2226120,1231.79,1220.0,128,1220.5,90,
2026-04-10T11:24:28.775,NC,COFORGE,1220.0,1271.0,1272.0,1215.3,1264.9,2226136,1231.79,1220.0,189,1220.5,67,
2026-04-10T11:24:29.770,NC,COFORGE,1220.0,1271.0,1272.0,1215.3,1264.9,2226578,1231.78,1219.9,30,1220.2,4,
2026-04-10T11:24:30.864,NC,COFORGE,1219.9,1271.0,1272.0,1215.3,1264.9,2226587,1231.78,1220.0,400,1220.4,35,
2026-04-10T11:24:31.976,NC,COFORGE,1220.0,1271.0,1272.0,1215.3,1264.9,2226604,1231.78,1220.0,414,1220.4,61,
2026-04-10T11:24:32.978,NC,COFORGE,1220.4,1271.0,1272.0,1215.3,1264.9,2226659,1231.78,1220.0,405,1220.4,101,
2026-04-10T11:24:34.067,NC,COFORGE,1220.0,1271.0,1272.0,1215.3,1264.9,2226676,1231.78,1220.0,396,1220.4,151,
2026-04-10T11:24:35.299,NC,COFORGE,1220.0,1271.0,1272.0,1215.3,1264.9,2226692,1231.78,1220.0,395,1220.4,191,
2026-04-10T11:24:36.271,NC,COFORGE,1220.4,1271.0,1272.0,1215.3,1264.9,2226705,1231.78,1220.0,386,1220.4,305,
2026-04-10T11:24:37.281,NC,COFORGE,1220.4,1271.0,1272.0,1215.3,1264.9,2226711,1231.78,1220.0,384,1220.4,266,
2026-04-10T11:24:38.380,NC,COFORGE,1220.4,1271.0,1272.0,1215.3,1264.9,2226761,1231.78,1220.0,380,1220.4,247,
2026-04-10T11:24:39.376,NC,COFORGE,1220.4,1271.0,1272.0,1215.3,1264.9,2226770,1231.78,1220.0,374,1220.4,245,
2026-04-10T11:24:41.496,NC,COFORGE,1220.0,1271.0,1272.0,1215.3,1264.9,2226776,1231.78,1220.0,467,1220.4,247,
2026-04-10T11:24:42.484,NC,COFORGE,1220.0,1271.0,1272.0,1215.3,1264.9,2227400,1231.78,1219.9,70,1220.4,292,
2026-04-10T11:24:43.477,NC,COFORGE,1220.4,1271.0,1272.0,1215.3,1264.9,2227443,1231.78,1220.0,1,1220.4,339,
2026-04-10T11:24:44.591,NC,COFORGE,1220.0,1271.0,1272.0,1215.3,1264.9,2227449,1231.78,1219.9,3,1220.4,386,
2026-04-10T11:24:45.679,NC,COFORGE,1220.2,1271.0,1272.0,1215.3,1264.9,2227511,1231.78,1219.9,1,1220.2,116,
2026-04-10T11:24:46.692,NC,COFORGE,1220.0,1271.0,1272.0,1215.3,1264.9,2227517,1231.78,1220.0,1,1220.2,151,
2026-04-10T11:24:47.790,NC,COFORGE,1219.9,1271.0,1272.0,1215.3,1264.9,2227525,1231.78,1220.1,101,1220.2,199,
2026-04-10T11:24:50.783,NC,COFORGE,1220.2,1271.0,1272.0,1215.3,1264.9,2227526,1231.78,1220.1,104,1220.2,83,
2026-04-10T11:24:51.787,NC,COFORGE,1220.1,1271.0,1272.0,1215.3,1264.9,2227661,1231.78,1220.0,385,1220.1,1976,
2026-04-10T11:24:52.792,NC,COFORGE,1220.0,1271.0,1272.0,1215.3,1264.9,2227680,1231.78,1220.0,369,1220.1,2044,
2026-04-10T11:24:54.702,NC,COFORGE,1220.1,1271.0,1272.0,1215.3,1264.9,2227720,1231.78,1220.0,385,1220.1,2099,
2026-04-10T11:24:55.689,NC,COFORGE,1220.0,1271.0,1272.0,1215.3,1264.9,2227753,1231.78,1220.0,369,1220.1,2081,
2026-04-10T11:24:56.706,NC,COFORGE,1220.0,1271.0,1272.0,1215.3,1264.9,2227756,1231.78,1220.0,387,1220.1,2080,
2026-04-10T11:24:58.600,NC,COFORGE,1219.0,1271.0,1272.0,1215.3,1264.9,2230260,1231.76,1218.6,225,1219.0,364,
2026-04-10T11:24:59.491,NC,COFORGE,1218.7,1271.0,1272.0,1215.3,1264.9,2237717,1231.72,1218.3,148,1218.9,9,
2026-04-10T11:25:00.526,NC,COFORGE,1219.0,1271.0,1272.0,1215.3,1264.9,2239473,1231.71,1218.8,110,1219.0,52,
2026-04-10T11:25:01.501,NC,COFORGE,1219.0,1271.0,1272.0,1215.3,1264.9,2240775,1231.7,1219.0,193,1219.4,370,
2026-04-10T11:25:02.508,NC,COFORGE,1219.3,1271.0,1272.0,1215.3,1264.9,2241954,1231.69,1218.6,147,1219.2,131,
2026-04-10T11:25:03.603,NC,COFORGE,1218.8,1271.0,1272.0,1215.3,1264.9,2242232,1231.69,1218.6,10,1218.8,24,
2026-04-10T11:25:04.510,NC,COFORGE,1218.8,1271.0,1272.0,1215.3,1264.9,2242255,1231.69,1218.6,13,1218.8,68,
2026-04-10T11:25:05.602,NC,COFORGE,1218.7,1271.0,1272.0,1215.3,1264.9,2242388,1231.69,1218.6,7,1218.7,12,
2026-04-10T11:25:06.606,NC,COFORGE,1218.6,1271.0,1272.0,1215.3,1264.9,2242441,1231.69,1218.6,4,1218.7,32,
2026-04-10T11:25:07.612,NC,COFORGE,1218.5,1271.0,1272.0,1215.3,1264.9,2242467,1231.69,1218.5,492,1218.6,27,
2026-04-10T11:25:08.611,NC,COFORGE,1218.2,1271.0,1272.0,1215.3,1264.9,2243346,1231.69,1217.9,228,1218.2,12,
2026-04-10T11:25:09.519,NC,COFORGE,1218.5,1271.0,1272.0,1215.3,1264.9,2243501,1231.68,1218.5,56,1218.6,4,
2026-04-10T11:25:09.520,NC,COFORGE,1218.5,1271.0,1272.0,1215.3,1264.9,2243501,1231.68,1218.5,56,1218.6,4,
2026-04-10T11:25:10.510,NC,COFORGE,1218.6,1271.0,1272.0,1215.3,1264.9,2243624,1231.68,1218.0,199,1218.6,179,
2026-04-10T11:25:11.517,NC,COFORGE,1218.5,1271.0,1272.0,1215.3,1264.9,2243745,1231.68,1218.1,46,1218.6,235,
2026-04-10T11:25:12.514,NC,COFORGE,1218.6,1271.0,1272.0,1215.3,1264.9,2243848,1231.68,1218.2,1,1218.6,285,
2026-04-10T11:25:13.615,NC,COFORGE,1218.6,1271.0,1272.0,1215.3,1264.9,2244257,1231.68,1218.4,1,1218.5,141,
2026-04-10T11:25:14.618,NC,COFORGE,1218.5,1271.0,1272.0,1215.3,1264.9,2244492,1231.68,1218.3,35,1218.5,42,
2026-04-10T11:25:15.620,NC,COFORGE,1218.2,1271.0,1272.0,1215.3,1264.9,2246721,1231.67,1218.3,180,1218.5,52,
2026-04-10T11:25:16.519,NC,COFORGE,1218.5,1271.0,1272.0,1215.3,1264.9,2247005,1231.66,1218.7,54,1219.1,375,
2026-04-10T11:25:17.619,NC,COFORGE,1219.1,1271.0,1272.0,1215.3,1264.9,2247055,1231.66,1219.0,2,1219.1,417,
2026-04-10T11:25:18.749,NC,COFORGE,1219.1,1271.0,1272.0,1215.3,1264.9,2247632,1231.66,1219.2,24,1219.4,365,
2026-04-10T11:25:19.631,NC,COFORGE,1219.4,1271.0,1272.0,1215.3,1264.9,2247648,1231.66,1219.2,26,1219.4,429,
2026-04-10T11:25:20.525,NC,COFORGE,1219.2,1271.0,1272.0,1215.3,1264.9,2247673,1231.66,1219.2,32,1219.4,429,
2026-04-10T11:25:21.537,NC,COFORGE,1219.0,1271.0,1272.0,1215.3,1264.9,2248022,1231.66,1219.1,246,1219.4,80,
2026-04-10T11:25:23.530,NC,COFORGE,1219.1,1271.0,1272.0,1215.3,1264.9,2248025,1231.66,1219.1,249,1219.4,455,
2026-04-10T11:25:24.534,NC,COFORGE,1219.1,1271.0,1272.0,1215.3,1264.9,2248212,1231.66,1218.8,1,1219.0,674,
2026-04-10T11:25:25.572,NC,COFORGE,1219.0,1271.0,1272.0,1215.3,1264.9,2248219,1231.66,1218.8,3,1219.0,729,
2026-04-10T11:25:27.577,NC,COFORGE,1219.0,1271.0,1272.0,1215.3,1264.9,2248234,1231.66,1218.8,5,1219.0,880,
2026-04-10T11:25:28.546,NC,COFORGE,1218.2,1271.0,1272.0,1215.3,1264.9,2248773,1231.65,1218.4,155,1219.0,774,
2026-04-10T11:25:29.556,NC,COFORGE,1218.9,1271.0,1272.0,1215.3,1264.9,2249148,1231.65,1218.7,100,1219.0,799,
2026-04-10T11:25:30.552,NC,COFORGE,1219.0,1271.0,1272.0,1215.3,1264.9,2250211,1231.65,1218.8,437,1219.1,750,
2026-04-10T11:25:31.551,NC,COFORGE,1219.1,1271.0,1272.0,1215.3,1264.9,2250268,1231.64,1219.0,3,1219.1,949,
2026-04-10T11:25:32.564,NC,COFORGE,1218.9,1271.0,1272.0,1215.3,1264.9,2250283,1231.64,1219.0,2,1219.1,958,
2026-04-10T11:25:33.653,NC,COFORGE,1219.1,1271.0,1272.0,1215.3,1264.9,2250434,1231.64,1219.0,1,1219.1,815,
2026-04-10T11:25:34.553,NC,COFORGE,1219.0,1271.0,1272.0,1215.3,1264.9,2250614,1231.64,1219.0,31,1219.1,1040,
2026-04-10T11:25:35.458,NC,COFORGE,1219.1,1271.0,1272.0,1215.3,1264.9,2250615,1231.64,1219.0,35,1219.1,1083,
2026-04-10T11:25:36.555,NC,COFORGE,1218.8,1271.0,1272.0,1215.3,1264.9,2251078,1231.64,1218.5,202,1218.8,372,
2026-04-10T11:25:39.464,NC,COFORGE,1218.5,1271.0,1272.0,1215.3,1264.9,2251287,1231.64,1218.2,355,1218.5,165,
2026-04-10T11:25:40.563,NC,COFORGE,1218.5,1271.0,1272.0,1215.3,1264.9,2251489,1231.64,1218.2,393,1218.5,246,
2026-04-10T11:25:42.574,NC,COFORGE,1218.5,1271.0,1272.0,1215.3,1264.9,2251510,1231.64,1218.2,497,1218.5,225,
2026-04-10T11:25:43.566,NC,COFORGE,1218.5,1271.0,1272.0,1215.3,1264.9,2253517,1231.63,1218.1,77,1218.5,79,
2026-04-10T11:25:44.572,NC,COFORGE,1218.1,1271.0,1272.0,1215.3,1264.9,2253604,1231.63,1218.1,22,1218.5,79,
2026-04-10T11:25:45.876,NC,COFORGE,1217.9,1271.0,1272.0,1215.3,1264.9,2253985,1231.62,1218.0,10,1218.4,31,
2026-04-10T11:25:46.879,NC,COFORGE,1218.1,1271.0,1272.0,1215.3,1264.9,2254092,1231.62,1218.1,58,1218.4,577,
2026-04-10T11:25:47.894,NC,COFORGE,1218.1,1271.0,1272.0,1215.3,1264.9,2254101,1231.62,1218.1,52,1218.4,734,
2026-04-10T11:25:48.888,NC,COFORGE,1218.4,1271.0,1272.0,1215.3,1264.9,2254102,1231.62,1218.1,52,1218.4,747,
2026-04-10T11:25:49.884,NC,COFORGE,1217.8,1271.0,1272.0,1215.3,1264.9,2254167,1231.62,1217.8,35,1218.4,741,
2026-04-10T11:25:50.895,NC,COFORGE,1217.8,1271.0,1272.0,1215.3,1264.9,2254175,1231.62,1217.8,33,1218.4,768,
2026-04-10T11:25:51.994,NC,COFORGE,1217.8,1271.0,1272.0,1215.3,1264.9,2254195,1231.62,1217.8,43,1218.3,118,
2026-04-10T11:25:52.985,NC,COFORGE,1218.3,1271.0,1272.0,1215.3,1264.9,2254204,1231.62,1217.8,10,1218.3,256,
2026-04-10T11:25:53.984,NC,COFORGE,1218.3,1271.0,1272.0,1215.3,1264.9,2255349,1231.61,1218.1,65,1218.3,21,
2026-04-10T11:25:54.985,NC,COFORGE,1218.4,1271.0,1272.0,1215.3,1264.9,2255591,1231.61,1218.1,29,1218.3,42,
2026-04-10T11:25:55.985,NC,COFORGE,1218.1,1271.0,1272.0,1215.3,1264.9,2255963,1231.61,1218.1,132,1218.3,42,
2026-04-10T11:25:56.996,NC,COFORGE,1218.3,1271.0,1272.0,1215.3,1264.9,2255964,1231.61,1218.1,354,1218.3,41,
2026-04-10T11:25:58.092,NC,COFORGE,1218.4,1271.0,1272.0,1215.3,1264.9,2256157,1231.61,1218.1,173,1218.7,111,
2026-04-10T11:25:58.993,NC,COFORGE,1217.7,1271.0,1272.0,1215.3,1264.9,2256532,1231.61,1217.7,151,1218.1,375,
2026-04-10T11:26:00.002,NC,COFORGE,1217.7,1271.0,1272.0,1215.3,1264.9,2256533,1231.61,1217.7,60,1218.1,436,
2026-04-10T11:26:00.995,NC,COFORGE,1218.1,1271.0,1272.0,1215.3,1264.9,2256832,1231.61,1217.7,62,1218.1,189,
2026-04-10T11:26:02.098,NC,COFORGE,1218.0,1271.0,1272.0,1215.3,1264.9,2257070,1231.6,1217.7,34,1218.0,200,
2026-04-10T11:26:04.096,NC,COFORGE,1217.9,1271.0,1272.0,1215.3,1264.9,2257100,1231.6,1217.8,2,1217.9,6,
2026-04-10T11:26:05.118,NC,COFORGE,1217.9,1271.0,1272.0,1215.3,1264.9,2257102,1231.6,1217.8,4,1217.9,22,
2026-04-10T11:26:06.100,NC,COFORGE,1217.9,1271.0,1272.0,1215.3,1264.9,2257143,1231.6,1217.8,6,1217.9,84,
2026-04-10T11:26:07.103,NC,COFORGE,1217.9,1271.0,1272.0,1215.3,1264.9,2257153,1231.6,1217.8,9,1217.9,87,
2026-04-10T11:26:08.114,NC,COFORGE,1217.9,1271.0,1272.0,1215.3,1264.9,2257157,1231.6,1217.8,7,1217.9,83,
2026-04-10T11:26:09.110,NC,COFORGE,1217.8,1271.0,1272.0,1215.3,1264.9,2257569,1231.6,1217.2,300,1217.8,46,
2026-04-10T11:26:10.109,NC,COFORGE,1217.7,1271.0,1272.0,1215.3,1264.9,2257641,1231.6,1217.7,434,1217.8,52,
2026-04-10T11:26:11.110,NC,COFORGE,1217.8,1271.0,1272.0,1215.3,1264.9,2257788,1231.6,1217.7,395,1217.8,13,
2026-04-10T11:26:12.113,NC,COFORGE,1217.7,1271.0,1272.0,1215.3,1264.9,2257858,1231.6,1217.7,325,1217.8,13,
2026-04-10T11:26:13.133,NC,COFORGE,1217.7,1271.0,1272.0,1215.3,1264.9,2258204,1231.6,1217.7,113,1217.8,9,
2026-04-10T11:26:14.114,NC,COFORGE,1218.3,1271.0,1272.0,1215.3,1264.9,2258247,1231.6,1218.1,1,1218.3,138,
2026-04-10T11:26:15.113,NC,COFORGE,1218.1,1271.0,1272.0,1215.3,1264.9,2258354,1231.6,1218.1,1,1218.3,52,
2026-04-10T11:26:16.119,NC,COFORGE,1218.3,1271.0,1272.0,1215.3,1264.9,2258405,1231.6,1218.1,3,1218.3,5,
2026-04-10T11:26:17.121,NC,COFORGE,1218.1,1271.0,1272.0,1215.3,1264.9,2258413,1231.6,1218.1,2,1218.3,1,
2026-04-10T11:26:18.126,NC,COFORGE,1217.9,1271.0,1272.0,1215.3,1264.9,2258536,1231.6,1217.9,59,1218.3,1,
2026-04-10T11:26:19.126,NC,COFORGE,1218.5,1271.0,1272.0,1215.3,1264.9,2258766,1231.59,1217.9,5,1218.4,93,
2026-04-10T11:26:20.132,NC,COFORGE,1217.7,1271.0,1272.0,1215.3,1264.9,2258823,1231.59,1217.7,267,1218.4,295,
2026-04-10T11:26:21.142,NC,COFORGE,1217.8,1271.0,1272.0,1215.3,1264.9,2258830,1231.59,1217.8,106,1218.3,6,
2026-04-10T11:26:23.135,NC,COFORGE,1218.3,1271.0,1272.0,1215.3,1264.9,2258841,1231.59,1217.9,24,1218.3,184,
2026-04-10T11:26:24.038,NC,COFORGE,1218.1,1271.0,1272.0,1215.3,1264.9,2258877,1231.59,1218.1,1,1218.3,143,
2026-04-10T11:26:25.038,NC,COFORGE,1218.3,1271.0,1272.0,1215.3,1264.9,2258892,1231.59,1218.1,6,1218.3,140,
2026-04-10T11:26:26.043,NC,COFORGE,1218.3,1271.0,1272.0,1215.3,1264.9,2258917,1231.59,1218.1,3,1218.3,171,
2026-04-10T11:26:27.140,NC,COFORGE,1218.1,1271.0,1272.0,1215.3,1264.9,2258928,1231.59,1218.1,5,1218.3,190,
2026-04-10T11:26:28.042,NC,COFORGE,1218.3,1271.0,1272.0,1215.3,1264.9,2258971,1231.59,1218.1,3,1218.3,152,
2026-04-10T11:26:30.046,NC,COFORGE,1218.1,1271.0,1272.0,1215.3,1264.9,2259031,1231.59,1218.0,48,1218.1,2038,
2026-04-10T11:26:31.047,NC,COFORGE,1218.1,1271.0,1272.0,1215.3,1264.9,2259041,1231.59,1218.0,51,1218.1,2103,
2026-04-10T11:26:32.051,NC,COFORGE,1218.0,1271.0,1272.0,1215.3,1264.9,2259149,1231.59,1217.9,18,1218.1,2205,
2026-04-10T11:26:33.049,NC,COFORGE,1217.9,1271.0,1272.0,1215.3,1264.9,2259253,1231.59,1217.9,18,1218.1,2108,
2026-04-10T11:26:34.055,NC,COFORGE,1218.1,1271.0,1272.0,1215.3,1264.9,2259260,1231.59,1218.0,10,1218.1,2129,
2026-04-10T11:26:34.953,NC,COFORGE,1217.6,1271.0,1272.0,1215.3,1264.9,2259799,1231.59,1217.6,105,1218.1,2024,
2026-04-10T11:26:37.153,NC,COFORGE,1218.1,1271.0,1272.0,1215.3,1264.9,2259818,1231.59,1217.6,221,1218.1,2023,
2026-04-10T11:26:38.054,NC,COFORGE,1218.1,1271.0,1272.0,1215.3,1264.9,2259912,1231.59,1217.9,16,1218.1,1949,
2026-04-10T11:26:39.162,NC,COFORGE,1217.9,1271.0,1272.0,1215.3,1264.9,2259967,1231.59,1217.9,1,1218.1,1920,
2026-04-10T11:26:40.207,NC,COFORGE,1217.9,1271.0,1272.0,1215.3,1264.9,2259974,1231.59,1217.7,368,1218.1,1917,
2026-04-10T11:26:42.164,NC,COFORGE,1217.7,1271.0,1272.0,1215.3,1264.9,2260000,1231.59,1217.7,291,1218.1,2088,
2026-04-10T11:26:44.464,NC,COFORGE,1218.0,1271.0,1272.0,1215.3,1264.9,2260006,1231.59,1218.0,95,1218.1,1946,
2026-04-10T11:26:45.466,NC,COFORGE,1218.1,1271.0,1272.0,1215.3,1264.9,2260023,1231.59,1218.0,91,1218.1,1924,
2026-04-10T11:26:46.474,NC,COFORGE,1218.1,1271.0,1272.0,1215.3,1264.9,2260123,1231.59,1218.0,92,1218.1,1825,
2026-04-10T11:26:47.570,NC,COFORGE,1217.6,1271.0,1272.0,1215.3,1264.9,2260597,1231.58,1217.6,95,1217.9,890,
2026-04-10T11:26:48.469,NC,COFORGE,1217.9,1271.0,1272.0,1215.3,1264.9,2260692,1231.58,1217.6,100,1217.9,850,
2026-04-10T11:26:49.573,NC,COFORGE,1217.5,1271.0,1272.0,1215.3,1264.9,2262512,1231.57,1217.2,4,1217.5,27,
2026-04-10T11:26:50.670,NC,COFORGE,1217.5,1271.0,1272.0,1215.3,1264.9,2262726,1231.57,1217.1,476,1217.5,43,
2026-04-10T11:26:51.672,NC,COFORGE,1217.1,1271.0,1272.0,1215.3,1264.9,2263014,1231.57,1217.1,228,1217.5,117,
2026-04-10T11:26:52.676,NC,COFORGE,1217.1,1271.0,1272.0,1215.3,1264.9,2263615,1231.56,1217.1,67,1217.5,106,
2026-04-10T11:26:53.673,NC,COFORGE,1217.5,1271.0,1272.0,1215.3,1264.9,2263689,1231.56,1217.1,67,1217.5,479,
2026-04-10T11:26:54.778,NC,COFORGE,1217.0,1271.0,1272.0,1215.3,1264.9,2264160,1231.56,1217.0,2267,1217.5,634,
2026-04-10T11:26:55.872,NC,COFORGE,1217.1,1271.0,1272.0,1215.3,1264.9,2264229,1231.56,1217.1,4,1217.5,638,
2026-04-10T11:26:56.792,NC,COFORGE,1217.6,1271.0,1272.0,1215.3,1264.9,2265486,1231.55,1217.4,84,1217.6,362,
2026-04-10T11:26:57.879,NC,COFORGE,1217.6,1271.0,1272.0,1215.3,1264.9,2265873,1231.55,1217.4,4,1217.6,362,
2026-04-10T11:26:58.879,NC,COFORGE,1217.6,1271.0,1272.0,1215.3,1264.9,2266240,1231.55,1217.4,77,1217.6,394,
2026-04-10T11:26:59.879,NC,COFORGE,1217.4,1271.0,1272.0,1215.3,1264.9,2266285,1231.55,1217.4,7,1217.5,374,
2026-04-10T11:27:00.887,NC,COFORGE,1217.5,1271.0,1272.0,1215.3,1264.9,2266327,1231.55,1217.4,7,1217.5,374,
2026-04-10T11:27:01.884,NC,COFORGE,1217.4,1271.0,1272.0,1215.3,1264.9,2266360,1231.55,1217.2,5,1217.5,383,
2026-04-10T11:27:03.880,NC,COFORGE,1217.4,1271.0,1272.0,1215.3,1264.9,2266389,1231.55,1217.2,9,1217.4,324,
2026-04-10T11:27:04.881,NC,COFORGE,1217.4,1271.0,1272.0,1215.3,1264.9,2266410,1231.55,1217.2,10,1217.4,382,
2026-04-10T11:27:05.886,NC,COFORGE,1217.4,1271.0,1272.0,1215.3,1264.9,2267009,1231.54,1217.3,38,1217.8,375,
2026-04-10T11:27:06.806,NC,COFORGE,1217.3,1271.0,1272.0,1215.3,1264.9,2267460,1231.54,1217.3,222,1217.8,371,
2026-04-10T11:27:07.901,NC,COFORGE,1217.8,1271.0,1272.0,1215.3,1264.9,2267462,1231.54,1217.3,252,1217.8,388,
2026-04-10T11:27:08.890,NC,COFORGE,1217.4,1271.0,1272.0,1215.3,1264.9,2267869,1231.54,1217.4,54,1217.8,42,
2026-04-10T11:27:09.891,NC,COFORGE,1217.8,1271.0,1272.0,1215.3,1264.9,2267909,1231.54,1217.4,83,1217.8,29,
2026-04-10T11:27:10.898,NC,COFORGE,1217.5,1271.0,1272.0,1215.3,1264.9,2268665,1231.53,1217.3,194,1217.5,274,
2026-04-10T11:27:11.798,NC,COFORGE,1217.5,1271.0,1272.0,1215.3,1264.9,2269079,1231.53,1217.7,147,1218.1,1674,
2026-04-10T11:27:12.799,NC,COFORGE,1218.1,1271.0,1272.0,1215.3,1264.9,2269198,1231.53,1217.7,23,1218.1,1626,
2026-04-10T11:27:13.799,NC,COFORGE,1218.1,1271.0,1272.0,1215.3,1264.9,2269244,1231.53,1217.7,25,1218.1,1581,
2026-04-10T11:27:14.799,NC,COFORGE,1217.7,1271.0,1272.0,1215.3,1264.9,2269369,1231.53,1217.7,26,1218.1,171,
2026-04-10T11:27:15.801,NC,COFORGE,1218.1,1271.0,1272.0,1215.3,1264.9,2269406,1231.53,1217.8,26,1218.1,149,
2026-04-10T11:27:16.802,NC,COFORGE,1218.1,1271.0,1272.0,1215.3,1264.9,2269439,1231.53,1217.8,154,1218.1,134,
2026-04-10T11:27:17.802,NC,COFORGE,1218.1,1271.0,1272.0,1215.3,1264.9,2269590,1231.53,1217.9,197,1218.1,123,
2026-04-10T11:27:18.806,NC,COFORGE,1218.1,1271.0,1272.0,1215.3,1264.9,2269609,1231.53,1217.9,137,1218.1,147,
2026-04-10T11:27:19.820,NC,COFORGE,1217.9,1271.0,1272.0,1215.3,1264.9,2269624,1231.53,1217.9,119,1218.1,147,
2026-04-10T11:27:20.817,NC,COFORGE,1218.1,1271.0,1272.0,1215.3,1264.9,2270138,1231.52,1218.2,235,1218.5,1710,
2026-04-10T11:27:21.808,NC,COFORGE,1218.5,1271.0,1272.0,1215.3,1264.9,2270139,1231.52,1218.2,165,1218.5,1761,
2026-04-10T11:27:22.808,NC,COFORGE,1218.5,1271.0,1272.0,1215.3,1264.9,2270141,1231.52,1218.2,213,1218.5,1811,
2026-04-10T11:27:23.815,NC,COFORGE,1218.5,1271.0,1272.0,1215.3,1264.9,2270173,1231.52,1218.4,9,1218.5,1780,
2026-04-10T11:27:24.822,NC,COFORGE,1218.5,1271.0,1272.0,1215.3,1264.9,2270243,1231.52,1218.2,327,1218.5,1728,
2026-04-10T11:27:25.839,NC,COFORGE,1218.5,1271.0,1272.0,1215.3,1264.9,2270287,1231.52,1218.3,199,1218.5,1728,
2026-04-10T11:27:27.817,NC,COFORGE,1218.5,1271.0,1272.0,1215.3,1264.9,2270394,1231.52,1218.3,31,1218.5,1621,
2026-04-10T11:27:28.824,NC,COFORGE,1218.5,1271.0,1272.0,1215.3,1264.9,2270398,1231.52,1218.3,32,1218.5,1617,
2026-04-10T11:27:29.829,NC,COFORGE,1218.5,1271.0,1272.0,1215.3,1264.9,2270405,1231.52,1218.3,27,1218.5,1616,
2026-04-10T11:27:31.826,NC,COFORGE,1218.5,1271.0,1272.0,1215.3,1264.9,2270417,1231.52,1218.3,28,1218.5,1707,
2026-04-10T11:27:32.738,NC,COFORGE,1218.5,1271.0,1272.0,1215.3,1264.9,2270444,1231.52,1218.3,4,1218.5,1680,
2026-04-10T11:27:34.625,NC,COFORGE,1218.5,1271.0,1272.0,1215.3,1264.9,2270646,1231.52,1218.4,3,1218.5,1478,
2026-04-10T11:27:35.648,NC,COFORGE,1218.5,1271.0,1272.0,1215.3,1264.9,2270655,1231.52,1218.4,6,1218.5,1496,
2026-04-10T11:27:36.727,NC,COFORGE,1218.5,1271.0,1272.0,1215.3,1264.9,2270658,1231.52,1218.4,6,1218.5,1493,
2026-04-10T11:27:37.627,NC,COFORGE,1219.0,1271.0,1272.0,1215.3,1264.9,2272431,1231.51,1218.7,59,1219.0,80,
2026-04-10T11:27:38.628,NC,COFORGE,1219.0,1271.0,1272.0,1215.3,1264.9,2272584,1231.51,1218.7,78,1219.0,67,
2026-04-10T11:27:39.630,NC,COFORGE,1219.0,1271.0,1272.0,1215.3,1264.9,2272588,1231.51,1218.7,267,1219.0,63,
2026-04-10T11:27:40.642,NC,COFORGE,1218.0,1271.0,1272.0,1215.3,1264.9,2275588,1231.49,1218.7,61,1219.0,63,
2026-04-10T11:27:41.635,NC,COFORGE,1218.7,1271.0,1272.0,1215.3,1264.9,2275634,1231.49,1218.7,15,1219.0,115,
2026-04-10T11:27:42.533,NC,COFORGE,1219.0,1271.0,1272.0,1215.3,1264.9,2275734,1231.49,1218.7,46,1219.0,20,
2026-04-10T11:27:44.034,NC,COFORGE,1218.7,1271.0,1272.0,1215.3,1264.9,2276033,1231.49,1218.9,5,1219.0,24,
2026-04-10T11:27:45.137,NC,COFORGE,1218.9,1271.0,1272.0,1215.3,1264.9,2276071,1231.49,1218.9,3,1219.0,52,
2026-04-10T11:27:46.244,NC,COFORGE,1219.0,1271.0,1272.0,1215.3,1264.9,2276081,1231.49,1218.9,5,1219.0,46,
2026-04-10T11:27:47.246,NC,COFORGE,1218.9,1271.0,1272.0,1215.3,1264.9,2276091,1231.49,1218.6,123,1219.0,121,
2026-04-10T11:27:50.451,NC,COFORGE,1219.2,1271.0,1272.0,1215.3,1264.9,2276592,1231.49,1218.9,65,1219.4,549,
2026-04-10T11:27:53.556,NC,COFORGE,1219.4,1271.0,1272.0,1215.3,1264.9,2276678,1231.49,1219.2,2,1219.4,191,
2026-04-10T11:27:54.655,NC,COFORGE,1219.2,1271.0,1272.0,1215.3,1264.9,2276737,1231.49,1218.9,2,1219.2,343,
2026-04-10T11:27:55.755,NC,COFORGE,1219.2,1271.0,1272.0,1215.3,1264.9,2276739,1231.49,1218.9,3,1219.2,380,
2026-04-10T11:27:56.753,NC,COFORGE,1218.9,1271.0,1272.0,1215.3,1264.9,2276980,1231.48,1218.9,4,1219.1,247,
2026-04-10T11:27:57.855,NC,COFORGE,1218.9,1271.0,1272.0,1215.3,1264.9,2276988,1231.48,1218.9,3,1219.1,347,
2026-04-10T11:27:58.961,NC,COFORGE,1218.9,1271.0,1272.0,1215.3,1264.9,2277020,1231.48,1218.9,4,1219.0,148,
2026-04-10T11:28:00.055,NC,COFORGE,1219.0,1271.0,1272.0,1215.3,1264.9,2277077,1231.48,1218.9,2,1219.0,48,
2026-04-10T11:28:01.155,NC,COFORGE,1218.9,1271.0,1272.0,1215.3,1264.9,2277100,1231.48,1218.7,21,1218.9,31,
2026-04-10T11:28:02.068,NC,COFORGE,1218.9,1271.0,1272.0,1215.3,1264.9,2277106,1231.48,1218.7,21,1218.9,77,
2026-04-10T11:28:03.165,NC,COFORGE,1218.3,1271.0,1272.0,1215.3,1264.9,2277256,1231.48,1218.4,442,1218.9,104,
2026-04-10T11:28:05.267,NC,COFORGE,1218.8,1271.0,1272.0,1215.3,1264.9,2277266,1231.48,1218.4,6,1218.8,230,
2026-04-10T11:28:06.266,NC,COFORGE,1218.8,1271.0,1272.0,1215.3,1264.9,2277281,1231.48,1218.4,5,1218.8,360,
2026-04-10T11:28:08.384,NC,COFORGE,1218.8,1271.0,1272.0,1215.3,1264.9,2277401,1231.48,1218.5,51,1218.8,268,
2026-04-10T11:28:09.501,NC,COFORGE,1218.7,1271.0,1272.0,1215.3,1264.9,2277459,1231.48,1218.5,2,1218.7,246,
2026-04-10T11:28:11.668,NC,COFORGE,1218.7,1271.0,1272.0,1215.3,1264.9,2277469,1231.48,1218.5,3,1218.7,340,
2026-04-10T11:28:12.672,NC,COFORGE,1218.7,1271.0,1272.0,1215.3,1264.9,2277484,1231.48,1218.5,2,1218.7,310,
2026-04-10T11:28:13.769,NC,COFORGE,1218.7,1271.0,1272.0,1215.3,1264.9,2277686,1231.48,1218.6,1,1218.7,294,
2026-04-10T11:28:14.883,NC,COFORGE,1218.5,1271.0,1272.0,1215.3,1264.9,2277717,1231.48,1218.5,2,1218.7,275,
2026-04-10T11:28:15.894,NC,COFORGE,1218.6,1271.0,1272.0,1215.3,1264.9,2277734,1231.48,1218.5,4,1218.7,278,
2026-04-10T11:28:16.981,NC,COFORGE,1218.7,1271.0,1272.0,1215.3,1264.9,2277743,1231.48,1218.5,3,1218.7,271,
2026-04-10T11:28:18.992,NC,COFORGE,1218.5,1271.0,1272.0,1215.3,1264.9,2277815,1231.48,1218.2,29,1218.6,210,
2026-04-10T11:28:22.087,NC,COFORGE,1218.5,1271.0,1272.0,1215.3,1264.9,2278029,1231.48,1218.2,83,1218.5,74,
2026-04-10T11:28:23.187,NC,COFORGE,1218.5,1271.0,1272.0,1215.3,1264.9,2278076,1231.48,1218.4,1,1218.5,115,
2026-04-10T11:28:24.288,NC,COFORGE,1218.4,1271.0,1272.0,1215.3,1264.9,2278321,1231.48,1218.4,3,1218.5,24,
2026-04-10T11:28:25.391,NC,COFORGE,1218.5,1271.0,1272.0,1215.3,1264.9,2278346,1231.48,1218.4,4,1218.5,2,
2026-04-10T11:28:26.510,NC,COFORGE,1218.5,1271.0,1272.0,1215.3,1264.9,2278348,1231.48,1218.4,5,1218.5,2,
2026-04-10T11:28:27.411,NC,COFORGE,1218.5,1271.0,1272.0,1215.3,1264.9,2278350,1231.48,1218.6,2,1218.7,896,
2026-04-10T11:28:28.501,NC,COFORGE,1218.7,1271.0,1272.0,1215.3,1264.9,2278355,1231.48,1218.6,3,1218.7,857,
2026-04-10T11:28:29.601,NC,COFORGE,1218.7,1271.0,1272.0,1215.3,1264.9,2278455,1231.48,1218.6,4,1218.7,757,
2026-04-10T11:28:30.593,NC,COFORGE,1218.7,1271.0,1272.0,1215.3,1264.9,2278462,1231.48,1218.6,3,1218.7,750,
2026-04-10T11:28:31.599,NC,COFORGE,1218.6,1271.0,1272.0,1215.3,1264.9,2278463,1231.48,1218.6,3,1218.7,822,
2026-04-10T11:28:32.514,NC,COFORGE,1218.7,1271.0,1272.0,1215.3,1264.9,2278472,1231.48,1218.6,2,1218.7,813,
2026-04-10T11:28:33.519,NC,COFORGE,1218.6,1271.0,1272.0,1215.3,1264.9,2278481,1231.48,1218.6,1,1218.7,805,
2026-04-10T11:28:35.598,NC,COFORGE,1218.7,1271.0,1272.0,1215.3,1264.9,2278507,1231.48,1218.6,4,1218.7,807,
2026-04-10T11:28:36.699,NC,COFORGE,1218.6,1271.0,1272.0,1215.3,1264.9,2278517,1231.48,1218.6,5,1218.7,798,
2026-04-10T11:28:37.598,NC,COFORGE,1218.7,1271.0,1272.0,1215.3,1264.9,2278519,1231.48,1218.6,4,1218.7,797,
2026-04-10T11:28:38.699,NC,COFORGE,1218.7,1271.0,1272.0,1215.3,1264.9,2278549,1231.48,1218.6,2,1218.7,768,
2026-04-10T11:28:39.701,NC,COFORGE,1218.7,1271.0,1272.0,1215.3,1264.9,2278550,1231.48,1218.6,1,1218.7,767,
2026-04-10T11:28:40.811,NC,COFORGE,1218.6,1271.0,1272.0,1215.3,1264.9,2278551,1231.48,1218.6,3,1218.7,767,
2026-04-10T11:28:41.904,NC,COFORGE,1218.7,1271.0,1272.0,1215.3,1264.9,2278703,1231.47,1218.6,18,1218.7,615,
2026-04-10T11:28:42.813,NC,COFORGE,1218.6,1271.0,1272.0,1215.3,1264.9,2278705,1231.47,1218.6,18,1218.7,615,
2026-04-10T11:28:43.807,NC,COFORGE,1218.7,1271.0,1272.0,1215.3,1264.9,2278713,1231.47,1218.6,17,1218.7,607,
2026-04-10T11:28:45.345,NC,COFORGE,1218.7,1271.0,1272.0,1215.3,1264.9,2278745,1231.47,1218.6,16,1218.7,576,
2026-04-10T11:28:50.227,NC,COFORGE,1218.6,1271.0,1272.0,1215.3,1264.9,2278758,1231.47,1218.6,37,1218.7,594,
2026-04-10T11:28:55.231,NC,COFORGE,1218.7,1271.0,1272.0,1215.3,1264.9,2278833,1231.47,1218.6,77,1218.7,522,
2026-04-10T11:29:00.244,NC,COFORGE,1218.6,1271.0,1272.0,1215.3,1264.9,2279165,1231.47,1218.6,50,1218.7,193,
2026-04-10T11:29:05.361,NC,COFORGE,1218.4,1271.0,1272.0,1215.3,1264.9,2280588,1231.46,1218.0,1339,1218.4,232,
2026-04-10T11:29:10.669,NC,COFORGE,1217.3,1271.0,1272.0,1215.3,1264.9,2283708,1231.45,1217.2,6,1217.3,76,
2026-04-10T11:29:15.764,NC,COFORGE,1217.1,1271.0,1272.0,1215.3,1264.9,2283970,1231.44,1217.0,2179,1217.3,133,
2026-04-10T11:29:21.074,NC,COFORGE,1217.1,1271.0,1272.0,1215.3,1264.9,2284323,1231.44,1217.1,5,1217.3,228,
2026-04-10T11:29:26.281,NC,COFORGE,1217.1,1271.0,1272.0,1215.3,1264.9,2284884,1231.44,1217.1,89,1217.3,248,
2026-04-10T11:29:31.491,NC,COFORGE,1217.1,1271.0,1272.0,1215.3,1264.9,2285034,1231.44,1217.1,255,1217.3,398,
2026-04-10T11:29:36.489,NC,COFORGE,1217.3,1271.0,1272.0,1215.3,1264.9,2285170,1231.44,1217.2,3,1217.3,459,
2026-04-10T11:29:41.494,NC,COFORGE,1216.9,1271.0,1272.0,1215.3,1264.9,2288014,1231.42,1216.7,2,1216.9,72,
2026-04-10T11:29:46.200,NC,COFORGE,1216.6,1271.0,1272.0,1215.3,1264.9,2289571,1231.41,1216.4,226,1216.6,350,
2026-04-10T11:29:51.004,NC,COFORGE,1216.4,1271.0,1272.0,1215.3,1264.9,2290547,1231.4,1216.4,3,1216.8,30,
2026-04-10T11:29:56.409,NC,COFORGE,1216.4,1271.0,1272.0,1215.3,1264.9,2291968,1231.39,1216.0,6381,1216.4,22,
2026-04-10T11:30:01.625,NC,COFORGE,1215.7,1271.0,1272.0,1215.3,1264.9,2298737,1231.35,1215.7,8,1216.0,5353,
2026-04-10T11:30:07.412,NC,COFORGE,1216.1,1271.0,1272.0,1215.3,1264.9,2309281,1231.28,1216.2,234,1216.8,48,
2026-04-10T11:30:07.412,NC,COFORGE,1216.1,1271.0,1272.0,1215.3,1264.9,2309281,1231.28,1216.2,234,1216.8,48,
2026-04-10T11:30:13.223,NC,COFORGE,1216.3,1271.0,1272.0,1215.3,1264.9,2309487,1231.28,1216.5,50,1216.8,210,
2026-04-10T11:30:18.841,NC,COFORGE,1216.4,1271.0,1272.0,1215.3,1264.9,2309712,1231.27,1216.4,66,1216.5,20,
2026-04-10T11:30:24.150,NC,COFORGE,1216.5,1271.0,1272.0,1215.3,1264.9,2309960,1231.27,1216.3,23,1216.5,13,
2026-04-10T11:30:29.444,NC,COFORGE,1216.9,1271.0,1272.0,1215.3,1264.9,2310178,1231.27,1216.9,35,1217.4,148,
2026-04-10T11:30:34.350,NC,COFORGE,1216.9,1271.0,1272.0,1215.3,1264.9,2310196,1231.27,1216.9,389,1217.4,624,
2026-04-10T11:30:39.564,NC,COFORGE,1217.4,1271.0,1272.0,1215.3,1264.9,2310254,1231.27,1217.0,426,1217.4,568,
2026-04-10T11:30:44.071,NC,COFORGE,1217.4,1271.0,1272.0,1215.3,1264.9,2310513,1231.27,1217.2,2,1217.4,637,
2026-04-10T11:30:45.068,NC,COFORGE,1217.2,1271.0,1272.0,1215.3,1264.9,2310514,1231.27,1217.2,2,1217.4,645,
2026-04-10T11:30:46.080,NC,COFORGE,1217.4,1271.0,1272.0,1215.3,1264.9,2310568,1231.27,1217.0,460,1217.4,591,
2026-04-10T11:30:47.071,NC,COFORGE,1217.4,1271.0,1272.0,1215.3,1264.9,2310569,1231.27,1217.0,1360,1217.4,593,
2026-04-10T11:30:48.179,NC,COFORGE,1217.0,1271.0,1272.0,1215.3,1264.9,2310781,1231.27,1217.0,1148,1217.4,519,
2026-04-10T11:30:50.377,NC,COFORGE,1217.4,1271.0,1272.0,1215.3,1264.9,2310803,1231.27,1217.0,1153,1217.4,475,
2026-04-10T11:30:51.474,NC,COFORGE,1217.4,1271.0,1272.0,1215.3,1264.9,2311026,1231.27,1217.0,1153,1217.4,255,
2026-04-10T11:30:53.579,NC,COFORGE,1217.4,1271.0,1272.0,1215.3,1264.9,2311056,1231.27,1217.2,2,1217.4,249,
2026-04-10T11:30:54.580,NC,COFORGE,1217.4,1271.0,1272.0,1215.3,1264.9,2311065,1231.27,1217.2,22,1217.4,313,
2026-04-10T11:30:55.579,NC,COFORGE,1217.4,1271.0,1272.0,1215.3,1264.9,2311082,1231.27,1217.1,219,1217.4,297,
2026-04-10T11:30:56.585,NC,COFORGE,1217.4,1271.0,1272.0,1215.3,1264.9,2311088,1231.27,1217.1,146,1217.4,293,
2026-04-10T11:30:57.587,NC,COFORGE,1217.1,1271.0,1272.0,1215.3,1264.9,2311188,1231.26,1217.0,1727,1217.4,223,
2026-04-10T11:31:02.909,NC,COFORGE,1217.4,1271.0,1272.0,1215.3,1264.9,2311198,1231.26,1217.1,30,1217.4,225,
2026-04-10T11:31:03.898,NC,COFORGE,1217.4,1271.0,1272.0,1215.3,1264.9,2311248,1231.26,1217.3,1,1217.4,177,
2026-04-10T11:31:04.893,NC,COFORGE,1217.4,1271.0,1272.0,1215.3,1264.9,2311401,1231.26,1217.1,35,1217.4,201,
2026-04-10T11:31:07.898,NC,COFORGE,1217.4,1271.0,1272.0,1215.3,1264.9,2311556,1231.26,1217.1,3,1217.4,203,
2026-04-10T11:31:08.907,NC,COFORGE,1217.4,1271.0,1272.0,1215.3,1264.9,2311582,1231.26,1217.0,1598,1217.4,180,
2026-04-10T11:31:09.806,NC,COFORGE,1217.4,1271.0,1272.0,1215.3,1264.9,2311777,1231.26,1217.4,5,1217.5,183,
2026-04-10T11:31:10.903,NC,COFORGE,1217.0,1271.0,1272.0,1215.3,1264.9,2311895,1231.26,1217.0,1070,1217.4,89,
2026-04-10T11:31:11.908,NC,COFORGE,1217.4,1271.0,1272.0,1215.3,1264.9,2311901,1231.26,1217.0,1106,1217.5,434,
2026-04-10T11:31:12.915,NC,COFORGE,1217.0,1271.0,1272.0,1215.3,1264.9,2311947,1231.26,1217.0,2093,1217.5,318,
2026-04-10T11:31:15.907,NC,COFORGE,1217.5,1271.0,1272.0,1215.3,1264.9,2312022,1231.26,1217.1,100,1217.5,67,
2026-04-10T11:31:16.813,NC,COFORGE,1217.1,1271.0,1272.0,1215.3,1264.9,2312023,1231.26,1217.1,99,1217.5,67,
2026-04-10T11:31:18.910,NC,COFORGE,1217.5,1271.0,1272.0,1215.3,1264.9,2312293,1231.26,1217.3,36,1217.5,250,
2026-04-10T11:31:23.017,NC,COFORGE,1217.2,1271.0,1272.0,1215.3,1264.9,2312318,1231.26,1217.3,94,1217.5,302,
2026-04-10T11:31:23.919,NC,COFORGE,1217.5,1271.0,1272.0,1215.3,1264.9,2312621,1231.26,1217.5,701,1217.9,11,
2026-04-10T11:31:25.021,NC,COFORGE,1217.5,1271.0,1272.0,1215.3,1264.9,2312636,1231.26,1217.5,687,1217.9,12,
2026-04-10T11:31:27.046,NC,COFORGE,1217.5,1271.0,1272.0,1215.3,1264.9,2312700,1231.26,1217.5,680,1217.9,74,
2026-04-10T11:31:28.935,NC,COFORGE,1217.5,1271.0,1272.0,1215.3,1264.9,2312788,1231.26,1217.5,556,1217.9,145,
2026-04-10T11:31:29.931,NC,COFORGE,1217.9,1271.0,1272.0,1215.3,1264.9,2312798,1231.26,1217.5,556,1217.9,117,
2026-04-10T11:31:32.042,NC,COFORGE,1217.5,1271.0,1272.0,1215.3,1264.9,2313356,1231.25,1217.5,36,1217.6,25,
2026-04-10T11:31:33.139,NC,COFORGE,1217.6,1271.0,1272.0,1215.3,1264.9,2313366,1231.25,1217.5,36,1217.6,67,
2026-04-10T11:31:34.249,NC,COFORGE,1217.5,1271.0,1272.0,1215.3,1264.9,2313382,1231.25,1217.5,25,1217.6,89,
2026-04-10T11:31:36.362,NC,COFORGE,1217.6,1271.0,1272.0,1215.3,1264.9,2313417,1231.25,1217.5,28,1217.6,58,
2026-04-10T11:31:38.359,NC,COFORGE,1217.6,1271.0,1272.0,1215.3,1264.9,2313446,1231.25,1217.5,25,1217.6,38,
2026-04-10T11:31:39.454,NC,COFORGE,1217.8,1271.0,1272.0,1215.3,1264.9,2313646,1231.25,1217.5,25,1217.6,8,
2026-04-10T11:31:41.674,NC,COFORGE,1217.6,1271.0,1272.0,1215.3,1264.9,2313649,1231.25,1217.5,250,1217.6,9,
2026-04-10T11:31:42.761,NC,COFORGE,1217.9,1271.0,1272.0,1215.3,1264.9,2313770,1231.25,1217.5,249,1217.6,12,
2026-04-10T11:31:43.860,NC,COFORGE,1217.6,1271.0,1272.0,1215.3,1264.9,2313779,1231.25,1217.5,248,1217.6,28,
2026-04-10T11:31:47.976,NC,COFORGE,1217.6,1271.0,1272.0,1215.3,1264.9,2313935,1231.25,1217.8,25,1218.0,48,
2026-04-10T11:31:53.080,NC,COFORGE,1218.2,1271.0,1272.0,1215.3,1264.9,2314085,1231.25,1217.8,29,1218.2,192,
2026-04-10T11:31:57.989,NC,COFORGE,1218.2,1271.0,1272.0,1215.3,1264.9,2314408,1231.25,1217.8,25,1218.3,191,
2026-04-10T11:32:03.197,NC,COFORGE,1217.8,1271.0,1272.0,1215.3,1264.9,2314838,1231.24,1217.8,2,1218.1,85,
2026-04-10T11:32:08.407,NC,COFORGE,1218.1,1271.0,1272.0,1215.3,1264.9,2315000,1231.24,1217.8,169,1218.1,18,
2026-04-10T11:32:14.007,NC,COFORGE,1218.4,1271.0,1272.0,1215.3,1264.9,2315106,1231.24,1218.1,1,1218.5,185,
2026-04-10T11:32:19.317,NC,COFORGE,1218.5,1271.0,1272.0,1215.3,1264.9,2316273,1231.24,1218.0,313,1218.5,107,
2026-04-10T11:32:24.119,NC,COFORGE,1218.5,1271.0,1272.0,1215.3,1264.9,2316355,1231.23,1218.4,1,1218.5,106,
2026-04-10T11:32:29.240,NC,COFORGE,1218.5,1271.0,1272.0,1215.3,1264.9,2316418,1231.23,1218.1,137,1218.5,70,
2026-04-10T11:32:34.242,NC,COFORGE,1218.4,1271.0,1272.0,1215.3,1264.9,2317090,1231.23,1218.0,55,1218.4,92,
2026-04-10T11:32:39.545,NC,COFORGE,1218.0,1271.0,1272.0,1215.3,1264.9,2317132,1231.23,1218.0,146,1218.4,84,
2026-04-10T11:32:44.845,NC,COFORGE,1218.6,1271.0,1272.0,1215.3,1264.9,2317232,1231.23,1218.4,2,1218.8,324,
2026-04-10T11:32:49.758,NC,COFORGE,1218.8,1271.0,1272.0,1215.3,1264.9,2317442,1231.23,1218.3,101,1218.4,1,
2026-04-10T11:32:54.468,NC,COFORGE,1218.2,1271.0,1272.0,1215.3,1264.9,2317693,1231.23,1218.2,295,1218.4,1,
2026-04-10T11:32:59.166,NC,COFORGE,1218.7,1271.0,1272.0,1215.3,1264.9,2317696,1231.23,1218.5,2,1218.7,32,
2026-04-10T11:33:04.070,NC,COFORGE,1218.2,1271.0,1272.0,1215.3,1264.9,2318668,1231.22,1218.1,1,1218.3,156,
2026-04-10T11:33:09.076,NC,COFORGE,1218.2,1271.0,1272.0,1215.3,1264.9,2318935,1231.22,1218.3,3,1218.4,29,
2026-04-10T11:33:13.889,NC,COFORGE,1218.6,1271.0,1272.0,1215.3,1264.9,2319442,1231.22,1218.3,1,1218.6,228,
2026-04-10T11:33:18.814,NC,COFORGE,1218.4,1271.0,1272.0,1215.3,1264.9,2319555,1231.22,1218.3,1,1218.4,17,
2026-04-10T11:33:23.706,NC,COFORGE,1218.4,1271.0,1272.0,1215.3,1264.9,2319624,1231.22,1218.2,43,1218.4,11,
2026-04-10T11:33:28.715,NC,COFORGE,1218.4,1271.0,1272.0,1215.3,1264.9,2319649,1231.22,1218.2,46,1218.4,28,
2026-04-10T11:33:33.429,NC,COFORGE,1218.4,1271.0,1272.0,1215.3,1264.9,2319717,1231.22,1218.3,1,1218.4,48,
2026-04-10T11:33:38.025,NC,COFORGE,1219.8,1271.0,1272.0,1215.3,1264.9,2320544,1231.21,1219.2,199,1219.8,15,
2026-04-10T11:33:42.536,NC,COFORGE,1219.5,1271.0,1272.0,1215.3,1264.9,2321037,1231.21,1219.3,57,1219.9,161,
2026-04-10T11:33:43.928,NC,COFORGE,1219.9,1271.0,1272.0,1215.3,1264.9,2321167,1231.21,1219.6,1,1219.9,9,
2026-04-10T11:33:44.925,NC,COFORGE,1219.6,1271.0,1272.0,1215.3,1264.9,2321186,1231.21,1219.4,35,1219.9,271,
2026-04-10T11:33:46.024,NC,COFORGE,1219.8,1271.0,1272.0,1215.3,1264.9,2321195,1231.21,1219.4,27,1219.8,147,
2026-04-10T11:33:47.132,NC,COFORGE,1219.8,1271.0,1272.0,1215.3,1264.9,2321200,1231.21,1219.4,27,1219.8,189,
2026-04-10T11:33:48.227,NC,COFORGE,1219.4,1271.0,1272.0,1215.3,1264.9,2321211,1231.21,1219.4,16,1219.8,296,
2026-04-10T11:33:50.238,NC,COFORGE,1219.4,1271.0,1272.0,1215.3,1264.9,2321352,1231.21,1219.0,284,1219.3,393,
2026-04-10T11:33:51.235,NC,COFORGE,1219.2,1271.0,1272.0,1215.3,1264.9,2321376,1231.21,1219.0,284,1219.2,119,
2026-04-10T11:33:52.331,NC,COFORGE,1218.7,1271.0,1272.0,1215.3,1264.9,2321812,1231.21,1218.7,71,1218.9,285,
2026-04-10T11:33:53.342,NC,COFORGE,1218.9,1271.0,1272.0,1215.3,1264.9,2321984,1231.2,1218.7,64,1218.9,176,
2026-04-10T11:33:54.339,NC,COFORGE,1218.9,1271.0,1272.0,1215.3,1264.9,2322309,1231.2,1218.6,36,1218.9,5,
2026-04-10T11:33:55.342,NC,COFORGE,1218.9,1271.0,1272.0,1215.3,1264.9,2322330,1231.2,1218.6,27,1218.9,85,
2026-04-10T11:33:56.436,NC,COFORGE,1218.5,1271.0,1272.0,1215.3,1264.9,2325057,1231.19,1218.5,8,1218.9,240,
2026-04-10T11:33:57.560,NC,COFORGE,1218.7,1271.0,1272.0,1215.3,1264.9,2325083,1231.19,1218.4,2,1218.7,67,
2026-04-10T11:33:58.639,NC,COFORGE,1218.6,1271.0,1272.0,1215.3,1264.9,2325097,1231.19,1218.2,187,1218.6,136,
2026-04-10T11:33:59.653,NC,COFORGE,1218.2,1271.0,1272.0,1215.3,1264.9,2325110,1231.19,1218.2,124,1218.6,188,
2026-04-10T11:34:00.743,NC,COFORGE,1218.6,1271.0,1272.0,1215.3,1264.9,2325285,1231.19,1218.2,54,1218.6,69,
2026-04-10T11:34:01.757,NC,COFORGE,1218.2,1271.0,1272.0,1215.3,1264.9,2325380,1231.19,1218.2,12,1218.6,67,
2026-04-10T11:34:02.845,NC,COFORGE,1218.6,1271.0,1272.0,1215.3,1264.9,2325398,1231.19,1218.2,12,1218.6,86,
2026-04-10T11:34:03.952,NC,COFORGE,1218.1,1271.0,1272.0,1215.3,1264.9,2325421,1231.19,1218.1,126,1218.6,149,
2026-04-10T11:34:06.157,NC,COFORGE,1218.6,1271.0,1272.0,1215.3,1264.9,2325489,1231.19,1218.1,242,1218.6,166,
2026-04-10T11:34:07.162,NC,COFORGE,1218.1,1271.0,1272.0,1215.3,1264.9,2325503,1231.19,1218.1,290,1218.6,155,
2026-04-10T11:34:09.275,NC,COFORGE,1218.6,1271.0,1272.0,1215.3,1264.9,2325549,1231.19,1218.3,30,1218.6,146,
2026-04-10T11:34:11.362,NC,COFORGE,1218.3,1271.0,1272.0,1215.3,1264.9,2325558,1231.19,1218.3,137,1218.6,81,
2026-04-10T11:34:13.577,NC,COFORGE,1218.5,1271.0,1272.0,1215.3,1264.9,2325576,1231.19,1218.5,1,1218.6,76,
2026-04-10T11:34:14.477,NC,COFORGE,1218.6,1271.0,1272.0,1215.3,1264.9,2325583,1231.19,1218.3,128,1218.6,75,
2026-04-10T11:34:16.659,NC,COFORGE,1218.6,1271.0,1272.0,1215.3,1264.9,2325593,1231.19,1218.3,108,1218.6,65,
2026-04-10T11:34:17.659,NC,COFORGE,1218.6,1271.0,1272.0,1215.3,1264.9,2325598,1231.19,1218.3,198,1218.6,60,
2026-04-10T11:34:22.867,NC,COFORGE,1218.6,1271.0,1272.0,1215.3,1264.9,2325628,1231.19,1218.5,89,1218.6,57,
2026-04-10T11:34:23.973,NC,COFORGE,1218.8,1271.0,1272.0,1215.3,1264.9,2325940,1231.18,1219.0,78,1219.5,100,
2026-04-10T11:34:25.069,NC,COFORGE,1219.0,1271.0,1272.0,1215.3,1264.9,2325948,1231.18,1219.0,70,1219.5,121,
2026-04-10T11:34:26.168,NC,COFORGE,1219.5,1271.0,1272.0,1215.3,1264.9,2325979,1231.18,1219.1,53,1219.5,90,
2026-04-10T11:34:31.574,NC,COFORGE,1219.2,1271.0,1272.0,1215.3,1264.9,2325992,1231.18,1219.2,79,1219.5,90,
2026-04-10T11:34:33.586,NC,COFORGE,1219.4,1271.0,1272.0,1215.3,1264.9,2326147,1231.18,1219.4,1,1219.5,41,
2026-04-10T11:34:35.782,NC,COFORGE,1219.5,1271.0,1272.0,1215.3,1264.9,2326151,1231.18,1219.4,3,1219.5,65,
2026-04-10T11:34:36.804,NC,COFORGE,1219.4,1271.0,1272.0,1215.3,1264.9,2326156,1231.18,1219.4,3,1219.5,65,
2026-04-10T11:34:37.785,NC,COFORGE,1219.4,1271.0,1272.0,1215.3,1264.9,2326164,1231.18,1219.4,8,1219.5,65,
2026-04-10T11:34:38.884,NC,COFORGE,1219.8,1271.0,1272.0,1215.3,1264.9,2326374,1231.18,1219.5,3,1219.8,142,
2026-04-10T11:34:39.884,NC,COFORGE,1219.9,1271.0,1272.0,1215.3,1264.9,2326455,1231.18,1219.6,20,1219.9,15,
2026-04-10T11:34:40.893,NC,COFORGE,1219.5,1271.0,1272.0,1215.3,1264.9,2326464,1231.18,1219.5,100,1219.9,18,
2026-04-10T11:34:41.887,NC,COFORGE,1219.9,1271.0,1272.0,1215.3,1264.9,2326487,1231.18,1219.4,200,1219.9,67,
2026-04-10T11:34:42.992,NC,COFORGE,1220.1,1271.0,1272.0,1215.3,1264.9,2326751,1231.18,1219.5,196,1220.0,69,
2026-04-10T11:34:43.898,NC,COFORGE,1220.0,1271.0,1272.0,1215.3,1264.9,2326804,1231.18,1219.5,215,1220.0,75,
2026-04-10T11:34:44.902,NC,COFORGE,1219.7,1271.0,1272.0,1215.3,1264.9,2335001,1231.14,1219.5,116,1220.0,100,
2026-04-10T11:34:45.997,NC,COFORGE,1219.4,1271.0,1272.0,1215.3,1264.9,2335147,1231.14,1219.3,30,1219.7,31,
2026-04-10T11:34:47.107,NC,COFORGE,1219.2,1271.0,1272.0,1215.3,1264.9,2335281,1231.14,1219.1,84,1219.5,15,
2026-04-10T11:34:48.140,NC,COFORGE,1219.1,1271.0,1272.0,1215.3,1264.9,2335348,1231.14,1219.0,219,1219.5,79,
2026-04-10T11:34:49.232,NC,COFORGE,1219.2,1271.0,1272.0,1215.3,1264.9,2335904,1231.14,1218.9,297,1219.3,67,
2026-04-10T11:34:50.302,NC,COFORGE,1219.7,1271.0,1272.0,1215.3,1264.9,2336309,1231.14,1219.0,75,1219.3,52,
2026-04-10T11:34:51.304,NC,COFORGE,1219.0,1271.0,1272.0,1215.3,1264.9,2336316,1231.14,1219.0,68,1219.3,52,
2026-04-10T11:34:52.319,NC,COFORGE,1219.3,1271.0,1272.0,1215.3,1264.9,2336350,1231.14,1219.0,66,1219.3,47,
2026-04-10T11:34:53.215,NC,COFORGE,1219.3,1271.0,1272.0,1215.3,1264.9,2336384,1231.14,1219.2,10,1219.3,73,
2026-04-10T11:34:54.340,NC,COFORGE,1219.3,1271.0,1272.0,1215.3,1264.9,2336394,1231.14,1219.2,11,1219.3,91,
2026-04-10T11:34:55.320,NC,COFORGE,1219.2,1271.0,1272.0,1215.3,1264.9,2336548,1231.13,1218.8,49,1219.3,122,
2026-04-10T11:34:58.411,NC,COFORGE,1219.3,1271.0,1272.0,1215.3,1264.9,2336749,1231.13,1219.2,2,1219.3,84,
2026-04-10T11:34:59.517,NC,COFORGE,1219.2,1271.0,1272.0,1215.3,1264.9,2336750,1231.13,1219.2,1,1219.3,153,
2026-04-10T11:35:00.618,NC,COFORGE,1219.3,1271.0,1272.0,1215.3,1264.9,2336950,1231.13,1219.2,2,1219.3,5,
2026-04-10T11:35:01.623,NC,COFORGE,1219.0,1271.0,1272.0,1215.3,1264.9,2337002,1231.13,1218.8,274,1219.3,75,
2026-04-10T11:35:02.722,NC,COFORGE,1218.8,1271.0,1272.0,1215.3,1264.9,2337005,1231.13,1218.8,235,1219.3,154,
2026-04-10T11:35:04.923,NC,COFORGE,1218.9,1271.0,1272.0,1215.3,1264.9,2337007,1231.13,1219.2,2,1219.3,155,
2026-04-10T11:35:06.049,NC,COFORGE,1219.0,1271.0,1272.0,1215.3,1264.9,2337537,1231.13,1219.2,5,1219.4,188,
2026-04-10T11:35:07.130,NC,COFORGE,1219.4,1271.0,1272.0,1215.3,1264.9,2337543,1231.13,1219.2,3,1219.4,160,
2026-04-10T11:35:08.225,NC,COFORGE,1219.4,1271.0,1272.0,1215.3,1264.9,2337575,1231.13,1218.9,63,1219.4,153,
2026-04-10T11:35:09.333,NC,COFORGE,1218.8,1271.0,1272.0,1215.3,1264.9,2337585,1231.13,1218.9,30,1219.4,157,
2026-04-10T11:35:10.424,NC,COFORGE,1219.9,1271.0,1272.0,1215.3,1264.9,2339707,1231.12,1219.2,30,1219.6,67,
2026-04-10T11:35:13.626,NC,COFORGE,1219.7,1271.0,1272.0,1215.3,1264.9,2339965,1231.12,1219.4,77,1219.6,52,
2026-04-10T11:35:14.626,NC,COFORGE,1219.6,1271.0,1272.0,1215.3,1264.9,2340055,1231.12,1219.4,87,1219.6,33,
2026-04-10T11:35:15.627,NC,COFORGE,1219.6,1271.0,1272.0,1215.3,1264.9,2340062,1231.12,1219.4,87,1219.6,26,
2026-04-10T11:35:16.629,NC,COFORGE,1219.4,1271.0,1272.0,1215.3,1264.9,2340064,1231.12,1219.4,85,1219.6,26,
2026-04-10T11:35:17.732,NC,COFORGE,1219.4,1271.0,1272.0,1215.3,1264.9,2340067,1231.12,1219.4,82,1219.6,26,
2026-04-10T11:35:19.740,NC,COFORGE,1219.4,1271.0,1272.0,1215.3,1264.9,2340069,1231.12,1219.4,3,1219.6,26,
2026-04-10T11:35:21.834,NC,COFORGE,1219.4,1271.0,1272.0,1215.3,1264.9,2340070,1231.12,1219.4,8,1219.6,26,
2026-04-10T11:35:24.038,NC,COFORGE,1219.6,1271.0,1272.0,1215.3,1264.9,2340101,1231.12,1219.5,2,1219.6,4,
2026-04-10T11:35:25.146,NC,COFORGE,1219.5,1271.0,1272.0,1215.3,1264.9,2340134,1231.12,1219.5,2,1219.8,165,
2026-04-10T11:35:26.140,NC,COFORGE,1219.4,1271.0,1272.0,1215.3,1264.9,2340167,1231.12,1219.1,1055,1219.4,97,
2026-04-10T11:35:28.348,NC,COFORGE,1219.1,1271.0,1272.0,1215.3,1264.9,2340268,1231.12,1219.1,928,1219.4,144,
2026-04-10T11:35:29.439,NC,COFORGE,1219.4,1271.0,1272.0,1215.3,1264.9,2340307,1231.12,1219.1,928,1219.4,111,
2026-04-10T11:35:30.370,NC,COFORGE,1219.4,1271.0,1272.0,1215.3,1264.9,2340311,1231.12,1219.1,926,1219.4,111,
2026-04-10T11:35:31.544,NC,COFORGE,1219.4,1271.0,1272.0,1215.3,1264.9,2340325,1231.12,1219.1,926,1219.4,97,
2026-04-10T11:35:32.442,NC,COFORGE,1219.1,1271.0,1272.0,1215.3,1264.9,2340327,1231.12,1219.1,924,1219.4,228,
2026-04-10T11:35:34.462,NC,COFORGE,1219.3,1271.0,1272.0,1215.3,1264.9,2340329,1231.12,1219.3,1,1219.4,240,
2026-04-10T11:35:35.442,NC,COFORGE,1219.3,1271.0,1272.0,1215.3,1264.9,2340337,1231.12,1219.3,2,1219.4,233,
2026-04-10T11:35:36.544,NC,COFORGE,1219.4,1271.0,1272.0,1215.3,1264.9,2340341,1231.12,1219.3,2,1219.4,229,
2026-04-10T11:35:37.559,NC,COFORGE,1219.4,1271.0,1272.0,1215.3,1264.9,2340446,1231.12,1219.3,3,1219.4,160,
2026-04-10T11:35:38.574,NC,COFORGE,1219.7,1271.0,1272.0,1215.3,1264.9,2340972,1231.11,1219.2,10,1219.4,34,
2026-04-10T11:35:39.577,NC,COFORGE,1219.8,1271.0,1272.0,1215.3,1264.9,2341074,1231.11,1219.2,20,1219.8,124,
2026-04-10T11:35:40.581,NC,COFORGE,1219.2,1271.0,1272.0,1215.3,1264.9,2341086,1231.11,1219.2,10,1219.7,75,
2026-04-10T11:35:42.583,NC,COFORGE,1220.1,1271.0,1272.0,1215.3,1264.9,2341692,1231.11,1219.4,156,1220.0,154,
2026-04-10T11:35:44.500,NC,COFORGE,1219.9,1271.0,1272.0,1215.3,1264.9,2341852,1231.11,1219.4,165,1219.9,52,
2026-04-10T11:35:46.687,NC,COFORGE,1219.9,1271.0,1272.0,1215.3,1264.9,2341865,1231.11,1219.8,15,1219.9,49,
2026-04-10T11:35:47.701,NC,COFORGE,1219.8,1271.0,1272.0,1215.3,1264.9,2341873,1231.11,1219.8,7,1219.9,49,
2026-04-10T11:35:48.794,NC,COFORGE,1219.9,1271.0,1272.0,1215.3,1264.9,2341875,1231.11,1219.8,15,1219.9,47,
2026-04-10T11:35:49.788,NC,COFORGE,1219.8,1271.0,1272.0,1215.3,1264.9,2341881,1231.11,1219.8,9,1219.9,75,
2026-04-10T11:35:50.788,NC,COFORGE,1219.9,1271.0,1272.0,1215.3,1264.9,2341883,1231.11,1219.8,14,1219.9,73,
2026-04-10T11:35:51.790,NC,COFORGE,1219.5,1271.0,1272.0,1215.3,1264.9,2341994,1231.11,1219.5,31,1219.9,54,
2026-04-10T11:35:53.792,NC,COFORGE,1219.5,1271.0,1272.0,1215.3,1264.9,2341999,1231.11,1219.5,26,1219.9,54,
2026-04-10T11:35:54.693,NC,COFORGE,1219.5,1271.0,1272.0,1215.3,1264.9,2342003,1231.11,1219.5,22,1219.9,54,
2026-04-10T11:35:56.793,NC,COFORGE,1219.5,1271.0,1272.0,1215.3,1264.9,2342007,1231.11,1219.4,130,1219.9,101,
2026-04-10T11:35:57.797,NC,COFORGE,1219.4,1271.0,1272.0,1215.3,1264.9,2342148,1231.11,1219.4,89,1219.9,58,
2026-04-10T11:35:58.801,NC,COFORGE,1219.4,1271.0,1272.0,1215.3,1264.9,2342387,1231.11,1219.5,25,1219.7,69,
2026-04-10T11:36:00.806,NC,COFORGE,1219.1,1271.0,1272.0,1215.3,1264.9,2342660,1231.1,1219.1,840,1219.3,73,
2026-04-10T11:36:01.807,NC,COFORGE,1219.1,1271.0,1272.0,1215.3,1264.9,2343436,1231.1,1219.1,833,1219.5,110,
2026-04-10T11:36:02.709,NC,COFORGE,1219.5,1271.0,1272.0,1215.3,1264.9,2343437,1231.1,1219.1,833,1219.5,246,
2026-04-10T11:36:03.716,NC,COFORGE,1219.1,1271.0,1272.0,1215.3,1264.9,2343609,1231.1,1219.1,871,1219.5,61,
2026-04-10T11:36:05.834,NC,COFORGE,1219.0,1271.0,1272.0,1215.3,1264.9,2344597,1231.09,1218.6,65,1219.0,17,
2026-04-10T11:36:07.823,NC,COFORGE,1219.0,1271.0,1272.0,1215.3,1264.9,2344603,1231.09,1218.6,94,1219.0,30,
2026-04-10T11:36:08.745,NC,COFORGE,1219.0,1271.0,1272.0,1215.3,1264.9,2344607,1231.09,1218.6,124,1219.0,26,
2026-04-10T11:36:09.624,NC,COFORGE,1218.6,1271.0,1272.0,1215.3,1264.9,2344610,1231.09,1218.6,27,1219.0,44,
2026-04-10T11:36:10.725,NC,COFORGE,1218.6,1271.0,1272.0,1215.3,1264.9,2344626,1231.09,1218.6,188,1219.0,68,
2026-04-10T11:36:12.727,NC,COFORGE,1218.6,1271.0,1272.0,1215.3,1264.9,2344636,1231.09,1218.6,178,1219.0,72,
2026-04-10T11:36:13.732,NC,COFORGE,1219.0,1271.0,1272.0,1215.3,1264.9,2345086,1231.09,1218.8,1,1219.0,2,
2026-04-10T11:36:14.728,NC,COFORGE,1218.8,1271.0,1272.0,1215.3,1264.9,2345094,1231.09,1218.6,136,1219.0,13,
2026-04-10T11:36:16.749,NC,COFORGE,1218.6,1271.0,1272.0,1215.3,1264.9,2345104,1231.09,1218.6,156,1219.0,20,
2026-04-10T11:36:17.737,NC,COFORGE,1218.6,1271.0,1272.0,1215.3,1264.9,2345114,1231.09,1218.6,172,1219.0,70,
2026-04-10T11:36:18.643,NC,COFORGE,1219.0,1271.0,1272.0,1215.3,1264.9,2345139,1231.09,1218.6,172,1219.0,55,
2026-04-10T11:36:19.733,NC,COFORGE,1218.6,1271.0,1272.0,1215.3,1264.9,2345146,1231.09,1218.6,222,1219.0,55,
2026-04-10T11:36:23.944,NC,COFORGE,1219.0,1271.0,1272.0,1215.3,1264.9,2345189,1231.09,1218.8,1,1219.0,40,
2026-04-10T11:36:26.162,NC,COFORGE,1219.0,1271.0,1272.0,1215.3,1264.9,2345196,1231.09,1218.6,283,1219.0,110,
2026-04-10T11:36:27.145,NC,COFORGE,1218.6,1271.0,1272.0,1215.3,1264.9,2345232,1231.09,1218.6,355,1219.0,140,
2026-04-10T11:36:28.060,NC,COFORGE,1218.6,1271.0,1272.0,1215.3,1264.9,2345259,1231.09,1218.6,348,1219.0,130,
2026-04-10T11:36:29.150,NC,COFORGE,1219.0,1271.0,1272.0,1215.3,1264.9,2345309,1231.09,1218.6,348,1219.0,80,
2026-04-10T11:36:30.155,NC,COFORGE,1219.0,1271.0,1272.0,1215.3,1264.9,2345311,1231.09,1218.6,225,1219.0,78,
2026-04-10T11:36:31.150,NC,COFORGE,1219.0,1271.0,1272.0,1215.3,1264.9,2345361,1231.09,1218.6,280,1219.0,82,
2026-04-10T11:36:33.396,NC,COFORGE,1219.0,1271.0,1272.0,1215.3,1264.9,2345363,1231.09,1218.8,1,1219.0,194,
2026-04-10T11:36:35.357,NC,COFORGE,1219.0,1271.0,1272.0,1215.3,1264.9,2345497,1231.09,1218.6,118,1219.0,147,
2026-04-10T11:36:36.356,NC,COFORGE,1218.6,1271.0,1272.0,1215.3,1264.9,2345554,1231.09,1218.6,150,1219.0,121,
2026-04-10T11:36:38.360,NC,COFORGE,1219.0,1271.0,1272.0,1215.3,1264.9,2345583,1231.09,1218.7,69,1219.0,100,
2026-04-10T11:36:39.358,NC,COFORGE,1219.0,1271.0,1272.0,1215.3,1264.9,2345590,1231.09,1218.7,115,1219.0,93,
2026-04-10T11:36:41.282,NC,COFORGE,1219.0,1271.0,1272.0,1215.3,1264.9,2345591,1231.09,1218.7,126,1219.0,92,
2026-04-10T11:36:43.268,NC,COFORGE,1218.9,1271.0,1272.0,1215.3,1264.9,2345595,1231.09,1218.9,1,1219.0,201,
2026-04-10T11:36:46.482,NC,COFORGE,1219.0,1271.0,1272.0,1215.3,1264.9,2345600,1231.09,1218.9,1,1219.0,229,
2026-04-10T11:36:51.583,NC,COFORGE,1218.9,1271.0,1272.0,1215.3,1264.9,2345601,1231.09,1218.7,76,1219.0,122,
2026-04-10T11:36:56.481,NC,COFORGE,1219.0,1271.0,1272.0,1215.3,1264.9,2345718,1231.09,1218.8,80,1219.0,28,
2026-04-10T11:37:01.184,NC,COFORGE,1219.0,1271.0,1272.0,1215.3,1264.9,2345742,1231.09,1218.9,3,1219.0,41,
2026-04-10T11:37:06.284,NC,COFORGE,1219.0,1271.0,1272.0,1215.3,1264.9,2345905,1231.09,1218.6,230,1219.0,28,
2026-04-10T11:37:11.589,NC,COFORGE,1218.9,1271.0,1272.0,1215.3,1264.9,2345926,1231.09,1218.6,119,1218.9,385,
2026-04-10T11:37:16.697,NC,COFORGE,1219.4,1271.0,1272.0,1215.3,1264.9,2347059,1231.08,1218.6,198,1219.1,800,
2026-04-10T11:37:21.704,NC,COFORGE,1218.6,1271.0,1272.0,1215.3,1264.9,2347399,1231.08,1218.6,35,1219.0,61,
2026-04-10T11:37:26.508,NC,COFORGE,1218.6,1271.0,1272.0,1215.3,1264.9,2347552,1231.08,1218.6,3,1218.9,135,
2026-04-10T11:37:31.409,NC,COFORGE,1218.5,1271.0,1272.0,1215.3,1264.9,2347601,1231.08,1218.5,4,1218.8,179,
2026-04-10T11:37:36.350,NC,COFORGE,1218.8,1271.0,1272.0,1215.3,1264.9,2347611,1231.08,1218.7,3,1218.8,133,
2026-04-10T11:37:41.436,NC,COFORGE,1218.7,1271.0,1272.0,1215.3,1264.9,2348236,1231.08,1218.5,110,1218.8,128,
2026-04-10T11:37:45.932,NC,COFORGE,1218.3,1271.0,1272.0,1215.3,1264.9,2348477,1231.07,1218.3,119,1218.4,9,
2026-04-10T11:37:50.732,NC,COFORGE,1218.3,1271.0,1272.0,1215.3,1264.9,2348809,1231.07,1218.3,13,1218.6,183,
2026-04-10T11:37:55.341,NC,COFORGE,1218.6,1271.0,1272.0,1215.3,1264.9,2348992,1231.07,1218.4,3,1218.6,73,
2026-04-10T11:38:00.244,NC,COFORGE,1218.6,1271.0,1272.0,1215.3,1264.9,2349019,1231.07,1218.4,6,1218.6,120,
2026-04-10T11:38:05.667,NC,COFORGE,1218.6,1271.0,1272.0,1215.3,1264.9,2349079,1231.07,1218.5,3,1218.6,84,
2026-04-10T11:38:10.595,NC,COFORGE,1218.6,1271.0,1272.0,1215.3,1264.9,2349177,1231.07,1218.4,15,1218.6,154,
2026-04-10T11:38:15.579,NC,COFORGE,1218.3,1271.0,1272.0,1215.3,1264.9,2349336,1231.07,1218.3,887,1218.5,66,
2026-04-10T11:38:20.597,NC,COFORGE,1218.3,1271.0,1272.0,1215.3,1264.9,2349925,1231.07,1218.3,385,1218.5,53,
2026-04-10T11:38:25.895,NC,COFORGE,1218.5,1271.0,1272.0,1215.3,1264.9,2350216,1231.07,1218.3,368,1218.5,69,
2026-04-10T11:38:30.795,NC,COFORGE,1218.5,1271.0,1272.0,1215.3,1264.9,2350230,1231.07,1218.3,602,1218.5,95,
2026-04-10T11:38:35.805,NC,COFORGE,1218.5,1271.0,1272.0,1215.3,1264.9,2350981,1231.06,1218.3,593,1218.5,18,
2026-04-10T11:38:40.715,NC,COFORGE,1218.6,1271.0,1272.0,1215.3,1264.9,2351246,1231.06,1218.3,593,1218.6,540,
2026-04-10T11:38:45.625,NC,COFORGE,1218.4,1271.0,1272.0,1215.3,1264.9,2352813,1231.05,1218.4,221,1218.6,27,
2026-04-10T11:38:50.519,NC,COFORGE,1218.4,1271.0,1272.0,1215.3,1264.9,2352843,1231.05,1218.4,16,1218.5,100,
2026-04-10T11:38:55.241,NC,COFORGE,1218.0,1271.0,1272.0,1215.3,1264.9,2353908,1231.05,1218.0,193,1218.5,102,
2026-04-10T11:38:59.850,NC,COFORGE,1218.0,1271.0,1272.0,1215.3,1264.9,2354528,1231.04,1218.0,245,1218.5,57,
2026-04-10T11:39:04.653,NC,COFORGE,1218.3,1271.0,1272.0,1215.3,1264.9,2355002,1231.04,1218.3,1,1218.5,172,
2026-04-10T11:39:09.878,NC,COFORGE,1217.6,1271.0,1272.0,1215.3,1264.9,2356026,1231.03,1218.0,1,1218.4,9,
2026-04-10T11:39:14.766,NC,COFORGE,1217.9,1271.0,1272.0,1215.3,1264.9,2356070,1231.03,1217.9,35,1218.3,119,
2026-04-10T11:39:19.691,NC,COFORGE,1218.3,1271.0,1272.0,1215.3,1264.9,2356189,1231.03,1218.1,53,1218.3,94,
2026-04-10T11:39:25.197,NC,COFORGE,1218.3,1271.0,1272.0,1215.3,1264.9,2356354,1231.03,1218.0,282,1218.3,70,
2026-04-10T11:39:30.404,NC,COFORGE,1218.3,1271.0,1272.0,1215.3,1264.9,2356635,1231.03,1218.3,50,1218.5,364,
2026-04-10T11:39:35.909,NC,COFORGE,1218.3,1271.0,1272.0,1215.3,1264.9,2356926,1231.03,1218.0,431,1218.2,85,
2026-04-10T11:39:41.111,NC,COFORGE,1218.3,1271.0,1272.0,1215.3,1264.9,2361946,1231.0,1218.3,246,1218.5,92,
2026-04-10T11:39:44.513,NC,COFORGE,1218.3,1271.0,1272.0,1215.3,1264.9,2362326,1231.0,1217.7,68,1218.3,115,
2026-04-10T11:39:45.514,NC,COFORGE,1218.2,1271.0,1272.0,1215.3,1264.9,2362414,1231.0,1217.6,461,1218.2,477,
2026-04-10T11:39:46.629,NC,COFORGE,1217.6,1271.0,1272.0,1215.3,1264.9,2362791,1231.0,1217.6,84,1218.1,89,
2026-04-10T11:39:47.826,NC,COFORGE,1217.6,1271.0,1272.0,1215.3,1264.9,2363005,1231.0,1217.6,86,1218.2,195,
2026-04-10T11:39:48.724,NC,COFORGE,1217.6,1271.0,1272.0,1215.3,1264.9,2363014,1231.0,1217.6,75,1218.2,232,
2026-04-10T11:39:49.729,NC,COFORGE,1218.2,1271.0,1272.0,1215.3,1264.9,2363060,1230.99,1217.6,183,1218.2,120,
2026-04-10T11:39:50.822,NC,COFORGE,1217.6,1271.0,1272.0,1215.3,1264.9,2363105,1230.99,1217.6,232,1218.2,108,
2026-04-10T11:39:52.035,NC,COFORGE,1218.2,1271.0,1272.0,1215.3,1264.9,2363122,1230.99,1217.6,256,1218.2,96,
2026-04-10T11:39:53.027,NC,COFORGE,1217.6,1271.0,1272.0,1215.3,1264.9,2363146,1230.99,1217.7,249,1218.2,96,
2026-04-10T11:39:54.066,NC,COFORGE,1218.2,1271.0,1272.0,1215.3,1264.9,2363178,1230.99,1218.0,1,1218.2,55,
2026-04-10T11:39:55.130,NC,COFORGE,1217.8,1271.0,1272.0,1215.3,1264.9,2363196,1230.99,1217.8,73,1218.2,55,
2026-04-10T11:40:01.537,NC,COFORGE,1217.8,1271.0,1272.0,1215.3,1264.9,2363198,1230.99,1217.8,265,1218.2,63,
2026-04-10T11:40:05.242,NC,COFORGE,1218.2,1271.0,1272.0,1215.3,1264.9,2363215,1230.99,1218.0,3,1218.2,102,
2026-04-10T11:40:08.240,NC,COFORGE,1217.8,1271.0,1272.0,1215.3,1264.9,2363310,1230.99,1217.8,108,1218.2,62,
2026-04-10T11:40:09.248,NC,COFORGE,1218.2,1271.0,1272.0,1215.3,1264.9,2363313,1230.99,1217.8,264,1218.2,59,
2026-04-10T11:40:10.250,NC,COFORGE,1218.2,1271.0,1272.0,1215.3,1264.9,2363325,1230.99,1217.9,1,1218.2,99,
2026-04-10T11:40:11.254,NC,COFORGE,1217.8,1271.0,1272.0,1215.3,1264.9,2363390,1230.99,1217.8,212,1218.2,94,
2026-04-10T11:40:12.356,NC,COFORGE,1218.2,1271.0,1272.0,1215.3,1264.9,2363396,1230.99,1217.8,172,1218.2,88,
2026-04-10T11:40:14.559,NC,COFORGE,1218.2,1271.0,1272.0,1215.3,1264.9,2363397,1230.99,1218.0,1,1218.2,99,
2026-04-10T11:40:15.662,NC,COFORGE,1218.2,1271.0,1272.0,1215.3,1264.9,2363404,1230.99,1217.8,119,1218.0,1,
2026-04-10T11:40:16.781,NC,COFORGE,1218.2,1271.0,1272.0,1215.3,1264.9,2363407,1230.99,1217.8,293,1218.2,38,
2026-04-10T11:40:21.878,NC,COFORGE,1218.2,1271.0,1272.0,1215.3,1264.9,2363410,1230.99,1217.9,1,1218.2,99,
2026-04-10T11:40:22.887,NC,COFORGE,1217.8,1271.0,1272.0,1215.3,1264.9,2363710,1230.99,1217.8,102,1218.2,99,
2026-04-10T11:40:24.000,NC,COFORGE,1217.8,1271.0,1272.0,1215.3,1264.9,2363770,1230.99,1217.8,69,1218.2,95,
2026-04-10T11:40:25.087,NC,COFORGE,1218.2,1271.0,1272.0,1215.3,1264.9,2363782,1230.99,1217.8,123,1218.2,89,
2026-04-10T11:40:26.183,NC,COFORGE,1217.7,1271.0,1272.0,1215.3,1264.9,2364351,1230.99,1217.7,530,1218.2,89,
2026-04-10T11:40:27.287,NC,COFORGE,1218.2,1271.0,1272.0,1215.3,1264.9,2364419,1230.99,1217.7,441,1218.2,88,
2026-04-10T11:40:28.383,NC,COFORGE,1218.2,1271.0,1272.0,1215.3,1264.9,2364428,1230.99,1217.9,94,1218.2,79,
2026-04-10T11:40:29.503,NC,COFORGE,1217.8,1271.0,1272.0,1215.3,1264.9,2364447,1230.99,1217.8,232,1218.2,104,
2026-04-10T11:40:30.604,NC,COFORGE,1218.2,1271.0,1272.0,1215.3,1264.9,2364452,1230.99,1217.8,233,1218.2,99,
2026-04-10T11:40:32.585,NC,COFORGE,1217.8,1271.0,1272.0,1215.3,1264.9,2364453,1230.99,1217.8,197,1218.2,203,
2026-04-10T11:40:33.790,NC,COFORGE,1218.0,1271.0,1272.0,1215.3,1264.9,2364455,1230.99,1218.0,1,1218.2,255,
2026-04-10T11:40:34.888,NC,COFORGE,1218.2,1271.0,1272.0,1215.3,1264.9,2364460,1230.99,1218.0,1,1218.2,251,
2026-04-10T11:40:36.018,NC,COFORGE,1218.2,1271.0,1272.0,1215.3,1264.9,2364467,1230.99,1218.0,3,1218.2,271,
2026-04-10T11:40:37.998,NC,COFORGE,1218.2,1271.0,1272.0,1215.3,1264.9,2364477,1230.99,1218.0,3,1218.2,261,
2026-04-10T11:40:39.001,NC,COFORGE,1218.2,1271.0,1272.0,1215.3,1264.9,2364719,1230.99,1217.8,355,1218.2,131,
2026-04-10T11:40:41.008,NC,COFORGE,1218.5,1271.0,1272.0,1215.3,1264.9,2365043,1230.98,1218.2,163,1218.5,1021,
2026-04-10T11:40:44.921,NC,COFORGE,1218.3,1271.0,1272.0,1215.3,1264.9,2365143,1230.98,1218.3,136,1218.5,1078,
2026-04-10T11:40:49.746,NC,COFORGE,1218.5,1271.0,1272.0,1215.3,1264.9,2365196,1230.98,1218.0,238,1218.5,1025,
2026-04-10T11:40:55.129,NC,COFORGE,1218.5,1271.0,1272.0,1215.3,1264.9,2365438,1230.98,1218.2,114,1218.5,870,
2026-04-10T11:40:59.746,NC,COFORGE,1218.2,1271.0,1272.0,1215.3,1264.9,2365648,1230.98,1218.0,143,1218.2,1271,
2026-04-10T11:41:04.542,NC,COFORGE,1218.2,1271.0,1272.0,1215.3,1264.9,2366960,1230.97,1218.2,337,1218.5,1285,
2026-04-10T11:41:09.744,NC,COFORGE,1218.5,1271.0,1272.0,1215.3,1264.9,2367059,1230.97,1218.2,255,1218.5,1333,
2026-04-10T11:41:14.755,NC,COFORGE,1218.8,1271.0,1272.0,1215.3,1264.9,2368623,1230.96,1218.9,1,1219.0,10,
2026-04-10T11:41:19.754,NC,COFORGE,1219.5,1271.0,1272.0,1215.3,1264.9,2368754,1230.96,1218.9,267,1219.5,83,
2026-04-10T11:41:24.459,NC,COFORGE,1219.5,1271.0,1272.0,1215.3,1264.9,2368906,1230.96,1219.3,2,1219.5,13,
2026-04-10T11:41:28.865,NC,COFORGE,1219.3,1271.0,1272.0,1215.3,1264.9,2369926,1230.96,1219.0,267,1219.6,87,
2026-04-10T11:41:33.579,NC,COFORGE,1219.6,1271.0,1272.0,1215.3,1264.9,2369980,1230.96,1219.5,1,1219.6,89,
2026-04-10T11:41:38.381,NC,COFORGE,1219.6,1271.0,1272.0,1215.3,1264.9,2370818,1230.95,1219.3,26,1219.6,38,
2026-04-10T11:41:42.891,NC,COFORGE,1219.5,1271.0,1272.0,1215.3,1264.9,2371156,1230.95,1219.5,6,1219.9,296,
2026-04-10T11:41:47.478,NC,COFORGE,1219.6,1271.0,1272.0,1215.3,1264.9,2371178,1230.95,1219.3,16,1219.5,6,
2026-04-10T11:41:52.187,NC,COFORGE,1219.5,1271.0,1272.0,1215.3,1264.9,2371331,1230.95,1219.0,288,1219.5,84,
2026-04-10T11:41:56.910,NC,COFORGE,1218.8,1271.0,1272.0,1215.3,1264.9,2372390,1230.95,1218.7,45,1218.9,203,
2026-04-10T11:42:02.007,NC,COFORGE,1218.9,1271.0,1272.0,1215.3,1264.9,2372884,1230.94,1218.8,114,1219.0,237,
2026-04-10T11:42:06.830,NC,COFORGE,1219.0,1271.0,1272.0,1215.3,1264.9,2373088,1230.94,1218.9,3,1219.0,173,
2026-04-10T11:42:11.721,NC,COFORGE,1219.1,1271.0,1272.0,1215.3,1264.9,2373366,1230.94,1219.1,23,1219.4,200,
2026-04-10T11:42:16.644,NC,COFORGE,1219.0,1271.0,1272.0,1215.3,1264.9,2373387,1230.94,1218.8,150,1219.0,6,
2026-04-10T11:42:21.853,NC,COFORGE,1219.0,1271.0,1272.0,1215.3,1264.9,2373396,1230.94,1218.8,154,1219.0,15,
2026-04-10T11:42:26.563,NC,COFORGE,1219.4,1271.0,1272.0,1215.3,1264.9,2373542,1230.94,1219.0,13,1219.4,83,
2026-04-10T11:42:31.766,NC,COFORGE,1219.0,1271.0,1272.0,1215.3,1264.9,2373800,1230.94,1218.8,55,1219.0,49,
2026-04-10T11:42:37.076,NC,COFORGE,1219.0,1271.0,1272.0,1215.3,1264.9,2373878,1230.94,1219.0,37,1219.4,229,
2026-04-10T11:42:42.180,NC,COFORGE,1220.0,1271.0,1272.0,1215.3,1264.9,2374341,1230.94,1219.6,70,1220.0,702,
2026-04-10T11:42:47.404,NC,COFORGE,1219.5,1271.0,1272.0,1215.3,1264.9,2374524,1230.94,1219.6,1,1219.9,8,
2026-04-10T11:42:52.709,NC,COFORGE,1220.0,1271.0,1272.0,1215.3,1264.9,2374780,1230.93,1219.9,2,1220.0,476,
2026-04-10T11:42:57.430,NC,COFORGE,1219.9,1271.0,1272.0,1215.3,1264.9,2374860,1230.93,1219.7,30,1220.0,451,
2026-04-10T11:43:02.551,NC,COFORGE,1219.4,1271.0,1272.0,1215.3,1264.9,2374951,1230.93,1219.4,6,1219.7,174,
2026-04-10T11:43:07.539,NC,COFORGE,1219.5,1271.0,1272.0,1215.3,1264.9,2375002,1230.93,1219.2,41,1219.4,1,
2026-04-10T11:43:12.646,NC,COFORGE,1219.2,1271.0,1272.0,1215.3,1264.9,2375096,1230.93,1219.2,30,1219.4,202,
2026-04-10T11:43:17.743,NC,COFORGE,1218.6,1271.0,1272.0,1215.3,1264.9,2376626,1230.93,1219.0,25,1219.3,66,
2026-04-10T11:43:22.656,NC,COFORGE,1218.7,1271.0,1272.0,1215.3,1264.9,2376764,1230.92,1218.3,247,1218.7,71,
2026-04-10T11:43:27.657,NC,COFORGE,1218.4,1271.0,1272.0,1215.3,1264.9,2376969,1230.92,1218.3,7,1218.7,109,
2026-04-10T11:43:32.956,NC,COFORGE,1218.7,1271.0,1272.0,1215.3,1264.9,2377105,1230.92,1218.3,204,1218.7,136,
2026-04-10T11:43:37.992,NC,COFORGE,1218.5,1271.0,1272.0,1215.3,1264.9,2377126,1230.92,1218.5,1,1218.7,137,
2026-04-10T11:43:43.199,NC,COFORGE,1219.0,1271.0,1272.0,1215.3,1264.9,2377797,1230.92,1218.6,1,1219.0,136,
2026-04-10T11:43:48.474,NC,COFORGE,1218.7,1271.0,1272.0,1215.3,1264.9,2377814,1230.92,1218.7,26,1218.9,8,
2026-04-10T11:43:53.676,NC,COFORGE,1218.9,1271.0,1272.0,1215.3,1264.9,2377902,1230.92,1218.9,1,1219.0,106,
2026-04-10T11:43:58.580,NC,COFORGE,1219.0,1271.0,1272.0,1215.3,1264.9,2377941,1230.92,1218.7,13,1218.9,295,
2026-04-10T11:44:03.294,NC,COFORGE,1218.5,1271.0,1272.0,1215.3,1264.9,2378207,1230.92,1218.5,105,1218.9,230,
2026-04-10T11:44:08.293,NC,COFORGE,1218.8,1271.0,1272.0,1215.3,1264.9,2378416,1230.92,1218.4,76,1218.8,117,
2026-04-10T11:44:13.295,NC,COFORGE,1218.8,1271.0,1272.0,1215.3,1264.9,2378439,1230.92,1218.7,1,1218.8,68,
2026-04-10T11:44:18.296,NC,COFORGE,1218.8,1271.0,1272.0,1215.3,1264.9,2378689,1230.91,1218.5,797,1218.8,27,
2026-04-10T11:44:23.502,NC,COFORGE,1218.8,1271.0,1272.0,1215.3,1264.9,2378746,1230.91,1218.7,1,1218.8,38,
2026-04-10T11:44:28.711,NC,COFORGE,1218.8,1271.0,1272.0,1215.3,1264.9,2378773,1230.91,1218.5,700,1218.8,35,
2026-04-10T11:44:33.926,NC,COFORGE,1218.8,1271.0,1272.0,1215.3,1264.9,2378849,1230.91,1218.7,1,1218.8,69,
2026-04-10T11:44:39.038,NC,COFORGE,1218.6,1271.0,1272.0,1215.3,1264.9,2379813,1230.91,1218.3,300,1218.6,144,
2026-04-10T11:44:43.831,NC,COFORGE,1218.5,1271.0,1272.0,1215.3,1264.9,2379835,1230.91,1218.5,2,1218.6,259,
2026-04-10T11:44:48.632,NC,COFORGE,1218.6,1271.0,1272.0,1215.3,1264.9,2379850,1230.91,1218.3,282,1218.6,298,
2026-04-10T11:44:53.350,NC,COFORGE,1218.6,1271.0,1272.0,1215.3,1264.9,2379891,1230.91,1218.5,1,1218.6,98,
2026-04-10T11:44:58.052,NC,COFORGE,1218.3,1271.0,1272.0,1215.3,1264.9,2380279,1230.91,1218.2,1842,1218.6,140,
2026-04-10T11:45:03.068,NC,COFORGE,1218.3,1271.0,1272.0,1215.3,1264.9,2380302,1230.91,1218.3,344,1218.6,133,
2026-04-10T11:45:08.467,NC,COFORGE,1219.0,1271.0,1272.0,1215.3,1264.9,2380897,1230.9,1218.8,237,1219.0,310,
2026-04-10T11:45:13.573,NC,COFORGE,1219.1,1271.0,1272.0,1215.3,1264.9,2381321,1230.9,1219.3,2,1219.5,1320,
2026-04-10T11:45:18.676,NC,COFORGE,1219.3,1271.0,1272.0,1215.3,1264.9,2381356,1230.9,1219.1,151,1219.5,1352,
2026-04-10T11:45:23.488,NC,COFORGE,1219.5,1271.0,1272.0,1215.3,1264.9,2381411,1230.9,1219.4,33,1219.5,1302,
2026-04-10T11:45:28.390,NC,COFORGE,1219.5,1271.0,1272.0,1215.3,1264.9,2381448,1230.9,1219.4,26,1219.5,1299,
2026-04-10T11:45:33.106,NC,COFORGE,1219.5,1271.0,1272.0,1215.3,1264.9,2381492,1230.9,1219.4,3,1219.5,320,
2026-04-10T11:45:37.701,NC,COFORGE,1219.4,1271.0,1272.0,1215.3,1264.9,2381620,1230.9,1219.4,307,1219.5,195,
2026-04-10T11:45:42.302,NC,COFORGE,1219.6,1271.0,1272.0,1215.3,1264.9,2382118,1230.9,1219.6,29,1219.8,997,
2026-04-10T11:45:46.803,NC,COFORGE,1219.8,1271.0,1272.0,1215.3,1264.9,2382602,1230.9,1219.6,178,1219.8,722,
2026-04-10T11:45:51.116,NC,COFORGE,1219.7,1271.0,1272.0,1215.3,1264.9,2382667,1230.89,1219.6,173,1219.8,683,
2026-04-10T11:45:55.717,NC,COFORGE,1219.8,1271.0,1272.0,1215.3,1264.9,2382817,1230.89,1219.6,89,1219.8,572,
2026-04-10T11:46:00.126,NC,COFORGE,1219.5,1271.0,1272.0,1215.3,1264.9,2382836,1230.89,1219.5,3,1219.8,578,
2026-04-10T11:46:04.841,NC,COFORGE,1219.8,1271.0,1272.0,1215.3,1264.9,2383097,1230.89,1219.6,25,1219.8,422,
2026-04-10T11:46:09.429,NC,COFORGE,1219.8,1271.0,1272.0,1215.3,1264.9,2383133,1230.89,1219.7,22,1219.8,442,
2026-04-10T11:46:14.151,NC,COFORGE,1219.8,1271.0,1272.0,1215.3,1264.9,2383308,1230.89,1219.7,17,1219.8,280,
2026-04-10T11:46:18.836,NC,COFORGE,1219.7,1271.0,1272.0,1215.3,1264.9,2383403,1230.89,1219.7,10,1219.8,192,
2026-04-10T11:46:23.851,NC,COFORGE,1219.8,1271.0,1272.0,1215.3,1264.9,2383496,1230.89,1219.7,10,1219.8,129,
2026-04-10T11:46:28.550,NC,COFORGE,1219.7,1271.0,1272.0,1215.3,1264.9,2383514,1230.89,1219.7,5,1219.8,135,
2026-04-10T11:46:33.259,NC,COFORGE,1219.8,1271.0,1272.0,1215.3,1264.9,2383530,1230.89,1219.7,52,1219.8,146,
2026-04-10T11:46:38.363,NC,COFORGE,1219.9,1271.0,1272.0,1215.3,1264.9,2384073,1230.89,1219.9,22,1220.0,396,
2026-04-10T11:46:43.462,NC,COFORGE,1220.0,1271.0,1272.0,1215.3,1264.9,2384379,1230.89,1219.9,34,1220.0,224,
2026-04-10T11:46:48.889,NC,COFORGE,1219.8,1271.0,1272.0,1215.3,1264.9,2384394,1230.89,1219.8,342,1220.0,225,
2026-04-10T11:46:53.977,NC,COFORGE,1219.6,1271.0,1272.0,1215.3,1264.9,2384878,1230.88,1219.6,65,1219.8,365,
2026-04-10T11:46:58.887,NC,COFORGE,1219.5,1271.0,1272.0,1215.3,1264.9,2385311,1230.88,1219.4,140,1219.5,203,
2026-04-10T11:47:03.798,NC,COFORGE,1219.4,1271.0,1272.0,1215.3,1264.9,2385399,1230.88,1219.4,112,1219.5,214,
2026-04-10T11:47:08.800,NC,COFORGE,1218.5,1271.0,1272.0,1215.3,1264.9,2386500,1230.88,1218.6,196,1219.2,2524,
2026-04-10T11:47:13.906,NC,COFORGE,1219.0,1271.0,1272.0,1215.3,1264.9,2386883,1230.87,1218.5,70,1219.0,59,
2026-04-10T11:47:19.218,NC,COFORGE,1218.6,1271.0,1272.0,1215.3,1264.9,2386922,1230.87,1218.6,57,1219.0,52,
2026-04-10T11:47:24.329,NC,COFORGE,1219.0,1271.0,1272.0,1215.3,1264.9,2387010,1230.87,1218.9,30,1219.0,56,
2026-04-10T11:47:29.042,NC,COFORGE,1219.1,1271.0,1272.0,1215.3,1264.9,2389573,1230.86,1219.2,138,1219.8,271,
2026-04-10T11:47:33.641,NC,COFORGE,1219.1,1271.0,1272.0,1215.3,1264.9,2389756,1230.86,1219.0,20,1219.4,54,
2026-04-10T11:47:38.742,NC,COFORGE,1219.0,1271.0,1272.0,1215.3,1264.9,2389841,1230.86,1218.8,191,1219.3,9,
2026-04-10T11:47:44.358,NC,COFORGE,1218.8,1271.0,1272.0,1215.3,1264.9,2391932,1230.85,1219.1,1,1219.3,228,
2026-04-10T11:47:45.477,NC,COFORGE,1218.7,1271.0,1272.0,1215.3,1264.9,2392010,1230.85,1218.6,260,1219.2,34,
2026-04-10T11:47:46.356,NC,COFORGE,1218.6,1271.0,1272.0,1215.3,1264.9,2392015,1230.85,1218.8,139,1219.2,77,
2026-04-10T11:47:47.371,NC,COFORGE,1218.8,1271.0,1272.0,1215.3,1264.9,2392031,1230.85,1218.8,95,1219.2,104,
2026-04-10T11:47:48.460,NC,COFORGE,1218.8,1271.0,1272.0,1215.3,1264.9,2392046,1230.85,1218.8,59,1219.2,103,
2026-04-10T11:47:49.570,NC,COFORGE,1218.7,1271.0,1272.0,1215.3,1264.9,2392200,1230.85,1218.7,290,1219.2,102,
2026-04-10T11:47:50.658,NC,COFORGE,1218.7,1271.0,1272.0,1215.3,1264.9,2392211,1230.85,1218.7,308,1219.2,102,
2026-04-10T11:47:52.559,NC,COFORGE,1219.2,1271.0,1272.0,1215.3,1264.9,2392229,1230.85,1218.7,58,1219.2,97,
2026-04-10T11:47:53.764,NC,COFORGE,1218.7,1271.0,1272.0,1215.3,1264.9,2392272,1230.85,1218.6,118,1219.1,88,
2026-04-10T11:47:54.762,NC,COFORGE,1219.0,1271.0,1272.0,1215.3,1264.9,2392273,1230.85,1218.7,30,1219.0,99,
2026-04-10T11:47:55.876,NC,COFORGE,1218.7,1271.0,1272.0,1215.3,1264.9,2392281,1230.85,1218.7,22,1219.0,178,
2026-04-10T11:47:58.101,NC,COFORGE,1218.4,1271.0,1272.0,1215.3,1264.9,2392366,1230.85,1218.3,138,1218.9,171,
2026-04-10T11:48:00.171,NC,COFORGE,1218.0,1271.0,1272.0,1215.3,1264.9,2397015,1230.82,1217.9,36,1218.0,95,
2026-04-10T11:48:01.270,NC,COFORGE,1217.6,1271.0,1272.0,1215.3,1264.9,2397183,1230.82,1217.5,238,1217.6,8,
2026-04-10T11:48:03.385,NC,COFORGE,1217.6,1271.0,1272.0,1215.3,1264.9,2397496,1230.82,1217.2,532,1217.7,48,
2026-04-10T11:48:04.476,NC,COFORGE,1217.2,1271.0,1272.0,1215.3,1264.9,2397680,1230.82,1217.3,30,1217.7,85,
2026-04-10T11:48:05.597,NC,COFORGE,1217.7,1271.0,1272.0,1215.3,1264.9,2397730,1230.82,1217.3,33,1217.7,51,
2026-04-10T11:48:06.695,NC,COFORGE,1217.7,1271.0,1272.0,1215.3,1264.9,2397769,1230.82,1217.2,344,1217.7,116,
2026-04-10T11:48:07.796,NC,COFORGE,1217.6,1271.0,1272.0,1215.3,1264.9,2397794,1230.82,1217.2,344,1217.6,163,
2026-04-10T11:48:08.899,NC,COFORGE,1217.6,1271.0,1272.0,1215.3,1264.9,2397797,1230.82,1217.2,344,1217.6,230,
2026-04-10T11:48:11.001,NC,COFORGE,1217.5,1271.0,1272.0,1215.3,1264.9,2397798,1230.82,1217.2,346,1217.5,223,
2026-04-10T11:48:12.107,NC,COFORGE,1217.5,1271.0,1272.0,1215.3,1264.9,2397813,1230.82,1217.2,346,1217.5,216,
2026-04-10T11:48:13.303,NC,COFORGE,1217.5,1271.0,1272.0,1215.3,1264.9,2397817,1230.82,1217.4,1,1217.5,213,
2026-04-10T11:48:15.414,NC,COFORGE,1217.5,1271.0,1272.0,1215.3,1264.9,2397831,1230.82,1217.2,344,1217.5,95,
2026-04-10T11:48:16.514,NC,COFORGE,1217.5,1271.0,1272.0,1215.3,1264.9,2398087,1230.82,1217.4,30,1217.5,52,
2026-04-10T11:48:17.611,NC,COFORGE,1217.4,1271.0,1272.0,1215.3,1264.9,2398088,1230.82,1217.3,120,1217.5,52,
2026-04-10T11:48:18.710,NC,COFORGE,1218.0,1271.0,1272.0,1215.3,1264.9,2398225,1230.82,1218.0,8,1218.2,375,
2026-04-10T11:48:21.017,NC,COFORGE,1218.0,1271.0,1272.0,1215.3,1264.9,2398290,1230.82,1218.0,16,1218.2,427,
2026-04-10T11:48:22.024,NC,COFORGE,1218.0,1271.0,1272.0,1215.3,1264.9,2398378,1230.82,1218.0,15,1218.2,427,
2026-04-10T11:48:23.023,NC,COFORGE,1218.2,1271.0,1272.0,1215.3,1264.9,2398426,1230.82,1217.7,30,1218.2,483,
2026-04-10T11:48:24.121,NC,COFORGE,1217.6,1271.0,1272.0,1215.3,1264.9,2398462,1230.82,1218.0,2,1218.2,535,
2026-04-10T11:48:25.128,NC,COFORGE,1218.2,1271.0,1272.0,1215.3,1264.9,2398487,1230.82,1218.0,2,1218.2,536,
2026-04-10T11:48:26.144,NC,COFORGE,1218.0,1271.0,1272.0,1215.3,1264.9,2398489,1230.82,1217.5,270,1218.0,345,
2026-04-10T11:48:27.168,NC,COFORGE,1218.0,1271.0,1272.0,1215.3,1264.9,2398490,1230.82,1217.5,319,1218.0,344,
2026-04-10T11:48:28.140,NC,COFORGE,1217.5,1271.0,1272.0,1215.3,1264.9,2398519,1230.82,1217.5,209,1218.0,396,
2026-04-10T11:48:29.131,NC,COFORGE,1218.0,1271.0,1272.0,1215.3,1264.9,2398520,1230.82,1217.5,290,1218.0,395,
2026-04-10T11:48:30.143,NC,COFORGE,1217.5,1271.0,1272.0,1215.3,1264.9,2398543,1230.81,1217.6,30,1218.0,494,
2026-04-10T11:48:31.066,NC,COFORGE,1217.5,1271.0,1272.0,1215.3,1264.9,2398562,1230.81,1217.5,168,1218.0,660,
2026-04-10T11:48:32.058,NC,COFORGE,1218.0,1271.0,1272.0,1215.3,1264.9,2398563,1230.81,1217.5,123,1218.0,691,
2026-04-10T11:48:33.062,NC,COFORGE,1217.5,1271.0,1272.0,1215.3,1264.9,2398578,1230.81,1217.7,1,1217.8,492,
2026-04-10T11:48:34.062,NC,COFORGE,1217.8,1271.0,1272.0,1215.3,1264.9,2398589,1230.81,1217.7,1,1217.8,565,
2026-04-10T11:48:34.965,NC,COFORGE,1217.8,1271.0,1272.0,1215.3,1264.9,2398596,1230.81,1217.5,91,1217.8,560,
2026-04-10T11:48:37.069,NC,COFORGE,1217.5,1271.0,1272.0,1215.3,1264.9,2398608,1230.81,1217.5,82,1217.8,560,
2026-04-10T11:48:38.070,NC,COFORGE,1217.5,1271.0,1272.0,1215.3,1264.9,2398619,1230.81,1217.5,71,1217.8,560,
2026-04-10T11:48:39.270,NC,COFORGE,1217.8,1271.0,1272.0,1215.3,1264.9,2398886,1230.81,1217.5,143,1217.8,293,
2026-04-10T11:48:40.198,NC,COFORGE,1217.8,1271.0,1272.0,1215.3,1264.9,2398900,1230.81,1217.5,135,1217.8,289,
2026-04-10T11:48:41.390,NC,COFORGE,1217.5,1271.0,1272.0,1215.3,1264.9,2398960,1230.81,1217.5,2,1217.8,229,
2026-04-10T11:48:42.385,NC,COFORGE,1217.8,1271.0,1272.0,1215.3,1264.9,2399040,1230.81,1217.5,21,1217.8,149,
2026-04-10T11:48:43.395,NC,COFORGE,1217.8,1271.0,1272.0,1215.3,1264.9,2399048,1230.81,1217.7,2,1217.8,141,
2026-04-10T11:48:47.092,NC,COFORGE,1217.8,1271.0,1272.0,1215.3,1264.9,2399270,1230.81,1217.8,30,1218.0,525,
2026-04-10T11:48:53.393,NC,COFORGE,1218.0,1271.0,1272.0,1215.3,1264.9,2400031,1230.81,1217.8,29,1218.0,13,
2026-04-10T11:48:59.107,NC,COFORGE,1218.0,1271.0,1272.0,1215.3,1264.9,2400060,1230.81,1217.5,527,1218.0,131,
2026-04-10T11:49:04.534,NC,COFORGE,1218.0,1271.0,1272.0,1215.3,1264.9,2400099,1230.81,1217.8,1,1218.0,111,
2026-04-10T11:49:09.938,NC,COFORGE,1218.0,1271.0,1272.0,1215.3,1264.9,2400541,1230.8,1217.8,2,1218.0,212,
2026-04-10T11:49:15.453,NC,COFORGE,1217.6,1271.0,1272.0,1215.3,1264.9,2401030,1230.8,1217.4,35,1217.6,203,
2026-04-10T11:49:20.867,NC,COFORGE,1217.5,1271.0,1272.0,1215.3,1264.9,2401115,1230.8,1217.3,6,1217.5,165,
2026-04-10T11:49:26.471,NC,COFORGE,1217.6,1271.0,1272.0,1215.3,1264.9,2401370,1230.8,1217.2,344,1217.6,324,
2026-04-10T11:49:32.064,NC,COFORGE,1217.6,1271.0,1272.0,1215.3,1264.9,2401373,1230.8,1217.3,4,1217.6,290,
2026-04-10T11:49:37.468,NC,COFORGE,1217.6,1271.0,1272.0,1215.3,1264.9,2401501,1230.8,1217.5,3,1217.6,308,
2026-04-10T11:49:42.771,NC,COFORGE,1217.1,1271.0,1272.0,1215.3,1264.9,2404711,1230.78,1216.6,12,1217.0,213,
2026-04-10T11:49:48.276,NC,COFORGE,1216.5,1271.0,1272.0,1215.3,1264.9,2404825,1230.78,1216.5,1,1216.6,1,
2026-04-10T11:49:54.079,NC,COFORGE,1216.6,1271.0,1272.0,1215.3,1264.9,2404990,1230.78,1216.6,1,1216.8,147,
2026-04-10T11:49:59.402,NC,COFORGE,1216.9,1271.0,1272.0,1215.3,1264.9,2405838,1230.77,1216.9,47,1217.4,73,
2026-04-10T11:50:05.094,NC,COFORGE,1217.4,1271.0,1272.0,1215.3,1264.9,2406825,1230.77,1217.4,50,1217.8,270,
2026-04-10T11:50:11.324,NC,COFORGE,1217.5,1271.0,1272.0,1215.3,1264.9,2407359,1230.77,1217.5,55,1217.8,52,
2026-04-10T11:50:17.118,NC,COFORGE,1217.8,1271.0,1272.0,1215.3,1264.9,2407452,1230.77,1218.0,43,1218.3,97,
2026-04-10T11:50:22.711,NC,COFORGE,1218.3,1271.0,1272.0,1215.3,1264.9,2407913,1230.76,1218.0,8,1218.3,158,
2026-04-10T11:50:28.318,NC,COFORGE,1218.0,1271.0,1272.0,1215.3,1264.9,2407967,1230.76,1217.9,29,1218.3,127,
2026-04-10T11:50:33.738,NC,COFORGE,1218.0,1271.0,1272.0,1215.3,1264.9,2408825,1230.76,1218.0,85,1218.3,239,
2026-04-10T11:50:39.350,NC,COFORGE,1218.8,1271.0,1272.0,1215.3,1264.9,2409866,1230.75,1218.2,29,1218.8,403,
2026-04-10T11:50:44.757,NC,COFORGE,1218.4,1271.0,1272.0,1215.3,1264.9,2410127,1230.75,1217.8,120,1218.4,43,
2026-04-10T11:50:50.375,NC,COFORGE,1218.3,1271.0,1272.0,1215.3,1264.9,2410142,1230.75,1218.3,12,1218.4,174,
2026-04-10T11:50:55.793,NC,COFORGE,1217.7,1271.0,1272.0,1215.3,1264.9,2410799,1230.75,1218.0,10,1218.3,199,
2026-04-10T11:51:01.281,NC,COFORGE,1218.0,1271.0,1272.0,1215.3,1264.9,2410831,1230.75,1218.0,1,1218.3,345,
2026-04-10T11:51:07.074,NC,COFORGE,1218.3,1271.0,1272.0,1215.3,1264.9,2410898,1230.75,1218.2,3,1218.3,104,
2026-04-10T11:51:12.891,NC,COFORGE,1218.0,1271.0,1272.0,1215.3,1264.9,2411775,1230.74,1217.7,50,1218.0,210,
2026-04-10T11:51:18.102,NC,COFORGE,1218.0,1271.0,1272.0,1215.3,1264.9,2412278,1230.74,1218.0,102,1218.3,10,
2026-04-10T11:51:23.099,NC,COFORGE,1217.4,1271.0,1272.0,1215.3,1264.9,2412649,1230.74,1217.6,2,1217.8,221,
2026-04-10T11:51:28.211,NC,COFORGE,1216.6,1271.0,1272.0,1215.3,1264.9,2416175,1230.72,1216.0,2443,1216.6,475,
2026-04-10T11:51:33.532,NC,COFORGE,1216.5,1271.0,1272.0,1215.3,1264.9,2417108,1230.71,1216.2,1,1216.5,304,
2026-04-10T11:51:38.613,NC,COFORGE,1216.5,1271.0,1272.0,1215.3,1264.9,2417804,1230.71,1216.1,119,1216.5,74,
2026-04-10T11:51:43.719,NC,COFORGE,1216.5,1271.0,1272.0,1215.3,1264.9,2423139,1230.68,1216.1,83,1216.5,6,
2026-04-10T11:51:44.831,NC,COFORGE,1216.0,1271.0,1272.0,1215.3,1264.9,2423548,1230.67,1216.0,241,1216.5,62,
2026-04-10T11:51:45.819,NC,COFORGE,1216.5,1271.0,1272.0,1215.3,1264.9,2423559,1230.67,1216.1,44,1216.5,103,
2026-04-10T11:51:46.918,NC,COFORGE,1216.0,1271.0,1272.0,1215.3,1264.9,2423665,1230.67,1216.0,9,1216.5,73,
2026-04-10T11:51:47.930,NC,COFORGE,1216.0,1271.0,1272.0,1215.3,1264.9,2423780,1230.67,1215.8,245,1216.5,304,
2026-04-10T11:51:49.026,NC,COFORGE,1215.7,1271.0,1272.0,1215.3,1264.9,2424023,1230.67,1215.8,50,1216.4,528,
2026-04-10T11:51:50.122,NC,COFORGE,1215.8,1271.0,1272.0,1215.3,1264.9,2424056,1230.67,1216.1,1,1216.3,375,
2026-04-10T11:51:51.219,NC,COFORGE,1216.3,1271.0,1272.0,1215.3,1264.9,2424066,1230.67,1216.1,1,1216.3,431,
2026-04-10T11:51:52.228,NC,COFORGE,1216.1,1271.0,1272.0,1215.3,1264.9,2424067,1230.67,1215.8,146,1216.3,433,
2026-04-10T11:51:53.340,NC,COFORGE,1216.3,1271.0,1272.0,1215.3,1264.9,2424137,1230.67,1216.1,1,1216.3,474,
2026-04-10T11:51:55.436,NC,COFORGE,1216.3,1271.0,1272.0,1215.3,1264.9,2424182,1230.67,1215.8,35,1216.3,416,
2026-04-10T11:51:57.358,NC,COFORGE,1216.3,1271.0,1272.0,1215.3,1264.9,2424382,1230.67,1215.8,129,1216.3,221,
2026-04-10T11:51:58.359,NC,COFORGE,1215.7,1271.0,1272.0,1215.3,1264.9,2424411,1230.67,1215.7,395,1216.3,221,
2026-04-10T11:51:59.336,NC,COFORGE,1215.8,1271.0,1272.0,1215.3,1264.9,2424442,1230.67,1215.7,376,1216.3,221,
2026-04-10T11:52:02.343,NC,COFORGE,1216.3,1271.0,1272.0,1215.3,1264.9,2424443,1230.67,1216.0,2,1216.3,369,
2026-04-10T11:52:03.342,NC,COFORGE,1216.3,1271.0,1272.0,1215.3,1264.9,2424557,1230.67,1216.2,2,1216.3,290,
2026-04-10T11:52:04.242,NC,COFORGE,1216.2,1271.0,1272.0,1215.3,1264.9,2424559,1230.67,1216.2,2,1216.3,290,
2026-04-10T11:52:05.342,NC,COFORGE,1216.0,1271.0,1272.0,1215.3,1264.9,2424663,1230.67,1216.0,846,1216.3,258,
2026-04-10T11:52:06.462,NC,COFORGE,1216.0,1271.0,1272.0,1215.3,1264.9,2424690,1230.67,1216.0,819,1216.3,362,
2026-04-10T11:52:07.544,NC,COFORGE,1216.0,1271.0,1272.0,1215.3,1264.9,2425490,1230.66,1216.0,19,1216.1,248,
2026-04-10T11:52:08.743,NC,COFORGE,1215.7,1271.0,1272.0,1215.3,1264.9,2426037,1230.66,1215.6,7,1215.8,169,
2026-04-10T11:52:09.751,NC,COFORGE,1215.7,1271.0,1272.0,1215.3,1264.9,2426266,1230.66,1215.5,569,1215.7,16,
2026-04-10T11:52:10.858,NC,COFORGE,1215.5,1271.0,1272.0,1215.3,1264.9,2426378,1230.66,1215.5,463,1215.7,329,
2026-04-10T11:52:11.947,NC,COFORGE,1215.7,1271.0,1272.0,1215.3,1264.9,2426447,1230.65,1215.5,435,1215.7,392,
2026-04-10T11:52:13.052,NC,COFORGE,1215.5,1271.0,1272.0,1215.3,1264.9,2427355,1230.65,1215.3,380,1215.5,268,
2026-04-10T11:52:14.051,NC,COFORGE,1215.5,1271.0,1272.0,1215.3,1264.9,2427364,1230.65,1215.3,373,1215.5,268,
2026-04-10T11:52:15.055,NC,COFORGE,1215.5,1271.0,1272.0,1215.3,1264.9,2427477,1230.65,1215.3,261,1215.5,267,
2026-04-10T11:52:16.154,NC,COFORGE,1215.3,1271.0,1272.0,1215.3,1264.9,2427701,1230.65,1215.3,237,1215.5,283,
2026-04-10T11:52:18.259,NC,COFORGE,1215.3,1271.0,1272.0,1215.3,1264.9,2428088,1230.64,1215.3,8,1215.4,369,
2026-04-10T11:52:19.256,NC,COFORGE,1215.1,1271.0,1272.0,1215.1,1264.9,2429113,1230.64,1215.1,476,1215.3,222,
2026-04-10T11:52:20.264,NC,COFORGE,1215.2,1271.0,1272.0,1215.1,1264.9,2430279,1230.63,1215.1,1,1215.3,170,
2026-04-10T11:52:21.170,NC,COFORGE,1215.3,1271.0,1272.0,1215.0,1264.9,2439620,1230.57,1215.0,9285,1215.3,313,
2026-04-10T11:52:22.271,NC,COFORGE,1215.3,1271.0,1272.0,1215.0,1264.9,2440249,1230.57,1215.0,8667,1215.3,232,
2026-04-10T11:52:23.467,NC,COFORGE,1215.3,1271.0,1272.0,1215.0,1264.9,2440412,1230.57,1215.0,8556,1215.3,384,
2026-04-10T11:52:24.369,NC,COFORGE,1215.0,1271.0,1272.0,1215.0,1264.9,2441202,1230.56,1215.0,7787,1215.3,491,
2026-04-10T11:52:25.469,NC,COFORGE,1215.0,1271.0,1272.0,1215.0,1264.9,2441343,1230.56,1215.0,7696,1215.3,491,
2026-04-10T11:52:26.372,NC,COFORGE,1215.3,1271.0,1272.0,1215.0,1264.9,2441491,1230.56,1215.0,7562,1215.2,211,
2026-04-10T11:52:27.375,NC,COFORGE,1215.0,1271.0,1272.0,1215.0,1264.9,2441508,1230.56,1215.0,7541,1215.2,825,
2026-04-10T11:52:28.480,NC,COFORGE,1214.2,1271.0,1272.0,1214.0,1264.9,2455510,1230.47,1214.2,39,1214.8,265,
2026-04-10T11:52:29.479,NC,COFORGE,1214.5,1271.0,1272.0,1214.0,1264.9,2457003,1230.46,1214.0,5108,1214.5,416,
2026-04-10T11:52:30.588,NC,COFORGE,1214.5,1271.0,1272.0,1214.0,1264.9,2457811,1230.45,1214.0,4311,1214.5,617,
2026-04-10T11:52:31.699,NC,COFORGE,1214.5,1271.0,1272.0,1214.0,1264.9,2457971,1230.45,1214.0,4209,1214.5,1085,
2026-04-10T11:52:32.682,NC,COFORGE,1214.0,1271.0,1272.0,1214.0,1264.9,2457979,1230.45,1214.0,4314,1214.5,1025,
2026-04-10T11:52:33.686,NC,COFORGE,1213.8,1271.0,1272.0,1213.8,1264.9,2462588,1230.42,1213.8,235,1213.9,892,
2026-04-10T11:52:34.682,NC,COFORGE,1213.6,1271.0,1272.0,1213.6,1264.9,2463429,1230.42,1213.5,10,1213.6,686,
2026-04-10T11:52:35.684,NC,COFORGE,1213.1,1271.0,1272.0,1213.1,1264.9,2464310,1230.41,1213.1,84,1213.5,95,
2026-04-10T11:52:36.689,NC,COFORGE,1213.5,1271.0,1272.0,1213.0,1264.9,2464512,1230.41,1213.0,1800,1213.5,93,
2026-04-10T11:52:37.686,NC,COFORGE,1213.5,1271.0,1272.0,1213.0,1264.9,2465059,1230.4,1213.0,1239,1213.5,356,
2026-04-10T11:52:38.788,NC,COFORGE,1213.0,1271.0,1272.0,1213.0,1264.9,2465376,1230.4,1213.0,1475,1213.2,250,
2026-04-10T11:52:39.884,NC,COFORGE,1213.4,1271.0,1272.0,1213.0,1264.9,2468064,1230.38,1213.0,1109,1213.2,33,
2026-04-10T11:52:40.886,NC,COFORGE,1213.2,1271.0,1272.0,1213.0,1264.9,2468196,1230.38,1213.1,25,1213.5,1043,
2026-04-10T11:52:41.986,NC,COFORGE,1213.1,1271.0,1272.0,1213.0,1264.9,2470373,1230.37,1213.1,228,1213.5,80,
2026-04-10T11:52:43.086,NC,COFORGE,1213.5,1271.0,1272.0,1213.0,1264.9,2470506,1230.37,1213.3,2,1213.5,67,
2026-04-10T11:52:44.488,NC,COFORGE,1214.1,1271.0,1272.0,1213.0,1264.9,2471797,1230.36,1213.7,18,1214.1,85,
2026-04-10T11:52:45.592,NC,COFORGE,1214.1,1271.0,1272.0,1213.0,1264.9,2471799,1230.36,1213.7,380,1214.1,135,
2026-04-10T11:52:47.591,NC,COFORGE,1214.1,1271.0,1272.0,1213.0,1264.9,2471861,1230.36,1213.7,379,1214.1,73,
2026-04-10T11:52:48.594,NC,COFORGE,1214.1,1271.0,1272.0,1213.0,1264.9,2471891,1230.36,1213.7,379,1214.1,43,
2026-04-10T11:52:49.534,NC,COFORGE,1214.1,1271.0,1272.0,1213.0,1264.9,2471918,1230.36,1213.7,379,1214.1,16,
2026-04-10T11:52:50.599,NC,COFORGE,1214.1,1271.0,1272.0,1213.0,1264.9,2471920,1230.36,1213.7,269,1214.1,14,
2026-04-10T11:52:51.618,NC,COFORGE,1214.1,1271.0,1272.0,1213.0,1264.9,2472071,1230.36,1213.7,4,1214.1,178,
2026-04-10T11:52:52.601,NC,COFORGE,1214.1,1271.0,1272.0,1213.0,1264.9,2472096,1230.36,1213.7,4,1214.1,238,
2026-04-10T11:52:53.601,NC,COFORGE,1214.1,1271.0,1272.0,1213.0,1264.9,2473573,1230.35,1213.5,74,1214.1,99,
2026-04-10T11:52:54.600,NC,COFORGE,1214.1,1271.0,1272.0,1213.0,1264.9,2473623,1230.35,1213.5,457,1214.1,51,
2026-04-10T11:52:55.615,NC,COFORGE,1214.3,1271.0,1272.0,1213.0,1264.9,2473708,1230.34,1213.4,19,1213.9,194,
2026-04-10T11:52:56.604,NC,COFORGE,1213.9,1271.0,1272.0,1213.0,1264.9,2473738,1230.34,1213.5,132,1213.9,52,
2026-04-10T11:52:57.606,NC,COFORGE,1213.9,1271.0,1272.0,1213.0,1264.9,2473748,1230.34,1213.5,220,1213.9,42,
2026-04-10T11:52:58.605,NC,COFORGE,1214.3,1271.0,1272.0,1213.0,1264.9,2474753,1230.34,1213.6,26,1213.9,8,
2026-04-10T11:53:00.612,NC,COFORGE,1213.7,1271.0,1272.0,1213.0,1264.9,2474763,1230.34,1213.6,33,1213.7,10,
2026-04-10T11:53:01.611,NC,COFORGE,1213.9,1271.0,1272.0,1213.0,1264.9,2475203,1230.33,1213.4,15,1213.9,409,
2026-04-10T11:53:03.616,NC,COFORGE,1213.8,1271.0,1272.0,1213.0,1264.9,2475233,1230.33,1213.5,212,1213.7,25,
2026-04-10T11:53:04.644,NC,COFORGE,1213.5,1271.0,1272.0,1213.0,1264.9,2475389,1230.33,1213.5,252,1213.7,2,
2026-04-10T11:53:05.615,NC,COFORGE,1213.6,1271.0,1272.0,1213.0,1264.9,2475421,1230.33,1213.5,420,1213.6,16,
2026-04-10T11:53:06.614,NC,COFORGE,1213.9,1271.0,1272.0,1213.0,1264.9,2475692,1230.33,1213.6,95,1213.7,9,
2026-04-10T11:53:07.620,NC,COFORGE,1213.7,1271.0,1272.0,1213.0,1264.9,2475802,1230.33,1213.8,10,1214.1,277,
2026-04-10T11:53:08.619,NC,COFORGE,1213.6,1271.0,1272.0,1213.0,1264.9,2475851,1230.33,1213.5,464,1213.6,1492,
2026-04-10T11:53:09.622,NC,COFORGE,1213.6,1271.0,1272.0,1213.0,1264.9,2475876,1230.33,1213.5,467,1213.6,1527,
2026-04-10T11:53:10.625,NC,COFORGE,1213.6,1271.0,1272.0,1213.0,1264.9,2476561,1230.33,1213.5,83,1213.6,1253,
2026-04-10T11:53:11.620,NC,COFORGE,1213.6,1271.0,1272.0,1213.0,1264.9,2476661,1230.32,1213.5,83,1213.6,1153,
2026-04-10T11:53:13.526,NC,COFORGE,1213.4,1271.0,1272.0,1213.0,1264.9,2476765,1230.32,1213.5,1,1213.6,1153,
2026-04-10T11:53:14.525,NC,COFORGE,1213.2,1271.0,1272.0,1213.0,1264.9,2477186,1230.32,1213.2,888,1213.5,17,
2026-04-10T11:53:15.531,NC,COFORGE,1213.6,1271.0,1272.0,1213.0,1264.9,2477288,1230.32,1213.5,2,1213.6,1063,
2026-04-10T11:53:16.534,NC,COFORGE,1213.6,1271.0,1272.0,1213.0,1264.9,2477291,1230.32,1213.5,22,1213.6,1129,
2026-04-10T11:53:17.530,NC,COFORGE,1213.5,1271.0,1272.0,1213.0,1264.9,2477326,1230.32,1213.5,2,1213.6,1114,
2026-04-10T11:53:18.534,NC,COFORGE,1213.6,1271.0,1272.0,1213.0,1264.9,2477352,1230.32,1213.5,2,1213.6,1088,
2026-04-10T11:53:19.635,NC,COFORGE,1213.5,1271.0,1272.0,1213.0,1264.9,2477354,1230.32,1213.3,88,1213.6,1088,
2026-04-10T11:53:20.734,NC,COFORGE,1213.6,1271.0,1272.0,1213.0,1264.9,2477385,1230.32,1213.3,2,1213.6,1057,
2026-04-10T11:53:21.735,NC,COFORGE,1213.2,1271.0,1272.0,1213.0,1264.9,2477405,1230.32,1213.5,3,1213.6,1057,
2026-04-10T11:53:22.740,NC,COFORGE,1213.6,1271.0,1272.0,1213.0,1264.9,2477407,1230.32,1213.5,43,1213.6,1055,
2026-04-10T11:53:23.738,NC,COFORGE,1213.6,1271.0,1272.0,1213.0,1264.9,2477437,1230.32,1213.5,73,1213.6,1025,
2026-04-10T11:53:24.837,NC,COFORGE,1213.6,1271.0,1272.0,1213.0,1264.9,2477852,1230.32,1213.5,80,1213.6,610,
2026-04-10T11:53:25.845,NC,COFORGE,1213.6,1271.0,1272.0,1213.0,1264.9,2477902,1230.32,1213.5,80,1213.6,572,
2026-04-10T11:53:27.844,NC,COFORGE,1213.6,1271.0,1272.0,1213.0,1264.9,2477912,1230.32,1213.5,80,1213.6,567,
2026-04-10T11:53:28.949,NC,COFORGE,1213.6,1271.0,1272.0,1213.0,1264.9,2477913,1230.32,1213.5,85,1213.6,567,
2026-04-10T11:53:30.047,NC,COFORGE,1213.6,1271.0,1272.0,1213.0,1264.9,2478026,1230.32,1213.5,93,1213.6,454,
2026-04-10T11:53:31.182,NC,COFORGE,1213.5,1271.0,1272.0,1213.0,1264.9,2478211,1230.31,1213.5,152,1213.6,382,
2026-04-10T11:53:33.260,NC,COFORGE,1213.6,1271.0,1272.0,1213.0,1264.9,2478223,1230.31,1213.4,83,1213.6,716,
2026-04-10T11:53:34.360,NC,COFORGE,1213.4,1271.0,1272.0,1213.0,1264.9,2478429,1230.31,1213.4,9,1213.6,512,
2026-04-10T11:53:35.360,NC,COFORGE,1213.6,1271.0,1272.0,1213.0,1264.9,2478563,1230.31,1213.4,4,1213.6,402,
2026-04-10T11:53:36.371,NC,COFORGE,1213.6,1271.0,1272.0,1213.0,1264.9,2478594,1230.31,1213.4,4,1213.6,427,
2026-04-10T11:53:37.467,NC,COFORGE,1213.6,1271.0,1272.0,1213.0,1264.9,2478635,1230.31,1213.4,5,1213.6,390,
2026-04-10T11:53:38.565,NC,COFORGE,1213.6,1271.0,1272.0,1213.0,1264.9,2478745,1230.31,1213.4,5,1213.6,283,
2026-04-10T11:53:39.676,NC,COFORGE,1213.6,1271.0,1272.0,1213.0,1264.9,2478959,1230.31,1213.5,1000,1213.6,82,
2026-04-10T11:53:40.777,NC,COFORGE,1213.6,1271.0,1272.0,1213.0,1264.9,2479162,1230.31,1213.6,326,1214.0,250,
2026-04-10T11:53:41.674,NC,COFORGE,1214.0,1271.0,1272.0,1213.0,1264.9,2479182,1230.31,1213.6,61,1214.0,282,
2026-04-10T11:53:42.788,NC,COFORGE,1214.0,1271.0,1272.0,1213.0,1264.9,2479197,1230.31,1213.6,272,1214.0,267,
2026-04-10T11:53:43.772,NC,COFORGE,1213.6,1271.0,1272.0,1213.0,1264.9,2479318,1230.31,1213.6,221,1214.0,267,
2026-04-10T11:53:44.978,NC,COFORGE,1214.7,1271.0,1272.0,1213.0,1264.9,2479677,1230.3,1213.9,294,1214.6,264,
2026-04-10T11:53:46.088,NC,COFORGE,1213.8,1271.0,1272.0,1213.0,1264.9,2479748,1230.3,1213.8,157,1214.1,14,
2026-04-10T11:53:47.185,NC,COFORGE,1214.1,1271.0,1272.0,1213.0,1264.9,2479793,1230.3,1213.8,3,1214.1,16,
2026-04-10T11:53:49.388,NC,COFORGE,1214.1,1271.0,1272.0,1213.0,1264.9,2479799,1230.3,1214.0,2,1214.1,25,
2026-04-10T11:53:50.391,NC,COFORGE,1214.1,1271.0,1272.0,1213.0,1264.9,2479830,1230.3,1214.0,3,1214.1,8,
2026-04-10T11:53:52.499,NC,COFORGE,1214.1,1271.0,1272.0,1213.0,1264.9,2479860,1230.3,1214.0,1,1214.1,9,
2026-04-10T11:53:53.595,NC,COFORGE,1213.7,1271.0,1272.0,1213.0,1264.9,2481864,1230.29,1213.4,393,1213.7,370,
2026-04-10T11:53:54.707,NC,COFORGE,1213.7,1271.0,1272.0,1213.0,1264.9,2481929,1230.29,1213.6,85,1213.7,362,
2026-04-10T11:53:55.826,NC,COFORGE,1213.7,1271.0,1272.0,1213.0,1264.9,2481949,1230.29,1213.6,85,1213.7,394,
2026-04-10T11:53:57.809,NC,COFORGE,1213.7,1271.0,1272.0,1213.0,1264.9,2481958,1230.29,1213.6,85,1213.7,397,
2026-04-10T11:53:59.923,NC,COFORGE,1213.7,1271.0,1272.0,1213.0,1264.9,2481959,1230.29,1213.6,320,1213.7,397,
2026-04-10T11:54:00.925,NC,COFORGE,1213.7,1271.0,1272.0,1213.0,1264.9,2481986,1230.29,1213.6,286,1213.7,371,
2026-04-10T11:54:01.930,NC,COFORGE,1213.7,1271.0,1272.0,1213.0,1264.9,2482018,1230.29,1213.6,286,1213.7,343,
2026-04-10T11:54:03.013,NC,COFORGE,1213.8,1271.0,1272.0,1213.0,1264.9,2482650,1230.28,1213.6,214,1213.8,720,
2026-04-10T11:54:04.110,NC,COFORGE,1213.6,1271.0,1272.0,1213.0,1264.9,2482672,1230.28,1213.7,4,1213.8,720,
2026-04-10T11:54:05.212,NC,COFORGE,1213.8,1271.0,1272.0,1213.0,1264.9,2483497,1230.28,1213.8,128,1214.3,25,
2026-04-10T11:54:06.144,NC,COFORGE,1214.2,1271.0,1272.0,1213.0,1264.9,2483536,1230.28,1214.0,10,1214.2,167,
2026-04-10T11:54:08.222,NC,COFORGE,1214.2,1271.0,1272.0,1213.0,1264.9,2483594,1230.28,1214.0,10,1214.2,126,
2026-04-10T11:54:12.335,NC,COFORGE,1214.2,1271.0,1272.0,1213.0,1264.9,2483632,1230.28,1214.1,290,1214.2,14,
2026-04-10T11:54:13.447,NC,COFORGE,1214.2,1271.0,1272.0,1213.0,1264.9,2483641,1230.28,1214.1,290,1214.2,5,
2026-04-10T11:54:14.538,NC,COFORGE,1214.8,1271.0,1272.0,1213.0,1264.9,2483807,1230.28,1214.2,1,1214.8,75,
2026-04-10T11:54:18.644,NC,COFORGE,1214.2,1271.0,1272.0,1213.0,1264.9,2483948,1230.28,1214.2,161,1214.5,227,
2026-04-10T11:54:19.744,NC,COFORGE,1214.2,1271.0,1272.0,1213.0,1264.9,2484152,1230.27,1214.1,332,1214.2,64,
2026-04-10T11:54:20.763,NC,COFORGE,1214.6,1271.0,1272.0,1213.0,1264.9,2484465,1230.27,1214.1,45,1214.2,16,
2026-04-10T11:54:21.757,NC,COFORGE,1214.6,1271.0,1272.0,1213.0,1264.9,2484515,1230.27,1214.1,19,1214.6,59,
2026-04-10T11:54:22.766,NC,COFORGE,1214.1,1271.0,1272.0,1213.0,1264.9,2484625,1230.27,1214.1,41,1214.6,9,
2026-04-10T11:54:23.752,NC,COFORGE,1214.6,1271.0,1272.0,1213.0,1264.9,2484626,1230.27,1214.4,1,1214.6,8,
2026-04-10T11:54:24.864,NC,COFORGE,1214.4,1271.0,1272.0,1213.0,1264.9,2484628,1230.27,1214.4,1,1214.5,1,
2026-04-10T11:54:25.866,NC,COFORGE,1214.6,1271.0,1272.0,1213.0,1264.9,2484635,1230.27,1214.1,6,1214.5,375,
2026-04-10T11:54:26.955,NC,COFORGE,1214.5,1271.0,1272.0,1213.0,1264.9,2484676,1230.27,1214.2,1,1214.5,323,
2026-04-10T11:54:28.057,NC,COFORGE,1214.0,1271.0,1272.0,1213.0,1264.9,2484780,1230.27,1214.0,355,1214.5,116,
2026-04-10T11:54:29.168,NC,COFORGE,1214.0,1271.0,1272.0,1213.0,1264.9,2484831,1230.27,1214.0,215,1214.5,445,
2026-04-10T11:54:30.157,NC,COFORGE,1214.5,1271.0,1272.0,1213.0,1264.9,2484883,1230.27,1214.0,430,1214.5,420,
2026-04-10T11:54:31.158,NC,COFORGE,1214.0,1271.0,1272.0,1213.0,1264.9,2485033,1230.27,1214.0,607,1214.5,470,
2026-04-10T11:54:32.169,NC,COFORGE,1214.5,1271.0,1272.0,1213.0,1264.9,2485069,1230.27,1214.1,1,1214.5,444,
2026-04-10T11:54:33.170,NC,COFORGE,1214.5,1271.0,1272.0,1213.0,1264.9,2485123,1230.27,1214.3,1,1214.5,1028,
2026-04-10T11:54:34.167,NC,COFORGE,1214.1,1271.0,1272.0,1213.0,1264.9,2485323,1230.27,1214.1,267,1214.5,1054,
2026-04-10T11:54:35.168,NC,COFORGE,1214.5,1271.0,1272.0,1213.0,1264.9,2485325,1230.27,1214.1,267,1214.5,1079,
2026-04-10T11:54:36.166,NC,COFORGE,1214.1,1271.0,1272.0,1213.0,1264.9,2485874,1230.26,1214.1,181,1214.5,602,
2026-04-10T11:54:37.176,NC,COFORGE,1214.1,1271.0,1272.0,1213.0,1264.9,2485929,1230.26,1214.1,42,1214.5,597,
2026-04-10T11:54:39.168,NC,COFORGE,1214.5,1271.0,1272.0,1213.0,1264.9,2486140,1230.26,1214.1,42,1214.5,436,
2026-04-10T11:54:40.168,NC,COFORGE,1214.5,1271.0,1272.0,1213.0,1264.9,2486165,1230.26,1214.1,44,1214.5,411,
2026-04-10T11:54:42.171,NC,COFORGE,1214.0,1271.0,1272.0,1213.0,1264.9,2486474,1230.26,1214.1,296,1214.5,411,
2026-04-10T11:54:43.192,NC,COFORGE,1214.5,1271.0,1272.0,1213.0,1264.9,2486566,1230.26,1214.1,278,1214.5,383,
2026-04-10T11:54:45.300,NC,COFORGE,1214.5,1271.0,1272.0,1213.0,1264.9,2486568,1230.26,1214.2,160,1214.5,381,
2026-04-10T11:54:46.396,NC,COFORGE,1214.2,1271.0,1272.0,1213.0,1264.9,2486658,1230.26,1214.2,71,1214.5,381,
2026-04-10T11:54:48.489,NC,COFORGE,1214.5,1271.0,1272.0,1213.0,1264.9,2486758,1230.26,1214.2,44,1214.5,281,
2026-04-10T11:54:49.478,NC,COFORGE,1214.0,1271.0,1272.0,1213.0,1264.9,2486866,1230.26,1214.0,1650,1214.2,2573,
2026-04-10T11:54:50.578,NC,COFORGE,1214.2,1271.0,1272.0,1213.0,1264.9,2486896,1230.26,1214.0,1583,1214.2,2647,
2026-04-10T11:54:52.582,NC,COFORGE,1214.2,1271.0,1272.0,1213.0,1264.9,2486916,1230.26,1214.0,1685,1214.2,2679,
2026-04-10T11:54:55.685,NC,COFORGE,1214.2,1271.0,1272.0,1213.0,1264.9,2487033,1230.26,1214.0,1651,1214.2,2562,
2026-04-10T11:54:56.697,NC,COFORGE,1214.0,1271.0,1272.0,1213.0,1264.9,2487154,1230.26,1214.0,1630,1214.2,2462,
2026-04-10T11:54:59.691,NC,COFORGE,1214.0,1271.0,1272.0,1213.0,1264.9,2487158,1230.26,1214.0,1611,1214.1,100,
2026-04-10T11:55:00.793,NC,COFORGE,1214.1,1271.0,1272.0,1213.0,1264.9,2487194,1230.26,1214.0,1622,1214.1,193,
2026-04-10T11:55:01.799,NC,COFORGE,1214.2,1271.0,1272.0,1213.0,1264.9,2489897,1230.24,1214.2,188,1214.3,14,
2026-04-10T11:55:03.897,NC,COFORGE,1214.2,1271.0,1272.0,1213.0,1264.9,2490101,1230.24,1214.2,28,1214.3,66,
2026-04-10T11:55:05.900,NC,COFORGE,1214.3,1271.0,1272.0,1213.0,1264.9,2490135,1230.24,1214.2,28,1214.3,66,
2026-04-10T11:55:06.898,NC,COFORGE,1214.3,1271.0,1272.0,1213.0,1264.9,2490149,1230.24,1214.2,28,1214.3,52,
2026-04-10T11:55:08.902,NC,COFORGE,1214.1,1271.0,1272.0,1213.0,1264.9,2490215,1230.24,1214.1,168,1214.3,52,
2026-04-10T11:55:09.902,NC,COFORGE,1214.3,1271.0,1272.0,1213.0,1264.9,2490216,1230.24,1214.1,61,1214.3,51,
2026-04-10T11:55:10.912,NC,COFORGE,1214.1,1271.0,1272.0,1213.0,1264.9,2490736,1230.23,1214.1,32,1214.3,52,
2026-04-10T11:55:12.007,NC,COFORGE,1214.3,1271.0,1272.0,1213.0,1264.9,2490762,1230.23,1214.1,13,1214.3,46,
2026-04-10T11:55:13.129,NC,COFORGE,1214.1,1271.0,1272.0,1213.0,1264.9,2490763,1230.23,1214.2,1,1214.3,46,
2026-04-10T11:55:15.210,NC,COFORGE,1214.3,1271.0,1272.0,1213.0,1264.9,2490826,1230.23,1214.1,163,1214.3,23,
2026-04-10T11:55:17.223,NC,COFORGE,1214.1,1271.0,1272.0,1213.0,1264.9,2490946,1230.23,1214.1,878,1214.3,23,
2026-04-10T11:55:18.256,NC,COFORGE,1214.5,1271.0,1272.0,1213.0,1264.9,2491075,1230.23,1214.1,878,1214.5,39,
2026-04-10T11:55:19.319,NC,COFORGE,1214.1,1271.0,1272.0,1213.0,1264.9,2491175,1230.23,1214.1,753,1214.5,181,
2026-04-10T11:55:20.440,NC,COFORGE,1214.5,1271.0,1272.0,1213.0,1264.9,2491376,1230.23,1214.1,584,1214.5,211,
2026-04-10T11:55:21.318,NC,COFORGE,1214.5,1271.0,1272.0,1213.0,1264.9,2491381,1230.23,1214.1,584,1214.4,92,
2026-04-10T11:55:24.444,NC,COFORGE,1214.4,1271.0,1272.0,1213.0,1264.9,2491401,1230.23,1214.3,73,1214.4,255,
2026-04-10T11:55:25.426,NC,COFORGE,1214.0,1271.0,1272.0,1213.0,1264.9,2492252,1230.22,1214.0,1011,1214.1,308,
2026-04-10T11:55:27.426,NC,COFORGE,1214.0,1271.0,1272.0,1213.0,1264.9,2492501,1230.22,1214.0,1003,1214.1,208,
2026-04-10T11:55:28.539,NC,COFORGE,1214.0,1271.0,1272.0,1213.0,1264.9,2492504,1230.22,1214.0,1022,1214.1,77,
2026-04-10T11:55:29.643,NC,COFORGE,1214.1,1271.0,1272.0,1213.0,1264.9,2492514,1230.22,1214.0,1022,1214.1,67,
2026-04-10T11:55:30.727,NC,COFORGE,1214.1,1271.0,1272.0,1213.0,1264.9,2492666,1230.22,1214.0,1023,1214.1,77,
2026-04-10T11:55:31.862,NC,COFORGE,1214.1,1271.0,1272.0,1213.0,1264.9,2492741,1230.22,1214.0,1023,1214.1,140,
2026-04-10T11:55:32.968,NC,COFORGE,1214.1,1271.0,1272.0,1213.0,1264.9,2492774,1230.22,1214.0,1024,1214.1,190,
2026-04-10T11:55:34.036,NC,COFORGE,1214.1,1271.0,1272.0,1213.0,1264.9,2492791,1230.22,1214.0,1033,1214.1,180,
2026-04-10T11:55:35.142,NC,COFORGE,1214.0,1271.0,1272.0,1213.0,1264.9,2492811,1230.22,1214.0,1013,1214.1,180,
2026-04-10T11:55:36.242,NC,COFORGE,1214.1,1271.0,1272.0,1213.0,1264.9,2492850,1230.22,1214.0,1023,1214.1,141,
2026-04-10T11:55:37.244,NC,COFORGE,1214.1,1271.0,1272.0,1213.0,1264.9,2492860,1230.22,1214.0,1023,1214.1,132,
2026-04-10T11:55:38.251,NC,COFORGE,1214.0,1271.0,1272.0,1213.0,1264.9,2494360,1230.21,1213.7,26,1213.9,18,
2026-04-10T11:55:39.251,NC,COFORGE,1214.0,1271.0,1272.0,1213.0,1264.9,2494681,1230.21,1213.6,444,1214.0,2288,
2026-04-10T11:55:40.251,NC,COFORGE,1214.0,1271.0,1272.0,1213.0,1264.9,2494693,1230.21,1213.6,445,1214.0,2226,
2026-04-10T11:55:41.160,NC,COFORGE,1214.0,1271.0,1272.0,1213.0,1264.9,2494808,1230.21,1213.6,481,1214.0,2023,
2026-04-10T11:55:42.153,NC,COFORGE,1214.0,1271.0,1272.0,1213.0,1264.9,2494829,1230.21,1213.6,481,1214.0,2002,
2026-04-10T11:55:43.153,NC,COFORGE,1213.6,1271.0,1272.0,1213.0,1264.9,2494929,1230.21,1213.8,2,1214.0,2002,
2026-04-10T11:55:48.966,NC,COFORGE,1214.0,1271.0,1272.0,1213.0,1264.9,2495561,1230.2,1213.6,382,1214.0,1500,
2026-04-10T11:55:53.768,NC,COFORGE,1214.0,1271.0,1272.0,1213.0,1264.9,2497889,1230.19,1213.9,80,1214.1,37,
2026-04-10T11:55:58.571,NC,COFORGE,1214.1,1271.0,1272.0,1213.0,1264.9,2497912,1230.19,1214.0,50,1214.1,37,
2026-04-10T11:56:03.173,NC,COFORGE,1214.1,1271.0,1272.0,1213.0,1264.9,2497950,1230.19,1214.0,123,1214.1,69,
2026-04-10T11:56:07.894,NC,COFORGE,1214.1,1271.0,1272.0,1213.0,1264.9,2498189,1230.18,1214.0,158,1214.1,26,
2026-04-10T11:56:12.600,NC,COFORGE,1214.1,1271.0,1272.0,1213.0,1264.9,2498323,1230.18,1214.0,374,1214.1,16,
2026-04-10T11:56:17.405,NC,COFORGE,1214.8,1271.0,1272.0,1213.0,1264.9,2500072,1230.17,1214.3,276,1214.8,102,
2026-04-10T11:56:22.232,NC,COFORGE,1215.0,1271.0,1272.0,1213.0,1264.9,2500624,1230.17,1214.3,137,1214.9,48,
2026-04-10T11:56:26.656,NC,COFORGE,1214.6,1271.0,1272.0,1213.0,1264.9,2500686,1230.17,1214.3,264,1214.6,49,
2026-04-10T11:56:31.046,NC,COFORGE,1214.6,1271.0,1272.0,1213.0,1264.9,2500774,1230.17,1214.3,387,1214.6,50,
2026-04-10T11:56:35.762,NC,COFORGE,1214.6,1271.0,1272.0,1213.0,1264.9,2500925,1230.17,1214.4,1,1214.6,58,
2026-04-10T11:56:40.757,NC,COFORGE,1214.8,1271.0,1272.0,1213.0,1264.9,2501494,1230.16,1214.6,68,1214.8,93,
2026-04-10T11:56:45.557,NC,COFORGE,1214.8,1271.0,1272.0,1213.0,1264.9,2501611,1230.16,1214.6,116,1214.8,139,
2026-04-10T11:56:49.962,NC,COFORGE,1214.6,1271.0,1272.0,1213.0,1264.9,2501818,1230.16,1214.5,1,1214.6,197,
2026-04-10T11:56:54.471,NC,COFORGE,1214.7,1271.0,1272.0,1213.0,1264.9,2502104,1230.16,1214.5,2,1214.7,41,
2026-04-10T11:56:59.282,NC,COFORGE,1214.7,1271.0,1272.0,1213.0,1264.9,2502109,1230.16,1214.6,31,1214.7,75,
2026-04-10T11:57:04.162,NC,COFORGE,1214.6,1271.0,1272.0,1213.0,1264.9,2502705,1230.16,1214.2,89,1214.7,53,
2026-04-10T11:57:08.774,NC,COFORGE,1214.7,1271.0,1272.0,1213.0,1264.9,2502975,1230.15,1214.5,1,1214.8,72,
2026-04-10T11:57:13.574,NC,COFORGE,1214.7,1271.0,1272.0,1213.0,1264.9,2503000,1230.15,1214.7,1,1214.8,100,
2026-04-10T11:57:18.690,NC,COFORGE,1214.7,1271.0,1272.0,1213.0,1264.9,2503116,1230.15,1214.4,29,1214.8,162,
2026-04-10T11:57:23.985,NC,COFORGE,1214.8,1271.0,1272.0,1213.0,1264.9,2503202,1230.15,1214.4,58,1214.8,122,
2026-04-10T11:57:28.800,NC,COFORGE,1214.7,1271.0,1272.0,1213.0,1264.9,2505787,1230.14,1214.6,59,1214.7,540,
2026-04-10T11:57:33.690,NC,COFORGE,1214.7,1271.0,1272.0,1213.0,1264.9,2506375,1230.13,1214.4,86,1214.7,44,
2026-04-10T11:57:38.492,NC,COFORGE,1214.7,1271.0,1272.0,1213.0,1264.9,2506640,1230.13,1214.6,24,1214.7,49,
2026-04-10T11:57:43.906,NC,COFORGE,1214.4,1271.0,1272.0,1213.0,1264.9,2507147,1230.13,1214.3,1,1214.4,217,
2026-04-10T11:57:48.907,NC,COFORGE,1214.4,1271.0,1272.0,1213.0,1264.9,2507693,1230.12,1214.2,54,1214.4,157,
2026-04-10T11:57:53.834,NC,COFORGE,1214.4,1271.0,1272.0,1213.0,1264.9,2507920,1230.12,1214.3,1,1214.4,116,
2026-04-10T11:57:58.529,NC,COFORGE,1214.1,1271.0,1272.0,1213.0,1264.9,2508048,1230.12,1214.1,21,1214.4,273,
2026-04-10T11:58:03.231,NC,COFORGE,1214.4,1271.0,1272.0,1213.0,1264.9,2508151,1230.12,1214.3,10,1214.4,64,
2026-04-10T11:58:08.248,NC,COFORGE,1214.4,1271.0,1272.0,1213.0,1264.9,2508594,1230.12,1214.1,8,1214.4,144,
2026-04-10T11:58:13.053,NC,COFORGE,1214.4,1271.0,1272.0,1213.0,1264.9,2508751,1230.12,1214.3,1,1214.4,83,
2026-04-10T11:58:17.861,NC,COFORGE,1214.4,1271.0,1272.0,1213.0,1264.9,2508857,1230.12,1214.4,2,1214.5,73,
2026-04-10T11:58:22.584,NC,COFORGE,1214.2,1271.0,1272.0,1213.0,1264.9,2509054,1230.12,1214.2,234,1214.4,1,
2026-04-10T11:58:27.087,NC,COFORGE,1214.5,1271.0,1272.0,1213.0,1264.9,2509104,1230.12,1214.3,4,1214.5,7,
2026-04-10T11:58:31.696,NC,COFORGE,1214.5,1271.0,1272.0,1213.0,1264.9,2509118,1230.12,1214.2,96,1214.5,65,
2026-04-10T11:58:36.496,NC,COFORGE,1214.6,1271.0,1272.0,1213.0,1264.9,2509399,1230.11,1214.5,6,1214.6,214,
2026-04-10T11:58:41.095,NC,COFORGE,1214.8,1271.0,1272.0,1213.0,1264.9,2509739,1230.11,1214.5,785,1214.8,615,
2026-04-10T11:58:45.912,NC,COFORGE,1214.7,1271.0,1272.0,1213.0,1264.9,2510149,1230.11,1214.6,36,1214.7,250,
2026-04-10T11:58:51.827,NC,COFORGE,1215.0,1271.0,1272.0,1213.0,1264.9,2510578,1230.11,1214.8,216,1215.0,655,
2026-04-10T11:58:56.926,NC,COFORGE,1215.0,1271.0,1272.0,1213.0,1264.9,2510775,1230.11,1214.6,285,1215.0,588,
2026-04-10T11:59:01.661,NC,COFORGE,1214.7,1271.0,1272.0,1213.0,1264.9,2511202,1230.1,1214.7,1,1214.9,67,
2026-04-10T11:59:06.346,NC,COFORGE,1214.8,1271.0,1272.0,1213.0,1264.9,2511365,1230.1,1214.6,223,1214.8,2,
2026-04-10T11:59:11.450,NC,COFORGE,1214.6,1271.0,1272.0,1213.0,1264.9,2514068,1230.09,1214.6,57,1214.8,6,
2026-04-10T11:59:16.245,NC,COFORGE,1214.6,1271.0,1272.0,1213.0,1264.9,2514639,1230.08,1214.2,215,1214.6,245,
2026-04-10T11:59:21.056,NC,COFORGE,1214.6,1271.0,1272.0,1213.0,1264.9,2514818,1230.08,1214.2,245,1214.6,220,
2026-04-10T11:59:25.671,NC,COFORGE,1215.0,1271.0,1272.0,1213.0,1264.9,2515505,1230.08,1214.6,223,1215.0,369,
2026-04-10T11:59:30.265,NC,COFORGE,1215.0,1271.0,1272.0,1213.0,1264.9,2515557,1230.08,1214.6,129,1215.0,436,
2026-04-10T11:59:34.867,NC,COFORGE,1215.0,1271.0,1272.0,1213.0,1264.9,2515577,1230.08,1214.8,1,1215.0,465,
2026-04-10T11:59:39.470,NC,COFORGE,1215.0,1271.0,1272.0,1213.0,1264.9,2516237,1230.07,1214.7,20,1215.0,306,
2026-04-10T11:59:44.077,NC,COFORGE,1214.1,1271.0,1272.0,1213.0,1264.9,2517422,1230.06,1214.0,1128,1214.1,120,
2026-04-10T11:59:48.613,NC,COFORGE,1214.1,1271.0,1272.0,1213.0,1264.9,2517540,1230.06,1214.0,1117,1214.1,134,
2026-04-10T11:59:53.289,NC,COFORGE,1214.1,1271.0,1272.0,1213.0,1264.9,2518120,1230.06,1214.0,938,1214.1,58,
2026-04-10T11:59:58.002,NC,COFORGE,1214.3,1271.0,1272.0,1213.0,1264.9,2518404,1230.06,1214.0,910,1214.2,35,
2026-04-10T12:00:03.002,NC,COFORGE,1214.0,1271.0,1272.0,1213.0,1264.9,2518820,1230.06,1214.0,535,1214.2,54,
2026-04-10T12:00:08.329,NC,COFORGE,1214.0,1271.0,1272.0,1213.0,1264.9,2520679,1230.04,1213.6,426,1213.8,125,
2026-04-10T12:00:13.731,NC,COFORGE,1213.5,1271.0,1272.0,1213.0,1264.9,2521362,1230.04,1213.4,4,1213.5,1080,
2026-04-10T12:00:18.251,NC,COFORGE,1213.3,1271.0,1272.0,1213.0,1264.9,2522282,1230.03,1213.2,223,1213.3,299,
2026-04-10T12:00:22.852,NC,COFORGE,1213.9,1271.0,1272.0,1213.0,1264.9,2524595,1230.02,1213.3,94,1213.9,329,
2026-04-10T12:00:27.462,NC,COFORGE,1213.9,1271.0,1272.0,1213.0,1264.9,2525643,1230.01,1213.5,107,1213.9,67,
2026-04-10T12:00:32.517,NC,COFORGE,1213.6,1271.0,1272.0,1213.0,1264.9,2525673,1230.01,1213.8,6,1213.9,308,
2026-04-10T12:00:37.599,NC,COFORGE,1214.0,1271.0,1272.0,1213.0,1264.9,2526759,1230.0,1214.1,79,1214.5,10,
2026-04-10T12:00:42.728,NC,COFORGE,1214.7,1271.0,1272.0,1213.0,1264.9,2526843,1230.0,1214.7,43,1214.9,7,
2026-04-10T12:00:45.519,NC,COFORGE,1214.9,1271.0,1272.0,1213.0,1264.9,2526919,1230.0,1214.7,41,1214.9,36,
2026-04-10T12:00:47.531,NC,COFORGE,1215.0,1271.0,1272.0,1213.0,1264.9,2527119,1230.0,1214.7,41,1215.0,399,
2026-04-10T12:00:48.521,NC,COFORGE,1215.0,1271.0,1272.0,1213.0,1264.9,2527120,1230.0,1214.7,141,1215.0,381,
2026-04-10T12:00:49.523,NC,COFORGE,1215.0,1271.0,1272.0,1213.0,1264.9,2527211,1230.0,1214.7,120,1215.0,583,
2026-04-10T12:00:50.448,NC,COFORGE,1215.0,1271.0,1272.0,1213.0,1264.9,2527251,1230.0,1214.7,121,1215.0,508,
2026-04-10T12:00:51.422,NC,COFORGE,1215.0,1271.0,1272.0,1213.0,1264.9,2527252,1230.0,1214.7,121,1215.0,492,
2026-04-10T12:00:52.456,NC,COFORGE,1214.7,1271.0,1272.0,1213.0,1264.9,2527368,1230.0,1214.7,29,1215.0,630,
2026-04-10T12:00:53.443,NC,COFORGE,1214.4,1271.0,1272.0,1213.0,1264.9,2527927,1230.0,1214.4,98,1215.0,417,
2026-04-10T12:00:54.430,NC,COFORGE,1214.4,1271.0,1272.0,1213.0,1264.9,2527963,1230.0,1214.4,288,1215.0,421,
2026-04-10T12:00:57.429,NC,COFORGE,1214.9,1271.0,1272.0,1213.0,1264.9,2527964,1230.0,1214.4,1,1214.9,230,
2026-04-10T12:00:58.433,NC,COFORGE,1214.2,1271.0,1272.0,1213.0,1264.9,2528020,1230.0,1214.3,488,1214.9,118,
2026-04-10T12:01:00.339,NC,COFORGE,1215.1,1271.0,1272.0,1213.0,1264.9,2528288,1229.99,1214.9,242,1215.1,440,
2026-04-10T12:01:01.429,NC,COFORGE,1215.6,1271.0,1272.0,1213.0,1264.9,2529329,1229.99,1215.6,246,1215.8,35,
2026-04-10T12:01:03.431,NC,COFORGE,1215.6,1271.0,1272.0,1213.0,1264.9,2529350,1229.99,1215.7,1,1215.8,62,
2026-04-10T12:01:04.435,NC,COFORGE,1215.4,1271.0,1272.0,1213.0,1264.9,2529630,1229.99,1215.4,323,1215.8,91,
2026-04-10T12:01:05.428,NC,COFORGE,1215.8,1271.0,1272.0,1213.0,1264.9,2529659,1229.99,1215.5,238,1215.8,94,
2026-04-10T12:01:07.563,NC,COFORGE,1215.8,1271.0,1272.0,1213.0,1264.9,2529683,1229.99,1215.5,218,1215.8,93,
2026-04-10T12:01:09.638,NC,COFORGE,1215.8,1271.0,1272.0,1213.0,1264.9,2529688,1229.99,1215.6,109,1215.8,92,
2026-04-10T12:01:10.544,NC,COFORGE,1215.8,1271.0,1272.0,1213.0,1264.9,2529704,1229.99,1215.6,210,1215.8,76,
2026-04-10T12:01:11.559,NC,COFORGE,1215.6,1271.0,1272.0,1213.0,1264.9,2529705,1229.99,1215.6,209,1215.8,81,
2026-04-10T12:01:13.607,NC,COFORGE,1216.5,1271.0,1272.0,1213.0,1264.9,2530352,1229.98,1216.0,520,1216.6,2,
2026-04-10T12:01:14.542,NC,COFORGE,1216.5,1271.0,1272.0,1213.0,1264.9,2530378,1229.98,1216.0,535,1216.5,43,
2026-04-10T12:01:15.545,NC,COFORGE,1216.5,1271.0,1272.0,1213.0,1264.9,2530406,1229.98,1216.1,440,1216.5,59,
2026-04-10T12:01:16.486,NC,COFORGE,1216.5,1271.0,1272.0,1213.0,1264.9,2530541,1229.98,1216.5,275,1216.7,15,
2026-04-10T12:01:17.459,NC,COFORGE,1217.4,1271.0,1272.0,1213.0,1264.9,2531365,1229.98,1216.9,17,1217.5,36,
2026-04-10T12:01:18.446,NC,COFORGE,1216.8,1271.0,1272.0,1213.0,1264.9,2531502,1229.98,1216.8,642,1217.5,206,
2026-04-10T12:01:19.571,NC,COFORGE,1216.8,1271.0,1272.0,1213.0,1264.9,2531582,1229.98,1216.8,675,1217.5,148,
2026-04-10T12:01:20.549,NC,COFORGE,1217.5,1271.0,1272.0,1213.0,1264.9,2531612,1229.98,1216.8,96,1217.3,87,
2026-04-10T12:01:23.755,NC,COFORGE,1217.3,1271.0,1272.0,1213.0,1264.9,2531954,1229.98,1217.1,2,1217.3,3,
2026-04-10T12:01:24.858,NC,COFORGE,1217.3,1271.0,1272.0,1213.0,1264.9,2531966,1229.98,1217.2,219,1217.7,453,
2026-04-10T12:01:27.068,NC,COFORGE,1217.2,1271.0,1272.0,1213.0,1264.9,2532151,1229.97,1217.1,68,1217.7,615,
2026-04-10T12:01:28.165,NC,COFORGE,1217.7,1271.0,1272.0,1213.0,1264.9,2532153,1229.97,1217.1,68,1217.7,568,
2026-04-10T12:01:29.269,NC,COFORGE,1217.1,1271.0,1272.0,1213.0,1264.9,2532190,1229.97,1217.0,200,1217.2,24,
2026-04-10T12:01:31.271,NC,COFORGE,1217.1,1271.0,1272.0,1213.0,1264.9,2533101,1229.97,1217.0,432,1217.7,438,
2026-04-10T12:01:32.372,NC,COFORGE,1217.6,1271.0,1272.0,1213.0,1264.9,2533137,1229.97,1217.0,287,1217.6,110,
2026-04-10T12:01:33.373,NC,COFORGE,1217.1,1271.0,1272.0,1213.0,1264.9,2533138,1229.97,1217.0,538,1217.6,178,
2026-04-10T12:01:35.473,NC,COFORGE,1217.2,1271.0,1272.0,1213.0,1264.9,2533172,1229.97,1217.1,63,1217.2,66,
2026-04-10T12:01:36.377,NC,COFORGE,1217.2,1271.0,1272.0,1213.0,1264.9,2533175,1229.97,1217.1,63,1217.2,75,
2026-04-10T12:01:37.488,NC,COFORGE,1217.2,1271.0,1272.0,1213.0,1264.9,2533204,1229.97,1217.1,63,1217.2,98,
2026-04-10T12:01:38.487,NC,COFORGE,1217.0,1271.0,1272.0,1213.0,1264.9,2533350,1229.97,1217.0,347,1217.2,335,
2026-04-10T12:01:39.480,NC,COFORGE,1217.1,1271.0,1272.0,1213.0,1264.9,2533586,1229.97,1217.1,20,1217.2,61,
2026-04-10T12:01:41.490,NC,COFORGE,1217.2,1271.0,1272.0,1213.0,1264.9,2533591,1229.97,1217.1,21,1217.2,84,
2026-04-10T12:01:42.581,NC,COFORGE,1217.2,1271.0,1272.0,1213.0,1264.9,2533594,1229.97,1217.1,21,1217.2,88,
2026-04-10T12:01:43.501,NC,COFORGE,1217.2,1271.0,1272.0,1213.0,1264.9,2533859,1229.97,1217.2,64,1217.5,744,
2026-04-10T12:01:44.582,NC,COFORGE,1217.6,1271.0,1272.0,1213.0,1264.9,2534792,1229.96,1217.2,46,1217.7,629,
2026-04-10T12:01:45.584,NC,COFORGE,1217.2,1271.0,1272.0,1213.0,1264.9,2534820,1229.96,1217.2,18,1217.6,199,
2026-04-10T12:01:47.586,NC,COFORGE,1217.6,1271.0,1272.0,1213.0,1264.9,2534851,1229.96,1217.2,32,1217.6,216,
2026-04-10T12:01:49.699,NC,COFORGE,1217.2,1271.0,1272.0,1213.0,1264.9,2534857,1229.96,1217.2,26,1217.6,216,
2026-04-10T12:01:50.706,NC,COFORGE,1217.2,1271.0,1272.0,1213.0,1264.9,2534941,1229.96,1217.2,38,1217.7,618,
2026-04-10T12:01:52.695,NC,COFORGE,1217.2,1271.0,1272.0,1213.0,1264.9,2534986,1229.96,1217.1,94,1217.2,93,
2026-04-10T12:01:53.696,NC,COFORGE,1217.2,1271.0,1272.0,1213.0,1264.9,2535098,1229.96,1217.2,46,1217.7,50,
2026-04-10T12:01:54.700,NC,COFORGE,1217.5,1271.0,1272.0,1213.0,1264.9,2535099,1229.96,1217.2,10,1217.5,366,
2026-04-10T12:01:55.701,NC,COFORGE,1217.5,1271.0,1272.0,1213.0,1264.9,2535362,1229.96,1217.0,733,1217.5,405,
2026-04-10T12:01:56.705,NC,COFORGE,1217.3,1271.0,1272.0,1213.0,1264.9,2535782,1229.96,1217.3,218,1217.5,8,
2026-04-10T12:01:57.604,NC,COFORGE,1217.9,1271.0,1272.0,1213.0,1264.9,2535900,1229.96,1217.6,366,1217.9,41,
2026-04-10T12:02:00.610,NC,COFORGE,1217.9,1271.0,1272.0,1213.0,1264.9,2535920,1229.96,1217.6,213,1217.9,56,
2026-04-10T12:02:01.610,NC,COFORGE,1217.9,1271.0,1272.0,1213.0,1264.9,2535945,1229.96,1217.6,332,1217.9,33,
2026-04-10T12:02:02.525,NC,COFORGE,1217.9,1271.0,1272.0,1213.0,1264.9,2535952,1229.96,1217.6,240,1217.9,26,
2026-04-10T12:02:03.712,NC,COFORGE,1218.0,1271.0,1272.0,1213.0,1264.9,2536029,1229.95,1217.8,70,1218.0,355,
2026-04-10T12:02:04.816,NC,COFORGE,1217.6,1271.0,1272.0,1213.0,1264.9,2536329,1229.95,1217.6,280,1218.0,407,
2026-04-10T12:02:05.820,NC,COFORGE,1218.0,1271.0,1272.0,1213.0,1264.9,2536364,1229.95,1217.9,10,1218.0,372,
2026-04-10T12:02:07.821,NC,COFORGE,1218.1,1271.0,1272.0,1213.0,1264.9,2536854,1229.95,1218.0,2011,1218.2,10,
2026-04-10T12:02:08.838,NC,COFORGE,1218.0,1271.0,1272.0,1213.0,1264.9,2536855,1229.95,1218.0,1970,1218.2,12,
2026-04-10T12:02:09.925,NC,COFORGE,1218.0,1271.0,1272.0,1213.0,1264.9,2537615,1229.95,1218.0,1165,1218.2,2,
2026-04-10T12:02:10.927,NC,COFORGE,1218.0,1271.0,1272.0,1213.0,1264.9,2537725,1229.95,1218.0,1252,1218.2,1,
2026-04-10T12:02:11.925,NC,COFORGE,1218.8,1271.0,1272.0,1213.0,1264.9,2540235,1229.94,1218.0,1160,1218.5,219,
2026-04-10T12:02:12.927,NC,COFORGE,1218.0,1271.0,1272.0,1213.0,1264.9,2540251,1229.94,1218.0,1144,1218.4,377,
2026-04-10T12:02:13.931,NC,COFORGE,1217.9,1271.0,1272.0,1213.0,1264.9,2541407,1229.93,1217.7,34,1217.9,6,
2026-04-10T12:02:14.951,NC,COFORGE,1218.0,1271.0,1272.0,1213.0,1264.9,2541877,1229.93,1217.7,24,1218.0,287,
2026-04-10T12:02:15.927,NC,COFORGE,1218.0,1271.0,1272.0,1213.0,1264.9,2543525,1229.92,1217.7,11,1218.0,8,
2026-04-10T12:02:16.941,NC,COFORGE,1218.0,1271.0,1272.0,1213.0,1264.9,2543607,1229.92,1217.6,121,1218.0,35,
2026-04-10T12:02:17.932,NC,COFORGE,1217.6,1271.0,1272.0,1213.0,1264.9,2543663,1229.92,1217.6,70,1218.0,248,
2026-04-10T12:02:19.942,NC,COFORGE,1217.9,1271.0,1272.0,1213.0,1264.9,2543716,1229.92,1217.6,75,1217.9,179,
2026-04-10T12:02:21.030,NC,COFORGE,1217.9,1271.0,1272.0,1213.0,1264.9,2543746,1229.92,1217.6,76,1217.7,375,
2026-04-10T12:02:22.030,NC,COFORGE,1217.6,1271.0,1272.0,1213.0,1264.9,2543782,1229.92,1217.6,70,1217.7,380,
2026-04-10T12:02:23.034,NC,COFORGE,1217.7,1271.0,1272.0,1213.0,1264.9,2543832,1229.92,1217.6,70,1217.7,382,
2026-04-10T12:02:24.035,NC,COFORGE,1217.6,1271.0,1272.0,1213.0,1264.9,2543869,1229.92,1217.6,39,1217.7,393,
2026-04-10T12:02:25.040,NC,COFORGE,1217.7,1271.0,1272.0,1213.0,1264.9,2543904,1229.92,1217.6,14,1217.7,388,
2026-04-10T12:02:26.048,NC,COFORGE,1217.7,1271.0,1272.0,1213.0,1264.9,2543905,1229.92,1217.6,14,1217.7,391,
2026-04-10T12:02:27.039,NC,COFORGE,1217.6,1271.0,1272.0,1213.0,1264.9,2543919,1229.92,1217.5,1100,1217.7,391,
2026-04-10T12:02:28.042,NC,COFORGE,1217.7,1271.0,1272.0,1213.0,1264.9,2543930,1229.92,1217.5,990,1217.7,393,
2026-04-10T12:02:29.044,NC,COFORGE,1217.5,1271.0,1272.0,1213.0,1264.9,2543953,1229.92,1217.5,970,1217.7,392,
2026-04-10T12:02:30.055,NC,COFORGE,1217.7,1271.0,1272.0,1213.0,1264.9,2543958,1229.92,1217.5,971,1217.7,389,
2026-04-10T12:02:31.050,NC,COFORGE,1217.7,1271.0,1272.0,1213.0,1264.9,2544051,1229.92,1217.5,958,1217.7,384,
2026-04-10T12:02:32.071,NC,COFORGE,1217.7,1271.0,1272.0,1213.0,1264.9,2544071,1229.92,1217.5,958,1217.7,375,
2026-04-10T12:02:35.060,NC,COFORGE,1217.7,1271.0,1272.0,1213.0,1264.9,2544080,1229.92,1217.6,1150,1217.7,394,
2026-04-10T12:02:36.061,NC,COFORGE,1217.7,1271.0,1272.0,1213.0,1264.9,2544109,1229.92,1217.6,1150,1217.7,374,
2026-04-10T12:02:37.061,NC,COFORGE,1217.6,1271.0,1272.0,1213.0,1264.9,2544121,1229.92,1217.6,1138,1217.7,377,
2026-04-10T12:02:38.065,NC,COFORGE,1217.7,1271.0,1272.0,1213.0,1264.9,2544132,1229.92,1217.6,1138,1217.7,368,
2026-04-10T12:02:39.063,NC,COFORGE,1217.6,1271.0,1272.0,1213.0,1264.9,2546570,1229.91,1217.2,112,1217.6,2624,
2026-04-10T12:02:40.064,NC,COFORGE,1217.1,1271.0,1272.0,1213.0,1264.9,2546826,1229.9,1217.1,70,1217.5,181,
2026-04-10T12:02:42.063,NC,COFORGE,1217.1,1271.0,1272.0,1213.0,1264.9,2546871,1229.9,1217.1,182,1217.5,116,
2026-04-10T12:02:43.068,NC,COFORGE,1217.9,1271.0,1272.0,1213.0,1264.9,2550090,1229.89,1217.9,284,1218.1,10,
2026-04-10T12:02:44.172,NC,COFORGE,1217.9,1271.0,1272.0,1213.0,1264.9,2550163,1229.89,1217.8,216,1218.1,40,
2026-04-10T12:02:45.168,NC,COFORGE,1217.8,1271.0,1272.0,1213.0,1264.9,2550219,1229.89,1217.8,116,1218.1,48,
2026-04-10T12:02:46.171,NC,COFORGE,1218.1,1271.0,1272.0,1213.0,1264.9,2550229,1229.89,1217.8,176,1218.1,52,
2026-04-10T12:02:47.073,NC,COFORGE,1217.8,1271.0,1272.0,1213.0,1264.9,2550259,1229.89,1217.8,62,1218.1,83,
2026-04-10T12:02:49.077,NC,COFORGE,1217.7,1271.0,1272.0,1213.0,1264.9,2550283,1229.89,1217.7,44,1218.1,243,
2026-04-10T12:02:50.981,NC,COFORGE,1218.0,1271.0,1272.0,1213.0,1264.9,2550318,1229.89,1218.0,35,1218.1,265,
2026-04-10T12:02:53.992,NC,COFORGE,1218.1,1271.0,1272.0,1213.0,1264.9,2550325,1229.89,1218.0,40,1218.1,358,
2026-04-10T12:02:54.989,NC,COFORGE,1218.1,1271.0,1272.0,1213.0,1264.9,2550350,1229.89,1218.0,40,1218.1,239,
2026-04-10T12:02:55.994,NC,COFORGE,1218.1,1271.0,1272.0,1213.0,1264.9,2550362,1229.89,1218.0,40,1218.1,227,
2026-04-10T12:02:56.991,NC,COFORGE,1218.1,1271.0,1272.0,1213.0,1264.9,2550380,1229.89,1218.0,38,1218.1,211,
2026-04-10T12:02:57.993,NC,COFORGE,1218.1,1271.0,1272.0,1213.0,1264.9,2550480,1229.89,1218.0,38,1218.1,192,
2026-04-10T12:02:59.002,NC,COFORGE,1218.0,1271.0,1272.0,1213.0,1264.9,2550525,1229.89,1218.0,213,1218.1,172,
2026-04-10T12:03:00.895,NC,COFORGE,1218.1,1271.0,1272.0,1213.0,1264.9,2550527,1229.89,1218.0,250,1218.1,171,
2026-04-10T12:03:03.898,NC,COFORGE,1218.1,1271.0,1272.0,1213.0,1264.9,2550538,1229.89,1218.0,259,1218.1,197,
2026-04-10T12:03:04.903,NC,COFORGE,1218.1,1271.0,1272.0,1213.0,1264.9,2550544,1229.89,1218.0,259,1218.1,191,
2026-04-10T12:03:05.923,NC,COFORGE,1218.1,1271.0,1272.0,1213.0,1264.9,2550574,1229.89,1218.0,258,1218.1,162,
2026-04-10T12:03:08.813,NC,COFORGE,1218.0,1271.0,1272.0,1213.0,1264.9,2550724,1229.89,1218.0,108,1218.1,162,
2026-04-10T12:03:09.811,NC,COFORGE,1218.1,1271.0,1272.0,1213.0,1264.9,2550749,1229.89,1218.0,72,1218.1,137,
2026-04-10T12:03:10.813,NC,COFORGE,1218.1,1271.0,1272.0,1213.0,1264.9,2550809,1229.88,1218.0,107,1218.1,91,
2026-04-10T12:03:11.859,NC,COFORGE,1218.1,1271.0,1272.0,1213.0,1264.9,2551089,1229.88,1218.1,105,1218.2,43,
2026-04-10T12:03:12.811,NC,COFORGE,1218.1,1271.0,1272.0,1213.0,1264.9,2551103,1229.88,1218.1,57,1218.2,43,
2026-04-10T12:03:13.813,NC,COFORGE,1218.3,1271.0,1272.0,1213.0,1264.9,2551289,1229.88,1218.3,8,1218.4,10,
2026-04-10T12:03:14.940,NC,COFORGE,1218.4,1271.0,1272.0,1213.0,1264.9,2551291,1229.88,1218.2,158,1218.4,31,
2026-04-10T12:03:16.018,NC,COFORGE,1218.4,1271.0,1272.0,1213.0,1264.9,2551298,1229.88,1218.1,163,1218.4,24,
2026-04-10T12:03:17.020,NC,COFORGE,1218.0,1271.0,1272.0,1213.0,1264.9,2551498,1229.88,1218.0,463,1218.2,2,
2026-04-10T12:03:18.930,NC,COFORGE,1218.2,1271.0,1272.0,1213.0,1264.9,2551503,1229.88,1218.1,40,1218.2,3,
2026-04-10T12:03:19.922,NC,COFORGE,1218.1,1271.0,1272.0,1213.0,1264.9,2551539,1229.88,1218.0,139,1218.1,6,
2026-04-10T12:03:20.925,NC,COFORGE,1218.3,1271.0,1272.0,1213.0,1264.9,2551569,1229.88,1218.0,219,1218.3,86,
2026-04-10T12:03:21.936,NC,COFORGE,1218.0,1271.0,1272.0,1213.0,1264.9,2551604,1229.88,1218.0,184,1218.3,160,
2026-04-10T12:03:23.934,NC,COFORGE,1218.3,1271.0,1272.0,1213.0,1264.9,2551618,1229.88,1218.2,10,1218.3,65,
2026-04-10T12:03:24.936,NC,COFORGE,1217.8,1271.0,1272.0,1213.0,1264.9,2552218,1229.88,1218.0,601,1218.3,65,
2026-04-10T12:03:25.939,NC,COFORGE,1218.5,1271.0,1272.0,1213.0,1264.9,2552487,1229.88,1218.0,611,1218.5,871,
2026-04-10T12:03:26.940,NC,COFORGE,1218.5,1271.0,1272.0,1213.0,1264.9,2552817,1229.88,1218.0,545,1218.5,709,
2026-04-10T12:03:28.941,NC,COFORGE,1218.5,1271.0,1272.0,1213.0,1264.9,2552833,1229.88,1218.3,5,1218.5,795,
2026-04-10T12:03:31.944,NC,COFORGE,1218.5,1271.0,1272.0,1213.0,1264.9,2552943,1229.88,1218.3,26,1218.5,640,
2026-04-10T12:03:32.952,NC,COFORGE,1218.5,1271.0,1272.0,1213.0,1264.9,2552951,1229.88,1218.3,26,1218.5,632,
2026-04-10T12:03:33.870,NC,COFORGE,1218.4,1271.0,1272.0,1213.0,1264.9,2552967,1229.87,1218.4,1,1218.5,684,
2026-04-10T12:03:34.984,NC,COFORGE,1218.5,1271.0,1272.0,1213.0,1264.9,2553074,1229.87,1218.3,13,1218.5,565,
2026-04-10T12:03:35.951,NC,COFORGE,1218.5,1271.0,1272.0,1213.0,1264.9,2553103,1229.87,1218.3,13,1218.5,536,
2026-04-10T12:03:36.957,NC,COFORGE,1218.0,1271.0,1272.0,1213.0,1264.9,2553308,1229.87,1218.0,299,1218.5,495,
2026-04-10T12:03:37.978,NC,COFORGE,1218.0,1271.0,1272.0,1213.0,1264.9,2553309,1229.87,1218.0,550,1218.5,418,
2026-04-10T12:03:39.862,NC,COFORGE,1218.5,1271.0,1272.0,1213.0,1264.9,2553621,1229.87,1218.0,484,1218.5,136,
2026-04-10T12:03:40.977,NC,COFORGE,1218.5,1271.0,1272.0,1213.0,1264.9,2553832,1229.87,1218.0,637,1218.5,54,
2026-04-10T12:03:41.863,NC,COFORGE,1218.5,1271.0,1272.0,1213.0,1264.9,2553972,1229.87,1218.0,637,1218.5,80,
2026-04-10T12:03:46.275,NC,COFORGE,1218.5,1271.0,1272.0,1213.0,1264.9,2553980,1229.87,1218.3,1,1218.5,72,
2026-04-10T12:03:50.977,NC,COFORGE,1218.0,1271.0,1272.0,1213.0,1264.9,2554536,1229.87,1218.0,327,1218.4,114,
2026-04-10T12:03:55.582,NC,COFORGE,1218.4,1271.0,1272.0,1213.0,1264.9,2554555,1229.87,1218.0,318,1218.4,155,
2026-04-10T12:03:59.988,NC,COFORGE,1218.4,1271.0,1272.0,1213.0,1264.9,2554563,1229.87,1218.0,318,1218.4,358,
2026-04-10T12:04:04.914,NC,COFORGE,1217.7,1271.0,1272.0,1213.0,1264.9,2555492,1229.86,1217.5,138,1217.7,58,
2026-04-10T12:04:09.802,NC,COFORGE,1217.0,1271.0,1272.0,1213.0,1264.9,2556078,1229.86,1217.1,34,1217.4,61,
2026-04-10T12:04:14.410,NC,COFORGE,1217.3,1271.0,1272.0,1213.0,1264.9,2556342,1229.86,1217.3,1,1217.4,67,
2026-04-10T12:04:19.033,NC,COFORGE,1217.2,1271.0,1272.0,1213.0,1264.9,2556345,1229.86,1217.0,1067,1217.3,85,
2026-04-10T12:04:23.732,NC,COFORGE,1217.2,1271.0,1272.0,1213.0,1264.9,2556834,1229.86,1217.2,1,1217.3,83,
2026-04-10T12:04:28.347,NC,COFORGE,1217.2,1271.0,1272.0,1213.0,1264.9,2557000,1229.86,1217.0,672,1217.2,34,
2026-04-10T12:04:32.835,NC,COFORGE,1217.0,1271.0,1272.0,1213.0,1264.9,2557425,1229.85,1217.2,1,1217.4,145,
2026-04-10T12:04:37.646,NC,COFORGE,1217.2,1271.0,1272.0,1213.0,1264.9,2557477,1229.85,1217.2,20,1217.4,157,
2026-04-10T12:04:42.343,NC,COFORGE,1217.4,1271.0,1272.0,1213.0,1264.9,2557788,1229.85,1217.0,687,1217.4,74,
2026-04-10T12:04:44.153,NC,COFORGE,1217.4,1271.0,1272.0,1213.0,1264.9,2557878,1229.85,1217.2,3,1217.4,117,
2026-04-10T12:04:45.149,NC,COFORGE,1217.4,1271.0,1272.0,1213.0,1264.9,2557894,1229.85,1217.2,500,1217.4,76,
2026-04-10T12:04:46.251,NC,COFORGE,1217.2,1271.0,1272.0,1213.0,1264.9,2557901,1229.85,1217.2,494,1217.4,102,
2026-04-10T12:04:48.455,NC,COFORGE,1217.2,1271.0,1272.0,1213.0,1264.9,2558395,1229.85,1217.0,546,1217.2,8,
2026-04-10T12:04:50.456,NC,COFORGE,1217.2,1271.0,1272.0,1213.0,1264.9,2558452,1229.85,1217.0,550,1217.2,140,
2026-04-10T12:04:51.555,NC,COFORGE,1217.0,1271.0,1272.0,1213.0,1264.9,2558458,1229.85,1217.0,544,1217.2,202,
2026-04-10T12:04:53.663,NC,COFORGE,1217.1,1271.0,1272.0,1213.0,1264.9,2558463,1229.85,1217.1,1,1217.2,190,
2026-04-10T12:04:54.763,NC,COFORGE,1217.0,1271.0,1272.0,1213.0,1264.9,2558468,1229.85,1217.0,540,1217.2,120,
2026-04-10T12:04:55.862,NC,COFORGE,1217.2,1271.0,1272.0,1213.0,1264.9,2558473,1229.85,1217.0,536,1217.2,119,
2026-04-10T12:05:00.078,NC,COFORGE,1217.2,1271.0,1272.0,1213.0,1264.9,2558484,1229.85,1217.0,536,1217.2,178,
2026-04-10T12:05:01.180,NC,COFORGE,1217.0,1271.0,1272.0,1213.0,1264.9,2558500,1229.85,1217.0,535,1217.2,163,
2026-04-10T12:05:02.275,NC,COFORGE,1217.0,1271.0,1272.0,1213.0,1264.9,2558578,1229.85,1217.0,457,1217.2,257,
2026-04-10T12:05:03.269,NC,COFORGE,1217.1,1271.0,1272.0,1213.0,1264.9,2558596,1229.85,1217.0,456,1217.1,63,
2026-04-10T12:05:04.393,NC,COFORGE,1217.1,1271.0,1272.0,1213.0,1264.9,2558646,1229.85,1217.0,456,1217.1,38,
2026-04-10T12:05:05.380,NC,COFORGE,1217.1,1271.0,1272.0,1213.0,1264.9,2558679,1229.85,1217.0,462,1217.1,61,
2026-04-10T12:05:06.473,NC,COFORGE,1217.1,1271.0,1272.0,1213.0,1264.9,2558710,1229.85,1217.0,441,1217.1,30,
2026-04-10T12:05:08.677,NC,COFORGE,1217.1,1271.0,1272.0,1213.0,1264.9,2558745,1229.85,1217.0,441,1217.1,52,
2026-04-10T12:05:09.787,NC,COFORGE,1217.3,1271.0,1272.0,1213.0,1264.9,2558846,1229.85,1217.0,441,1217.3,64,
2026-04-10T12:05:10.916,NC,COFORGE,1217.4,1271.0,1272.0,1213.0,1264.9,2558901,1229.85,1217.0,497,1217.4,139,
2026-04-10T12:05:11.880,NC,COFORGE,1217.3,1271.0,1272.0,1213.0,1264.9,2558906,1229.85,1217.0,437,1217.4,146,
2026-04-10T12:05:13.884,NC,COFORGE,1217.4,1271.0,1272.0,1213.0,1264.9,2558914,1229.85,1217.2,11,1217.4,170,
2026-04-10T12:05:16.094,NC,COFORGE,1217.4,1271.0,1272.0,1213.0,1264.9,2558922,1229.85,1217.2,10,1217.4,162,
2026-04-10T12:05:17.191,NC,COFORGE,1217.6,1271.0,1272.0,1213.0,1264.9,2559372,1229.84,1217.2,10,1217.4,34,
2026-04-10T12:05:18.291,NC,COFORGE,1217.4,1271.0,1272.0,1213.0,1264.9,2559389,1229.84,1217.2,3,1217.4,26,
2026-04-10T12:05:19.192,NC,COFORGE,1217.6,1271.0,1272.0,1213.0,1264.9,2559482,1229.84,1217.0,574,1217.4,86,
2026-04-10T12:05:20.295,NC,COFORGE,1217.4,1271.0,1272.0,1213.0,1264.9,2559512,1229.84,1217.0,544,1217.4,68,
2026-04-10T12:05:21.399,NC,COFORGE,1217.0,1271.0,1272.0,1213.0,1264.9,2559520,1229.84,1217.0,509,1217.4,67,
2026-04-10T12:05:23.598,NC,COFORGE,1217.2,1271.0,1272.0,1213.0,1264.9,2559525,1229.84,1217.2,2,1217.4,67,
2026-04-10T12:05:24.705,NC,COFORGE,1217.4,1271.0,1272.0,1213.0,1264.9,2559650,1229.84,1217.2,2,1217.7,327,
2026-04-10T12:05:25.601,NC,COFORGE,1217.5,1271.0,1272.0,1213.0,1264.9,2559669,1229.84,1217.0,439,1217.5,155,
2026-04-10T12:05:27.619,NC,COFORGE,1216.6,1271.0,1272.0,1213.0,1264.9,2560510,1229.84,1216.1,31,1216.6,209,
2026-04-10T12:05:28.631,NC,COFORGE,1216.7,1271.0,1272.0,1213.0,1264.9,2560610,1229.84,1216.1,163,1216.6,375,
2026-04-10T12:05:29.704,NC,COFORGE,1216.1,1271.0,1272.0,1213.0,1264.9,2560619,1229.84,1216.1,22,1216.4,375,
2026-04-10T12:05:30.710,NC,COFORGE,1216.1,1271.0,1272.0,1213.0,1264.9,2560652,1229.84,1216.1,15,1216.4,648,
2026-04-10T12:05:31.811,NC,COFORGE,1215.8,1271.0,1272.0,1213.0,1264.9,2561603,1229.83,1215.6,93,1216.2,77,
2026-04-10T12:05:32.917,NC,COFORGE,1216.2,1271.0,1272.0,1213.0,1264.9,2561623,1229.83,1215.5,355,1216.1,94,
2026-04-10T12:05:34.914,NC,COFORGE,1216.0,1271.0,1272.0,1213.0,1264.9,2561638,1229.83,1215.5,92,1216.1,126,
2026-04-10T12:05:35.827,NC,COFORGE,1215.7,1271.0,1272.0,1213.0,1264.9,2561678,1229.83,1215.7,311,1216.1,31,
2026-04-10T12:05:37.816,NC,COFORGE,1215.7,1271.0,1272.0,1213.0,1264.9,2561686,1229.83,1215.7,368,1216.1,37,
2026-04-10T12:05:38.824,NC,COFORGE,1216.1,1271.0,1272.0,1213.0,1264.9,2561690,1229.83,1215.7,368,1216.1,33,
2026-04-10T12:05:39.822,NC,COFORGE,1216.0,1271.0,1272.0,1213.0,1264.9,2561914,1229.83,1216.0,251,1216.1,27,
2026-04-10T12:05:41.726,NC,COFORGE,1216.2,1271.0,1272.0,1213.0,1264.9,2561949,1229.83,1216.2,208,1216.3,10,
2026-04-10T12:05:42.725,NC,COFORGE,1216.1,1271.0,1272.0,1213.0,1264.9,2562324,1229.83,1216.1,37,1216.3,12,
2026-04-10T12:05:43.827,NC,COFORGE,1216.1,1271.0,1272.0,1213.0,1264.9,2562334,1229.83,1216.1,104,1216.3,33,
2026-04-10T12:05:45.427,NC,COFORGE,1216.1,1271.0,1272.0,1213.0,1264.9,2562337,1229.83,1216.1,101,1216.3,33,
2026-04-10T12:05:47.429,NC,COFORGE,1216.3,1271.0,1272.0,1213.0,1264.9,2562347,1229.83,1216.1,105,1216.3,32,
2026-04-10T12:05:48.432,NC,COFORGE,1216.1,1271.0,1272.0,1213.0,1264.9,2562447,1229.83,1216.1,42,1216.3,30,
2026-04-10T12:05:49.440,NC,COFORGE,1216.1,1271.0,1272.0,1213.0,1264.9,2562449,1229.83,1216.1,40,1216.3,30,
2026-04-10T12:05:50.331,NC,COFORGE,1216.2,1271.0,1272.0,1213.0,1264.9,2562481,1229.83,1216.2,220,1216.8,64,
2026-04-10T12:05:51.331,NC,COFORGE,1216.2,1271.0,1272.0,1213.0,1264.9,2562651,1229.83,1216.1,133,1216.7,58,
2026-04-10T12:05:54.433,NC,COFORGE,1216.5,1271.0,1272.0,1213.0,1264.9,2562653,1229.83,1216.5,1,1216.7,34,
2026-04-10T12:05:55.532,NC,COFORGE,1216.7,1271.0,1272.0,1213.0,1264.9,2562658,1229.83,1216.5,1,1216.7,50,
2026-04-10T12:05:56.634,NC,COFORGE,1216.3,1271.0,1272.0,1213.0,1264.9,2562668,1229.83,1216.3,27,1216.5,1,
2026-04-10T12:05:59.743,NC,COFORGE,1216.3,1271.0,1272.0,1213.0,1264.9,2562669,1229.83,1216.2,40,1216.5,4,
2026-04-10T12:06:03.743,NC,COFORGE,1216.5,1271.0,1272.0,1213.0,1264.9,2562683,1229.83,1216.4,38,1216.5,8,
2026-04-10T12:06:04.744,NC,COFORGE,1216.5,1271.0,1272.0,1213.0,1264.9,2562834,1229.83,1216.3,36,1216.5,14,
2026-04-10T12:06:05.742,NC,COFORGE,1216.3,1271.0,1272.0,1213.0,1264.9,2562865,1229.83,1216.3,35,1216.7,94,
2026-04-10T12:06:07.745,NC,COFORGE,1216.5,1271.0,1272.0,1213.0,1264.9,2562866,1229.83,1216.2,227,1216.7,35,
2026-04-10T12:06:08.745,NC,COFORGE,1216.0,1271.0,1272.0,1213.0,1264.9,2563793,1229.82,1216.2,128,1216.7,74,
2026-04-10T12:06:09.746,NC,COFORGE,1216.7,1271.0,1272.0,1213.0,1264.9,2563818,1229.82,1216.2,150,1216.7,102,
2026-04-10T12:06:10.747,NC,COFORGE,1216.2,1271.0,1272.0,1213.0,1264.9,2563847,1229.82,1216.2,246,1216.7,32,
2026-04-10T12:06:12.650,NC,COFORGE,1216.2,1271.0,1272.0,1213.0,1264.9,2563854,1229.82,1216.2,249,1216.7,54,
2026-04-10T12:06:14.554,NC,COFORGE,1216.7,1271.0,1272.0,1213.0,1264.9,2563861,1229.82,1216.5,1,1216.7,53,
2026-04-10T12:06:15.664,NC,COFORGE,1216.7,1271.0,1272.0,1213.0,1264.9,2563863,1229.82,1216.2,86,1216.6,76,
2026-04-10T12:06:17.565,NC,COFORGE,1216.4,1271.0,1272.0,1213.0,1264.9,2563907,1229.82,1216.2,51,1216.4,33,
2026-04-10T12:06:18.572,NC,COFORGE,1216.4,1271.0,1272.0,1213.0,1264.9,2563931,1229.82,1216.2,46,1216.4,51,
2026-04-10T12:06:19.561,NC,COFORGE,1216.2,1271.0,1272.0,1213.0,1264.9,2563935,1229.82,1216.2,42,1216.4,78,
2026-04-10T12:06:20.564,NC,COFORGE,1216.4,1271.0,1272.0,1213.0,1264.9,2563970,1229.82,1216.2,43,1216.4,43,
2026-04-10T12:06:21.564,NC,COFORGE,1216.2,1271.0,1272.0,1213.0,1264.9,2563974,1229.82,1216.2,110,1216.4,43,
2026-04-10T12:06:22.490,NC,COFORGE,1216.4,1271.0,1272.0,1213.0,1264.9,2564053,1229.82,1216.7,14,1216.9,59,
2026-04-10T12:06:23.666,NC,COFORGE,1216.3,1271.0,1272.0,1213.0,1264.9,2564068,1229.82,1216.5,1,1216.8,59,
2026-04-10T12:06:24.669,NC,COFORGE,1216.5,1271.0,1272.0,1213.0,1264.9,2564071,1229.82,1216.5,1,1216.8,183,
2026-04-10T12:06:25.669,NC,COFORGE,1216.8,1271.0,1272.0,1213.0,1264.9,2564075,1229.82,1216.2,203,1216.8,89,
2026-04-10T12:06:26.686,NC,COFORGE,1216.2,1271.0,1272.0,1213.0,1264.9,2564077,1229.82,1216.2,88,1216.7,121,
2026-04-10T12:06:28.571,NC,COFORGE,1216.6,1271.0,1272.0,1213.0,1264.9,2564080,1229.82,1216.2,100,1216.6,85,
2026-04-10T12:06:30.581,NC,COFORGE,1216.2,1271.0,1272.0,1213.0,1264.9,2564087,1229.82,1216.2,34,1216.6,228,
2026-04-10T12:06:31.594,NC,COFORGE,1216.6,1271.0,1272.0,1213.0,1264.9,2564088,1229.82,1216.2,34,1216.6,241,
2026-04-10T12:06:32.690,NC,COFORGE,1216.2,1271.0,1272.0,1213.0,1264.9,2564123,1229.82,1216.2,1,1216.5,90,
2026-04-10T12:06:34.683,NC,COFORGE,1216.9,1271.0,1272.0,1213.0,1264.9,2564343,1229.82,1216.1,201,1216.7,56,
2026-04-10T12:06:35.589,NC,COFORGE,1216.6,1271.0,1272.0,1213.0,1264.9,2564375,1229.82,1216.6,22,1216.7,153,
2026-04-10T12:06:37.685,NC,COFORGE,1216.6,1271.0,1272.0,1213.0,1264.9,2564378,1229.82,1216.6,19,1216.7,157,
2026-04-10T12:06:39.688,NC,COFORGE,1216.8,1271.0,1272.0,1213.0,1264.9,2564585,1229.82,1216.6,17,1216.7,16,
2026-04-10T12:06:40.789,NC,COFORGE,1216.6,1271.0,1272.0,1213.0,1264.9,2564605,1229.82,1216.6,65,1216.7,7,
2026-04-10T12:06:42.691,NC,COFORGE,1216.6,1271.0,1272.0,1213.0,1264.9,2564608,1229.82,1216.6,28,1216.7,7,
2026-04-10T12:06:43.690,NC,COFORGE,1217.0,1271.0,1272.0,1213.0,1264.9,2564766,1229.82,1216.7,1,1217.0,7,
2026-04-10T12:06:48.402,NC,COFORGE,1216.9,1271.0,1272.0,1213.0,1264.9,2564784,1229.82,1216.9,14,1217.0,78,
2026-04-10T12:06:52.904,NC,COFORGE,1217.0,1271.0,1272.0,1213.0,1264.9,2564815,1229.82,1216.9,55,1217.0,25,
2026-04-10T12:06:57.706,NC,COFORGE,1216.9,1271.0,1272.0,1213.0,1264.9,2565361,1229.81,1217.0,56,1217.5,109,
2026-04-10T12:07:02.334,NC,COFORGE,1217.3,1271.0,1272.0,1213.0,1264.9,2565480,1229.81,1216.9,33,1217.3,58,
2026-04-10T12:07:07.131,NC,COFORGE,1217.1,1271.0,1272.0,1213.0,1264.9,2565537,1229.81,1216.6,144,1217.1,58,
2026-04-10T12:07:12.231,NC,COFORGE,1217.0,1271.0,1272.0,1213.0,1264.9,2565599,1229.81,1217.0,129,1217.1,71,
2026-04-10T12:07:16.947,NC,COFORGE,1217.1,1271.0,1272.0,1213.0,1264.9,2565678,1229.81,1217.0,126,1217.1,39,
2026-04-10T12:07:21.337,NC,COFORGE,1217.0,1271.0,1272.0,1213.0,1264.9,2565765,1229.81,1217.0,94,1217.1,17,
2026-04-10T12:07:25.744,NC,COFORGE,1217.1,1271.0,1272.0,1213.0,1264.9,2566207,1229.81,1216.7,292,1217.1,35,
2026-04-10T12:07:29.963,NC,COFORGE,1216.7,1271.0,1272.0,1213.0,1264.9,2566253,1229.81,1216.7,286,1217.1,1,
2026-04-10T12:07:34.660,NC,COFORGE,1216.7,1271.0,1272.0,1213.0,1264.9,2566483,1229.81,1216.7,184,1217.2,128,
2026-04-10T12:07:39.253,NC,COFORGE,1217.3,1271.0,1272.0,1213.0,1264.9,2566765,1229.81,1217.1,20,1217.3,520,
2026-04-10T12:07:43.871,NC,COFORGE,1217.3,1271.0,1272.0,1213.0,1264.9,2566782,1229.81,1217.2,1,1217.3,363,
2026-04-10T12:07:48.372,NC,COFORGE,1217.3,1271.0,1272.0,1213.0,1264.9,2566884,1229.81,1217.1,24,1217.3,313,
2026-04-10T12:07:53.078,NC,COFORGE,1217.0,1271.0,1272.0,1213.0,1264.9,2567037,1229.8,1217.2,1,1217.3,79,
2026-04-10T12:07:57.413,NC,COFORGE,1217.3,1271.0,1272.0,1213.0,1264.9,2567113,1229.8,1217.2,1,1217.3,34,
2026-04-10T12:08:01.700,NC,COFORGE,1217.3,1271.0,1272.0,1213.0,1264.9,2567243,1229.8,1217.0,7,1217.3,29,
2026-04-10T12:08:06.315,NC,COFORGE,1217.3,1271.0,1272.0,1213.0,1264.9,2567739,1229.8,1217.0,43,1217.3,27,
2026-04-10T12:08:10.822,NC,COFORGE,1217.3,1271.0,1272.0,1213.0,1264.9,2567768,1229.8,1217.0,28,1217.3,279,
2026-04-10T12:08:15.519,NC,COFORGE,1217.3,1271.0,1272.0,1213.0,1264.9,2567851,1229.8,1217.3,1,1217.4,142,
2026-04-10T12:08:20.228,NC,COFORGE,1217.4,1271.0,1272.0,1213.0,1264.9,2567884,1229.8,1217.0,164,1217.4,67,
2026-04-10T12:08:24.831,NC,COFORGE,1217.4,1271.0,1272.0,1213.0,1264.9,2567910,1229.8,1217.2,1,1217.4,71,
2026-04-10T12:08:29.640,NC,COFORGE,1217.4,1271.0,1272.0,1213.0,1264.9,2567941,1229.8,1217.1,18,1217.4,43,
2026-04-10T12:08:34.457,NC,COFORGE,1217.1,1271.0,1272.0,1213.0,1264.9,2568091,1229.8,1217.1,72,1217.4,43,
2026-04-10T12:08:39.266,NC,COFORGE,1217.4,1271.0,1272.0,1213.0,1264.9,2569110,1229.79,1217.0,436,1217.4,158,
2026-04-10T12:08:43.952,NC,COFORGE,1217.2,1271.0,1272.0,1213.0,1264.9,2569576,1229.79,1216.7,117,1217.2,433,
2026-04-10T12:08:48.662,NC,COFORGE,1216.8,1271.0,1272.0,1213.0,1264.9,2569931,1229.79,1217.0,2,1217.2,325,
2026-04-10T12:08:53.661,NC,COFORGE,1216.9,1271.0,1272.0,1213.0,1264.9,2570966,1229.79,1216.9,1,1217.0,268,
2026-04-10T12:08:59.178,NC,COFORGE,1216.0,1271.0,1272.0,1213.0,1264.9,2573465,1229.77,1216.0,162,1216.1,375,
2026-04-10T12:09:04.368,NC,COFORGE,1216.0,1271.0,1272.0,1213.0,1264.9,2574256,1229.77,1215.7,1,1216.1,50,
2026-04-10T12:09:09.079,NC,COFORGE,1215.6,1271.0,1272.0,1213.0,1264.9,2574401,1229.77,1215.6,1,1216.1,136,
2026-04-10T12:09:14.086,NC,COFORGE,1216.0,1271.0,1272.0,1213.0,1264.9,2575079,1229.76,1215.8,92,1216.1,87,
2026-04-10T12:09:18.996,NC,COFORGE,1215.8,1271.0,1272.0,1213.0,1264.9,2575101,1229.76,1215.8,14,1216.1,114,
2026-04-10T12:09:23.606,NC,COFORGE,1216.0,1271.0,1272.0,1213.0,1264.9,2575225,1229.76,1216.0,2,1216.1,122,
2026-04-10T12:09:28.208,NC,COFORGE,1216.0,1271.0,1272.0,1213.0,1264.9,2575254,1229.76,1215.8,1,1216.1,218,
2026-04-10T12:09:32.533,NC,COFORGE,1216.0,1271.0,1272.0,1213.0,1264.9,2575260,1229.76,1215.6,52,1216.0,553,
2026-04-10T12:09:37.128,NC,COFORGE,1215.6,1271.0,1272.0,1213.0,1264.9,2575598,1229.76,1215.6,49,1215.9,65,
2026-04-10T12:09:42.139,NC,COFORGE,1215.8,1271.0,1272.0,1213.0,1264.9,2575899,1229.76,1215.8,1,1216.0,362,
2026-04-10T12:09:45.158,NC,COFORGE,1215.9,1271.0,1272.0,1213.0,1264.9,2575904,1229.76,1215.6,44,1216.0,471,
2026-04-10T12:09:47.153,NC,COFORGE,1215.6,1271.0,1272.0,1213.0,1264.9,2575907,1229.76,1215.7,10,1216.0,478,
2026-04-10T12:09:48.251,NC,COFORGE,1216.0,1271.0,1272.0,1213.0,1264.9,2575927,1229.76,1215.8,5,1216.0,458,
2026-04-10T12:09:49.153,NC,COFORGE,1215.7,1271.0,1272.0,1213.0,1264.9,2575939,1229.76,1215.7,3,1216.0,458,
2026-04-10T12:09:50.153,NC,COFORGE,1215.7,1271.0,1272.0,1213.0,1264.9,2575941,1229.76,1215.7,2,1216.0,486,
2026-04-10T12:09:51.155,NC,COFORGE,1215.7,1271.0,1272.0,1213.0,1264.9,2575974,1229.76,1215.7,1,1216.0,458,
2026-04-10T12:09:52.260,NC,COFORGE,1215.7,1271.0,1272.0,1213.0,1264.9,2575976,1229.76,1215.7,1,1216.0,458,
2026-04-10T12:09:54.259,NC,COFORGE,1215.9,1271.0,1272.0,1213.0,1264.9,2575978,1229.76,1215.9,1,1216.0,458,
2026-04-10T12:09:55.168,NC,COFORGE,1216.0,1271.0,1272.0,1213.0,1264.9,2575980,1229.76,1215.7,41,1216.0,400,
2026-04-10T12:10:01.179,NC,COFORGE,1215.9,1271.0,1272.0,1213.0,1264.9,2575982,1229.76,1215.7,45,1215.9,176,
2026-04-10T12:10:03.129,NC,COFORGE,1215.7,1271.0,1272.0,1213.0,1264.9,2576004,1229.76,1215.8,2,1215.9,105,
2026-04-10T12:10:04.179,NC,COFORGE,1215.9,1271.0,1272.0,1213.0,1264.9,2576009,1229.76,1215.8,2,1215.9,177,
2026-04-10T12:10:05.206,NC,COFORGE,1215.9,1271.0,1272.0,1213.0,1264.9,2576050,1229.76,1215.7,36,1215.9,61,
2026-04-10T12:10:06.183,NC,COFORGE,1215.9,1271.0,1272.0,1213.0,1264.9,2576101,1229.76,1215.7,36,1215.9,62,
2026-04-10T12:10:07.206,NC,COFORGE,1215.7,1271.0,1272.0,1213.0,1264.9,2576103,1229.76,1215.7,34,1215.9,82,
2026-04-10T12:10:08.293,NC,COFORGE,1215.7,1271.0,1272.0,1213.0,1264.9,2576123,1229.76,1215.7,14,1215.9,82,
2026-04-10T12:10:09.300,NC,COFORGE,1215.7,1271.0,1272.0,1213.0,1264.9,2576125,1229.76,1215.7,12,1215.9,82,
2026-04-10T12:10:13.195,NC,COFORGE,1216.0,1271.0,1272.0,1213.0,1264.9,2576284,1229.76,1215.9,8,1216.0,311,
2026-04-10T12:10:14.203,NC,COFORGE,1215.7,1271.0,1272.0,1213.0,1264.9,2576295,1229.76,1215.7,116,1215.9,9,
2026-04-10T12:10:15.198,NC,COFORGE,1215.2,1271.0,1272.0,1213.0,1264.9,2576860,1229.75,1215.2,93,1215.6,289,
2026-04-10T12:10:17.201,NC,COFORGE,1215.2,1271.0,1272.0,1213.0,1264.9,2577086,1229.75,1215.2,24,1215.6,264,
2026-04-10T12:10:18.299,NC,COFORGE,1215.6,1271.0,1272.0,1213.0,1264.9,2577096,1229.75,1215.5,5,1215.6,277,
2026-04-10T12:10:19.301,NC,COFORGE,1215.3,1271.0,1272.0,1213.0,1264.9,2577103,1229.75,1215.3,48,1215.6,367,
2026-04-10T12:10:20.302,NC,COFORGE,1215.6,1271.0,1272.0,1213.0,1264.9,2577133,1229.75,1215.3,49,1215.6,249,
2026-04-10T12:10:21.207,NC,COFORGE,1215.3,1271.0,1272.0,1213.0,1264.9,2577139,1229.75,1215.3,43,1215.6,249,
2026-04-10T12:10:22.322,NC,COFORGE,1215.6,1271.0,1272.0,1213.0,1264.9,2577145,1229.75,1215.3,43,1215.6,173,
2026-04-10T12:10:23.307,NC,COFORGE,1215.6,1271.0,1272.0,1213.0,1264.9,2578056,1229.75,1215.3,114,1215.6,30,
2026-04-10T12:10:24.308,NC,COFORGE,1215.3,1271.0,1272.0,1213.0,1264.9,2578067,1229.75,1215.3,103,1215.6,37,
2026-04-10T12:10:25.316,NC,COFORGE,1215.9,1271.0,1272.0,1213.0,1264.9,2578268,1229.75,1215.3,85,1215.9,95,
2026-04-10T12:10:26.215,NC,COFORGE,1215.3,1271.0,1272.0,1213.0,1264.9,2578288,1229.75,1215.3,70,1215.6,42,
2026-04-10T12:10:30.219,NC,COFORGE,1215.6,1271.0,1272.0,1213.0,1264.9,2578297,1229.75,1215.3,91,1215.6,50,
2026-04-10T12:10:32.245,NC,COFORGE,1215.6,1271.0,1272.0,1213.0,1264.9,2578303,1229.75,1215.3,86,1215.6,63,
2026-04-10T12:10:33.320,NC,COFORGE,1215.6,1271.0,1272.0,1213.0,1264.9,2578344,1229.75,1215.5,2,1215.6,28,
2026-04-10T12:10:35.224,NC,COFORGE,1215.8,1271.0,1272.0,1213.0,1264.9,2578387,1229.75,1215.3,141,1215.9,163,
2026-04-10T12:10:37.229,NC,COFORGE,1215.3,1271.0,1272.0,1213.0,1264.9,2578388,1229.75,1215.3,313,1215.9,244,
2026-04-10T12:10:39.131,NC,COFORGE,1215.9,1271.0,1272.0,1213.0,1264.9,2578597,1229.74,1215.6,46,1216.0,3363,
2026-04-10T12:10:40.227,NC,COFORGE,1215.6,1271.0,1272.0,1213.0,1264.9,2578610,1229.74,1215.6,42,1216.0,3528,
2026-04-10T12:10:42.237,NC,COFORGE,1215.9,1271.0,1272.0,1213.0,1264.9,2578663,1229.74,1215.6,2,1215.9,279,
2026-04-10T12:10:43.139,NC,COFORGE,1215.6,1271.0,1272.0,1213.0,1264.9,2578668,1229.74,1215.8,2,1215.9,156,
2026-04-10T12:10:45.849,NC,COFORGE,1215.9,1271.0,1272.0,1213.0,1264.9,2580175,1229.74,1215.6,1,1215.9,26,
2026-04-10T12:10:50.560,NC,COFORGE,1215.6,1271.0,1272.0,1213.0,1264.9,2580247,1229.74,1215.6,137,1216.0,2375,
2026-04-10T12:10:55.161,NC,COFORGE,1215.9,1271.0,1272.0,1213.0,1264.9,2580281,1229.74,1215.9,18,1216.0,2515,
2026-04-10T12:10:59.862,NC,COFORGE,1216.0,1271.0,1272.0,1213.0,1264.9,2580303,1229.73,1215.9,18,1216.0,2493,
2026-04-10T12:11:04.679,NC,COFORGE,1216.0,1271.0,1272.0,1213.0,1264.9,2580326,1229.73,1215.9,18,1216.0,2497,
2026-04-10T12:11:09.673,NC,COFORGE,1216.0,1271.0,1272.0,1213.0,1264.9,2580411,1229.73,1215.9,18,1216.0,1935,
2026-04-10T12:11:14.577,NC,COFORGE,1215.9,1271.0,1272.0,1213.0,1264.9,2580437,1229.73,1215.8,21,1215.9,195,
2026-04-10T12:11:19.580,NC,COFORGE,1215.9,1271.0,1272.0,1213.0,1264.9,2580922,1229.73,1215.3,387,1215.9,69,
2026-04-10T12:11:23.996,NC,COFORGE,1215.9,1271.0,1272.0,1213.0,1264.9,2580982,1229.73,1215.7,2,1215.9,28,
2026-04-10T12:11:28.500,NC,COFORGE,1215.9,1271.0,1272.0,1213.0,1264.9,2580996,1229.73,1215.5,68,1215.9,85,
2026-04-10T12:11:33.099,NC,COFORGE,1215.9,1271.0,1272.0,1213.0,1264.9,2581026,1229.73,1215.7,1,1215.9,81,
2026-04-10T12:11:37.316,NC,COFORGE,1215.9,1271.0,1272.0,1213.0,1264.9,2581066,1229.73,1215.5,35,1215.9,36,
2026-04-10T12:11:41.621,NC,COFORGE,1215.3,1271.0,1272.0,1213.0,1264.9,2581724,1229.73,1215.2,35,1215.4,58,
2026-04-10T12:11:45.729,NC,COFORGE,1215.0,1271.0,1272.0,1213.0,1264.9,2582926,1229.72,1215.0,3592,1215.4,25,
2026-04-10T12:11:54.658,NC,COFORGE,1215.3,1271.0,1272.0,1213.0,1264.9,2583398,1229.72,1215.3,2,1215.4,68,
2026-04-10T12:11:59.244,NC,COFORGE,1216.0,1271.0,1272.0,1213.0,1264.9,2584023,1229.71,1215.4,598,1216.0,1406,
2026-04-10T12:12:03.663,NC,COFORGE,1216.0,1271.0,1272.0,1213.0,1264.9,2584089,1229.71,1215.8,2,1216.0,1420,
2026-04-10T12:12:08.166,NC,COFORGE,1215.9,1271.0,1272.0,1213.0,1264.9,2584193,1229.71,1215.4,5,1215.9,188,
2026-04-10T12:12:12.517,NC,COFORGE,1215.9,1271.0,1272.0,1213.0,1264.9,2584203,1229.71,1215.5,1,1215.9,416,
2026-04-10T12:12:16.972,NC,COFORGE,1215.9,1271.0,1272.0,1213.0,1264.9,2584271,1229.71,1215.5,1,1215.9,12,
2026-04-10T12:12:21.383,NC,COFORGE,1215.9,1271.0,1272.0,1213.0,1264.9,2584422,1229.71,1215.5,3,1215.9,105,
2026-04-10T12:12:25.789,NC,COFORGE,1215.4,1271.0,1272.0,1213.0,1264.9,2584544,1229.71,1215.4,443,1215.5,65,
2026-04-10T12:12:30.293,NC,COFORGE,1215.5,1271.0,1272.0,1213.0,1264.9,2584703,1229.71,1215.4,446,1215.5,52,
2026-04-10T12:12:35.025,NC,COFORGE,1215.4,1271.0,1272.0,1213.0,1264.9,2585071,1229.71,1215.4,420,1215.7,227,
2026-04-10T12:12:39.508,NC,COFORGE,1215.8,1271.0,1272.0,1213.0,1264.9,2585340,1229.71,1215.4,612,1215.8,322,
2026-04-10T12:12:44.310,NC,COFORGE,1215.7,1271.0,1272.0,1213.0,1264.9,2585405,1229.71,1215.6,2,1215.8,174,
2026-04-10T12:12:48.909,NC,COFORGE,1215.7,1271.0,1272.0,1213.0,1264.9,2585465,1229.71,1215.7,48,1215.8,107,
2026-04-10T12:12:53.715,NC,COFORGE,1216.5,1271.0,1272.0,1213.0,1264.9,2586940,1229.7,1216.7,1,1216.9,5,
2026-04-10T12:12:58.524,NC,COFORGE,1216.6,1271.0,1272.0,1213.0,1264.9,2587022,1229.7,1216.7,1,1216.9,16,
2026-04-10T12:13:03.753,NC,COFORGE,1217.5,1271.0,1272.0,1213.0,1264.9,2587980,1229.69,1217.5,17,1218.0,154,
2026-04-10T12:13:08.855,NC,COFORGE,1217.4,1271.0,1272.0,1213.0,1264.9,2588346,1229.69,1217.4,31,1217.9,1,
2026-04-10T12:13:13.841,NC,COFORGE,1217.3,1271.0,1272.0,1213.0,1264.9,2588691,1229.69,1217.3,248,1217.6,3,
2026-04-10T12:13:18.747,NC,COFORGE,1217.4,1271.0,1272.0,1213.0,1264.9,2588730,1229.69,1217.4,45,1217.6,1,
2026-04-10T12:13:23.456,NC,COFORGE,1217.6,1271.0,1272.0,1213.0,1264.9,2588844,1229.69,1217.8,2,1218.0,545,
2026-04-10T12:13:28.078,NC,COFORGE,1217.3,1271.0,1272.0,1213.0,1264.9,2589809,1229.69,1217.6,28,1218.0,507,
2026-04-10T12:13:32.769,NC,COFORGE,1217.5,1271.0,1272.0,1213.0,1264.9,2589864,1229.68,1217.5,69,1218.0,528,
2026-04-10T12:13:37.269,NC,COFORGE,1218.0,1271.0,1272.0,1213.0,1264.9,2590044,1229.68,1217.5,162,1218.0,489,
2026-04-10T12:13:41.778,NC,COFORGE,1218.0,1271.0,1272.0,1213.0,1264.9,2590273,1229.68,1217.6,25,1218.0,311,
2026-04-10T12:13:44.287,NC,COFORGE,1217.5,1271.0,1272.0,1213.0,1264.9,2590292,1229.68,1217.5,24,1218.0,312,
2026-04-10T12:13:45.275,NC,COFORGE,1217.5,1271.0,1272.0,1213.0,1264.9,2590313,1229.68,1217.5,346,1218.0,311,
2026-04-10T12:13:46.376,NC,COFORGE,1218.0,1271.0,1272.0,1213.0,1264.9,2590363,1229.68,1217.6,43,1218.0,261,
2026-04-10T12:13:47.492,NC,COFORGE,1218.0,1271.0,1272.0,1213.0,1264.9,2590372,1229.68,1217.6,100,1218.0,258,
2026-04-10T12:13:48.391,NC,COFORGE,1217.6,1271.0,1272.0,1213.0,1264.9,2590382,1229.68,1217.6,49,1218.0,259,
2026-04-10T12:13:49.481,NC,COFORGE,1217.6,1271.0,1272.0,1213.0,1264.9,2590383,1229.68,1217.5,211,1218.0,260,
2026-04-10T12:13:50.578,NC,COFORGE,1218.0,1271.0,1272.0,1213.0,1264.9,2590413,1229.68,1217.6,1,1218.0,418,
2026-04-10T12:13:51.680,NC,COFORGE,1218.0,1271.0,1272.0,1213.0,1264.9,2590422,1229.68,1217.6,1,1218.0,414,
2026-04-10T12:13:54.199,NC,COFORGE,1218.0,1271.0,1272.0,1213.0,1264.9,2590444,1229.68,1217.6,32,1218.0,407,
2026-04-10T12:13:55.285,NC,COFORGE,1218.0,1271.0,1272.0,1213.0,1264.9,2590453,1229.68,1217.6,24,1218.0,481,
2026-04-10T12:13:56.286,NC,COFORGE,1218.0,1271.0,1272.0,1213.0,1264.9,2590528,1229.68,1217.6,45,1218.0,557,
2026-04-10T12:13:57.188,NC,COFORGE,1217.6,1271.0,1272.0,1213.0,1264.9,2590537,1229.68,1217.6,36,1218.0,557,
2026-04-10T12:13:58.192,NC,COFORGE,1218.0,1271.0,1272.0,1213.0,1264.9,2590538,1229.68,1217.6,71,1218.0,401,
2026-04-10T12:13:59.301,NC,COFORGE,1217.6,1271.0,1272.0,1213.0,1264.9,2590578,1229.68,1217.6,76,1218.0,428,
2026-04-10T12:14:00.391,NC,COFORGE,1217.6,1271.0,1272.0,1213.0,1264.9,2590594,1229.68,1217.6,62,1218.0,428,
2026-04-10T12:14:02.298,NC,COFORGE,1218.0,1271.0,1272.0,1213.0,1264.9,2590713,1229.68,1217.5,242,1218.0,409,
2026-04-10T12:14:03.297,NC,COFORGE,1217.5,1271.0,1272.0,1213.0,1264.9,2590728,1229.68,1217.5,335,1218.0,409,
2026-04-10T12:14:04.302,NC,COFORGE,1217.5,1271.0,1272.0,1213.0,1264.9,2590729,1229.68,1217.6,35,1218.0,409,
2026-04-10T12:14:05.301,NC,COFORGE,1218.0,1271.0,1272.0,1213.0,1264.9,2590758,1229.68,1217.6,35,1218.0,379,
2026-04-10T12:14:06.402,NC,COFORGE,1218.0,1271.0,1272.0,1213.0,1264.9,2590846,1229.68,1217.6,252,1218.0,347,
2026-04-10T12:14:07.505,NC,COFORGE,1218.1,1271.0,1272.0,1213.0,1264.9,2591395,1229.68,1218.1,98,1218.2,10,
2026-04-10T12:14:08.614,NC,COFORGE,1218.2,1271.0,1272.0,1213.0,1264.9,2591396,1229.68,1218.1,35,1218.2,11,
2026-04-10T12:14:09.613,NC,COFORGE,1218.1,1271.0,1272.0,1213.0,1264.9,2591411,1229.68,1218.1,20,1218.2,36,
2026-04-10T12:14:10.609,NC,COFORGE,1218.1,1271.0,1272.0,1213.0,1264.9,2591419,1229.68,1217.9,106,1218.2,36,
2026-04-10T12:14:19.625,NC,COFORGE,1218.2,1271.0,1272.0,1213.0,1264.9,2591422,1229.68,1218.1,100,1218.2,112,
2026-04-10T12:14:20.620,NC,COFORGE,1218.2,1271.0,1272.0,1213.0,1264.9,2591453,1229.68,1218.1,101,1218.2,86,
2026-04-10T12:14:23.727,NC,COFORGE,1218.2,1271.0,1272.0,1213.0,1264.9,2591562,1229.68,1218.1,223,1218.2,18,
2026-04-10T12:14:24.622,NC,COFORGE,1218.1,1271.0,1272.0,1213.0,1264.9,2591563,1229.68,1218.1,134,1218.2,21,
2026-04-10T12:14:26.633,NC,COFORGE,1218.1,1271.0,1272.0,1213.0,1264.9,2591564,1229.68,1218.1,98,1218.2,30,
2026-04-10T12:14:27.629,NC,COFORGE,1218.1,1271.0,1272.0,1213.0,1264.9,2591797,1229.68,1218.1,38,1218.2,29,
2026-04-10T12:14:28.637,NC,COFORGE,1218.1,1271.0,1272.0,1213.0,1264.9,2591799,1229.68,1218.1,36,1218.2,35,
2026-04-10T12:14:29.633,NC,COFORGE,1218.2,1271.0,1272.0,1213.0,1264.9,2591836,1229.68,1218.2,76,1218.5,5,
2026-04-10T12:14:30.641,NC,COFORGE,1218.2,1271.0,1272.0,1213.0,1264.9,2591839,1229.68,1218.2,1,1218.5,7,
2026-04-10T12:14:32.635,NC,COFORGE,1218.1,1271.0,1272.0,1213.0,1264.9,2591861,1229.68,1218.1,1222,1218.5,215,
2026-04-10T12:14:33.542,NC,COFORGE,1218.1,1271.0,1272.0,1213.0,1264.9,2591863,1229.68,1218.1,1220,1218.5,258,
2026-04-10T12:14:34.442,NC,COFORGE,1218.5,1271.0,1272.0,1213.0,1264.9,2591963,1229.68,1218.1,1220,1218.5,168,
2026-04-10T12:14:35.572,NC,COFORGE,1218.1,1271.0,1272.0,1213.0,1264.9,2592137,1229.67,1218.1,1118,1218.5,96,
2026-04-10T12:14:37.454,NC,COFORGE,1218.7,1271.0,1272.0,1213.0,1264.9,2592539,1229.67,1218.1,1115,1218.5,20,
2026-04-10T12:14:39.566,NC,COFORGE,1218.6,1271.0,1272.0,1213.0,1264.9,2592751,1229.67,1218.1,1259,1218.5,30,
2026-04-10T12:14:40.457,NC,COFORGE,1218.1,1271.0,1272.0,1213.0,1264.9,2592782,1229.67,1218.1,1230,1218.5,79,
2026-04-10T12:14:41.550,NC,COFORGE,1218.5,1271.0,1272.0,1213.0,1264.9,2592797,1229.67,1218.1,1230,1218.5,56,
2026-04-10T12:14:42.547,NC,COFORGE,1218.1,1271.0,1272.0,1213.0,1264.9,2592852,1229.67,1218.1,1225,1218.5,13,
2026-04-10T12:14:45.854,NC,COFORGE,1218.0,1271.0,1272.0,1213.0,1264.9,2594996,1229.66,1217.9,26,1218.0,54,
2026-04-10T12:14:51.558,NC,COFORGE,1217.9,1271.0,1272.0,1213.0,1264.9,2595291,1229.66,1217.8,190,1218.0,52,
2026-04-10T12:14:56.786,NC,COFORGE,1218.3,1271.0,1272.0,1213.0,1264.9,2595648,1229.66,1218.3,9,1218.6,490,
2026-04-10T12:15:01.780,NC,COFORGE,1218.3,1271.0,1272.0,1213.0,1264.9,2595876,1229.66,1218.0,859,1218.4,82,
2026-04-10T12:15:06.910,NC,COFORGE,1218.0,1271.0,1272.0,1213.0,1264.9,2595980,1229.66,1218.0,1262,1218.4,158,
2026-04-10T12:15:11.683,NC,COFORGE,1218.5,1271.0,1272.0,1213.0,1264.9,2596368,1229.66,1218.0,1281,1218.5,86,
2026-04-10T12:15:16.696,NC,COFORGE,1218.6,1271.0,1272.0,1213.0,1264.9,2596385,1229.66,1218.3,231,1218.6,2,
2026-04-10T12:15:21.599,NC,COFORGE,1219.6,1271.0,1272.0,1213.0,1264.9,2598789,1229.65,1219.6,145,1219.9,108,
2026-04-10T12:15:26.512,NC,COFORGE,1219.2,1271.0,1272.0,1213.0,1264.9,2600727,1229.64,1218.8,133,1219.3,336,
2026-04-10T12:15:31.344,NC,COFORGE,1218.9,1271.0,1272.0,1213.0,1264.9,2601130,1229.64,1218.6,21,1218.9,175,
2026-04-10T12:15:35.946,NC,COFORGE,1218.6,1271.0,1272.0,1213.0,1264.9,2601350,1229.64,1218.0,1467,1218.6,112,
2026-04-10T12:15:41.041,NC,COFORGE,1218.5,1271.0,1272.0,1213.0,1264.9,2602120,1229.63,1218.0,1310,1218.5,64,
2026-04-10T12:15:44.123,NC,COFORGE,1218.5,1271.0,1272.0,1213.0,1264.9,2602185,1229.63,1218.3,1,1218.5,238,
2026-04-10T12:15:45.230,NC,COFORGE,1218.5,1271.0,1272.0,1213.0,1264.9,2602257,1229.63,1218.0,1310,1218.5,191,
2026-04-10T12:15:47.238,NC,COFORGE,1218.0,1271.0,1272.0,1213.0,1264.9,2602320,1229.63,1218.0,1292,1218.4,335,
2026-04-10T12:15:48.431,NC,COFORGE,1218.4,1271.0,1272.0,1213.0,1264.9,2602321,1229.63,1218.0,1292,1218.4,346,
2026-04-10T12:15:49.468,NC,COFORGE,1218.4,1271.0,1272.0,1213.0,1264.9,2602492,1229.63,1218.0,1277,1218.4,363,
2026-04-10T12:15:50.435,NC,COFORGE,1218.3,1271.0,1272.0,1213.0,1264.9,2602526,1229.63,1218.0,1274,1218.4,402,
2026-04-10T12:15:51.445,NC,COFORGE,1218.0,1271.0,1272.0,1213.0,1264.9,2602528,1229.63,1218.0,1272,1218.4,428,
2026-04-10T12:15:52.547,NC,COFORGE,1218.0,1271.0,1272.0,1213.0,1264.9,2603800,1229.63,1218.0,29,1218.3,288,
2026-04-10T12:15:53.649,NC,COFORGE,1218.2,1271.0,1272.0,1213.0,1264.9,2603918,1229.62,1218.0,10,1218.2,264,
2026-04-10T12:15:54.538,NC,COFORGE,1218.0,1271.0,1272.0,1213.0,1264.9,2603928,1229.62,1217.7,34,1218.0,390,
2026-04-10T12:15:55.539,NC,COFORGE,1217.7,1271.0,1272.0,1213.0,1264.9,2603963,1229.62,1217.7,34,1218.0,502,
2026-04-10T12:15:56.649,NC,COFORGE,1218.0,1271.0,1272.0,1213.0,1264.9,2603964,1229.62,1217.7,34,1218.0,528,
2026-04-10T12:15:57.746,NC,COFORGE,1217.9,1271.0,1272.0,1213.0,1264.9,2603996,1229.62,1217.7,7,1217.9,140,
2026-04-10T12:15:58.843,NC,COFORGE,1217.6,1271.0,1272.0,1213.0,1264.9,2604025,1229.62,1217.6,12,1217.9,225,
2026-04-10T12:15:59.748,NC,COFORGE,1217.6,1271.0,1272.0,1213.0,1264.9,2604026,1229.62,1217.6,11,1217.9,275,
2026-04-10T12:16:00.845,NC,COFORGE,1216.8,1271.0,1272.0,1213.0,1264.9,2606245,1229.61,1217.0,35,1217.5,7,
2026-04-10T12:16:01.946,NC,COFORGE,1216.9,1271.0,1272.0,1213.0,1264.9,2606499,1229.61,1216.9,52,1217.5,142,
2026-04-10T12:16:03.049,NC,COFORGE,1216.9,1271.0,1272.0,1213.0,1264.9,2606551,1229.61,1217.0,1,1217.5,142,
2026-04-10T12:16:04.148,NC,COFORGE,1216.9,1271.0,1272.0,1213.0,1264.9,2606804,1229.61,1216.9,132,1217.5,215,
2026-04-10T12:16:05.164,NC,COFORGE,1217.5,1271.0,1272.0,1213.0,1264.9,2606843,1229.61,1216.9,28,1217.5,306,
2026-04-10T12:16:06.271,NC,COFORGE,1216.9,1271.0,1272.0,1213.0,1264.9,2606899,1229.61,1216.8,165,1217.4,90,
2026-04-10T12:16:07.360,NC,COFORGE,1216.9,1271.0,1272.0,1213.0,1264.9,2606920,1229.61,1216.9,87,1217.4,52,
2026-04-10T12:16:08.469,NC,COFORGE,1217.1,1271.0,1272.0,1213.0,1264.9,2606921,1229.61,1217.1,34,1217.4,79,
2026-04-10T12:16:10.552,NC,COFORGE,1217.4,1271.0,1272.0,1213.0,1264.9,2607037,1229.61,1217.1,265,1217.4,15,
2026-04-10T12:16:12.670,NC,COFORGE,1217.1,1271.0,1272.0,1213.0,1264.9,2607055,1229.61,1217.1,89,1217.4,25,
2026-04-10T12:16:13.767,NC,COFORGE,1217.1,1271.0,1272.0,1213.0,1264.9,2607057,1229.61,1217.3,4,1217.4,24,
2026-04-10T12:16:15.869,NC,COFORGE,1217.4,1271.0,1272.0,1213.0,1264.9,2607065,1229.61,1217.3,38,1217.4,16,
2026-04-10T12:16:17.083,NC,COFORGE,1217.5,1271.0,1272.0,1213.0,1264.9,2607322,1229.61,1217.4,151,1217.6,98,
2026-04-10T12:16:19.279,NC,COFORGE,1217.6,1271.0,1272.0,1213.0,1264.9,2607484,1229.61,1217.6,58,1218.1,40,
2026-04-10T12:16:20.371,NC,COFORGE,1217.9,1271.0,1272.0,1213.0,1264.9,2607537,1229.61,1217.4,61,1217.9,104,
2026-04-10T12:16:21.467,NC,COFORGE,1217.9,1271.0,1272.0,1213.0,1264.9,2607541,1229.61,1217.5,35,1218.0,252,
2026-04-10T12:16:22.565,NC,COFORGE,1217.9,1271.0,1272.0,1213.0,1264.9,2607542,1229.61,1217.5,35,1218.0,49,
2026-04-10T12:16:23.667,NC,COFORGE,1218.0,1271.0,1272.0,1213.0,1264.9,2607644,1229.61,1217.8,1,1218.0,4,
2026-04-10T12:16:24.772,NC,COFORGE,1218.0,1271.0,1272.0,1213.0,1264.9,2607646,1229.61,1217.8,1,1218.0,134,
2026-04-10T12:16:25.670,NC,COFORGE,1218.0,1271.0,1272.0,1213.0,1264.9,2607651,1229.61,1217.5,276,1218.0,24,
2026-04-10T12:16:28.779,NC,COFORGE,1218.0,1271.0,1272.0,1213.0,1264.9,2607652,1229.61,1217.6,62,1218.0,23,
2026-04-10T12:16:29.774,NC,COFORGE,1217.6,1271.0,1272.0,1213.0,1264.9,2608168,1229.6,1217.4,722,1218.0,455,
2026-04-10T12:16:32.881,NC,COFORGE,1218.0,1271.0,1272.0,1213.0,1264.9,2608169,1229.6,1217.8,30,1218.0,290,
2026-04-10T12:16:33.990,NC,COFORGE,1218.0,1271.0,1272.0,1213.0,1264.9,2608173,1229.6,1217.9,1,1218.0,217,
2026-04-10T12:16:35.087,NC,COFORGE,1218.0,1271.0,1272.0,1213.0,1264.9,2608179,1229.6,1217.8,30,1218.0,211,
2026-04-10T12:16:36.182,NC,COFORGE,1218.0,1271.0,1272.0,1213.0,1264.9,2608208,1229.6,1217.8,30,1218.0,300,
2026-04-10T12:16:39.389,NC,COFORGE,1218.0,1271.0,1272.0,1213.0,1264.9,2608413,1229.6,1217.8,30,1217.9,5,
2026-04-10T12:16:40.489,NC,COFORGE,1217.6,1271.0,1272.0,1213.0,1264.9,2608513,1229.6,1217.8,2,1217.9,5,
2026-04-10T12:16:42.698,NC,COFORGE,1218.0,1271.0,1272.0,1213.0,1264.9,2608689,1229.6,1217.8,2,1218.0,20,
2026-04-10T12:16:43.696,NC,COFORGE,1217.9,1271.0,1272.0,1213.0,1264.9,2608703,1229.6,1217.8,1,1218.0,64,
2026-04-10T12:16:45.802,NC,COFORGE,1218.0,1271.0,1272.0,1213.0,1264.9,2608707,1229.6,1217.8,1,1218.0,153,
2026-04-10T12:16:46.906,NC,COFORGE,1217.6,1271.0,1272.0,1213.0,1264.9,2608727,1229.6,1217.6,61,1218.0,162,
2026-04-10T12:16:50.313,NC,COFORGE,1217.5,1271.0,1272.0,1213.0,1264.9,2609137,1229.6,1217.5,257,1218.0,321,
2026-04-10T12:16:52.554,NC,COFORGE,1218.0,1271.0,1272.0,1213.0,1264.9,2609142,1229.6,1217.5,257,1218.0,428,
2026-04-10T12:16:54.666,NC,COFORGE,1218.0,1271.0,1272.0,1213.0,1264.9,2609143,1229.6,1217.5,257,1218.0,527,
2026-04-10T12:16:56.661,NC,COFORGE,1218.0,1271.0,1272.0,1213.0,1264.9,2609144,1229.6,1217.5,385,1218.0,252,
2026-04-10T12:17:00.959,NC,COFORGE,1218.0,1271.0,1272.0,1213.0,1264.9,2609146,1229.6,1217.6,54,1218.0,196,
2026-04-10T12:17:02.159,NC,COFORGE,1218.0,1271.0,1272.0,1213.0,1264.9,2609182,1229.6,1217.6,168,1218.0,160,
2026-04-10T12:17:03.269,NC,COFORGE,1218.0,1271.0,1272.0,1213.0,1264.9,2609188,1229.6,1217.8,1,1218.0,154,
2026-04-10T12:17:05.461,NC,COFORGE,1218.0,1271.0,1272.0,1213.0,1264.9,2609225,1229.6,1217.7,79,1218.0,211,
2026-04-10T12:17:06.579,NC,COFORGE,1218.0,1271.0,1272.0,1213.0,1264.9,2609227,1229.6,1217.8,171,1218.0,210,
2026-04-10T12:17:08.672,NC,COFORGE,1218.0,1271.0,1272.0,1213.0,1264.9,2609257,1229.6,1217.8,197,1218.0,180,
2026-04-10T12:17:09.869,NC,COFORGE,1218.0,1271.0,1272.0,1213.0,1264.9,2609261,1229.6,1217.8,197,1218.0,176,
2026-04-10T12:17:10.970,NC,COFORGE,1218.0,1271.0,1272.0,1213.0,1264.9,2609262,1229.6,1217.8,172,1218.0,175,
2026-04-10T12:17:13.068,NC,COFORGE,1218.0,1271.0,1272.0,1213.0,1264.9,2609263,1229.6,1217.9,1,1218.0,174,
2026-04-10T12:17:15.073,NC,COFORGE,1218.0,1271.0,1272.0,1213.0,1264.9,2609270,1229.6,1217.8,35,1218.0,167,
2026-04-10T12:17:16.081,NC,COFORGE,1218.0,1271.0,1272.0,1213.0,1264.9,2609370,1229.6,1217.7,128,1218.0,81,
2026-04-10T12:17:18.984,NC,COFORGE,1218.0,1271.0,1272.0,1213.0,1264.9,2609380,1229.6,1217.7,211,1218.0,71,
2026-04-10T12:17:21.082,NC,COFORGE,1218.0,1271.0,1272.0,1213.0,1264.9,2609495,1229.6,1218.0,91,1218.3,20,
2026-04-10T12:17:23.091,NC,COFORGE,1218.3,1271.0,1272.0,1213.0,1264.9,2609496,1229.6,1218.2,2,1218.3,23,
2026-04-10T12:17:25.084,NC,COFORGE,1218.3,1271.0,1272.0,1213.0,1264.9,2609511,1229.6,1218.1,35,1218.3,8,
2026-04-10T12:17:26.083,NC,COFORGE,1218.3,1271.0,1272.0,1213.0,1264.9,2609512,1229.6,1218.1,158,1218.3,7,
2026-04-10T12:17:29.992,NC,COFORGE,1218.1,1271.0,1272.0,1213.0,1264.9,2609513,1229.6,1218.1,157,1218.3,7,
2026-04-10T12:17:30.994,NC,COFORGE,1218.3,1271.0,1272.0,1213.0,1264.9,2609569,1229.6,1218.1,193,1218.6,82,
2026-04-10T12:17:33.999,NC,COFORGE,1218.6,1271.0,1272.0,1213.0,1264.9,2609570,1229.6,1218.4,1,1218.6,48,
2026-04-10T12:17:36.006,NC,COFORGE,1218.6,1271.0,1272.0,1213.0,1264.9,2609641,1229.6,1218.1,191,1218.6,25,
2026-04-10T12:17:37.009,NC,COFORGE,1218.1,1271.0,1272.0,1213.0,1264.9,2609642,1229.6,1218.1,149,1218.6,25,
2026-04-10T12:17:38.007,NC,COFORGE,1218.1,1271.0,1272.0,1213.0,1264.9,2609647,1229.6,1218.1,144,1218.6,55,
2026-04-10T12:17:40.022,NC,COFORGE,1218.7,1271.0,1272.0,1213.0,1264.9,2609884,1229.6,1218.1,153,1218.7,70,
2026-04-10T12:17:45.536,NC,COFORGE,1218.6,1271.0,1272.0,1213.0,1264.9,2609909,1229.6,1218.1,69,1218.6,234,
2026-04-10T12:17:50.035,NC,COFORGE,1218.4,1271.0,1272.0,1213.0,1264.9,2610033,1229.6,1218.1,66,1218.4,255,
2026-04-10T12:17:54.434,NC,COFORGE,1218.4,1271.0,1272.0,1213.0,1264.9,2610077,1229.6,1218.3,1,1218.4,113,
2026-04-10T12:17:59.047,NC,COFORGE,1217.9,1271.0,1272.0,1213.0,1264.9,2610490,1229.59,1217.5,1,1217.9,212,
2026-04-10T12:18:03.546,NC,COFORGE,1217.9,1271.0,1272.0,1213.0,1264.9,2610875,1229.59,1217.8,2,1217.9,186,
2026-04-10T12:18:08.448,NC,COFORGE,1217.8,1271.0,1272.0,1213.0,1264.9,2611041,1229.59,1217.8,9,1217.9,176,
2026-04-10T12:18:13.660,NC,COFORGE,1217.9,1271.0,1272.0,1213.0,1264.9,2611066,1229.59,1217.6,121,1217.8,5,
2026-04-10T12:18:18.779,NC,COFORGE,1217.7,1271.0,1272.0,1213.0,1264.9,2611329,1229.59,1217.7,34,1217.9,8,
2026-04-10T12:18:23.765,NC,COFORGE,1217.7,1271.0,1272.0,1213.0,1264.9,2611363,1229.59,1217.8,1,1217.9,7,
2026-04-10T12:18:29.164,NC,COFORGE,1217.9,1271.0,1272.0,1213.0,1264.9,2611469,1229.59,1217.5,50,1217.9,369,
2026-04-10T12:18:33.976,NC,COFORGE,1217.7,1271.0,1272.0,1213.0,1264.9,2611483,1229.59,1217.7,1,1217.8,303,
2026-04-10T12:18:38.782,NC,COFORGE,1217.7,1271.0,1272.0,1213.0,1264.9,2611573,1229.59,1217.5,49,1217.8,167,
2026-04-10T12:18:43.411,NC,COFORGE,1217.5,1271.0,1272.0,1213.0,1264.9,2611816,1229.59,1217.7,2,1217.8,7,
2026-04-10T12:18:47.896,NC,COFORGE,1217.8,1271.0,1272.0,1213.0,1264.9,2611859,1229.59,1217.5,12,1217.8,4,
2026-04-10T12:18:52.898,NC,COFORGE,1218.0,1271.0,1272.0,1213.0,1264.9,2611896,1229.59,1217.8,27,1218.0,80,
2026-04-10T12:18:58.032,NC,COFORGE,1218.0,1271.0,1272.0,1213.0,1264.9,2612148,1229.59,1217.7,130,1218.0,74,
2026-04-10T12:19:08.040,NC,COFORGE,1217.9,1271.0,1272.0,1213.0,1264.9,2612226,1229.59,1217.5,333,1217.9,390,
2026-04-10T12:19:12.832,NC,COFORGE,1217.9,1271.0,1272.0,1213.0,1264.9,2612236,1229.59,1217.5,335,1217.9,405,
2026-04-10T12:19:17.640,NC,COFORGE,1217.9,1271.0,1272.0,1213.0,1264.9,2612305,1229.59,1217.8,1,1217.9,101,
2026-04-10T12:19:22.349,NC,COFORGE,1217.9,1271.0,1272.0,1213.0,1264.9,2612360,1229.59,1217.8,3,1217.9,46,
2026-04-10T12:19:27.061,NC,COFORGE,1217.9,1271.0,1272.0,1213.0,1264.9,2612407,1229.59,1217.6,224,1217.9,30,
2026-04-10T12:19:31.573,NC,COFORGE,1217.9,1271.0,1272.0,1213.0,1264.9,2612412,1229.59,1217.6,35,1217.9,25,
2026-04-10T12:19:36.371,NC,COFORGE,1217.9,1271.0,1272.0,1213.0,1264.9,2612450,1229.59,1217.6,34,1217.9,24,
2026-04-10T12:19:41.475,NC,COFORGE,1217.9,1271.0,1272.0,1213.0,1264.9,2612745,1229.58,1217.8,2,1217.9,3,
2026-04-10T12:19:46.589,NC,COFORGE,1217.9,1271.0,1272.0,1213.0,1264.9,2612771,1229.58,1217.9,17,1218.0,44,
2026-04-10T12:19:51.500,NC,COFORGE,1218.0,1271.0,1272.0,1213.0,1264.9,2612866,1229.58,1217.9,22,1218.0,16,
2026-04-10T12:19:56.200,NC,COFORGE,1217.9,1271.0,1272.0,1213.0,1264.9,2612890,1229.58,1217.9,51,1218.0,5,
2026-04-10T12:20:01.008,NC,COFORGE,1217.7,1271.0,1272.0,1213.0,1264.9,2613253,1229.58,1217.5,303,1217.7,35,
2026-04-10T12:20:05.812,NC,COFORGE,1217.7,1271.0,1272.0,1213.0,1264.9,2613822,1229.58,1217.6,3,1217.7,279,
2026-04-10T12:20:10.932,NC,COFORGE,1217.6,1271.0,1272.0,1213.0,1264.9,2613854,1229.58,1217.6,1,1217.7,94,
2026-04-10T12:20:16.230,NC,COFORGE,1217.5,1271.0,1272.0,1213.0,1264.9,2614891,1229.57,1217.2,250,1217.5,384,
2026-04-10T12:20:21.347,NC,COFORGE,1217.5,1271.0,1272.0,1213.0,1264.9,2615136,1229.57,1217.2,301,1217.5,219,
2026-04-10T12:20:26.343,NC,COFORGE,1217.2,1271.0,1272.0,1213.0,1264.9,2615264,1229.57,1217.2,230,1217.5,294,
2026-04-10T12:20:31.057,NC,COFORGE,1217.5,1271.0,1272.0,1213.0,1264.9,2615368,1229.57,1217.2,52,1217.5,238,
2026-04-10T12:20:35.857,NC,COFORGE,1217.0,1271.0,1272.0,1213.0,1264.9,2616118,1229.57,1217.4,3,1217.5,243,
2026-04-10T12:20:40.864,NC,COFORGE,1217.5,1271.0,1272.0,1213.0,1264.9,2616388,1229.57,1217.1,502,1217.5,152,
2026-04-10T12:20:45.772,NC,COFORGE,1217.0,1271.0,1272.0,1213.0,1264.9,2617328,1229.56,1217.0,2116,1217.5,142,
2026-04-10T12:20:50.679,NC,COFORGE,1217.5,1271.0,1272.0,1213.0,1264.9,2617390,1229.56,1217.1,424,1217.5,107,
2026-04-10T12:20:55.388,NC,COFORGE,1217.5,1271.0,1272.0,1213.0,1264.9,2617519,1229.56,1217.1,44,1217.5,128,
2026-04-10T12:21:00.203,NC,COFORGE,1217.0,1271.0,1272.0,1213.0,1264.9,2617689,1229.56,1217.0,1865,1217.5,309,
2026-04-10T12:21:05.415,NC,COFORGE,1217.3,1271.0,1272.0,1213.0,1264.9,2617719,1229.56,1217.3,3,1217.4,359,
2026-04-10T12:21:10.912,NC,COFORGE,1217.4,1271.0,1272.0,1213.0,1264.9,2618057,1229.56,1217.3,6,1217.4,18,
2026-04-10T12:21:16.008,NC,COFORGE,1217.4,1271.0,1272.0,1213.0,1264.9,2618072,1229.56,1217.3,1,1217.4,59,
2026-04-10T12:21:20.735,NC,COFORGE,1217.0,1271.0,1272.0,1213.0,1264.9,2618515,1229.56,1217.0,1783,1217.3,35,
2026-04-10T12:21:25.628,NC,COFORGE,1217.0,1271.0,1272.0,1213.0,1264.9,2618633,1229.56,1217.0,1780,1217.3,128,
2026-04-10T12:21:30.346,NC,COFORGE,1217.3,1271.0,1272.0,1213.0,1264.9,2618657,1229.56,1217.0,1776,1217.3,92,
2026-04-10T12:21:34.942,NC,COFORGE,1217.3,1271.0,1272.0,1213.0,1264.9,2618872,1229.56,1217.2,1,1217.3,4,
2026-04-10T12:21:39.961,NC,COFORGE,1217.5,1271.0,1272.0,1213.0,1264.9,2619134,1229.55,1217.2,11,1217.5,1478,
2026-04-10T12:21:44.856,NC,COFORGE,1217.0,1271.0,1272.0,1213.0,1264.9,2619189,1229.55,1217.0,1676,1217.4,411,
2026-04-10T12:21:50.061,NC,COFORGE,1217.0,1271.0,1272.0,1213.0,1264.9,2619944,1229.55,1217.0,1634,1217.4,132,
2026-04-10T12:21:55.280,NC,COFORGE,1217.4,1271.0,1272.0,1213.0,1264.9,2620132,1229.55,1217.0,1611,1217.4,137,
2026-04-10T12:22:00.599,NC,COFORGE,1217.0,1271.0,1272.0,1213.0,1264.9,2620204,1229.55,1217.0,1502,1217.4,132,
2026-04-10T12:22:05.590,NC,COFORGE,1217.4,1271.0,1272.0,1213.0,1264.9,2620311,1229.55,1217.0,1526,1217.4,210,
2026-04-10T12:22:10.705,NC,COFORGE,1217.4,1271.0,1272.0,1213.0,1264.9,2620409,1229.55,1217.0,1499,1217.4,150,
2026-04-10T12:22:15.608,NC,COFORGE,1217.4,1271.0,1272.0,1213.0,1264.9,2620428,1229.55,1217.0,1492,1217.4,151,
2026-04-10T12:22:20.604,NC,COFORGE,1217.4,1271.0,1272.0,1213.0,1264.9,2620559,1229.55,1217.1,16,1217.4,120,
2026-04-10T12:22:25.308,NC,COFORGE,1217.4,1271.0,1272.0,1213.0,1264.9,2620681,1229.55,1217.1,15,1217.4,78,
2026-04-10T12:22:29.731,NC,COFORGE,1217.0,1271.0,1272.0,1213.0,1264.9,2620752,1229.55,1217.0,1565,1217.4,39,
2026-04-10T12:22:39.632,NC,COFORGE,1217.5,1271.0,1272.0,1213.0,1264.9,2621054,1229.55,1217.2,33,1217.5,932,
2026-04-10T12:22:44.434,NC,COFORGE,1217.5,1271.0,1272.0,1213.0,1264.9,2621189,1229.54,1217.1,95,1217.5,995,
2026-04-10T12:22:49.444,NC,COFORGE,1217.5,1271.0,1272.0,1213.0,1264.9,2621195,1229.54,1217.1,99,1217.5,990,
2026-04-10T12:22:54.661,NC,COFORGE,1217.5,1271.0,1272.0,1213.0,1264.9,2621230,1229.54,1217.3,1,1217.5,986,
2026-04-10T12:22:59.371,NC,COFORGE,1217.5,1271.0,1272.0,1213.0,1264.9,2621238,1229.54,1217.1,135,1217.5,1007,
2026-04-10T12:23:04.285,NC,COFORGE,1217.5,1271.0,1272.0,1213.0,1264.9,2621251,1229.54,1217.3,1,1217.5,996,
2026-04-10T12:23:08.886,NC,COFORGE,1217.5,1271.0,1272.0,1213.0,1264.9,2621762,1229.54,1217.1,197,1217.5,455,
2026-04-10T12:23:13.789,NC,COFORGE,1217.5,1271.0,1272.0,1213.0,1264.9,2621803,1229.54,1217.3,1,1217.5,453,
2026-04-10T12:23:19.205,NC,COFORGE,1217.2,1271.0,1272.0,1213.0,1264.9,2622071,1229.54,1217.2,378,1217.5,192,
2026-04-10T12:23:24.205,NC,COFORGE,1217.4,1271.0,1272.0,1213.0,1264.9,2622240,1229.54,1217.4,3,1217.5,102,
2026-04-10T12:23:29.022,NC,COFORGE,1217.2,1271.0,1272.0,1213.0,1264.9,2624315,1229.53,1217.2,134,1217.5,89,
2026-04-10T12:23:34.123,NC,COFORGE,1217.5,1271.0,1272.0,1213.0,1264.9,2624677,1229.53,1217.3,1,1217.5,34,
2026-04-10T12:23:38.923,NC,COFORGE,1217.5,1271.0,1272.0,1213.0,1264.9,2624771,1229.53,1217.2,4,1217.5,341,
2026-04-10T12:23:43.438,NC,COFORGE,1217.2,1271.0,1272.0,1213.0,1264.9,2625008,1229.53,1217.0,533,1217.4,94,
2026-04-10T12:23:48.236,NC,COFORGE,1217.4,1271.0,1272.0,1213.0,1264.9,2625104,1229.53,1217.2,40,1217.4,22,
2026-04-10T12:23:53.344,NC,COFORGE,1217.4,1271.0,1272.0,1213.0,1264.9,2625244,1229.53,1217.3,1,1217.4,52,
2026-04-10T12:23:58.250,NC,COFORGE,1217.4,1271.0,1272.0,1213.0,1264.9,2625301,1229.53,1217.2,30,1217.4,65,
2026-04-10T12:24:02.854,NC,COFORGE,1217.4,1271.0,1272.0,1213.0,1264.9,2625313,1229.53,1217.2,161,1217.4,77,
2026-04-10T12:24:07.672,NC,COFORGE,1217.5,1271.0,1272.0,1213.0,1264.9,2625559,1229.52,1217.5,68,1217.7,30,
2026-04-10T12:24:17.184,NC,COFORGE,1217.7,1271.0,1272.0,1213.0,1264.9,2626344,1229.52,1217.8,154,1218.0,218,
2026-04-10T12:24:22.184,NC,COFORGE,1218.0,1271.0,1272.0,1213.0,1264.9,2626683,1229.52,1218.0,3,1218.2,550,
2026-04-10T12:24:27.686,NC,COFORGE,1218.1,1271.0,1272.0,1213.0,1264.9,2626816,1229.52,1217.8,69,1218.1,433,
2026-04-10T12:24:32.694,NC,COFORGE,1218.1,1271.0,1272.0,1213.0,1264.9,2626879,1229.52,1217.8,95,1218.1,456,
2026-04-10T12:24:37.537,NC,COFORGE,1218.1,1271.0,1272.0,1213.0,1264.9,2627473,1229.52,1218.1,3,1218.4,15,
2026-04-10T12:24:42.143,NC,COFORGE,1218.7,1271.0,1272.0,1213.0,1264.9,2628213,1229.51,1218.4,58,1218.8,2,
2026-04-10T12:24:46.747,NC,COFORGE,1218.7,1271.0,1272.0,1213.0,1264.9,2628248,1229.51,1218.4,116,1218.8,1,
2026-04-10T12:24:51.870,NC,COFORGE,1219.1,1271.0,1272.0,1213.0,1264.9,2628445,1229.51,1218.6,183,1219.2,1,
2026-04-10T12:24:56.470,NC,COFORGE,1219.2,1271.0,1272.0,1213.0,1264.9,2628454,1229.51,1218.9,160,1219.5,239,
2026-04-10T12:25:01.182,NC,COFORGE,1219.5,1271.0,1272.0,1213.0,1264.9,2628466,1229.51,1219.1,226,1219.5,95,
2026-04-10T12:25:06.376,NC,COFORGE,1219.5,1271.0,1272.0,1213.0,1264.9,2628552,1229.51,1219.1,282,1219.5,86,
2026-04-10T12:25:11.185,NC,COFORGE,1219.2,1271.0,1272.0,1213.0,1264.9,2628614,1229.51,1219.2,83,1219.5,375,
2026-04-10T12:25:15.800,NC,COFORGE,1219.5,1271.0,1272.0,1213.0,1264.9,2630655,1229.5,1218.8,230,1219.2,3,
2026-04-10T12:25:20.713,NC,COFORGE,1219.2,1271.0,1272.0,1213.0,1264.9,2630741,1229.5,1219.1,3,1219.2,93,
2026-04-10T12:25:25.412,NC,COFORGE,1219.1,1271.0,1272.0,1213.0,1264.9,2630792,1229.5,1219.0,178,1219.2,97,
2026-04-10T12:25:29.922,NC,COFORGE,1219.5,1271.0,1272.0,1213.0,1264.9,2631114,1229.5,1219.3,75,1219.5,407,
2026-04-10T12:25:34.623,NC,COFORGE,1219.4,1271.0,1272.0,1213.0,1264.9,2631148,1229.5,1219.2,41,1219.5,595,
2026-04-10T12:25:39.444,NC,COFORGE,1219.5,1271.0,1272.0,1213.0,1264.9,2631647,1229.5,1218.9,105,1219.5,293,
2026-04-10T12:25:44.536,NC,COFORGE,1219.5,1271.0,1272.0,1213.0,1264.9,2631796,1229.5,1219.1,219,1219.5,190,
2026-04-10T12:25:49.246,NC,COFORGE,1219.5,1271.0,1272.0,1213.0,1264.9,2631809,1229.5,1219.1,283,1219.5,230,
2026-04-10T12:25:53.849,NC,COFORGE,1219.5,1271.0,1272.0,1213.0,1264.9,2631943,1229.5,1219.3,37,1219.5,130,
2026-04-10T12:25:58.261,NC,COFORGE,1219.3,1271.0,1272.0,1213.0,1264.9,2632638,1229.5,1218.9,36,1219.3,6,
2026-04-10T12:26:02.771,NC,COFORGE,1219.1,1271.0,1272.0,1213.0,1264.9,2632902,1229.49,1218.7,10,1219.1,230,
2026-04-10T12:26:07.570,NC,COFORGE,1218.9,1271.0,1272.0,1213.0,1264.9,2633001,1229.49,1218.5,2,1218.8,24,
2026-04-10T12:26:13.294,NC,COFORGE,1218.4,1271.0,1272.0,1213.0,1264.9,2633126,1229.49,1218.4,1,1218.5,8,
2026-04-10T12:26:19.686,NC,COFORGE,1218.5,1271.0,1272.0,1213.0,1264.9,2633284,1229.49,1218.4,1121,1218.5,29,
2026-04-10T12:26:26.034,NC,COFORGE,1218.4,1271.0,1272.0,1213.0,1264.9,2633445,1229.49,1218.4,1019,1218.5,21,
2026-04-10T12:26:32.247,NC,COFORGE,1218.5,1271.0,1272.0,1213.0,1264.9,2633550,1229.49,1218.4,962,1218.5,31,
2026-04-10T12:26:38.221,NC,COFORGE,1218.5,1271.0,1272.0,1213.0,1264.9,2633612,1229.49,1218.4,972,1218.5,20,
2026-04-10T12:26:43.330,NC,COFORGE,1218.6,1271.0,1272.0,1213.0,1264.9,2634355,1229.49,1218.4,899,1218.6,238,
2026-04-10T12:26:48.243,NC,COFORGE,1218.4,1271.0,1272.0,1213.0,1264.9,2635272,1229.48,1218.1,118,1218.4,243,
2026-04-10T12:26:53.136,NC,COFORGE,1218.1,1271.0,1272.0,1213.0,1264.9,2636424,1229.48,1217.6,28,1218.0,284,
2026-04-10T12:26:58.171,NC,COFORGE,1217.6,1271.0,1272.0,1213.0,1264.9,2636502,1229.48,1217.5,45,1217.9,66,
2026-04-10T12:27:03.250,NC,COFORGE,1218.0,1271.0,1272.0,1213.0,1264.9,2636555,1229.48,1217.8,1,1218.0,48,
2026-04-10T12:27:08.255,NC,COFORGE,1218.0,1271.0,1272.0,1213.0,1264.9,2636644,1229.48,1217.8,1,1218.0,79,
2026-04-10T12:27:13.106,NC,COFORGE,1217.8,1271.0,1272.0,1213.0,1264.9,2636703,1229.48,1217.6,1,1217.8,8,
2026-04-10T12:27:18.164,NC,COFORGE,1218.0,1271.0,1272.0,1213.0,1264.9,2636789,1229.48,1217.6,1,1218.0,294,
2026-04-10T12:27:22.974,NC,COFORGE,1217.8,1271.0,1272.0,1213.0,1264.9,2637985,1229.47,1217.5,1,1217.8,2,
2026-04-10T12:27:27.685,NC,COFORGE,1217.6,1271.0,1272.0,1213.0,1264.9,2638231,1229.47,1217.2,14,1217.5,111,
2026-04-10T12:27:33.105,NC,COFORGE,1217.2,1271.0,1272.0,1213.0,1264.9,2639317,1229.47,1216.9,92,1217.2,7,
2026-04-10T12:27:38.194,NC,COFORGE,1216.8,1271.0,1272.0,1213.0,1264.9,2639386,1229.47,1216.6,9,1216.8,94,
2026-04-10T12:27:43.597,NC,COFORGE,1216.5,1271.0,1272.0,1213.0,1264.9,2639800,1229.46,1216.5,47,1216.6,6,
2026-04-10T12:27:48.416,NC,COFORGE,1216.8,1271.0,1272.0,1213.0,1264.9,2639868,1229.46,1216.5,21,1216.8,4,
2026-04-10T12:27:53.408,NC,COFORGE,1217.0,1271.0,1272.0,1213.0,1264.9,2639899,1229.46,1217.0,1,1217.3,278,
2026-04-10T12:27:58.216,NC,COFORGE,1217.0,1271.0,1272.0,1213.0,1264.9,2639948,1229.46,1216.9,300,1217.0,6,
2026-04-10T12:28:03.109,NC,COFORGE,1217.0,1271.0,1272.0,1213.0,1264.9,2640121,1229.46,1217.0,56,1217.4,1,
2026-04-10T12:28:07.812,NC,COFORGE,1217.5,1271.0,1272.0,1213.0,1264.9,2640190,1229.46,1217.4,2,1217.6,406,
2026-04-10T12:28:12.826,NC,COFORGE,1217.4,1271.0,1272.0,1213.0,1264.9,2640204,1229.46,1217.0,354,1217.4,8,
2026-04-10T12:28:17.525,NC,COFORGE,1217.3,1271.0,1272.0,1213.0,1264.9,2640277,1229.46,1217.0,141,1217.3,33,
2026-04-10T12:28:22.635,NC,COFORGE,1217.3,1271.0,1272.0,1213.0,1264.9,2640319,1229.46,1217.0,142,1217.2,34,
2026-04-10T12:28:27.438,NC,COFORGE,1217.0,1271.0,1272.0,1213.0,1264.9,2640820,1229.46,1216.6,52,1217.2,173,
2026-04-10T12:28:32.342,NC,COFORGE,1217.0,1271.0,1272.0,1213.0,1264.9,2640871,1229.46,1216.6,9,1217.0,81,
2026-04-10T12:28:37.459,NC,COFORGE,1217.3,1271.0,1272.0,1213.0,1264.9,2641706,1229.45,1216.6,59,1217.2,100,
2026-04-10T12:28:42.266,NC,COFORGE,1217.3,1271.0,1272.0,1213.0,1264.9,2642512,1229.45,1217.0,70,1217.3,398,
2026-04-10T12:28:47.074,NC,COFORGE,1217.3,1271.0,1272.0,1213.0,1264.9,2642537,1229.45,1217.2,1,1217.3,468,
2026-04-10T12:28:51.661,NC,COFORGE,1217.3,1271.0,1272.0,1213.0,1264.9,2642679,1229.45,1217.1,31,1217.3,333,
2026-04-10T12:28:56.265,NC,COFORGE,1217.1,1271.0,1272.0,1213.0,1264.9,2642779,1229.45,1217.1,30,1217.3,344,
2026-04-10T12:29:00.874,NC,COFORGE,1217.1,1271.0,1272.0,1213.0,1264.9,2642782,1229.45,1217.0,81,1217.3,384,
2026-04-10T12:29:05.684,NC,COFORGE,1217.2,1271.0,1272.0,1213.0,1264.9,2642842,1229.45,1217.2,4,1217.3,477,
2026-04-10T12:29:10.600,NC,COFORGE,1217.2,1271.0,1272.0,1213.0,1264.9,2642901,1229.45,1217.1,26,1217.2,497,
2026-04-10T12:29:15.711,NC,COFORGE,1217.1,1271.0,1272.0,1213.0,1264.9,2642936,1229.45,1217.0,80,1217.1,7,
2026-04-10T12:29:20.912,NC,COFORGE,1216.9,1271.0,1272.0,1213.0,1264.9,2643215,1229.45,1216.7,37,1216.9,80,
2026-04-10T12:29:25.632,NC,COFORGE,1216.9,1271.0,1272.0,1213.0,1264.9,2643281,1229.45,1216.7,28,1216.9,105,
2026-04-10T12:29:30.132,NC,COFORGE,1216.6,1271.0,1272.0,1213.0,1264.9,2643384,1229.45,1216.6,40,1216.8,91,
2026-04-10T12:29:35.334,NC,COFORGE,1216.8,1271.0,1272.0,1213.0,1264.9,2643824,1229.44,1216.5,324,1216.8,47,
2026-04-10T12:29:40.049,NC,COFORGE,1216.8,1271.0,1272.0,1213.0,1264.9,2644435,1229.44,1216.4,56,1216.8,46,
2026-04-10T12:29:44.439,NC,COFORGE,1216.5,1271.0,1272.0,1213.0,1264.9,2644625,1229.44,1216.5,2,1216.6,10,
2026-04-10T12:29:49.946,NC,COFORGE,1216.7,1271.0,1272.0,1213.0,1264.9,2645312,1229.44,1216.7,243,1217.2,497,
2026-04-10T12:29:55.463,NC,COFORGE,1217.2,1271.0,1272.0,1213.0,1264.9,2645355,1229.44,1216.8,81,1217.2,528,
2026-04-10T12:29:59.856,NC,COFORGE,1216.8,1271.0,1272.0,1213.0,1264.9,2645437,1229.44,1216.6,1,1216.9,283,
2026-04-10T12:30:04.660,NC,COFORGE,1216.9,1271.0,1272.0,1213.0,1264.9,2645604,1229.44,1216.7,100,1216.9,58,
2026-04-10T12:30:09.874,NC,COFORGE,1216.9,1271.0,1272.0,1213.0,1264.9,2645961,1229.43,1216.7,100,1216.9,35,
2026-04-10T12:30:15.098,NC,COFORGE,1216.3,1271.0,1272.0,1213.0,1264.9,2646887,1229.43,1216.3,275,1216.7,1,
2026-04-10T12:30:20.212,NC,COFORGE,1216.9,1271.0,1272.0,1213.0,1264.9,2647041,1229.43,1216.6,25,1217.1,124,
2026-04-10T12:30:24.906,NC,COFORGE,1216.9,1271.0,1272.0,1213.0,1264.9,2647130,1229.43,1216.7,10,1217.0,165,
2026-04-10T12:30:29.610,NC,COFORGE,1216.9,1271.0,1272.0,1213.0,1264.9,2647596,1229.43,1216.4,105,1216.9,38,
2026-04-10T12:30:34.317,NC,COFORGE,1216.8,1271.0,1272.0,1213.0,1264.9,2647649,1229.43,1216.7,1,1216.8,21,
2026-04-10T12:30:39.175,NC,COFORGE,1217.0,1271.0,1272.0,1213.0,1264.9,2647912,1229.43,1216.7,1,1217.0,5,
2026-04-10T12:30:43.940,NC,COFORGE,1216.7,1271.0,1272.0,1213.0,1264.9,2647939,1229.42,1216.5,191,1216.7,7,
2026-04-10T12:30:48.444,NC,COFORGE,1216.5,1271.0,1272.0,1213.0,1264.9,2648363,1229.42,1216.5,113,1216.7,2,
2026-04-10T12:30:53.264,NC,COFORGE,1216.5,1271.0,1272.0,1213.0,1264.9,2648537,1229.42,1216.7,1,1216.8,38,
2026-04-10T12:30:58.261,NC,COFORGE,1216.8,1271.0,1272.0,1213.0,1264.9,2648663,1229.42,1216.2,134,1216.7,8,
2026-04-10T12:31:03.370,NC,COFORGE,1216.7,1271.0,1272.0,1213.0,1264.9,2648802,1229.42,1216.5,2,1216.7,28,
2026-04-10T12:31:08.483,NC,COFORGE,1216.4,1271.0,1272.0,1213.0,1264.9,2649007,1229.42,1216.4,144,1216.7,55,
2026-04-10T12:31:13.683,NC,COFORGE,1216.4,1271.0,1272.0,1213.0,1264.9,2649082,1229.42,1216.4,12,1216.7,76,
2026-04-10T12:31:18.277,NC,COFORGE,1216.4,1271.0,1272.0,1213.0,1264.9,2649097,1229.42,1216.4,8,1216.7,66,
2026-04-10T12:31:22.886,NC,COFORGE,1216.7,1271.0,1272.0,1213.0,1264.9,2649164,1229.42,1216.3,153,1216.7,120,
2026-04-10T12:31:27.296,NC,COFORGE,1216.3,1271.0,1272.0,1213.0,1264.9,2649249,1229.42,1216.3,326,1216.7,125,
2026-04-10T12:31:31.814,NC,COFORGE,1216.2,1271.0,1272.0,1213.0,1264.9,2649379,1229.42,1216.1,70,1216.6,33,
2026-04-10T12:31:36.715,NC,COFORGE,1216.6,1271.0,1272.0,1213.0,1264.9,2649509,1229.42,1216.4,1,1216.6,68,
2026-04-10T12:31:41.605,NC,COFORGE,1216.4,1271.0,1272.0,1213.0,1264.9,2649742,1229.42,1216.2,87,1216.4,7,
2026-04-10T12:31:46.169,NC,COFORGE,1216.2,1271.0,1272.0,1213.0,1264.9,2649762,1229.42,1216.1,632,1216.2,7,
2026-04-10T12:31:50.428,NC,COFORGE,1216.0,1271.0,1272.0,1213.0,1264.9,2654207,1229.39,1215.8,2,1216.0,81,
2026-04-10T12:31:55.433,NC,COFORGE,1216.2,1271.0,1272.0,1213.0,1264.9,2659077,1229.37,1216.2,190,1216.4,1,
2026-04-10T12:32:00.340,NC,COFORGE,1216.4,1271.0,1272.0,1213.0,1264.9,2659810,1229.37,1216.0,372,1216.4,20,
2026-04-10T12:32:04.951,NC,COFORGE,1216.4,1271.0,1272.0,1213.0,1264.9,2660271,1229.36,1216.3,37,1216.6,3,
2026-04-10T12:32:09.548,NC,COFORGE,1216.7,1271.0,1272.0,1213.0,1264.9,2660307,1229.36,1216.2,196,1216.4,3,
2026-04-10T12:32:13.969,NC,COFORGE,1216.2,1271.0,1272.0,1213.0,1264.9,2660380,1229.36,1216.3,1,1216.4,14,
2026-04-10T12:32:18.965,NC,COFORGE,1216.6,1271.0,1272.0,1213.0,1264.9,2660419,1229.36,1216.3,1,1216.6,50,
2026-04-10T12:32:23.779,NC,COFORGE,1216.1,1271.0,1272.0,1213.0,1264.9,2660699,1229.36,1216.2,234,1216.3,5,
2026-04-10T12:32:28.374,NC,COFORGE,1216.2,1271.0,1272.0,1213.0,1264.9,2660899,1229.36,1216.1,58,1216.2,5,
2026-04-10T12:32:32.776,NC,COFORGE,1216.1,1271.0,1272.0,1213.0,1264.9,2660926,1229.36,1216.1,194,1216.2,48,
2026-04-10T12:32:37.397,NC,COFORGE,1216.7,1271.0,1272.0,1213.0,1264.9,2661262,1229.36,1216.2,31,1216.7,39,
2026-04-10T12:32:42.218,NC,COFORGE,1216.1,1271.0,1272.0,1213.0,1264.9,2661488,1229.36,1216.1,105,1216.2,8,
2026-04-10T12:32:46.808,NC,COFORGE,1216.2,1271.0,1272.0,1213.0,1264.9,2661635,1229.36,1216.2,17,1216.4,2,
2026-04-10T12:32:51.409,NC,COFORGE,1216.6,1271.0,1272.0,1213.0,1264.9,2663717,1229.35,1216.4,236,1216.7,5,
2026-04-10T12:32:56.121,NC,COFORGE,1216.9,1271.0,1272.0,1213.0,1264.9,2664591,1229.34,1216.8,76,1217.0,105,
2026-04-10T12:33:00.514,NC,COFORGE,1217.0,1271.0,1272.0,1213.0,1264.9,2664614,1229.34,1216.5,140,1217.0,249,
2026-04-10T12:33:05.015,NC,COFORGE,1216.7,1271.0,1272.0,1213.0,1264.9,2665040,1229.34,1216.7,987,1217.0,48,
2026-04-10T12:33:09.630,NC,COFORGE,1216.9,1271.0,1272.0,1213.0,1264.9,2665130,1229.34,1216.9,41,1217.0,51,
2026-04-10T12:33:14.339,NC,COFORGE,1216.9,1271.0,1272.0,1213.0,1264.9,2665179,1229.34,1216.7,996,1216.9,8,
2026-04-10T12:33:19.117,NC,COFORGE,1216.7,1271.0,1272.0,1213.0,1264.9,2665251,1229.34,1216.7,959,1216.9,2,
2026-04-10T12:33:23.949,NC,COFORGE,1216.9,1271.0,1272.0,1213.0,1264.9,2665287,1229.34,1216.8,2,1216.9,6,
2026-04-10T12:33:28.730,NC,COFORGE,1217.1,1271.0,1272.0,1213.0,1264.9,2665582,1229.34,1216.8,1,1217.1,79,
2026-04-10T12:33:33.532,NC,COFORGE,1217.1,1271.0,1272.0,1213.0,1264.9,2665806,1229.34,1217.0,124,1217.1,53,
2026-04-10T12:33:38.538,NC,COFORGE,1217.2,1271.0,1272.0,1213.0,1264.9,2666278,1229.33,1217.0,117,1217.2,150,
2026-04-10T12:33:43.550,NC,COFORGE,1217.1,1271.0,1272.0,1213.0,1264.9,2666718,1229.33,1217.0,81,1217.1,40,
2026-04-10T12:33:48.481,NC,COFORGE,1217.1,1271.0,1272.0,1213.0,1264.9,2666927,1229.33,1217.0,60,1217.1,29,
2026-04-10T12:33:53.302,NC,COFORGE,1217.0,1271.0,1272.0,1213.0,1264.9,2668050,1229.33,1216.7,480,1217.0,33,
2026-04-10T12:33:58.078,NC,COFORGE,1217.0,1271.0,1272.0,1213.0,1264.9,2668183,1229.32,1216.7,359,1217.0,180,
2026-04-10T12:34:02.678,NC,COFORGE,1217.0,1271.0,1272.0,1213.0,1264.9,2668284,1229.32,1216.7,350,1217.0,66,
2026-04-10T12:34:07.690,NC,COFORGE,1217.0,1271.0,1272.0,1213.0,1264.9,2668351,1229.32,1216.7,348,1217.0,87,
2026-04-10T12:34:12.922,NC,COFORGE,1217.0,1271.0,1272.0,1213.0,1264.9,2668618,1229.32,1216.7,265,1217.0,322,
2026-04-10T12:34:18.320,NC,COFORGE,1217.5,1271.0,1272.0,1213.0,1264.9,2669068,1229.32,1217.3,20,1217.5,26,
2026-04-10T12:34:23.510,NC,COFORGE,1217.7,1271.0,1272.0,1213.0,1264.9,2669253,1229.32,1217.5,3,1217.7,171,
2026-04-10T12:34:28.328,NC,COFORGE,1217.5,1271.0,1272.0,1213.0,1264.9,2669399,1229.32,1217.3,29,1217.4,1,
2026-04-10T12:34:32.616,NC,COFORGE,1217.8,1271.0,1272.0,1213.0,1264.9,2669609,1229.32,1217.3,166,1217.8,51,
2026-04-10T12:34:37.325,NC,COFORGE,1217.6,1271.0,1272.0,1213.0,1264.9,2669743,1229.32,1217.3,97,1217.6,10,
2026-04-10T12:34:42.129,NC,COFORGE,1217.3,1271.0,1272.0,1213.0,1264.9,2670058,1229.32,1217.3,47,1217.6,42,
2026-04-10T12:34:46.439,NC,COFORGE,1217.3,1271.0,1272.0,1213.0,1264.9,2670123,1229.32,1217.1,54,1217.3,20,
2026-04-10T12:34:51.041,NC,COFORGE,1217.5,1271.0,1272.0,1213.0,1264.9,2670300,1229.32,1217.4,3,1217.6,59,
2026-04-10T12:34:56.354,NC,COFORGE,1217.4,1271.0,1272.0,1213.0,1264.9,2670337,1229.32,1217.3,45,1217.4,6,
2026-04-10T12:35:01.558,NC,COFORGE,1217.6,1271.0,1272.0,1213.0,1264.9,2670521,1229.31,1217.3,39,1217.6,54,
2026-04-10T12:35:06.662,NC,COFORGE,1218.0,1271.0,1272.0,1213.0,1264.9,2670897,1229.31,1218.0,40,1218.5,6,
2026-04-10T12:35:11.679,NC,COFORGE,1218.5,1271.0,1272.0,1213.0,1264.9,2670990,1229.31,1218.3,204,1218.5,21,
2026-04-10T12:35:16.471,NC,COFORGE,1218.5,1271.0,1272.0,1213.0,1264.9,2671003,1229.31,1218.4,32,1218.5,45,
2026-04-10T12:35:21.488,NC,COFORGE,1219.0,1271.0,1272.0,1213.0,1264.9,2671411,1229.31,1218.5,12,1219.0,2043,
2026-04-10T12:35:26.403,NC,COFORGE,1218.5,1271.0,1272.0,1213.0,1264.9,2671569,1229.31,1218.5,5,1219.0,2043,
2026-04-10T12:35:31.405,NC,COFORGE,1218.9,1271.0,1272.0,1213.0,1264.9,2671601,1229.31,1218.5,2,1219.0,2092,
2026-04-10T12:35:36.117,NC,COFORGE,1219.0,1271.0,1272.0,1213.0,1264.9,2672144,1229.31,1218.5,42,1219.0,2005,
2026-04-10T12:35:40.714,NC,COFORGE,1218.7,1271.0,1272.0,1213.0,1264.9,2672525,1229.31,1218.7,169,1219.0,1737,
2026-04-10T12:35:45.631,NC,COFORGE,1219.0,1271.0,1272.0,1213.0,1264.9,2672583,1229.31,1218.9,54,1219.0,1702,
2026-04-10T12:35:50.436,NC,COFORGE,1219.5,1271.0,1272.0,1213.0,1264.9,2676746,1229.29,1219.3,86,1219.5,2,
2026-04-10T12:35:55.144,NC,COFORGE,1219.5,1271.0,1272.0,1213.0,1264.9,2677078,1229.29,1219.0,212,1219.5,210,
2026-04-10T12:35:59.548,NC,COFORGE,1219.0,1271.0,1272.0,1213.0,1264.9,2678366,1229.28,1218.7,42,1219.0,12,
2026-04-10T12:36:04.066,NC,COFORGE,1219.0,1271.0,1272.0,1213.0,1264.9,2678456,1229.28,1218.5,208,1219.0,82,
2026-04-10T12:36:08.888,NC,COFORGE,1218.8,1271.0,1272.0,1213.0,1264.9,2678623,1229.28,1218.4,10,1218.8,88,
2026-04-10T12:36:13.787,NC,COFORGE,1218.8,1271.0,1272.0,1213.0,1264.9,2678875,1229.28,1218.7,1,1218.8,75,
2026-04-10T12:36:18.596,NC,COFORGE,1218.8,1271.0,1272.0,1213.0,1264.9,2678885,1229.28,1218.7,1,1218.8,109,
2026-04-10T12:36:23.304,NC,COFORGE,1219.8,1271.0,1272.0,1213.0,1264.9,2679422,1229.28,1219.1,99,1219.8,166,
2026-04-10T12:36:28.010,NC,COFORGE,1219.7,1271.0,1272.0,1213.0,1264.9,2679576,1229.28,1219.1,23,1219.6,1,
2026-04-10T12:36:32.556,NC,COFORGE,1219.1,1271.0,1272.0,1213.0,1264.9,2679579,1229.28,1219.1,22,1219.6,5,
2026-04-10T12:36:37.155,NC,COFORGE,1219.4,1271.0,1272.0,1213.0,1264.9,2679847,1229.28,1218.8,467,1219.4,88,
2026-04-10T12:36:41.968,NC,COFORGE,1218.9,1271.0,1272.0,1213.0,1264.9,2680125,1229.28,1218.9,265,1219.4,27,
2026-04-10T12:36:46.672,NC,COFORGE,1219.4,1271.0,1272.0,1213.0,1264.9,2680130,1229.28,1219.1,800,1219.4,68,
2026-04-10T12:36:51.276,NC,COFORGE,1219.4,1271.0,1272.0,1213.0,1264.9,2680185,1229.28,1219.1,861,1219.4,93,
2026-04-10T12:36:55.684,NC,COFORGE,1219.4,1271.0,1272.0,1213.0,1264.9,2680420,1229.28,1219.1,803,1219.4,9,
2026-04-10T12:37:00.082,NC,COFORGE,1219.4,1271.0,1272.0,1213.0,1264.9,2681404,1229.27,1219.4,33,1219.7,7,
2026-04-10T12:37:04.691,NC,COFORGE,1219.6,1271.0,1272.0,1213.0,1264.9,2681516,1229.27,1219.4,61,1219.6,168,
2026-04-10T12:37:09.487,NC,COFORGE,1219.6,1271.0,1272.0,1213.0,1264.9,2683813,1229.26,1219.1,5,1219.6,69,
2026-04-10T12:37:14.337,NC,COFORGE,1219.1,1271.0,1272.0,1213.0,1264.9,2684009,1229.26,1219.0,1,1219.1,8,
2026-04-10T12:37:19.003,NC,COFORGE,1219.3,1271.0,1272.0,1213.0,1264.9,2684935,1229.26,1218.9,14,1219.3,302,
2026-04-10T12:37:24.303,NC,COFORGE,1219.1,1271.0,1272.0,1213.0,1264.9,2685460,1229.26,1218.7,100,1219.2,310,
2026-04-10T12:37:29.112,NC,COFORGE,1218.7,1271.0,1272.0,1213.0,1264.9,2685581,1229.26,1218.5,311,1218.7,2,
2026-04-10T12:37:33.623,NC,COFORGE,1219.1,1271.0,1272.0,1213.0,1264.9,2685665,1229.26,1218.9,1,1219.1,54,
2026-04-10T12:37:38.424,NC,COFORGE,1218.6,1271.0,1272.0,1213.0,1264.9,2685710,1229.26,1218.7,128,1219.1,51,
2026-04-10T12:37:43.221,NC,COFORGE,1219.1,1271.0,1272.0,1213.0,1264.9,2686035,1229.26,1218.7,444,1219.1,55,
2026-04-10T12:37:46.720,NC,COFORGE,1218.7,1271.0,1272.0,1213.0,1264.9,2686036,1229.26,1218.7,397,1219.1,97,
2026-04-10T12:37:47.723,NC,COFORGE,1218.7,1271.0,1272.0,1213.0,1264.9,2686433,1229.25,1218.5,216,1219.0,423,
2026-04-10T12:37:50.726,NC,COFORGE,1218.9,1271.0,1272.0,1213.0,1264.9,2686463,1229.25,1218.5,217,1218.9,182,
2026-04-10T12:37:55.736,NC,COFORGE,1218.7,1271.0,1272.0,1213.0,1264.9,2686985,1229.25,1218.5,330,1218.6,8,
2026-04-10T12:37:56.766,NC,COFORGE,1218.4,1271.0,1272.0,1213.0,1264.9,2687285,1229.25,1218.4,4,1218.6,32,
2026-04-10T12:37:57.738,NC,COFORGE,1219.0,1271.0,1272.0,1213.0,1264.9,2687585,1229.25,1218.4,50,1218.6,42,
2026-04-10T12:37:58.735,NC,COFORGE,1218.6,1271.0,1272.0,1213.0,1264.9,2687626,1229.25,1218.3,42,1218.6,1,
2026-04-10T12:37:59.736,NC,COFORGE,1218.8,1271.0,1272.0,1213.0,1264.9,2687663,1229.25,1218.3,84,1218.8,225,
2026-04-10T12:38:00.636,NC,COFORGE,1218.7,1271.0,1272.0,1213.0,1264.9,2688163,1229.25,1218.3,44,1218.7,54,
2026-04-10T12:38:03.642,NC,COFORGE,1218.6,1271.0,1272.0,1213.0,1264.9,2688166,1229.25,1218.6,2,1218.7,79,
2026-04-10T12:38:04.548,NC,COFORGE,1218.6,1271.0,1272.0,1213.0,1264.9,2688176,1229.25,1218.6,1,1218.7,109,
2026-04-10T12:38:05.549,NC,COFORGE,1218.7,1271.0,1272.0,1213.0,1264.9,2688177,1229.25,1218.6,1,1218.7,82,
2026-04-10T12:38:06.555,NC,COFORGE,1218.6,1271.0,1272.0,1213.0,1264.9,2688207,1229.25,1218.4,100,1218.6,19,
2026-04-10T12:38:08.556,NC,COFORGE,1218.6,1271.0,1272.0,1213.0,1264.9,2688221,1229.25,1218.5,1,1218.6,59,
2026-04-10T12:38:09.558,NC,COFORGE,1218.6,1271.0,1272.0,1213.0,1264.9,2688229,1229.25,1218.5,1,1218.6,53,
2026-04-10T12:38:10.556,NC,COFORGE,1218.7,1271.0,1272.0,1213.0,1264.9,2688330,1229.25,1218.7,1495,1218.8,10,
2026-04-10T12:38:11.555,NC,COFORGE,1218.7,1271.0,1272.0,1213.0,1264.9,2688432,1229.25,1218.7,1393,1218.8,10,
2026-04-10T12:38:13.560,NC,COFORGE,1218.7,1271.0,1272.0,1213.0,1264.9,2688613,1229.25,1218.7,1227,1218.8,44,
2026-04-10T12:38:16.769,NC,COFORGE,1218.7,1271.0,1272.0,1213.0,1264.9,2688614,1229.25,1218.7,1227,1218.8,106,
2026-04-10T12:38:19.872,NC,COFORGE,1218.8,1271.0,1272.0,1213.0,1264.9,2688938,1229.24,1218.8,69,1219.0,30,
2026-04-10T12:38:20.872,NC,COFORGE,1219.0,1271.0,1272.0,1213.0,1264.9,2688968,1229.24,1218.8,118,1219.0,6,
2026-04-10T12:38:21.871,NC,COFORGE,1218.8,1271.0,1272.0,1213.0,1264.9,2689008,1229.24,1218.9,66,1219.0,6,
2026-04-10T12:38:22.972,NC,COFORGE,1219.0,1271.0,1272.0,1213.0,1264.9,2689014,1229.24,1219.0,36,1219.2,3,
2026-04-10T12:38:25.977,NC,COFORGE,1219.3,1271.0,1272.0,1213.0,1264.9,2689040,1229.24,1219.0,58,1219.1,8,
2026-04-10T12:38:26.980,NC,COFORGE,1219.6,1271.0,1272.0,1213.0,1264.9,2689143,1229.24,1219.0,86,1219.6,118,
2026-04-10T12:38:28.079,NC,COFORGE,1219.6,1271.0,1272.0,1213.0,1264.9,2689148,1229.24,1219.0,205,1219.5,2,
2026-04-10T12:38:33.284,NC,COFORGE,1219.3,1271.0,1272.0,1213.0,1264.9,2689154,1229.24,1219.0,34,1219.4,144,
2026-04-10T12:38:35.294,NC,COFORGE,1219.4,1271.0,1272.0,1213.0,1264.9,2689255,1229.24,1219.0,129,1219.4,35,
2026-04-10T12:38:36.289,NC,COFORGE,1219.5,1271.0,1272.0,1213.0,1264.9,2689334,1229.24,1219.0,109,1219.4,15,
2026-04-10T12:38:37.290,NC,COFORGE,1219.4,1271.0,1272.0,1213.0,1264.9,2689340,1229.24,1219.0,171,1219.4,20,
2026-04-10T12:38:39.285,NC,COFORGE,1219.6,1271.0,1272.0,1213.0,1264.9,2689546,1229.24,1219.0,58,1219.4,5,
2026-04-10T12:38:40.188,NC,COFORGE,1219.0,1271.0,1272.0,1213.0,1264.9,2689571,1229.24,1219.0,33,1219.4,5,
2026-04-10T12:38:41.196,NC,COFORGE,1219.0,1271.0,1272.0,1213.0,1264.9,2689745,1229.24,1218.8,4,1219.3,23,
2026-04-10T12:38:44.288,NC,COFORGE,1219.3,1271.0,1272.0,1213.0,1264.9,2689747,1229.24,1219.0,204,1219.3,76,
2026-04-10T12:38:50.507,NC,COFORGE,1219.0,1271.0,1272.0,1213.0,1264.9,2689847,1229.24,1219.0,205,1219.3,80,
2026-04-10T12:38:51.509,NC,COFORGE,1219.3,1271.0,1272.0,1213.0,1264.9,2689878,1229.24,1219.0,205,1219.3,61,
2026-04-10T12:38:53.601,NC,COFORGE,1219.3,1271.0,1272.0,1213.0,1264.9,2689978,1229.24,1219.2,1,1219.3,20,
2026-04-10T12:38:55.706,NC,COFORGE,1219.3,1271.0,1272.0,1213.0,1264.9,2689983,1229.24,1219.0,257,1219.2,8,
2026-04-10T12:38:57.637,NC,COFORGE,1219.2,1271.0,1272.0,1213.0,1264.9,2690010,1229.24,1219.0,428,1219.2,10,
2026-04-10T12:38:58.613,NC,COFORGE,1219.0,1271.0,1272.0,1213.0,1264.9,2690066,1229.24,1219.0,375,1219.2,2,
2026-04-10T12:38:59.715,NC,COFORGE,1219.4,1271.0,1272.0,1213.0,1264.9,2690591,1229.24,1219.1,4,1219.3,80,
2026-04-10T12:39:02.816,NC,COFORGE,1219.3,1271.0,1272.0,1213.0,1264.9,2690810,1229.24,1219.1,1,1219.3,4,
2026-04-10T12:39:03.823,NC,COFORGE,1219.0,1271.0,1272.0,1213.0,1264.9,2690839,1229.24,1219.0,137,1219.3,351,
2026-04-10T12:39:05.017,NC,COFORGE,1219.0,1271.0,1272.0,1213.0,1264.9,2690849,1229.24,1219.0,127,1219.2,151,
2026-04-10T12:39:06.017,NC,COFORGE,1219.2,1271.0,1272.0,1213.0,1264.9,2690888,1229.24,1219.0,127,1219.2,70,
2026-04-10T12:39:07.926,NC,COFORGE,1219.2,1271.0,1272.0,1213.0,1264.9,2690889,1229.24,1219.0,127,1219.2,56,
2026-04-10T12:39:09.922,NC,COFORGE,1219.0,1271.0,1272.0,1213.0,1264.9,2690890,1229.24,1219.0,126,1219.2,207,
2026-04-10T12:39:10.924,NC,COFORGE,1219.2,1271.0,1272.0,1213.0,1264.9,2690941,1229.24,1219.0,77,1219.2,246,
2026-04-10T12:39:11.926,NC,COFORGE,1219.0,1271.0,1272.0,1213.0,1264.9,2691014,1229.24,1219.0,4,1219.2,246,
2026-04-10T12:39:12.926,NC,COFORGE,1219.0,1271.0,1272.0,1213.0,1264.9,2691023,1229.24,1218.8,2,1219.0,191,
2026-04-10T12:39:14.025,NC,COFORGE,1218.8,1271.0,1272.0,1213.0,1264.9,2691025,1229.24,1218.8,1,1219.0,264,
2026-04-10T12:39:19.434,NC,COFORGE,1218.7,1271.0,1272.0,1213.0,1264.9,2691057,1229.24,1218.8,1,1219.0,270,
2026-04-10T12:39:20.545,NC,COFORGE,1219.0,1271.0,1272.0,1213.0,1264.9,2691058,1229.24,1218.9,1,1219.0,269,
2026-04-10T12:39:21.650,NC,COFORGE,1219.0,1271.0,1272.0,1213.0,1264.9,2691090,1229.24,1218.8,42,1219.0,238,
2026-04-10T12:39:22.644,NC,COFORGE,1219.0,1271.0,1272.0,1213.0,1264.9,2691227,1229.24,1218.8,55,1219.0,103,
2026-04-10T12:39:23.743,NC,COFORGE,1219.0,1271.0,1272.0,1213.0,1264.9,2691237,1229.24,1218.9,17,1219.0,137,
2026-04-10T12:39:25.945,NC,COFORGE,1218.9,1271.0,1272.0,1213.0,1264.9,2691320,1229.24,1218.9,192,1219.0,127,
2026-04-10T12:39:26.848,NC,COFORGE,1218.9,1271.0,1272.0,1213.0,1264.9,2691324,1229.24,1218.9,189,1219.0,137,
2026-04-10T12:39:27.947,NC,COFORGE,1218.8,1271.0,1272.0,1213.0,1264.9,2691724,1229.23,1218.9,31,1219.0,137,
2026-04-10T12:39:28.951,NC,COFORGE,1219.0,1271.0,1272.0,1213.0,1264.9,2691736,1229.23,1218.9,71,1219.0,175,
2026-04-10T12:39:30.051,NC,COFORGE,1218.9,1271.0,1272.0,1213.0,1264.9,2691766,1229.23,1218.9,46,1219.0,170,
2026-04-10T12:39:31.158,NC,COFORGE,1219.0,1271.0,1272.0,1213.0,1264.9,2691816,1229.23,1218.9,47,1219.0,127,
2026-04-10T12:39:33.259,NC,COFORGE,1219.0,1271.0,1272.0,1213.0,1264.9,2691848,1229.23,1218.9,6,1219.0,104,
2026-04-10T12:39:34.256,NC,COFORGE,1218.8,1271.0,1272.0,1213.0,1264.9,2692360,1229.23,1218.8,116,1219.3,134,
2026-04-10T12:39:36.259,NC,COFORGE,1219.3,1271.0,1272.0,1213.0,1264.9,2692389,1229.23,1219.0,44,1219.3,47,
2026-04-10T12:39:38.163,NC,COFORGE,1219.3,1271.0,1272.0,1213.0,1264.9,2692439,1229.23,1219.0,51,1219.3,57,
2026-04-10T12:39:39.176,NC,COFORGE,1219.4,1271.0,1272.0,1213.0,1264.9,2692645,1229.23,1219.0,51,1219.4,13,
2026-04-10T12:39:40.165,NC,COFORGE,1219.4,1271.0,1272.0,1213.0,1264.9,2692646,1229.23,1219.0,51,1219.4,35,
2026-04-10T12:39:41.175,NC,COFORGE,1219.0,1271.0,1272.0,1213.0,1264.9,2692703,1229.23,1218.9,200,1219.0,2,
2026-04-10T12:39:44.173,NC,COFORGE,1218.9,1271.0,1272.0,1213.0,1264.9,2692733,1229.23,1218.9,195,1219.0,14,
2026-04-10T12:39:48.784,NC,COFORGE,1219.4,1271.0,1272.0,1213.0,1264.9,2692817,1229.23,1219.0,84,1219.4,76,
2026-04-10T12:39:53.384,NC,COFORGE,1219.5,1271.0,1272.0,1213.0,1264.9,2693185,1229.23,1219.1,5,1219.4,179,
2026-04-10T12:39:57.896,NC,COFORGE,1219.1,1271.0,1272.0,1213.0,1264.9,2693476,1229.23,1218.9,185,1219.1,151,
2026-04-10T12:40:02.410,NC,COFORGE,1218.9,1271.0,1272.0,1213.0,1264.9,2693693,1229.23,1218.8,12,1218.9,8,
2026-04-10T12:40:07.110,NC,COFORGE,1219.0,1271.0,1272.0,1213.0,1264.9,2693741,1229.23,1218.8,5,1219.1,130,
2026-04-10T12:40:11.511,NC,COFORGE,1218.8,1271.0,1272.0,1213.0,1264.9,2693767,1229.23,1218.7,3179,1218.8,8,
2026-04-10T12:40:15.917,NC,COFORGE,1218.8,1271.0,1272.0,1213.0,1264.9,2694903,1229.22,1218.7,2066,1218.8,1,
2026-04-10T12:40:20.325,NC,COFORGE,1218.9,1271.0,1272.0,1213.0,1264.9,2695004,1229.22,1218.7,2068,1218.8,86,
2026-04-10T12:40:24.732,NC,COFORGE,1219.0,1271.0,1272.0,1213.0,1264.9,2699407,1229.2,1218.5,91,1219.0,133,
2026-04-10T12:40:28.962,NC,COFORGE,1219.0,1271.0,1272.0,1213.0,1264.9,2699586,1229.2,1218.5,340,1219.0,200,
2026-04-10T12:40:33.149,NC,COFORGE,1219.0,1271.0,1272.0,1213.0,1264.9,2699723,1229.2,1218.6,68,1219.0,175,
2026-04-10T12:40:37.744,NC,COFORGE,1219.0,1271.0,1272.0,1213.0,1264.9,2699840,1229.2,1218.6,31,1219.0,145,
2026-04-10T12:40:42.247,NC,COFORGE,1218.6,1271.0,1272.0,1213.0,1264.9,2700279,1229.2,1218.7,31,1219.0,90,
2026-04-10T12:40:46.485,NC,COFORGE,1219.0,1271.0,1272.0,1213.0,1264.9,2700308,1229.2,1218.7,31,1219.0,116,
2026-04-10T12:40:50.673,NC,COFORGE,1219.2,1271.0,1272.0,1213.0,1264.9,2700750,1229.2,1219.2,138,1219.4,9,
2026-04-10T12:40:55.306,NC,COFORGE,1220.0,1271.0,1272.0,1213.0,1264.9,2701571,1229.2,1220.0,118,1220.2,1,
2026-04-10T12:40:59.687,NC,COFORGE,1220.3,1271.0,1272.0,1213.0,1264.9,2702250,1229.19,1219.8,117,1220.0,102,
2026-04-10T12:41:04.185,NC,COFORGE,1220.3,1271.0,1272.0,1213.0,1264.9,2702638,1229.19,1220.1,114,1220.3,86,
2026-04-10T12:41:09.093,NC,COFORGE,1220.2,1271.0,1272.0,1213.0,1264.9,2703022,1229.19,1219.8,39,1220.0,1,
2026-04-10T12:41:13.606,NC,COFORGE,1220.0,1271.0,1272.0,1213.0,1264.9,2703126,1229.19,1220.0,137,1220.1,90,
2026-04-10T12:41:18.109,NC,COFORGE,1220.1,1271.0,1272.0,1213.0,1264.9,2703376,1229.19,1220.1,43,1220.3,168,
2026-04-10T12:41:22.722,NC,COFORGE,1220.0,1271.0,1272.0,1213.0,1264.9,2703576,1229.19,1220.0,199,1220.1,61,
2026-04-10T12:41:27.031,NC,COFORGE,1220.1,1271.0,1272.0,1213.0,1264.9,2703760,1229.19,1220.1,316,1220.2,1,
2026-04-10T12:41:31.323,NC,COFORGE,1220.1,1271.0,1272.0,1213.0,1264.9,2704157,1229.19,1220.0,523,1220.1,168,
2026-04-10T12:41:36.146,NC,COFORGE,1220.0,1271.0,1272.0,1213.0,1264.9,2704436,1229.19,1220.0,2488,1220.1,144,
2026-04-10T12:41:41.738,NC,COFORGE,1220.6,1271.0,1272.0,1213.0,1264.9,2706203,1229.18,1220.1,20,1220.6,161,
2026-04-10T12:41:44.449,NC,COFORGE,1220.0,1271.0,1272.0,1213.0,1264.9,2706379,1229.18,1220.0,1902,1220.2,18,
2026-04-10T12:41:45.452,NC,COFORGE,1220.5,1271.0,1272.0,1213.0,1264.9,2707561,1229.18,1220.0,1750,1220.5,141,
2026-04-10T12:41:46.452,NC,COFORGE,1220.0,1271.0,1272.0,1213.0,1264.9,2707797,1229.18,1220.0,1760,1220.5,126,
2026-04-10T12:41:47.453,NC,COFORGE,1220.6,1271.0,1272.0,1213.0,1264.9,2708298,1229.17,1220.0,1759,1220.6,48,
2026-04-10T12:41:48.451,NC,COFORGE,1220.5,1271.0,1272.0,1213.0,1264.9,2708415,1229.17,1220.0,1740,1220.5,200,
2026-04-10T12:41:49.454,NC,COFORGE,1220.5,1271.0,1272.0,1213.0,1264.9,2708425,1229.17,1220.0,1732,1220.5,214,
2026-04-10T12:41:50.355,NC,COFORGE,1220.0,1271.0,1272.0,1213.0,1264.9,2708435,1229.17,1220.0,1731,1220.5,299,
2026-04-10T12:41:51.462,NC,COFORGE,1220.0,1271.0,1272.0,1213.0,1264.9,2708628,1229.17,1220.0,4208,1220.5,130,
2026-04-10T12:41:53.555,NC,COFORGE,1220.1,1271.0,1272.0,1213.0,1264.9,2709088,1229.17,1220.1,494,1220.5,40,
2026-04-10T12:41:54.566,NC,COFORGE,1220.1,1271.0,1272.0,1213.0,1264.9,2709090,1229.17,1220.1,592,1220.5,40,
2026-04-10T12:41:56.465,NC,COFORGE,1220.1,1271.0,1272.0,1213.0,1264.9,2709162,1229.17,1220.1,520,1220.4,31,
2026-04-10T12:41:57.563,NC,COFORGE,1220.1,1271.0,1272.0,1213.0,1264.9,2709270,1229.17,1220.1,487,1220.5,197,
2026-04-10T12:42:01.477,NC,COFORGE,1220.0,1271.0,1272.0,1213.0,1264.9,2709965,1229.17,1220.0,4025,1220.1,31,
2026-04-10T12:42:02.368,NC,COFORGE,1220.0,1271.0,1272.0,1213.0,1264.9,2710045,1229.17,1220.0,4014,1220.1,52,
2026-04-10T12:42:04.371,NC,COFORGE,1220.0,1271.0,1272.0,1213.0,1264.9,2710057,1229.17,1220.0,4002,1220.1,52,
2026-04-10T12:42:05.480,NC,COFORGE,1220.0,1271.0,1272.0,1213.0,1264.9,2710058,1229.17,1220.0,3951,1220.1,91,
2026-04-10T12:42:06.473,NC,COFORGE,1219.8,1271.0,1272.0,1213.0,1264.9,2714064,1229.15,1219.6,52,1219.8,296,
2026-04-10T12:42:07.474,NC,COFORGE,1219.5,1271.0,1272.0,1213.0,1264.9,2714271,1229.15,1219.4,1,1219.7,251,
2026-04-10T12:42:08.478,NC,COFORGE,1219.0,1271.0,1272.0,1213.0,1264.9,2714329,1229.15,1219.2,68,1219.7,251,
2026-04-10T12:42:09.581,NC,COFORGE,1219.7,1271.0,1272.0,1213.0,1264.9,2715238,1229.15,1219.1,9,1219.7,221,
2026-04-10T12:42:10.578,NC,COFORGE,1219.0,1271.0,1272.0,1213.0,1264.9,2715347,1229.15,1218.9,2,1219.3,257,
2026-04-10T12:42:11.579,NC,COFORGE,1218.6,1271.0,1272.0,1213.0,1264.9,2715379,1229.15,1218.7,261,1218.9,8,
2026-04-10T12:42:12.485,NC,COFORGE,1218.9,1271.0,1272.0,1213.0,1264.9,2715465,1229.15,1219.0,291,1219.3,27,
2026-04-10T12:42:15.797,NC,COFORGE,1219.3,1271.0,1272.0,1213.0,1264.9,2716182,1229.15,1219.3,174,1219.7,38,
2026-04-10T12:42:16.891,NC,COFORGE,1219.3,1271.0,1272.0,1213.0,1264.9,2716205,1229.15,1219.4,306,1219.7,89,
2026-04-10T12:42:18.982,NC,COFORGE,1219.7,1271.0,1272.0,1213.0,1264.9,2716225,1229.15,1219.4,289,1219.7,71,
2026-04-10T12:42:21.101,NC,COFORGE,1219.7,1271.0,1272.0,1213.0,1264.9,2716278,1229.15,1219.4,114,1219.7,78,
2026-04-10T12:42:22.188,NC,COFORGE,1219.7,1271.0,1272.0,1213.0,1264.9,2716279,1229.15,1219.5,6,1219.7,83,
2026-04-10T12:42:23.242,NC,COFORGE,1219.7,1271.0,1272.0,1213.0,1264.9,2716359,1229.15,1219.6,1,1219.7,68,
2026-04-10T12:42:25.193,NC,COFORGE,1219.5,1271.0,1272.0,1213.0,1264.9,2716480,1229.15,1219.5,230,1219.7,14,
2026-04-10T12:42:26.242,NC,COFORGE,1219.5,1271.0,1272.0,1213.0,1264.9,2716553,1229.15,1219.5,107,1219.7,14,
2026-04-10T12:42:27.196,NC,COFORGE,1219.7,1271.0,1272.0,1213.0,1264.9,2716563,1229.15,1219.5,273,1219.7,9,
2026-04-10T12:42:28.195,NC,COFORGE,1219.5,1271.0,1272.0,1213.0,1264.9,2716573,1229.15,1219.5,263,1219.6,1,
2026-04-10T12:42:29.199,NC,COFORGE,1219.5,1271.0,1272.0,1213.0,1264.9,2716588,1229.15,1219.5,248,1219.6,1,
2026-04-10T12:42:30.110,NC,COFORGE,1219.5,1271.0,1272.0,1213.0,1264.9,2716591,1229.15,1219.5,226,1219.6,3,
2026-04-10T12:42:31.205,NC,COFORGE,1219.6,1271.0,1272.0,1213.0,1264.9,2716604,1229.15,1219.6,387,1220.0,34,
2026-04-10T12:42:32.104,NC,COFORGE,1220.3,1271.0,1272.0,1213.0,1264.9,2716689,1229.14,1219.7,173,1220.4,107,
2026-04-10T12:42:34.201,NC,COFORGE,1219.9,1271.0,1272.0,1213.0,1264.9,2716690,1229.14,1219.9,1,1220.0,1,
2026-04-10T12:42:35.301,NC,COFORGE,1219.7,1271.0,1272.0,1213.0,1264.9,2716703,1229.14,1219.9,1,1220.0,4,
2026-04-10T12:42:36.403,NC,COFORGE,1220.4,1271.0,1272.0,1213.0,1264.9,2716732,1229.14,1219.9,1,1220.0,5,
2026-04-10T12:42:38.505,NC,COFORGE,1219.8,1271.0,1272.0,1213.0,1264.9,2716851,1229.14,1219.8,46,1220.4,260,
2026-04-10T12:42:39.611,NC,COFORGE,1220.4,1271.0,1272.0,1213.0,1264.9,2717056,1229.14,1219.8,294,1220.0,3,
2026-04-10T12:42:40.611,NC,COFORGE,1220.0,1271.0,1272.0,1213.0,1264.9,2717065,1229.14,1219.8,346,1220.0,3,
2026-04-10T12:42:41.712,NC,COFORGE,1219.8,1271.0,1272.0,1213.0,1264.9,2717154,1229.14,1219.8,146,1220.0,15,
2026-04-10T12:42:42.720,NC,COFORGE,1220.0,1271.0,1272.0,1213.0,1264.9,2717213,1229.14,1219.8,111,1220.0,3,
2026-04-10T12:42:43.720,NC,COFORGE,1220.0,1271.0,1272.0,1213.0,1264.9,2717214,1229.14,1219.9,2,1220.0,34,
2026-04-10T12:42:44.825,NC,COFORGE,1219.5,1271.0,1272.0,1213.0,1264.9,2717614,1229.14,1219.6,373,1220.0,61,
2026-04-10T12:42:47.024,NC,COFORGE,1219.8,1271.0,1272.0,1213.0,1264.9,2717634,1229.14,1219.8,480,1220.0,259,
2026-04-10T12:42:49.229,NC,COFORGE,1219.8,1271.0,1272.0,1213.0,1264.9,2717635,1229.14,1219.8,479,1220.0,279,
2026-04-10T12:42:50.241,NC,COFORGE,1219.8,1271.0,1272.0,1213.0,1264.9,2717650,1229.14,1219.8,465,1220.0,279,
2026-04-10T12:42:51.234,NC,COFORGE,1220.0,1271.0,1272.0,1213.0,1264.9,2717683,1229.14,1219.8,465,1220.0,248,
2026-04-10T12:42:52.329,NC,COFORGE,1220.0,1271.0,1272.0,1213.0,1264.9,2717687,1229.14,1219.8,464,1220.0,249,
2026-04-10T12:42:53.430,NC,COFORGE,1219.8,1271.0,1272.0,1213.0,1264.9,2717706,1229.14,1219.8,450,1220.0,250,
2026-04-10T12:42:54.533,NC,COFORGE,1220.0,1271.0,1272.0,1213.0,1264.9,2717707,1229.14,1219.8,450,1220.0,251,
2026-04-10T12:42:55.441,NC,COFORGE,1219.8,1271.0,1272.0,1213.0,1264.9,2717716,1229.14,1219.8,441,1220.0,251,
2026-04-10T12:42:56.534,NC,COFORGE,1219.8,1271.0,1272.0,1213.0,1264.9,2717809,1229.14,1219.8,368,1220.0,337,
2026-04-10T12:42:58.759,NC,COFORGE,1219.8,1271.0,1272.0,1213.0,1264.9,2717823,1229.14,1219.6,29,1220.0,348,
2026-04-10T12:42:59.763,NC,COFORGE,1220.0,1271.0,1272.0,1213.0,1264.9,2717895,1229.14,1219.5,116,1220.0,330,
2026-04-10T12:43:00.659,NC,COFORGE,1219.8,1271.0,1272.0,1213.0,1264.9,2717899,1229.14,1219.5,117,1219.8,96,
2026-04-10T12:43:02.692,NC,COFORGE,1219.8,1271.0,1272.0,1213.0,1264.9,2718235,1229.14,1219.4,35,1219.8,63,
2026-04-10T12:43:03.662,NC,COFORGE,1219.4,1271.0,1272.0,1213.0,1264.9,2718301,1229.14,1219.4,79,1219.8,41,
2026-04-10T12:43:05.568,NC,COFORGE,1219.8,1271.0,1272.0,1213.0,1264.9,2718321,1229.14,1219.5,192,1219.8,21,
2026-04-10T12:43:06.565,NC,COFORGE,1220.0,1271.0,1272.0,1213.0,1264.9,2718460,1229.14,1219.6,57,1220.0,604,
2026-04-10T12:43:08.471,NC,COFORGE,1219.8,1271.0,1272.0,1213.0,1264.9,2718693,1229.14,1219.8,71,1220.0,604,
2026-04-10T12:43:09.581,NC,COFORGE,1219.8,1271.0,1272.0,1213.0,1264.9,2718710,1229.14,1219.8,54,1220.0,604,
2026-04-10T12:43:10.768,NC,COFORGE,1219.8,1271.0,1272.0,1213.0,1264.9,2718784,1229.14,1219.8,82,1220.0,604,
2026-04-10T12:43:12.971,NC,COFORGE,1219.8,1271.0,1272.0,1213.0,1264.9,2719250,1229.14,1219.8,19,1220.0,683,
2026-04-10T12:43:14.074,NC,COFORGE,1220.0,1271.0,1272.0,1213.0,1264.9,2719260,1229.14,1219.8,319,1220.0,673,
2026-04-10T12:43:15.075,NC,COFORGE,1219.8,1271.0,1272.0,1213.0,1264.9,2719300,1229.14,1219.8,379,1220.0,674,
2026-04-10T12:43:16.176,NC,COFORGE,1218.9,1271.0,1272.0,1213.0,1264.9,2721800,1229.13,1219.1,155,1219.7,2,
2026-04-10T12:43:17.279,NC,COFORGE,1219.6,1271.0,1272.0,1213.0,1264.9,2721901,1229.13,1219.1,139,1219.7,325,
2026-04-10T12:43:18.281,NC,COFORGE,1219.1,1271.0,1272.0,1213.0,1264.9,2721923,1229.13,1219.1,77,1219.7,456,
2026-04-10T12:43:19.285,NC,COFORGE,1219.1,1271.0,1272.0,1213.0,1264.9,2721926,1229.13,1219.2,92,1219.7,303,
2026-04-10T12:43:20.290,NC,COFORGE,1219.2,1271.0,1272.0,1213.0,1264.9,2721945,1229.13,1219.2,20,1219.6,122,
2026-04-10T12:43:21.386,NC,COFORGE,1219.6,1271.0,1272.0,1213.0,1264.9,2721987,1229.13,1219.2,18,1219.6,161,
2026-04-10T12:43:23.386,NC,COFORGE,1219.6,1271.0,1272.0,1213.0,1264.9,2721992,1229.13,1219.4,2,1219.6,74,
2026-04-10T12:43:24.398,NC,COFORGE,1219.6,1271.0,1272.0,1213.0,1264.9,2722028,1229.13,1219.1,146,1219.6,67,
2026-04-10T12:43:26.511,NC,COFORGE,1219.1,1271.0,1272.0,1213.0,1264.9,2722093,1229.13,1219.1,144,1219.2,2,
2026-04-10T12:43:27.592,NC,COFORGE,1219.1,1271.0,1272.0,1213.0,1264.9,2722098,1229.13,1219.1,140,1219.2,8,
2026-04-10T12:43:28.628,NC,COFORGE,1219.1,1271.0,1272.0,1213.0,1264.9,2722107,1229.13,1219.1,111,1219.2,37,
2026-04-10T12:43:29.593,NC,COFORGE,1219.1,1271.0,1272.0,1213.0,1264.9,2722232,1229.13,1219.0,6,1219.1,56,
2026-04-10T12:43:30.496,NC,COFORGE,1219.1,1271.0,1272.0,1213.0,1264.9,2722243,1229.13,1218.6,68,1219.1,151,
2026-04-10T12:43:31.596,NC,COFORGE,1218.6,1271.0,1272.0,1213.0,1264.9,2722264,1229.13,1218.6,10,1219.1,417,
2026-04-10T12:43:32.706,NC,COFORGE,1219.0,1271.0,1272.0,1213.0,1264.9,2722284,1229.13,1218.5,128,1219.0,147,
2026-04-10T12:43:33.605,NC,COFORGE,1219.0,1271.0,1272.0,1213.0,1264.9,2722410,1229.12,1218.6,118,1219.0,101,
2026-04-10T12:43:35.706,NC,COFORGE,1219.0,1271.0,1272.0,1213.0,1264.9,2722439,1229.12,1218.8,1,1219.0,72,
2026-04-10T12:43:36.702,NC,COFORGE,1219.0,1271.0,1272.0,1213.0,1264.9,2722639,1229.12,1218.6,248,1219.0,54,
2026-04-10T12:43:39.007,NC,COFORGE,1219.0,1271.0,1272.0,1213.0,1264.9,2722862,1229.12,1218.6,75,1219.0,73,
2026-04-10T12:43:40.135,NC,COFORGE,1219.0,1271.0,1272.0,1213.0,1264.9,2722873,1229.12,1218.6,182,1219.0,72,
2026-04-10T12:43:41.210,NC,COFORGE,1219.0,1271.0,1272.0,1213.0,1264.9,2723125,1229.12,1218.8,186,1219.0,50,
2026-04-10T12:43:43.125,NC,COFORGE,1218.8,1271.0,1272.0,1213.0,1264.9,2723145,1229.12,1218.8,32,1219.0,67,
2026-04-10T12:43:45.380,NC,COFORGE,1219.0,1271.0,1272.0,1213.0,1264.9,2723161,1229.12,1218.7,94,1219.0,81,
2026-04-10T12:43:49.881,NC,COFORGE,1219.0,1271.0,1272.0,1213.0,1264.9,2723262,1229.12,1218.8,98,1219.0,32,
2026-04-10T12:43:54.385,NC,COFORGE,1218.8,1271.0,1272.0,1213.0,1264.9,2723312,1229.12,1218.9,1,1219.0,1,
2026-04-10T12:43:59.567,NC,COFORGE,1218.8,1271.0,1272.0,1213.0,1264.9,2723905,1229.12,1218.5,368,1218.8,284,
2026-04-10T12:44:04.460,NC,COFORGE,1218.5,1271.0,1272.0,1213.0,1264.9,2723948,1229.12,1218.7,1,1218.8,213,
2026-04-10T12:44:09.355,NC,COFORGE,1218.8,1271.0,1272.0,1213.0,1264.9,2724004,1229.12,1218.7,1,1218.8,180,
2026-04-10T12:44:14.065,NC,COFORGE,1218.5,1271.0,1272.0,1213.0,1264.9,2724088,1229.12,1218.5,323,1218.7,9,
2026-04-10T12:44:18.464,NC,COFORGE,1218.7,1271.0,1272.0,1213.0,1264.9,2724189,1229.12,1218.7,127,1218.8,68,
2026-04-10T12:44:23.093,NC,COFORGE,1219.2,1271.0,1272.0,1213.0,1264.9,2725027,1229.11,1218.8,3,1219.2,251,
2026-04-10T12:44:27.682,NC,COFORGE,1219.4,1271.0,1272.0,1213.0,1264.9,2726163,1229.11,1218.7,115,1219.2,129,
2026-04-10T12:44:32.088,NC,COFORGE,1219.2,1271.0,1272.0,1213.0,1264.9,2726299,1229.11,1218.8,1,1219.2,180,
2026-04-10T12:44:36.509,NC,COFORGE,1219.2,1271.0,1272.0,1213.0,1264.9,2726372,1229.11,1218.7,83,1219.2,189,
2026-04-10T12:44:41.105,NC,COFORGE,1219.2,1271.0,1272.0,1213.0,1264.9,2726694,1229.11,1218.7,54,1219.2,50,
2026-04-10T12:44:45.604,NC,COFORGE,1219.0,1271.0,1272.0,1213.0,1264.9,2726881,1229.11,1218.7,30,1219.0,45,
2026-04-10T12:44:50.018,NC,COFORGE,1219.0,1271.0,1272.0,1213.0,1264.9,2726912,1229.11,1218.7,40,1219.0,66,
2026-04-10T12:44:54.717,NC,COFORGE,1219.0,1271.0,1272.0,1213.0,1264.9,2728063,1229.1,1218.7,30,1219.0,67,
2026-04-10T12:44:59.321,NC,COFORGE,1218.7,1271.0,1272.0,1213.0,1264.9,2728093,1229.1,1218.5,321,1218.7,9,
2026-04-10T12:45:04.325,NC,COFORGE,1218.8,1271.0,1272.0,1213.0,1264.9,2728171,1229.1,1218.7,1,1218.8,17,
2026-04-10T12:45:09.434,NC,COFORGE,1219.2,1271.0,1272.0,1213.0,1264.9,2728382,1229.1,1218.7,153,1219.2,30,
2026-04-10T12:45:14.538,NC,COFORGE,1219.5,1271.0,1272.0,1213.0,1264.9,2728958,1229.1,1219.1,1,1219.5,167,
2026-04-10T12:45:19.545,NC,COFORGE,1219.5,1271.0,1272.0,1213.0,1264.9,2728968,1229.1,1219.1,1,1219.5,291,
2026-04-10T12:45:24.362,NC,COFORGE,1219.4,1271.0,1272.0,1213.0,1264.9,2728998,1229.1,1219.2,2,1219.3,67,
2026-04-10T12:45:28.855,NC,COFORGE,1219.2,1271.0,1272.0,1213.0,1264.9,2729015,1229.1,1218.9,27,1219.0,1,
2026-04-10T12:45:33.462,NC,COFORGE,1219.5,1271.0,1272.0,1213.0,1264.9,2729532,1229.1,1219.2,1,1219.5,228,
2026-04-10T12:45:38.166,NC,COFORGE,1219.5,1271.0,1272.0,1213.0,1264.9,2729639,1229.1,1219.0,223,1219.6,31,
2026-04-10T12:45:42.877,NC,COFORGE,1220.0,1271.0,1272.0,1213.0,1264.9,2731034,1229.09,1219.7,68,1220.0,33,
2026-04-10T12:45:45.385,NC,COFORGE,1219.9,1271.0,1272.0,1213.0,1264.9,2731041,1229.09,1219.7,22,1220.0,108,
2026-04-10T12:45:46.381,NC,COFORGE,1220.0,1271.0,1272.0,1213.0,1264.9,2731042,1229.09,1219.7,22,1220.0,125,
2026-04-10T12:45:47.485,NC,COFORGE,1219.6,1271.0,1272.0,1213.0,1264.9,2731538,1229.09,1219.5,152,1220.0,52,
2026-04-10T12:45:48.592,NC,COFORGE,1220.0,1271.0,1272.0,1213.0,1264.9,2731552,1229.09,1219.5,202,1220.0,131,
2026-04-10T12:45:50.693,NC,COFORGE,1220.0,1271.0,1272.0,1213.0,1264.9,2731583,1229.09,1219.5,203,1220.0,89,
2026-04-10T12:45:53.891,NC,COFORGE,1220.0,1271.0,1272.0,1213.0,1264.9,2731626,1229.09,1219.8,1,1220.0,173,
2026-04-10T12:45:54.993,NC,COFORGE,1220.0,1271.0,1272.0,1213.0,1264.9,2731677,1229.09,1219.8,1,1220.0,229,
2026-04-10T12:45:56.095,NC,COFORGE,1219.8,1271.0,1272.0,1213.0,1264.9,2731754,1229.09,1219.7,250,1220.0,230,
2026-04-10T12:45:57.194,NC,COFORGE,1220.0,1271.0,1272.0,1213.0,1264.9,2731755,1229.09,1219.7,68,1220.0,245,
2026-04-10T12:45:59.402,NC,COFORGE,1219.7,1271.0,1272.0,1213.0,1264.9,2731782,1229.09,1219.8,100,1220.0,245,
2026-04-10T12:46:01.611,NC,COFORGE,1220.0,1271.0,1272.0,1213.0,1264.9,2732202,1229.09,1219.9,173,1220.4,2,
2026-04-10T12:46:02.706,NC,COFORGE,1220.4,1271.0,1272.0,1213.0,1264.9,2732210,1229.09,1220.0,143,1220.5,185,
2026-04-10T12:46:03.710,NC,COFORGE,1220.0,1271.0,1272.0,1213.0,1264.9,2732211,1229.09,1220.0,144,1220.5,224,
2026-04-10T12:46:05.903,NC,COFORGE,1220.5,1271.0,1272.0,1213.0,1264.9,2732240,1229.09,1220.1,104,1220.5,195,
2026-04-10T12:46:07.008,NC,COFORGE,1220.1,1271.0,1272.0,1213.0,1264.9,2732266,1229.09,1220.3,4,1220.5,197,
2026-04-10T12:46:08.117,NC,COFORGE,1220.5,1271.0,1272.0,1213.0,1264.9,2732492,1229.09,1220.2,180,1220.5,196,
2026-04-10T12:46:09.116,NC,COFORGE,1220.3,1271.0,1272.0,1213.0,1264.9,2732495,1229.09,1220.3,27,1220.5,196,
2026-04-10T12:46:11.336,NC,COFORGE,1220.2,1271.0,1272.0,1213.0,1264.9,2732596,1229.09,1220.1,30,1220.2,11,
2026-04-10T12:46:12.423,NC,COFORGE,1220.2,1271.0,1272.0,1213.0,1264.9,2732640,1229.09,1220.1,312,1220.3,8,
2026-04-10T12:46:13.438,NC,COFORGE,1220.1,1271.0,1272.0,1213.0,1264.9,2732645,1229.09,1220.1,240,1220.3,12,
2026-04-10T12:46:14.435,NC,COFORGE,1220.1,1271.0,1272.0,1213.0,1264.9,2732716,1229.09,1220.1,17,1220.5,129,
2026-04-10T12:46:15.566,NC,COFORGE,1220.1,1271.0,1272.0,1213.0,1264.9,2732751,1229.09,1220.1,41,1220.5,136,
2026-04-10T12:46:20.936,NC,COFORGE,1220.5,1271.0,1272.0,1213.0,1264.9,2732781,1229.09,1220.1,1192,1220.5,137,
2026-04-10T12:46:22.031,NC,COFORGE,1220.1,1271.0,1272.0,1213.0,1264.9,2732785,1229.09,1220.1,1188,1220.5,137,
2026-04-10T12:46:25.144,NC,COFORGE,1220.8,1271.0,1272.0,1213.0,1264.9,2732967,1229.09,1220.1,1114,1220.7,94,
2026-04-10T12:46:26.236,NC,COFORGE,1220.1,1271.0,1272.0,1213.0,1264.9,2733060,1229.09,1220.1,971,1220.7,353,
2026-04-10T12:46:27.345,NC,COFORGE,1220.1,1271.0,1272.0,1213.0,1264.9,2733073,1229.09,1220.1,958,1220.6,115,
2026-04-10T12:46:28.340,NC,COFORGE,1220.1,1271.0,1272.0,1213.0,1264.9,2733130,1229.09,1220.1,952,1220.6,66,
2026-04-10T12:46:29.343,NC,COFORGE,1220.2,1271.0,1272.0,1213.0,1264.9,2733243,1229.09,1220.2,73,1220.7,366,
2026-04-10T12:46:30.340,NC,COFORGE,1220.7,1271.0,1272.0,1213.0,1264.9,2733256,1229.09,1220.2,18,1220.7,255,
2026-04-10T12:46:31.346,NC,COFORGE,1221.0,1271.0,1272.0,1213.0,1264.9,2736668,1229.08,1220.4,110,1221.0,1949,
2026-04-10T12:46:32.342,NC,COFORGE,1220.3,1271.0,1272.0,1213.0,1264.9,2737128,1229.07,1220.3,345,1220.9,103,
2026-04-10T12:46:33.455,NC,COFORGE,1220.3,1271.0,1272.0,1213.0,1264.9,2737183,1229.07,1220.3,236,1220.9,130,
2026-04-10T12:46:34.551,NC,COFORGE,1220.3,1271.0,1272.0,1213.0,1264.9,2737256,1229.07,1220.3,32,1220.8,80,
2026-04-10T12:46:35.657,NC,COFORGE,1220.3,1271.0,1272.0,1213.0,1264.9,2737482,1229.07,1220.3,80,1220.9,136,
2026-04-10T12:46:36.556,NC,COFORGE,1220.5,1271.0,1272.0,1213.0,1264.9,2737518,1229.07,1220.7,17,1220.9,27,
2026-04-10T12:46:39.658,NC,COFORGE,1220.5,1271.0,1272.0,1213.0,1264.9,2737745,1229.07,1220.5,298,1220.7,3,
2026-04-10T12:46:40.657,NC,COFORGE,1220.6,1271.0,1272.0,1213.0,1264.9,2737824,1229.07,1220.6,331,1221.0,1880,
2026-04-10T12:46:41.560,NC,COFORGE,1221.0,1271.0,1272.0,1213.0,1264.9,2737907,1229.07,1220.6,266,1221.0,1888,
2026-04-10T12:46:42.655,NC,COFORGE,1220.9,1271.0,1272.0,1213.0,1264.9,2737926,1229.07,1220.9,2,1221.0,1888,
2026-04-10T12:46:43.658,NC,COFORGE,1220.9,1271.0,1272.0,1213.0,1264.9,2737928,1229.07,1220.5,303,1221.0,1883,
2026-04-10T12:46:44.861,NC,COFORGE,1220.7,1271.0,1272.0,1213.0,1264.9,2737940,1229.07,1220.7,6,1221.0,1883,
2026-04-10T12:46:45.866,NC,COFORGE,1220.6,1271.0,1272.0,1213.0,1264.9,2738286,1229.07,1220.7,20,1221.0,1567,
2026-04-10T12:46:46.978,NC,COFORGE,1220.5,1271.0,1272.0,1213.0,1264.9,2738309,1229.07,1220.5,341,1220.7,5,
2026-04-10T12:46:48.061,NC,COFORGE,1220.5,1271.0,1272.0,1213.0,1264.9,2738424,1229.07,1220.5,208,1220.7,15,
2026-04-10T12:46:49.168,NC,COFORGE,1220.5,1271.0,1272.0,1213.0,1264.9,2738426,1229.07,1220.5,206,1220.7,25,
2026-04-10T12:46:50.269,NC,COFORGE,1220.5,1271.0,1272.0,1213.0,1264.9,2738427,1229.07,1220.5,205,1220.7,40,
2026-04-10T12:46:51.175,NC,COFORGE,1220.5,1271.0,1272.0,1213.0,1264.9,2738461,1229.07,1220.5,1267,1220.7,107,
2026-04-10T12:46:53.371,NC,COFORGE,1220.7,1271.0,1272.0,1213.0,1264.9,2738950,1229.07,1220.7,46,1220.9,15,
2026-04-10T12:46:54.496,NC,COFORGE,1220.7,1271.0,1272.0,1213.0,1264.9,2739070,1229.07,1220.7,23,1221.0,1457,
2026-04-10T12:46:56.578,NC,COFORGE,1221.0,1271.0,1272.0,1213.0,1264.9,2739161,1229.07,1220.7,28,1221.0,1517,
2026-04-10T12:46:57.680,NC,COFORGE,1220.7,1271.0,1272.0,1213.0,1264.9,2739164,1229.07,1220.7,25,1221.0,1517,
2026-04-10T12:46:58.791,NC,COFORGE,1221.0,1271.0,1272.0,1213.0,1264.9,2739365,1229.07,1220.6,12,1221.0,1328,
2026-04-10T12:46:59.788,NC,COFORGE,1220.5,1271.0,1272.0,1213.0,1264.9,2739378,1229.07,1220.7,40,1221.0,1328,
2026-04-10T12:47:00.789,NC,COFORGE,1220.7,1271.0,1272.0,1213.0,1264.9,2739384,1229.07,1220.7,39,1221.0,1323,
2026-04-10T12:47:01.792,NC,COFORGE,1220.7,1271.0,1272.0,1213.0,1264.9,2739385,1229.07,1220.7,38,1221.0,1323,
2026-04-10T12:47:02.816,NC,COFORGE,1221.0,1271.0,1272.0,1213.0,1264.9,2739386,1229.07,1220.7,38,1221.0,1322,
2026-04-10T12:47:04.790,NC,COFORGE,1221.0,1271.0,1272.0,1213.0,1264.9,2739842,1229.07,1220.7,278,1221.0,1393,
2026-04-10T12:47:05.796,NC,COFORGE,1220.8,1271.0,1272.0,1213.0,1264.9,2741583,1229.06,1220.7,108,1220.8,20,
2026-04-10T12:47:06.791,NC,COFORGE,1221.0,1271.0,1272.0,1213.0,1264.9,2741918,1229.06,1221.0,643,1221.3,2,
2026-04-10T12:47:07.894,NC,COFORGE,1221.5,1271.0,1272.0,1213.0,1264.9,2742667,1229.06,1221.0,390,1221.4,114,
2026-04-10T12:47:08.895,NC,COFORGE,1221.0,1271.0,1272.0,1213.0,1264.9,2742729,1229.06,1221.0,328,1221.4,267,
2026-04-10T12:47:09.797,NC,COFORGE,1221.0,1271.0,1272.0,1213.0,1264.9,2742900,1229.06,1221.0,307,1221.4,135,
2026-04-10T12:47:10.802,NC,COFORGE,1221.4,1271.0,1272.0,1213.0,1264.9,2742902,1229.06,1221.0,306,1221.4,120,
2026-04-10T12:47:11.802,NC,COFORGE,1221.0,1271.0,1272.0,1213.0,1264.9,2743544,1229.06,1221.0,164,1221.4,18,
2026-04-10T12:47:12.812,NC,COFORGE,1221.0,1271.0,1272.0,1213.0,1264.9,2743553,1229.06,1221.0,156,1221.4,287,
2026-04-10T12:47:13.802,NC,COFORGE,1221.4,1271.0,1272.0,1213.0,1264.9,2743579,1229.06,1221.0,144,1221.4,232,
2026-04-10T12:47:14.906,NC,COFORGE,1221.5,1271.0,1272.0,1213.0,1264.9,2743859,1229.05,1221.0,154,1221.5,262,
2026-04-10T12:47:15.910,NC,COFORGE,1221.0,1271.0,1272.0,1213.0,1264.9,2743981,1229.05,1221.0,57,1221.4,104,
2026-04-10T12:47:17.108,NC,COFORGE,1221.0,1271.0,1272.0,1213.0,1264.9,2743989,1229.05,1221.0,49,1221.4,208,
2026-04-10T12:47:19.038,NC,COFORGE,1221.0,1271.0,1272.0,1213.0,1264.9,2744154,1229.05,1220.9,131,1221.0,31,
2026-04-10T12:47:20.112,NC,COFORGE,1220.9,1271.0,1272.0,1213.0,1264.9,2744331,1229.05,1220.9,8,1221.0,143,
2026-04-10T12:47:21.118,NC,COFORGE,1220.9,1271.0,1272.0,1213.0,1264.9,2744368,1229.05,1220.9,1,1221.0,136,
2026-04-10T12:47:22.129,NC,COFORGE,1221.0,1271.0,1272.0,1213.0,1264.9,2744371,1229.05,1220.9,1,1221.0,99,
2026-04-10T12:47:23.114,NC,COFORGE,1220.7,1271.0,1272.0,1213.0,1264.9,2744593,1229.05,1220.6,7,1220.7,158,
2026-04-10T12:47:24.225,NC,COFORGE,1220.7,1271.0,1272.0,1213.0,1264.9,2744829,1229.05,1220.6,10,1220.7,3,
2026-04-10T12:47:26.219,NC,COFORGE,1220.7,1271.0,1272.0,1213.0,1264.9,2744931,1229.05,1220.6,22,1220.7,81,
2026-04-10T12:47:27.217,NC,COFORGE,1220.6,1271.0,1272.0,1213.0,1264.9,2744940,1229.05,1220.6,13,1220.7,133,
2026-04-10T12:47:28.221,NC,COFORGE,1220.7,1271.0,1272.0,1213.0,1264.9,2744977,1229.05,1220.6,11,1220.7,520,
2026-04-10T12:47:29.123,NC,COFORGE,1220.7,1271.0,1272.0,1213.0,1264.9,2747215,1229.04,1220.3,50,1220.5,30,
2026-04-10T12:47:30.140,NC,COFORGE,1220.3,1271.0,1272.0,1213.0,1264.9,2747270,1229.04,1220.1,30,1220.3,22,
2026-04-10T12:47:31.129,NC,COFORGE,1220.1,1271.0,1272.0,1213.0,1264.9,2747277,1229.04,1220.1,23,1220.3,74,
2026-04-10T12:47:32.223,NC,COFORGE,1220.2,1271.0,1272.0,1213.0,1264.9,2747437,1229.04,1220.2,98,1220.3,27,
2026-04-10T12:47:33.327,NC,COFORGE,1220.2,1271.0,1272.0,1213.0,1264.9,2747439,1229.04,1220.2,88,1220.3,79,
2026-04-10T12:47:34.431,NC,COFORGE,1220.3,1271.0,1272.0,1213.0,1264.9,2748046,1229.04,1220.2,76,1220.3,26,
2026-04-10T12:47:35.433,NC,COFORGE,1220.5,1271.0,1272.0,1213.0,1264.9,2748285,1229.04,1220.5,95,1220.7,297,
2026-04-10T12:47:36.634,NC,COFORGE,1220.5,1271.0,1272.0,1213.0,1264.9,2748320,1229.04,1220.5,90,1220.7,319,
2026-04-10T12:47:37.638,NC,COFORGE,1220.5,1271.0,1272.0,1213.0,1264.9,2748337,1229.04,1220.5,88,1220.7,331,
2026-04-10T12:47:38.742,NC,COFORGE,1220.7,1271.0,1272.0,1213.0,1264.9,2748363,1229.04,1220.5,87,1220.7,306,
2026-04-10T12:47:39.939,NC,COFORGE,1220.5,1271.0,1272.0,1213.0,1264.9,2748601,1229.04,1220.5,56,1220.7,249,
2026-04-10T12:47:41.054,NC,COFORGE,1220.5,1271.0,1272.0,1213.0,1264.9,2748657,1229.04,1220.2,356,1220.5,8,
2026-04-10T12:47:42.045,NC,COFORGE,1220.2,1271.0,1272.0,1213.0,1264.9,2748665,1229.04,1220.2,376,1220.5,17,
2026-04-10T12:47:43.051,NC,COFORGE,1220.5,1271.0,1272.0,1213.0,1264.9,2748667,1229.04,1220.2,376,1220.5,53,
2026-04-10T12:47:44.947,NC,COFORGE,1220.5,1271.0,1272.0,1213.0,1264.9,2749058,1229.04,1220.5,85,1221.1,279,
2026-04-10T12:47:49.553,NC,COFORGE,1220.1,1271.0,1272.0,1213.0,1264.9,2750203,1229.04,1220.1,99,1220.7,108,
2026-04-10T12:47:54.259,NC,COFORGE,1220.1,1271.0,1272.0,1213.0,1264.9,2750352,1229.03,1220.1,21,1220.5,9,
2026-04-10T12:47:59.264,NC,COFORGE,1220.2,1271.0,1272.0,1213.0,1264.9,2751002,1229.03,1220.2,2101,1220.8,91,
2026-04-10T12:48:04.581,NC,COFORGE,1220.7,1271.0,1272.0,1213.0,1264.9,2751028,1229.03,1220.5,1,1220.7,5,
2026-04-10T12:48:09.479,NC,COFORGE,1220.4,1271.0,1272.0,1213.0,1264.9,2751201,1229.03,1220.5,83,1221.0,130,
2026-04-10T12:48:14.081,NC,COFORGE,1220.6,1271.0,1272.0,1213.0,1264.9,2751334,1229.03,1220.6,88,1220.7,1,
2026-04-10T12:48:18.591,NC,COFORGE,1221.3,1271.0,1272.0,1213.0,1264.9,2751896,1229.03,1221.3,207,1221.7,2010,
2026-04-10T12:48:23.533,NC,COFORGE,1223.5,1271.0,1272.0,1213.0,1264.9,2763136,1229.0,1223.5,55,1223.8,40,
2026-04-10T12:48:28.410,NC,COFORGE,1223.3,1271.0,1272.0,1213.0,1264.9,2764253,1229.0,1223.3,139,1223.5,9,
2026-04-10T12:48:33.208,NC,COFORGE,1224.4,1271.0,1272.0,1213.0,1264.9,2768317,1228.99,1223.7,84,1224.4,161,
2026-04-10T12:48:38.117,NC,COFORGE,1223.8,1271.0,1272.0,1213.0,1264.9,2769912,1228.99,1223.8,89,1224.2,82,
2026-04-10T12:48:43.121,NC,COFORGE,1223.6,1271.0,1272.0,1213.0,1264.9,2770377,1228.99,1223.6,3,1223.8,4,
2026-04-10T12:48:44.322,NC,COFORGE,1223.8,1271.0,1272.0,1213.0,1264.9,2770837,1228.99,1223.8,133,1224.0,58,
2026-04-10T12:48:45.319,NC,COFORGE,1223.6,1271.0,1272.0,1213.0,1264.9,2771058,1228.99,1223.6,47,1223.7,8,
2026-04-10T12:48:46.425,NC,COFORGE,1223.8,1271.0,1272.0,1213.0,1264.9,2771371,1228.99,1223.7,39,1224.0,100,
2026-04-10T12:48:47.527,NC,COFORGE,1223.6,1271.0,1272.0,1213.0,1264.9,2771667,1228.99,1223.7,30,1224.0,62,
2026-04-10T12:48:48.622,NC,COFORGE,1223.6,1271.0,1272.0,1213.0,1264.9,2771704,1228.99,1223.6,242,1224.0,61,
2026-04-10T12:48:49.722,NC,COFORGE,1224.0,1271.0,1272.0,1213.0,1264.9,2772465,1228.99,1223.9,105,1224.0,3,
2026-04-10T12:48:50.640,NC,COFORGE,1223.9,1271.0,1272.0,1213.0,1264.9,2772475,1228.99,1223.9,75,1224.0,12,
2026-04-10T12:48:51.722,NC,COFORGE,1224.4,1271.0,1272.0,1213.0,1264.9,2790128,1228.96,1224.4,62,1224.9,236,
2026-04-10T12:48:52.759,NC,COFORGE,1225.0,1271.0,1272.0,1213.0,1264.9,2797076,1228.95,1224.6,40,1225.0,117,
2026-04-10T12:48:53.750,NC,COFORGE,1225.3,1271.0,1272.0,1213.0,1264.9,2827081,1228.91,1225.1,30,1225.5,244,
2026-04-10T12:48:54.728,NC,COFORGE,1224.0,1271.0,1272.0,1213.0,1264.9,2831297,1228.9,1224.3,63,1224.6,19,
2026-04-10T12:48:55.751,NC,COFORGE,1224.0,1271.0,1272.0,1213.0,1264.9,2837051,1228.89,1224.0,30,1224.2,23,
2026-04-10T12:48:56.729,NC,COFORGE,1223.9,1271.0,1272.0,1213.0,1264.9,2837314,1228.89,1223.9,73,1224.0,5,
2026-04-10T12:48:57.740,NC,COFORGE,1224.0,1271.0,1272.0,1213.0,1264.9,2837921,1228.89,1223.7,1000,1224.0,2,
2026-04-10T12:48:58.737,NC,COFORGE,1223.5,1271.0,1272.0,1213.0,1264.9,2840023,1228.89,1223.2,30,1223.4,124,
2026-04-10T12:48:59.738,NC,COFORGE,1223.6,1271.0,1272.0,1213.0,1264.9,2841415,1228.88,1223.0,3058,1223.6,155,
2026-04-10T12:49:00.644,NC,COFORGE,1223.0,1271.0,1272.0,1213.0,1264.9,2841659,1228.88,1223.0,2957,1223.5,74,
2026-04-10T12:49:01.641,NC,COFORGE,1223.0,1271.0,1272.0,1213.0,1264.9,2842112,1228.88,1223.0,2463,1223.5,392,
2026-04-10T12:49:02.645,NC,COFORGE,1223.0,1271.0,1272.0,1213.0,1264.9,2843148,1228.88,1223.0,1437,1223.4,256,
2026-04-10T12:49:03.644,NC,COFORGE,1223.0,1271.0,1272.0,1213.0,1264.9,2843353,1228.88,1223.0,1257,1223.4,112,
2026-04-10T12:49:04.643,NC,COFORGE,1223.0,1271.0,1272.0,1213.0,1264.9,2843366,1228.88,1223.0,1244,1223.4,196,
2026-04-10T12:49:05.647,NC,COFORGE,1223.4,1271.0,1272.0,1213.0,1264.9,2844103,1228.88,1223.0,738,1223.4,102,
2026-04-10T12:49:06.647,NC,COFORGE,1223.0,1271.0,1272.0,1213.0,1264.9,2844787,1228.88,1223.0,83,1223.2,276,
2026-04-10T12:49:07.648,NC,COFORGE,1223.0,1271.0,1272.0,1213.0,1264.9,2844864,1228.88,1223.0,16,1223.2,389,
2026-04-10T12:49:08.651,NC,COFORGE,1222.8,1271.0,1272.0,1213.0,1264.9,2844961,1228.88,1222.7,42,1222.8,1,
2026-04-10T12:49:09.667,NC,COFORGE,1223.0,1271.0,1272.0,1213.0,1264.9,2845368,1228.87,1223.0,75,1223.2,336,
2026-04-10T12:49:10.678,NC,COFORGE,1222.7,1271.0,1272.0,1213.0,1264.9,2845684,1228.87,1222.3,81,1222.7,3,
2026-04-10T12:49:11.661,NC,COFORGE,1222.3,1271.0,1272.0,1213.0,1264.9,2845762,1228.87,1222.3,1,1222.7,72,
2026-04-10T12:49:12.661,NC,COFORGE,1222.3,1271.0,1272.0,1213.0,1264.9,2845919,1228.87,1222.1,35,1222.3,2,
2026-04-10T12:49:13.662,NC,COFORGE,1222.1,1271.0,1272.0,1213.0,1264.9,2845994,1228.87,1222.1,26,1222.3,11,
2026-04-10T12:49:14.676,NC,COFORGE,1222.1,1271.0,1272.0,1213.0,1264.9,2846040,1228.87,1222.1,7,1222.3,2,
2026-04-10T12:49:15.579,NC,COFORGE,1223.0,1271.0,1272.0,1213.0,1264.9,2848041,1228.87,1222.0,49,1222.5,60,
2026-04-10T12:49:16.569,NC,COFORGE,1222.1,1271.0,1272.0,1213.0,1264.9,2848552,1228.87,1222.1,131,1222.5,79,
2026-04-10T12:49:17.571,NC,COFORGE,1222.7,1271.0,1272.0,1213.0,1264.9,2849088,1228.87,1222.5,34,1223.1,131,
2026-04-10T12:49:18.571,NC,COFORGE,1222.3,1271.0,1272.0,1213.0,1264.9,2849313,1228.87,1222.3,134,1222.5,96,
2026-04-10T12:49:19.587,NC,COFORGE,1222.3,1271.0,1272.0,1213.0,1264.9,2849314,1228.87,1222.3,133,1222.5,148,
2026-04-10T12:49:20.576,NC,COFORGE,1222.3,1271.0,1272.0,1213.0,1264.9,2849426,1228.87,1222.3,18,1222.5,181,
2026-04-10T12:49:21.482,NC,COFORGE,1222.0,1271.0,1272.0,1213.0,1264.9,2849719,1228.87,1221.9,7,1222.4,205,
2026-04-10T12:49:22.578,NC,COFORGE,1221.9,1271.0,1272.0,1213.0,1264.9,2849724,1228.87,1221.9,3,1222.4,282,
2026-04-10T12:49:23.580,NC,COFORGE,1221.9,1271.0,1272.0,1213.0,1264.9,2849781,1228.87,1221.9,6,1222.2,1,
2026-04-10T12:49:26.782,NC,COFORGE,1222.0,1271.0,1272.0,1213.0,1264.9,2849882,1228.86,1222.0,18,1222.2,15,
2026-04-10T12:49:27.883,NC,COFORGE,1221.9,1271.0,1272.0,1213.0,1264.9,2849995,1228.86,1221.9,159,1222.2,45,
2026-04-10T12:49:28.879,NC,COFORGE,1222.0,1271.0,1272.0,1213.0,1264.9,2850214,1228.86,1222.0,519,1222.4,39,
2026-04-10T12:49:29.881,NC,COFORGE,1222.0,1271.0,1272.0,1213.0,1264.9,2850555,1228.86,1222.0,93,1222.4,176,
2026-04-10T12:49:30.886,NC,COFORGE,1222.0,1271.0,1272.0,1213.0,1264.9,2850556,1228.86,1222.0,92,1222.4,307,
2026-04-10T12:49:31.882,NC,COFORGE,1221.7,1271.0,1272.0,1213.0,1264.9,2851356,1228.86,1221.8,159,1222.4,228,
2026-04-10T12:49:32.896,NC,COFORGE,1221.9,1271.0,1272.0,1213.0,1264.9,2851463,1228.86,1221.9,49,1222.4,419,
2026-04-10T12:49:33.989,NC,COFORGE,1222.4,1271.0,1272.0,1213.0,1264.9,2851861,1228.86,1222.0,30,1222.4,211,
2026-04-10T12:49:34.896,NC,COFORGE,1221.9,1271.0,1272.0,1213.0,1264.9,2851901,1228.86,1221.9,241,1222.0,5,
2026-04-10T12:49:35.996,NC,COFORGE,1222.0,1271.0,1272.0,1213.0,1264.9,2851935,1228.86,1222.0,36,1222.4,118,
2026-04-10T12:49:37.099,NC,COFORGE,1221.9,1271.0,1272.0,1213.0,1264.9,2852042,1228.86,1221.9,201,1222.4,144,
2026-04-10T12:49:38.209,NC,COFORGE,1221.9,1271.0,1272.0,1213.0,1264.9,2852049,1228.86,1221.9,181,1222.4,141,
2026-04-10T12:49:39.308,NC,COFORGE,1222.4,1271.0,1272.0,1213.0,1264.9,2852293,1228.86,1221.9,161,1222.4,101,
2026-04-10T12:49:40.300,NC,COFORGE,1222.6,1271.0,1272.0,1213.0,1264.9,2853572,1228.86,1222.6,138,1222.7,17,
2026-04-10T12:49:41.400,NC,COFORGE,1222.5,1271.0,1272.0,1213.0,1264.9,2853647,1228.86,1222.5,39,1222.6,8,
2026-04-10T12:49:42.497,NC,COFORGE,1222.6,1271.0,1272.0,1213.0,1264.9,2853718,1228.86,1222.6,44,1222.7,25,
2026-04-10T12:49:43.604,NC,COFORGE,1222.6,1271.0,1272.0,1213.0,1264.9,2853719,1228.86,1222.5,169,1222.6,1,
2026-04-10T12:49:44.707,NC,COFORGE,1222.6,1271.0,1272.0,1213.0,1264.9,2853725,1228.86,1222.6,34,1222.7,25,
2026-04-10T12:49:47.720,NC,COFORGE,1222.6,1271.0,1272.0,1213.0,1264.9,2853953,1228.86,1222.5,12,1222.6,1,
2026-04-10T12:49:48.810,NC,COFORGE,1222.5,1271.0,1272.0,1213.0,1264.9,2853982,1228.86,1222.5,8,1222.6,3,
2026-04-10T12:49:49.910,NC,COFORGE,1222.5,1271.0,1272.0,1213.0,1264.9,2853983,1228.86,1222.5,7,1222.6,3,
2026-04-10T12:49:50.914,NC,COFORGE,1222.7,1271.0,1272.0,1213.0,1264.9,2854013,1228.86,1222.8,3,1222.9,148,
2026-04-10T12:49:51.912,NC,COFORGE,1222.9,1271.0,1272.0,1213.0,1264.9,2854121,1228.86,1222.4,34,1222.9,119,
2026-04-10T12:49:52.912,NC,COFORGE,1222.2,1271.0,1272.0,1213.0,1264.9,2854137,1228.85,1222.2,123,1222.8,224,
2026-04-10T12:49:53.931,NC,COFORGE,1222.2,1271.0,1272.0,1213.0,1264.9,2854139,1228.85,1222.3,21,1222.8,193,
2026-04-10T12:49:54.923,NC,COFORGE,1222.8,1271.0,1272.0,1213.0,1264.9,2854140,1228.85,1222.3,87,1222.8,103,
2026-04-10T12:49:55.924,NC,COFORGE,1222.3,1271.0,1272.0,1213.0,1264.9,2854247,1228.85,1222.2,108,1222.8,224,
2026-04-10T12:49:56.917,NC,COFORGE,1222.2,1271.0,1272.0,1213.0,1264.9,2854260,1228.85,1222.2,134,1222.8,117,
2026-04-10T12:49:58.916,NC,COFORGE,1222.7,1271.0,1272.0,1213.0,1264.9,2854360,1228.85,1222.2,40,1222.7,290,
2026-04-10T12:49:59.921,NC,COFORGE,1222.2,1271.0,1272.0,1213.0,1264.9,2854379,1228.85,1222.2,26,1222.7,411,
2026-04-10T12:50:00.920,NC,COFORGE,1222.7,1271.0,1272.0,1213.0,1264.9,2854710,1228.85,1222.3,20,1222.7,205,
2026-04-10T12:50:01.936,NC,COFORGE,1222.6,1271.0,1272.0,1213.0,1264.9,2854811,1228.85,1222.0,360,1222.5,156,
2026-04-10T12:50:03.023,NC,COFORGE,1222.0,1271.0,1272.0,1213.0,1264.9,2854818,1228.85,1222.0,353,1222.5,291,
2026-04-10T12:50:04.023,NC,COFORGE,1222.0,1271.0,1272.0,1213.0,1264.9,2855045,1228.85,1222.2,1520,1222.5,143,
2026-04-10T12:50:05.122,NC,COFORGE,1222.2,1271.0,1272.0,1213.0,1264.9,2855046,1228.85,1222.2,2534,1222.5,36,
2026-04-10T12:50:06.224,NC,COFORGE,1222.5,1271.0,1272.0,1213.0,1264.9,2855078,1228.85,1222.2,2531,1222.5,59,
2026-04-10T12:50:07.326,NC,COFORGE,1222.5,1271.0,1272.0,1213.0,1264.9,2855202,1228.85,1222.2,2407,1222.4,30,
2026-04-10T12:50:08.442,NC,COFORGE,1222.2,1271.0,1272.0,1213.0,1264.9,2855252,1228.85,1222.2,2387,1222.4,229,
2026-04-10T12:50:10.427,NC,COFORGE,1222.4,1271.0,1272.0,1213.0,1264.9,2855502,1228.85,1222.2,2387,1222.4,52,
2026-04-10T12:50:11.530,NC,COFORGE,1222.2,1271.0,1272.0,1213.0,1264.9,2855617,1228.85,1222.2,2277,1222.4,335,
2026-04-10T12:50:12.630,NC,COFORGE,1221.7,1271.0,1272.0,1213.0,1264.9,2859365,1228.84,1221.6,27,1221.9,215,
2026-04-10T12:50:13.748,NC,COFORGE,1221.5,1271.0,1272.0,1213.0,1264.9,2859935,1228.84,1221.2,34,1221.5,40,
2026-04-10T12:50:14.735,NC,COFORGE,1221.1,1271.0,1272.0,1213.0,1264.9,2860147,1228.84,1221.1,8,1221.5,86,
2026-04-10T12:50:15.756,NC,COFORGE,1221.0,1271.0,1272.0,1213.0,1264.9,2860696,1228.84,1220.9,146,1221.5,162,
2026-04-10T12:50:16.756,NC,COFORGE,1220.8,1271.0,1272.0,1213.0,1264.9,2860732,1228.84,1220.8,175,1221.4,588,
2026-04-10T12:50:17.737,NC,COFORGE,1221.3,1271.0,1272.0,1213.0,1264.9,2861263,1228.84,1221.0,97,1221.3,5,
2026-04-10T12:50:18.734,NC,COFORGE,1221.0,1271.0,1272.0,1213.0,1264.9,2861323,1228.84,1221.0,1,1221.3,20,
2026-04-10T12:50:19.737,NC,COFORGE,1221.3,1271.0,1272.0,1213.0,1264.9,2862940,1228.83,1220.9,230,1221.4,5,
2026-04-10T12:50:20.740,NC,COFORGE,1221.7,1271.0,1272.0,1213.0,1264.9,2864048,1228.83,1221.6,67,1221.7,12,
2026-04-10T12:50:21.741,NC,COFORGE,1221.5,1271.0,1272.0,1213.0,1264.9,2864142,1228.83,1221.5,21,1221.7,77,
2026-04-10T12:50:22.842,NC,COFORGE,1221.4,1271.0,1272.0,1213.0,1264.9,2864166,1228.83,1221.2,9,1221.5,296,
2026-04-10T12:50:23.841,NC,COFORGE,1221.2,1271.0,1272.0,1213.0,1264.9,2864636,1228.83,1221.1,118,1221.2,6,
2026-04-10T12:50:24.853,NC,COFORGE,1221.1,1271.0,1272.0,1213.0,1264.9,2864687,1228.83,1221.1,71,1221.2,20,
2026-04-10T12:50:25.746,NC,COFORGE,1221.3,1271.0,1272.0,1213.0,1264.9,2864716,1228.83,1221.3,201,1221.6,16,
2026-04-10T12:50:26.756,NC,COFORGE,1221.5,1271.0,1272.0,1213.0,1264.9,2864850,1228.83,1221.1,118,1221.5,1,
2026-04-10T12:50:27.752,NC,COFORGE,1221.1,1271.0,1272.0,1213.0,1264.9,2864925,1228.83,1221.3,1,1221.5,3,
2026-04-10T12:50:28.762,NC,COFORGE,1221.3,1271.0,1272.0,1213.0,1264.9,2864926,1228.83,1221.0,704,1221.5,5,
2026-04-10T12:50:30.776,NC,COFORGE,1221.0,1271.0,1272.0,1213.0,1264.9,2864978,1228.83,1221.0,1005,1221.2,12,
2026-04-10T12:50:31.754,NC,COFORGE,1221.5,1271.0,1272.0,1213.0,1264.9,2865366,1228.83,1221.4,324,1221.5,1,
2026-04-10T12:50:32.758,NC,COFORGE,1221.4,1271.0,1272.0,1213.0,1264.9,2865395,1228.83,1221.4,125,1221.5,5,
2026-04-10T12:50:33.860,NC,COFORGE,1221.4,1271.0,1272.0,1213.0,1264.9,2865396,1228.83,1221.4,188,1221.5,9,
2026-04-10T12:50:35.859,NC,COFORGE,1221.8,1271.0,1272.0,1213.0,1264.9,2865430,1228.83,1221.3,100,1221.8,205,
2026-04-10T12:50:37.062,NC,COFORGE,1221.3,1271.0,1272.0,1213.0,1264.9,2865785,1228.83,1221.4,49,1221.6,178,
2026-04-10T12:50:38.161,NC,COFORGE,1221.4,1271.0,1272.0,1213.0,1264.9,2865792,1228.83,1221.4,42,1221.6,230,
2026-04-10T12:50:39.264,NC,COFORGE,1221.4,1271.0,1272.0,1213.0,1264.9,2866024,1228.83,1221.4,16,1221.6,52,
2026-04-10T12:50:40.264,NC,COFORGE,1221.4,1271.0,1272.0,1213.0,1264.9,2866027,1228.83,1221.4,13,1221.6,52,
2026-04-10T12:50:41.281,NC,COFORGE,1221.3,1271.0,1272.0,1213.0,1264.9,2866114,1228.83,1221.3,21,1221.4,8,
2026-04-10T12:50:42.281,NC,COFORGE,1221.0,1271.0,1272.0,1213.0,1264.9,2867244,1228.82,1221.0,179,1221.4,67,
2026-04-10T12:50:43.268,NC,COFORGE,1221.0,1271.0,1272.0,1213.0,1264.9,2867369,1228.82,1221.0,54,1221.4,119,
2026-04-10T12:50:44.403,NC,COFORGE,1221.3,1271.0,1272.0,1213.0,1264.9,2867391,1228.82,1221.0,36,1221.3,62,
2026-04-10T12:50:45.371,NC,COFORGE,1221.0,1271.0,1272.0,1213.0,1264.9,2867727,1228.82,1220.8,1,1221.0,4,
2026-04-10T12:50:46.479,NC,COFORGE,1221.3,1271.0,1272.0,1213.0,1264.9,2867956,1228.82,1220.6,170,1220.8,1,
2026-04-10T12:50:47.574,NC,COFORGE,1221.4,1271.0,1272.0,1213.0,1264.9,2868772,1228.82,1220.6,165,1220.8,3,
2026-04-10T12:50:48.673,NC,COFORGE,1220.6,1271.0,1272.0,1213.0,1264.9,2868932,1228.82,1220.5,65,1220.6,11,
2026-04-10T12:50:49.779,NC,COFORGE,1220.6,1271.0,1272.0,1213.0,1264.9,2868952,1228.82,1220.3,7,1220.6,25,
2026-04-10T12:50:50.775,NC,COFORGE,1220.4,1271.0,1272.0,1213.0,1264.9,2869029,1228.82,1220.3,2,1220.9,346,
2026-04-10T12:50:51.882,NC,COFORGE,1220.2,1271.0,1272.0,1213.0,1264.9,2869440,1228.82,1220.3,19,1220.8,94,
2026-04-10T12:50:53.051,NC,COFORGE,1220.2,1271.0,1272.0,1213.0,1264.9,2869470,1228.82,1220.2,70,1220.8,244,
2026-04-10T12:50:54.116,NC,COFORGE,1221.4,1271.0,1272.0,1213.0,1264.9,2870095,1228.81,1220.8,77,1221.3,67,
2026-04-10T12:50:55.097,NC,COFORGE,1220.8,1271.0,1272.0,1213.0,1264.9,2870142,1228.81,1220.7,9,1221.2,67,
2026-04-10T12:50:56.082,NC,COFORGE,1220.7,1271.0,1272.0,1213.0,1264.9,2870151,1228.81,1220.6,94,1220.7,8,
2026-04-10T12:50:57.090,NC,COFORGE,1220.6,1271.0,1272.0,1213.0,1264.9,2870152,1228.81,1220.6,8,1220.7,10,
2026-04-10T12:50:59.296,NC,COFORGE,1220.7,1271.0,1272.0,1213.0,1264.9,2870225,1228.81,1220.6,36,1220.7,1,
2026-04-10T12:51:00.389,NC,COFORGE,1220.6,1271.0,1272.0,1213.0,1264.9,2870226,1228.81,1220.6,35,1220.7,1,
2026-04-10T12:51:01.512,NC,COFORGE,1221.0,1271.0,1272.0,1213.0,1264.9,2870265,1228.81,1221.0,150,1221.3,206,
2026-04-10T12:51:02.500,NC,COFORGE,1220.6,1271.0,1272.0,1213.0,1264.9,2870567,1228.81,1220.6,157,1221.2,72,
2026-04-10T12:51:03.602,NC,COFORGE,1220.7,1271.0,1272.0,1213.0,1264.9,2870574,1228.81,1220.7,201,1221.2,14,
2026-04-10T12:51:05.706,NC,COFORGE,1221.2,1271.0,1272.0,1213.0,1264.9,2870604,1228.81,1220.8,35,1221.2,1,
2026-04-10T12:51:06.708,NC,COFORGE,1220.7,1271.0,1272.0,1213.0,1264.9,2870665,1228.81,1220.7,516,1221.3,37,
2026-04-10T12:51:07.712,NC,COFORGE,1220.8,1271.0,1272.0,1213.0,1264.9,2872262,1228.81,1220.8,62,1221.4,180,
2026-04-10T12:51:08.801,NC,COFORGE,1220.8,1271.0,1272.0,1213.0,1264.9,2872265,1228.81,1220.7,333,1221.3,20,
2026-04-10T12:51:09.924,NC,COFORGE,1221.3,1271.0,1272.0,1213.0,1264.9,2872266,1228.81,1220.7,333,1221.3,19,
2026-04-10T12:51:11.007,NC,COFORGE,1220.7,1271.0,1272.0,1213.0,1264.9,2872348,1228.81,1220.7,315,1221.3,71,
2026-04-10T12:51:12.109,NC,COFORGE,1220.8,1271.0,1272.0,1213.0,1264.9,2872372,1228.81,1221.0,17,1221.3,71,
2026-04-10T12:51:13.012,NC,COFORGE,1221.0,1271.0,1272.0,1213.0,1264.9,2872373,1228.81,1221.0,82,1221.3,71,
2026-04-10T12:51:14.013,NC,COFORGE,1221.6,1271.0,1272.0,1213.0,1264.9,2872679,1228.81,1221.0,124,1221.6,144,
2026-04-10T12:51:15.011,NC,COFORGE,1221.0,1271.0,1272.0,1213.0,1264.9,2872720,1228.81,1221.0,194,1221.6,129,
2026-04-10T12:51:16.012,NC,COFORGE,1221.0,1271.0,1272.0,1213.0,1264.9,2872721,1228.81,1221.4,90,1221.5,123,
2026-04-10T12:51:17.018,NC,COFORGE,1220.8,1271.0,1272.0,1213.0,1264.9,2872851,1228.81,1220.8,197,1221.4,201,
2026-04-10T12:51:21.034,NC,COFORGE,1220.9,1271.0,1272.0,1213.0,1264.9,2872886,1228.81,1220.9,30,1221.3,149,
2026-04-10T12:51:23.028,NC,COFORGE,1220.9,1271.0,1272.0,1213.0,1264.9,2872888,1228.81,1220.9,28,1221.3,228,
2026-04-10T12:51:24.928,NC,COFORGE,1221.3,1271.0,1272.0,1213.0,1264.9,2872899,1228.81,1220.9,56,1221.3,178,
2026-04-10T12:51:25.931,NC,COFORGE,1220.9,1271.0,1272.0,1213.0,1264.9,2872981,1228.81,1220.9,8,1221.2,112,
2026-04-10T12:51:26.933,NC,COFORGE,1220.9,1271.0,1272.0,1213.0,1264.9,2872989,1228.81,1220.9,6,1221.1,1,
2026-04-10T12:51:29.941,NC,COFORGE,1221.0,1271.0,1272.0,1213.0,1264.9,2872996,1228.81,1221.0,31,1221.1,20,
2026-04-10T12:51:30.940,NC,COFORGE,1221.0,1271.0,1272.0,1213.0,1264.9,2872997,1228.81,1221.0,30,1221.1,84,
2026-04-10T12:51:31.944,NC,COFORGE,1221.0,1271.0,1272.0,1213.0,1264.9,2872999,1228.81,1221.0,29,1221.1,109,
2026-04-10T12:51:33.861,NC,COFORGE,1221.1,1271.0,1272.0,1213.0,1264.9,2873002,1228.81,1221.0,29,1221.1,138,
2026-04-10T12:51:35.958,NC,COFORGE,1221.0,1271.0,1272.0,1213.0,1264.9,2873490,1228.81,1221.0,293,1221.1,34,
2026-04-10T12:51:36.946,NC,COFORGE,1221.0,1271.0,1272.0,1213.0,1264.9,2873491,1228.81,1221.0,386,1221.1,34,
2026-04-10T12:51:38.850,NC,COFORGE,1221.1,1271.0,1272.0,1213.0,1264.9,2873537,1228.81,1221.1,7,1221.2,92,
2026-04-10T12:51:39.879,NC,COFORGE,1221.1,1271.0,1272.0,1213.0,1264.9,2873777,1228.8,1221.1,13,1221.3,104,
2026-04-10T12:51:40.855,NC,COFORGE,1221.0,1271.0,1272.0,1213.0,1264.9,2874277,1228.8,1221.0,12,1221.1,17,
2026-04-10T12:51:41.846,NC,COFORGE,1221.1,1271.0,1272.0,1213.0,1264.9,2874302,1228.8,1221.0,12,1221.1,134,
2026-04-10T12:51:42.854,NC,COFORGE,1220.8,1271.0,1272.0,1213.0,1264.9,2874419,1228.8,1220.8,112,1221.0,29,
2026-04-10T12:51:43.751,NC,COFORGE,1220.8,1271.0,1272.0,1213.0,1264.9,2874497,1228.8,1220.8,39,1221.1,161,
2026-04-10T12:51:44.649,NC,COFORGE,1220.8,1271.0,1272.0,1213.0,1264.9,2874498,1228.8,1221.0,240,1221.1,207,
2026-04-10T12:51:45.750,NC,COFORGE,1221.1,1271.0,1272.0,1213.0,1264.9,2874500,1228.8,1221.0,240,1221.1,170,
2026-04-10T12:51:47.751,NC,COFORGE,1221.0,1271.0,1272.0,1213.0,1264.9,2874607,1228.8,1221.0,263,1221.1,76,
2026-04-10T12:51:48.856,NC,COFORGE,1221.1,1271.0,1272.0,1213.0,1264.9,2874672,1228.8,1221.0,249,1221.1,79,
2026-04-10T12:51:49.857,NC,COFORGE,1221.1,1271.0,1272.0,1213.0,1264.9,2874684,1228.8,1221.0,248,1221.1,68,
2026-04-10T12:51:50.760,NC,COFORGE,1220.9,1271.0,1272.0,1213.0,1264.9,2875068,1228.8,1220.7,295,1220.9,105,
2026-04-10T12:51:51.771,NC,COFORGE,1220.7,1271.0,1272.0,1213.0,1264.9,2875120,1228.8,1220.7,243,1220.8,30,
2026-04-10T12:51:52.771,NC,COFORGE,1220.8,1271.0,1272.0,1213.0,1264.9,2875468,1228.8,1220.5,218,1220.8,135,
2026-04-10T12:51:53.767,NC,COFORGE,1220.7,1271.0,1272.0,1213.0,1264.9,2875760,1228.8,1220.5,26,1220.8,252,
2026-04-10T12:51:54.769,NC,COFORGE,1220.7,1271.0,1272.0,1213.0,1264.9,2875809,1228.8,1220.7,6,1220.8,256,
2026-04-10T12:51:55.875,NC,COFORGE,1220.3,1271.0,1272.0,1213.0,1264.9,2875816,1228.8,1220.3,356,1220.7,2,
2026-04-10T12:51:56.875,NC,COFORGE,1220.3,1271.0,1272.0,1213.0,1264.9,2875817,1228.8,1220.3,402,1220.7,8,
2026-04-10T12:51:57.790,NC,COFORGE,1220.7,1271.0,1272.0,1213.0,1264.9,2875875,1228.8,1220.4,479,1220.7,5,
2026-04-10T12:51:58.785,NC,COFORGE,1220.4,1271.0,1272.0,1213.0,1264.9,2875903,1228.8,1220.4,451,1220.7,18,
2026-04-10T12:51:59.781,NC,COFORGE,1220.4,1271.0,1272.0,1213.0,1264.9,2875906,1228.8,1220.4,302,1220.7,25,
2026-04-10T12:52:00.970,NC,COFORGE,1220.5,1271.0,1272.0,1213.0,1264.9,2875951,1228.8,1220.5,59,1220.7,12,
2026-04-10T12:52:02.772,NC,COFORGE,1220.5,1271.0,1272.0,1213.0,1264.9,2875974,1228.8,1220.5,26,1220.7,48,
2026-04-10T12:52:03.891,NC,COFORGE,1220.7,1271.0,1272.0,1213.0,1264.9,2875975,1228.8,1220.4,243,1220.7,47,
2026-04-10T12:52:06.784,NC,COFORGE,1220.6,1271.0,1272.0,1213.0,1264.9,2876100,1228.8,1220.5,41,1220.6,2,
2026-04-10T12:52:07.695,NC,COFORGE,1220.6,1271.0,1272.0,1213.0,1264.9,2876119,1228.8,1220.6,24,1220.8,15,
2026-04-10T12:52:08.686,NC,COFORGE,1220.9,1271.0,1272.0,1213.0,1264.9,2876236,1228.8,1220.9,174,1221.4,66,
2026-04-10T12:52:09.794,NC,COFORGE,1220.9,1271.0,1272.0,1213.0,1264.9,2876327,1228.8,1220.9,149,1221.4,54,
2026-04-10T12:52:10.887,NC,COFORGE,1220.9,1271.0,1272.0,1213.0,1264.9,2876330,1228.8,1220.9,82,1221.4,54,
2026-04-10T12:52:11.989,NC,COFORGE,1221.0,1271.0,1272.0,1213.0,1264.9,2876416,1228.8,1220.6,67,1221.0,1,
2026-04-10T12:52:12.886,NC,COFORGE,1220.8,1271.0,1272.0,1213.0,1264.9,2876427,1228.8,1220.8,306,1221.5,126,
2026-04-10T12:52:13.989,NC,COFORGE,1220.9,1271.0,1272.0,1213.0,1264.9,2876564,1228.8,1221.2,73,1221.8,77,
2026-04-10T12:52:14.993,NC,COFORGE,1221.8,1271.0,1272.0,1213.0,1264.9,2876566,1228.8,1221.2,205,1221.8,92,
2026-04-10T12:52:15.995,NC,COFORGE,1221.4,1271.0,1272.0,1213.0,1264.9,2876572,1228.8,1221.4,80,1221.8,53,
2026-04-10T12:52:18.096,NC,COFORGE,1221.5,1271.0,1272.0,1213.0,1264.9,2876605,1228.8,1221.5,172,1221.8,11,
2026-04-10T12:52:18.999,NC,COFORGE,1221.4,1271.0,1272.0,1213.0,1264.9,2876606,1228.8,1221.6,141,1221.8,12,
2026-04-10T12:52:20.111,NC,COFORGE,1221.7,1271.0,1272.0,1213.0,1264.9,2878063,1228.79,1221.6,9,1221.7,18,
2026-04-10T12:52:21.209,NC,COFORGE,1221.7,1271.0,1272.0,1213.0,1264.9,2878162,1228.79,1221.6,7,1221.7,11,
2026-04-10T12:52:22.107,NC,COFORGE,1221.4,1271.0,1272.0,1213.0,1264.9,2878192,1228.79,1221.4,63,1221.6,1,
2026-04-10T12:52:25.213,NC,COFORGE,1221.4,1271.0,1272.0,1213.0,1264.9,2878203,1228.79,1221.4,121,1221.6,12,
2026-04-10T12:52:26.236,NC,COFORGE,1221.4,1271.0,1272.0,1213.0,1264.9,2878279,1228.79,1221.4,209,1221.6,17,
2026-04-10T12:52:27.326,NC,COFORGE,1221.4,1271.0,1272.0,1213.0,1264.9,2878311,1228.79,1221.4,510,1221.6,28,
2026-04-10T12:52:29.419,NC,COFORGE,1221.4,1271.0,1272.0,1213.0,1264.9,2878441,1228.79,1221.4,156,1221.6,13,
2026-04-10T12:52:30.520,NC,COFORGE,1221.3,1271.0,1272.0,1213.0,1264.9,2878570,1228.79,1221.3,452,1221.5,10,
2026-04-10T12:52:31.464,NC,COFORGE,1221.3,1271.0,1272.0,1213.0,1264.9,2878625,1228.79,1221.3,453,1221.9,72,
2026-04-10T12:52:32.519,NC,COFORGE,1221.6,1271.0,1272.0,1213.0,1264.9,2878826,1228.79,1221.6,9,1222.0,208,
2026-04-10T12:52:33.527,NC,COFORGE,1221.3,1271.0,1272.0,1213.0,1264.9,2878917,1228.79,1221.3,426,1221.9,69,
2026-04-10T12:52:36.535,NC,COFORGE,1221.9,1271.0,1272.0,1213.0,1264.9,2879382,1228.79,1221.4,80,1221.9,1,
2026-04-10T12:52:37.528,NC,COFORGE,1221.6,1271.0,1272.0,1213.0,1264.9,2879396,1228.79,1221.6,104,1221.9,2,
2026-04-10T12:52:38.531,NC,COFORGE,1221.6,1271.0,1272.0,1213.0,1264.9,2879398,1228.79,1221.6,105,1221.9,4,
2026-04-10T12:52:39.545,NC,COFORGE,1222.2,1271.0,1272.0,1213.0,1264.9,2879590,1228.79,1222.2,9,1222.4,108,
2026-04-10T12:52:40.543,NC,COFORGE,1221.8,1271.0,1272.0,1213.0,1264.9,2879622,1228.79,1221.8,691,1222.4,50,
2026-04-10T12:52:41.536,NC,COFORGE,1221.8,1271.0,1272.0,1213.0,1264.9,2879814,1228.79,1222.0,25,1222.5,228,
2026-04-10T12:52:42.633,NC,COFORGE,1222.0,1271.0,1272.0,1213.0,1264.9,2879830,1228.79,1222.0,9,1222.3,77,
2026-04-10T12:52:43.548,NC,COFORGE,1222.0,1271.0,1272.0,1213.0,1264.9,2879832,1228.79,1222.0,7,1222.3,26,
2026-04-10T12:52:44.527,NC,COFORGE,1221.9,1271.0,1272.0,1213.0,1264.9,2879841,1228.79,1221.9,395,1222.3,44,
2026-04-10T12:52:45.625,NC,COFORGE,1222.3,1271.0,1272.0,1213.0,1264.9,2879868,1228.79,1222.0,9,1222.3,24,
2026-04-10T12:52:46.540,NC,COFORGE,1221.9,1271.0,1272.0,1213.0,1264.9,2880104,1228.79,1221.9,365,1222.3,25,
2026-04-10T12:52:47.630,NC,COFORGE,1222.3,1271.0,1272.0,1213.0,1264.9,2880184,1228.79,1222.3,9,1222.5,243,
2026-04-10T12:52:48.734,NC,COFORGE,1221.9,1271.0,1272.0,1213.0,1264.9,2880196,1228.79,1222.0,45,1222.5,151,
2026-04-10T12:52:49.731,NC,COFORGE,1222.0,1271.0,1272.0,1213.0,1264.9,2880207,1228.79,1222.0,34,1222.3,1,
2026-04-10T12:52:50.736,NC,COFORGE,1222.0,1271.0,1272.0,1213.0,1264.9,2880218,1228.79,1222.0,23,1222.3,2,
2026-04-10T12:52:51.738,NC,COFORGE,1222.0,1271.0,1272.0,1213.0,1264.9,2880262,1228.79,1222.0,100,1222.3,1,
2026-04-10T12:52:52.836,NC,COFORGE,1222.6,1271.0,1272.0,1213.0,1264.9,2880486,1228.79,1222.6,275,1222.7,10,
2026-04-10T12:52:53.940,NC,COFORGE,1222.6,1271.0,1272.0,1213.0,1264.9,2880558,1228.79,1222.6,203,1222.7,10,
2026-04-10T12:52:55.043,NC,COFORGE,1222.6,1271.0,1272.0,1213.0,1264.9,2880781,1228.79,1222.6,164,1223.0,74,
2026-04-10T12:52:55.942,NC,COFORGE,1222.6,1271.0,1272.0,1213.0,1264.9,2880856,1228.79,1222.6,90,1223.0,193,
2026-04-10T12:52:57.046,NC,COFORGE,1222.6,1271.0,1272.0,1213.0,1264.9,2881221,1228.79,1222.6,25,1223.0,29,
2026-04-10T12:52:58.062,NC,COFORGE,1222.6,1271.0,1272.0,1213.0,1264.9,2881228,1228.79,1222.6,18,1222.8,29,
2026-04-10T12:52:59.056,NC,COFORGE,1222.9,1271.0,1272.0,1213.0,1264.9,2881366,1228.79,1222.6,2,1222.9,107,
2026-04-10T12:53:00.043,NC,COFORGE,1222.3,1271.0,1272.0,1213.0,1264.9,2881387,1228.79,1222.3,464,1222.9,105,
2026-04-10T12:53:00.959,NC,COFORGE,1222.3,1271.0,1272.0,1213.0,1264.9,2881388,1228.79,1222.2,147,1222.8,235,
2026-04-10T12:53:01.945,NC,COFORGE,1222.2,1271.0,1272.0,1213.0,1264.9,2881402,1228.79,1222.2,61,1222.8,173,
2026-04-10T12:53:02.959,NC,COFORGE,1222.1,1271.0,1272.0,1213.0,1264.9,2882424,1228.78,1222.1,265,1222.8,205,
2026-04-10T12:53:03.957,NC,COFORGE,1222.0,1271.0,1272.0,1213.0,1264.9,2882450,1228.78,1222.0,530,1222.5,100,
2026-04-10T12:53:04.960,NC,COFORGE,1222.9,1271.0,1272.0,1213.0,1264.9,2882764,1228.78,1222.0,594,1222.6,121,
2026-04-10T12:53:05.859,NC,COFORGE,1222.0,1271.0,1272.0,1213.0,1264.9,2882823,1228.78,1222.0,496,1222.6,127,
2026-04-10T12:53:06.868,NC,COFORGE,1222.1,1271.0,1272.0,1213.0,1264.9,2882961,1228.78,1222.1,265,1222.6,35,
2026-04-10T12:53:07.866,NC,COFORGE,1222.2,1271.0,1272.0,1213.0,1264.9,2883120,1228.78,1222.2,99,1222.6,18,
2026-04-10T12:53:08.868,NC,COFORGE,1222.6,1271.0,1272.0,1213.0,1264.9,2883122,1228.78,1222.2,98,1222.6,17,
2026-04-10T12:53:09.867,NC,COFORGE,1222.1,1271.0,1272.0,1213.0,1264.9,2883142,1228.78,1222.2,144,1222.6,17,
2026-04-10T12:53:10.775,NC,COFORGE,1222.3,1271.0,1272.0,1213.0,1264.9,2883296,1228.78,1222.3,115,1222.8,81,
2026-04-10T12:53:11.763,NC,COFORGE,1222.3,1271.0,1272.0,1213.0,1264.9,2883309,1228.78,1222.3,79,1222.8,52,
2026-04-10T12:53:12.762,NC,COFORGE,1222.4,1271.0,1272.0,1213.0,1264.9,2883322,1228.78,1222.4,66,1222.8,18,
2026-04-10T12:53:13.766,NC,COFORGE,1222.3,1271.0,1272.0,1213.0,1264.9,2883424,1228.78,1222.4,92,1222.8,18,
2026-04-10T12:53:14.767,NC,COFORGE,1222.4,1271.0,1272.0,1213.0,1264.9,2883511,1228.78,1222.4,55,1222.8,16,
2026-04-10T12:53:15.774,NC,COFORGE,1222.8,1271.0,1272.0,1213.0,1264.9,2883543,1228.78,1222.8,70,1223.0,188,
2026-04-10T12:53:16.768,NC,COFORGE,1222.8,1271.0,1272.0,1213.0,1264.9,2883601,1228.78,1222.8,12,1222.9,105,
2026-04-10T12:53:17.772,NC,COFORGE,1222.3,1271.0,1272.0,1213.0,1264.9,2883624,1228.78,1222.3,74,1222.9,263,
2026-04-10T12:53:18.871,NC,COFORGE,1222.3,1271.0,1272.0,1213.0,1264.9,2883643,1228.78,1222.3,88,1222.9,261,
2026-04-10T12:53:19.871,NC,COFORGE,1222.3,1271.0,1272.0,1213.0,1264.9,2883663,1228.78,1222.3,68,1222.9,261,
2026-04-10T12:53:20.974,NC,COFORGE,1222.9,1271.0,1272.0,1213.0,1264.9,2883696,1228.78,1222.3,60,1222.9,319,
2026-04-10T12:53:22.082,NC,COFORGE,1222.3,1271.0,1272.0,1213.0,1264.9,2883700,1228.78,1222.3,26,1222.7,29,
2026-04-10T12:53:26.287,NC,COFORGE,1222.4,1271.0,1272.0,1213.0,1264.9,2883702,1228.78,1222.3,458,1222.4,6,
2026-04-10T12:53:27.406,NC,COFORGE,1222.4,1271.0,1272.0,1213.0,1264.9,2883794,1228.78,1222.4,197,1222.5,1,
2026-04-10T12:53:28.382,NC,COFORGE,1222.4,1271.0,1272.0,1213.0,1264.9,2883816,1228.78,1222.4,206,1222.8,100,
2026-04-10T12:53:29.284,NC,COFORGE,1222.9,1271.0,1272.0,1213.0,1264.9,2884058,1228.78,1222.9,62,1223.3,1,
2026-04-10T12:53:30.484,NC,COFORGE,1222.8,1271.0,1272.0,1213.0,1264.9,2884081,1228.78,1222.8,381,1223.3,18,
2026-04-10T12:53:31.586,NC,COFORGE,1222.8,1271.0,1272.0,1213.0,1264.9,2884108,1228.78,1222.8,420,1223.3,58,
2026-04-10T12:53:32.590,NC,COFORGE,1222.8,1271.0,1272.0,1213.0,1264.9,2884123,1228.78,1222.8,341,1223.3,260,
2026-04-10T12:53:33.590,NC,COFORGE,1223.2,1271.0,1272.0,1213.0,1264.9,2884124,1228.78,1222.8,339,1223.2,245,
2026-04-10T12:53:34.599,NC,COFORGE,1222.8,1271.0,1272.0,1213.0,1264.9,2884126,1228.78,1222.8,337,1223.2,243,
2026-04-10T12:53:35.795,NC,COFORGE,1222.8,1271.0,1272.0,1213.0,1264.9,2884138,1228.78,1222.8,335,1223.2,233,
2026-04-10T12:53:36.804,NC,COFORGE,1222.8,1271.0,1272.0,1213.0,1264.9,2884170,1228.78,1222.8,332,1223.1,29,
2026-04-10T12:53:37.993,NC,COFORGE,1222.9,1271.0,1272.0,1213.0,1264.9,2885034,1228.78,1222.4,209,1222.9,131,
2026-04-10T12:53:39.005,NC,COFORGE,1222.9,1271.0,1272.0,1213.0,1264.9,2885273,1228.78,1222.4,197,1222.8,29,
2026-04-10T12:53:40.106,NC,COFORGE,1222.4,1271.0,1272.0,1213.0,1264.9,2885441,1228.78,1222.3,505,1222.5,1,
2026-04-10T12:53:41.117,NC,COFORGE,1222.5,1271.0,1272.0,1213.0,1264.9,2885574,1228.78,1222.3,481,1222.5,1,
2026-04-10T12:53:42.207,NC,COFORGE,1222.4,1271.0,1272.0,1213.0,1264.9,2885640,1228.78,1222.4,288,1222.8,4,
2026-04-10T12:53:43.107,NC,COFORGE,1222.8,1271.0,1272.0,1213.0,1264.9,2885644,1228.78,1222.4,287,1222.8,3,
2026-04-10T12:53:44.310,NC,COFORGE,1222.4,1271.0,1272.0,1213.0,1264.9,2885668,1228.78,1222.4,261,1222.6,102,
2026-04-10T12:53:46.315,NC,COFORGE,1222.4,1271.0,1272.0,1213.0,1264.9,2885685,1228.78,1222.4,254,1222.6,130,
2026-04-10T12:53:47.317,NC,COFORGE,1222.4,1271.0,1272.0,1213.0,1264.9,2885687,1228.78,1222.4,252,1222.6,130,
2026-04-10T12:53:48.315,NC,COFORGE,1222.4,1271.0,1272.0,1213.0,1264.9,2885699,1228.78,1222.4,240,1222.6,222,
2026-04-10T12:53:52.420,NC,COFORGE,1222.5,1271.0,1272.0,1213.0,1264.9,2885795,1228.78,1222.4,274,1222.5,52,
2026-04-10T12:53:53.533,NC,COFORGE,1222.4,1271.0,1272.0,1213.0,1264.9,2885802,1228.78,1222.4,272,1222.5,52,
2026-04-10T12:53:55.662,NC,COFORGE,1222.4,1271.0,1272.0,1213.0,1264.9,2885889,1228.78,1222.4,295,1222.5,42,
2026-04-10T12:53:56.725,NC,COFORGE,1222.5,1271.0,1272.0,1213.0,1264.9,2885987,1228.78,1222.5,96,1223.0,70,
2026-04-10T12:53:57.848,NC,COFORGE,1222.4,1271.0,1272.0,1213.0,1264.9,2886021,1228.78,1222.4,451,1222.8,53,
2026-04-10T12:53:58.933,NC,COFORGE,1222.8,1271.0,1272.0,1213.0,1264.9,2886137,1228.78,1222.5,40,1222.9,308,
2026-04-10T12:53:59.926,NC,COFORGE,1222.5,1271.0,1272.0,1213.0,1264.9,2886152,1228.78,1222.5,25,1222.9,360,
2026-04-10T12:54:01.030,NC,COFORGE,1222.5,1271.0,1272.0,1213.0,1264.9,2886153,1228.78,1222.5,24,1222.8,53,
2026-04-10T12:54:02.127,NC,COFORGE,1222.9,1271.0,1272.0,1213.0,1264.9,2886219,1228.78,1222.5,24,1222.9,232,
2026-04-10T12:54:03.236,NC,COFORGE,1222.9,1271.0,1272.0,1213.0,1264.9,2886296,1228.78,1222.5,15,1222.9,239,
2026-04-10T12:54:04.345,NC,COFORGE,1222.4,1271.0,1272.0,1213.0,1264.9,2886323,1228.77,1222.4,893,1222.8,254,
2026-04-10T12:54:05.332,NC,COFORGE,1222.4,1271.0,1272.0,1213.0,1264.9,2886325,1228.77,1222.4,1641,1222.8,283,
2026-04-10T12:54:07.535,NC,COFORGE,1222.8,1271.0,1272.0,1213.0,1264.9,2886354,1228.77,1222.4,1641,1222.8,306,
2026-04-10T12:54:08.637,NC,COFORGE,1222.4,1271.0,1272.0,1213.0,1264.9,2886358,1228.77,1222.4,1637,1222.8,309,
2026-04-10T12:54:09.744,NC,COFORGE,1222.5,1271.0,1272.0,1213.0,1264.9,2886367,1228.77,1222.4,1637,1222.7,198,
2026-04-10T12:54:10.738,NC,COFORGE,1222.4,1271.0,1272.0,1213.0,1264.9,2886455,1228.77,1222.4,1554,1222.7,194,
2026-04-10T12:54:11.844,NC,COFORGE,1222.1,1271.0,1272.0,1213.0,1264.9,2888389,1228.77,1222.0,906,1222.1,3,
2026-04-10T12:54:12.934,NC,COFORGE,1222.0,1271.0,1272.0,1213.0,1264.9,2888546,1228.77,1222.0,849,1222.1,24,
2026-04-10T12:54:14.044,NC,COFORGE,1222.0,1271.0,1272.0,1213.0,1264.9,2888566,1228.77,1222.0,830,1222.1,124,
2026-04-10T12:54:15.038,NC,COFORGE,1222.0,1271.0,1272.0,1213.0,1264.9,2888602,1228.77,1222.0,794,1222.1,164,
2026-04-10T12:54:15.936,NC,COFORGE,1222.0,1271.0,1272.0,1213.0,1264.9,2888611,1228.77,1222.0,789,1222.1,160,
2026-04-10T12:54:17.038,NC,COFORGE,1222.0,1271.0,1272.0,1213.0,1264.9,2889099,1228.77,1222.0,619,1222.1,134,
2026-04-10T12:54:17.944,NC,COFORGE,1222.1,1271.0,1272.0,1213.0,1264.9,2889303,1228.77,1222.0,556,1222.1,74,
2026-04-10T12:54:18.942,NC,COFORGE,1222.0,1271.0,1272.0,1213.0,1264.9,2889322,1228.77,1222.0,587,1222.1,48,
2026-04-10T12:54:20.940,NC,COFORGE,1222.0,1271.0,1272.0,1213.0,1264.9,2889350,1228.77,1222.0,759,1222.1,48,
2026-04-10T12:54:21.940,NC,COFORGE,1222.0,1271.0,1272.0,1213.0,1264.9,2889351,1228.77,1222.0,758,1222.1,48,
2026-04-10T12:54:22.945,NC,COFORGE,1222.0,1271.0,1272.0,1213.0,1264.9,2889385,1228.77,1222.0,754,1222.1,18,
2026-04-10T12:54:23.948,NC,COFORGE,1222.5,1271.0,1272.0,1213.0,1264.9,2889717,1228.77,1222.5,79,1222.9,224,
2026-04-10T12:54:24.950,NC,COFORGE,1222.6,1271.0,1272.0,1213.0,1264.9,2889725,1228.77,1222.7,217,1222.9,78,
2026-04-10T12:54:25.947,NC,COFORGE,1222.9,1271.0,1272.0,1213.0,1264.9,2889971,1228.77,1222.9,100,1223.0,161,
2026-04-10T12:54:27.054,NC,COFORGE,1222.9,1271.0,1272.0,1213.0,1264.9,2890154,1228.77,1222.7,20,1222.9,2,
2026-04-10T12:54:28.150,NC,COFORGE,1222.9,1271.0,1272.0,1213.0,1264.9,2890169,1228.77,1222.9,5,1223.0,141,
2026-04-10T12:54:29.050,NC,COFORGE,1222.7,1271.0,1272.0,1213.0,1264.9,2890173,1228.77,1222.7,4,1223.0,185,
2026-04-10T12:54:32.063,NC,COFORGE,1223.0,1271.0,1272.0,1213.0,1264.9,2890418,1228.77,1222.6,38,1223.0,42,
2026-04-10T12:54:33.065,NC,COFORGE,1222.6,1271.0,1272.0,1213.0,1264.9,2890451,1228.77,1222.6,5,1223.0,143,
2026-04-10T12:54:37.181,NC,COFORGE,1222.5,1271.0,1272.0,1213.0,1264.9,2890507,1228.77,1222.5,69,1222.9,52,
2026-04-10T12:54:38.187,NC,COFORGE,1222.5,1271.0,1272.0,1213.0,1264.9,2890553,1228.77,1222.5,125,1222.9,12,
2026-04-10T12:54:39.172,NC,COFORGE,1222.8,1271.0,1272.0,1213.0,1264.9,2895771,1228.75,1222.2,129,1222.8,20,
2026-04-10T12:54:40.276,NC,COFORGE,1222.1,1271.0,1272.0,1213.0,1264.9,2895950,1228.75,1222.1,421,1222.7,228,
2026-04-10T12:54:41.375,NC,COFORGE,1222.1,1271.0,1272.0,1213.0,1264.9,2896043,1228.75,1222.1,602,1222.6,100,
2026-04-10T12:54:42.478,NC,COFORGE,1222.0,1271.0,1272.0,1213.0,1264.9,2896641,1228.75,1222.0,302,1222.4,324,
2026-04-10T12:54:43.480,NC,COFORGE,1222.0,1271.0,1272.0,1213.0,1264.9,2896722,1228.75,1222.0,221,1222.3,94,
2026-04-10T12:54:44.691,NC,COFORGE,1222.0,1271.0,1272.0,1213.0,1264.9,2896784,1228.75,1222.0,195,1222.3,182,
2026-04-10T12:54:45.681,NC,COFORGE,1222.3,1271.0,1272.0,1213.0,1264.9,2896847,1228.75,1222.0,133,1222.3,102,
2026-04-10T12:54:46.588,NC,COFORGE,1222.0,1271.0,1272.0,1213.0,1264.9,2896858,1228.75,1222.0,122,1222.3,213,
2026-04-10T12:54:47.594,NC,COFORGE,1222.0,1271.0,1272.0,1213.0,1264.9,2896904,1228.75,1222.0,76,1222.3,302,
2026-04-10T12:54:48.705,NC,COFORGE,1222.0,1271.0,1272.0,1213.0,1264.9,2896910,1228.75,1222.0,70,1222.3,156,
2026-04-10T12:54:49.795,NC,COFORGE,1222.0,1271.0,1272.0,1213.0,1264.9,2896911,1228.75,1222.0,69,1222.3,84,
2026-04-10T12:54:52.011,NC,COFORGE,1222.0,1271.0,1272.0,1213.0,1264.9,2897066,1228.75,1222.0,231,1222.3,52,
2026-04-10T12:54:53.092,NC,COFORGE,1222.0,1271.0,1272.0,1213.0,1264.9,2897116,1228.75,1222.0,221,1222.3,12,
2026-04-10T12:54:54.097,NC,COFORGE,1222.0,1271.0,1272.0,1213.0,1264.9,2897117,1228.75,1222.0,220,1222.3,12,
2026-04-10T12:54:55.197,NC,COFORGE,1222.0,1271.0,1272.0,1213.0,1264.9,2897177,1228.75,1222.0,169,1222.3,12,
2026-04-10T12:54:56.301,NC,COFORGE,1222.0,1271.0,1272.0,1213.0,1264.9,2897299,1228.75,1222.1,209,1222.3,12,
2026-04-10T12:54:57.300,NC,COFORGE,1222.6,1271.0,1272.0,1213.0,1264.9,2897711,1228.75,1222.6,371,1222.8,16,
2026-04-10T12:54:58.394,NC,COFORGE,1222.6,1271.0,1272.0,1213.0,1264.9,2897825,1228.75,1222.6,357,1222.8,16,
2026-04-10T12:54:59.315,NC,COFORGE,1222.6,1271.0,1272.0,1213.0,1264.9,2897826,1228.75,1222.6,275,1222.8,16,
2026-04-10T12:55:01.400,NC,COFORGE,1222.9,1271.0,1272.0,1213.0,1264.9,2898933,1228.75,1222.9,138,1223.0,2145,
2026-04-10T12:55:02.506,NC,COFORGE,1223.0,1271.0,1272.0,1213.0,1264.9,2899707,1228.75,1222.7,9,1223.0,2071,
2026-04-10T12:55:03.624,NC,COFORGE,1222.6,1271.0,1272.0,1213.0,1264.9,2899782,1228.75,1222.6,375,1223.0,2123,
2026-04-10T12:55:05.703,NC,COFORGE,1222.6,1271.0,1272.0,1213.0,1264.9,2900622,1228.74,1222.6,285,1223.0,1498,
2026-04-10T12:55:06.804,NC,COFORGE,1222.6,1271.0,1272.0,1213.0,1264.9,2900646,1228.74,1222.6,271,1223.0,1488,
2026-04-10T12:55:07.806,NC,COFORGE,1222.8,1271.0,1272.0,1213.0,1264.9,2902823,1228.74,1222.8,280,1223.0,52,
2026-04-10T12:55:08.908,NC,COFORGE,1222.8,1271.0,1272.0,1213.0,1264.9,2902826,1228.74,1222.8,277,1223.0,52,
2026-04-10T12:55:11.109,NC,COFORGE,1223.1,1271.0,1272.0,1213.0,1264.9,2903149,1228.74,1223.1,130,1223.2,1,
2026-04-10T12:55:12.224,NC,COFORGE,1223.2,1271.0,1272.0,1213.0,1264.9,2903172,1228.74,1223.2,262,1223.6,3,
2026-04-10T12:55:15.020,NC,COFORGE,1223.7,1271.0,1272.0,1213.0,1264.9,2903295,1228.74,1223.2,359,1223.7,144,
2026-04-10T12:55:15.918,NC,COFORGE,1223.3,1271.0,1272.0,1213.0,1264.9,2903297,1228.74,1223.3,109,1223.7,158,
2026-04-10T12:55:16.924,NC,COFORGE,1223.3,1271.0,1272.0,1213.0,1264.9,2903406,1228.74,1223.2,162,1223.5,232,
2026-04-10T12:55:18.043,NC,COFORGE,1222.9,1271.0,1272.0,1213.0,1264.9,2903487,1228.74,1222.9,170,1223.1,1,
2026-04-10T12:55:19.127,NC,COFORGE,1222.9,1271.0,1272.0,1213.0,1264.9,2903493,1228.74,1222.9,164,1223.1,1,
2026-04-10T12:55:20.138,NC,COFORGE,1223.1,1271.0,1272.0,1213.0,1264.9,2903494,1228.74,1222.9,164,1223.1,3,
2026-04-10T12:55:21.239,NC,COFORGE,1223.2,1271.0,1272.0,1213.0,1264.9,2903520,1228.74,1223.2,12,1223.3,3,
2026-04-10T12:55:22.250,NC,COFORGE,1223.4,1271.0,1272.0,1213.0,1264.9,2903551,1228.74,1223.2,11,1223.4,84,
2026-04-10T12:55:23.435,NC,COFORGE,1223.1,1271.0,1272.0,1213.0,1264.9,2905114,1228.73,1223.1,3,1223.2,8,
2026-04-10T12:55:24.541,NC,COFORGE,1223.1,1271.0,1272.0,1213.0,1264.9,2905116,1228.73,1223.1,3,1223.2,8,
2026-04-10T12:55:25.642,NC,COFORGE,1223.1,1271.0,1272.0,1213.0,1264.9,2905140,1228.73,1223.1,4,1223.2,7,
2026-04-10T12:55:26.746,NC,COFORGE,1222.9,1271.0,1272.0,1213.0,1264.9,2905190,1228.73,1222.9,157,1223.0,1,
2026-04-10T12:55:27.757,NC,COFORGE,1222.9,1271.0,1272.0,1213.0,1264.9,2905194,1228.73,1222.9,153,1223.0,26,
2026-04-10T12:55:28.952,NC,COFORGE,1222.9,1271.0,1272.0,1213.0,1264.9,2905224,1228.73,1222.9,123,1223.0,76,
2026-04-10T12:55:29.960,NC,COFORGE,1222.9,1271.0,1272.0,1213.0,1264.9,2905228,1228.73,1222.9,119,1223.0,76,
2026-04-10T12:55:31.056,NC,COFORGE,1222.9,1271.0,1272.0,1213.0,1264.9,2905234,1228.73,1222.9,118,1223.0,71,
2026-04-10T12:55:32.166,NC,COFORGE,1223.0,1271.0,1272.0,1213.0,1264.9,2905257,1228.73,1222.9,119,1223.0,71,
2026-04-10T12:55:33.257,NC,COFORGE,1222.9,1271.0,1272.0,1213.0,1264.9,2905418,1228.73,1222.9,333,1223.0,71,
2026-04-10T12:55:34.368,NC,COFORGE,1223.0,1271.0,1272.0,1213.0,1264.9,2905540,1228.73,1222.9,341,1223.0,3,
2026-04-10T12:55:35.361,NC,COFORGE,1222.9,1271.0,1272.0,1213.0,1264.9,2905553,1228.73,1222.9,328,1223.0,12,
2026-04-10T12:55:36.469,NC,COFORGE,1222.9,1271.0,1272.0,1213.0,1264.9,2905570,1228.73,1222.9,311,1223.0,22,
2026-04-10T12:55:37.476,NC,COFORGE,1222.9,1271.0,1272.0,1213.0,1264.9,2905603,1228.73,1222.9,307,1223.0,46,
2026-04-10T12:55:38.566,NC,COFORGE,1222.9,1271.0,1272.0,1213.0,1264.9,2905609,1228.73,1222.9,301,1223.0,81,
2026-04-10T12:55:39.467,NC,COFORGE,1223.3,1271.0,1272.0,1213.0,1264.9,2905999,1228.73,1222.9,274,1223.3,64,
2026-04-10T12:55:40.568,NC,COFORGE,1223.0,1271.0,1272.0,1213.0,1264.9,2906068,1228.73,1222.9,250,1223.0,10,
2026-04-10T12:55:41.569,NC,COFORGE,1222.9,1271.0,1272.0,1213.0,1264.9,2906157,1228.73,1222.9,161,1223.0,40,
2026-04-10T12:55:43.671,NC,COFORGE,1222.8,1271.0,1272.0,1213.0,1264.9,2906469,1228.73,1222.8,466,1223.0,19,
2026-04-10T12:55:46.680,NC,COFORGE,1223.2,1271.0,1272.0,1213.0,1264.9,2906687,1228.73,1223.2,81,1223.7,1345,
2026-04-10T12:55:51.196,NC,COFORGE,1223.2,1271.0,1272.0,1213.0,1264.9,2907130,1228.73,1223.2,97,1223.3,49,
2026-04-10T12:55:55.592,NC,COFORGE,1223.1,1271.0,1272.0,1213.0,1264.9,2907242,1228.73,1223.1,45,1223.2,31,
2026-04-10T12:56:00.102,NC,COFORGE,1223.0,1271.0,1272.0,1213.0,1264.9,2907294,1228.73,1223.0,98,1223.1,62,
2026-04-10T12:56:05.000,NC,COFORGE,1223.0,1271.0,1272.0,1213.0,1264.9,2907815,1228.73,1222.9,253,1223.0,2,
2026-04-10T12:56:09.621,NC,COFORGE,1222.8,1271.0,1272.0,1213.0,1264.9,2908181,1228.73,1222.8,53,1223.0,126,
2026-04-10T12:56:14.018,NC,COFORGE,1223.0,1271.0,1272.0,1213.0,1264.9,2908361,1228.73,1223.0,35,1223.3,193,
2026-04-10T12:56:18.427,NC,COFORGE,1223.0,1271.0,1272.0,1213.0,1264.9,2908397,1228.73,1223.0,44,1223.3,85,
2026-04-10T12:56:22.831,NC,COFORGE,1223.0,1271.0,1272.0,1213.0,1264.9,2908508,1228.73,1222.7,361,1223.0,848,
2026-04-10T12:56:27.935,NC,COFORGE,1222.6,1271.0,1272.0,1213.0,1264.9,2910083,1228.72,1222.6,1805,1222.7,1,
2026-04-10T12:56:32.951,NC,COFORGE,1223.0,1271.0,1272.0,1213.0,1264.9,2910728,1228.72,1222.7,30,1223.0,502,
2026-04-10T12:56:37.461,NC,COFORGE,1223.0,1271.0,1272.0,1213.0,1264.9,2910795,1228.72,1222.7,13,1223.0,957,
2026-04-10T12:56:42.061,NC,COFORGE,1223.1,1271.0,1272.0,1213.0,1264.9,2912508,1228.72,1223.1,116,1223.7,1158,
2026-04-10T12:56:46.471,NC,COFORGE,1223.2,1271.0,1272.0,1213.0,1264.9,2913233,1228.72,1223.2,261,1223.7,1276,
2026-04-10T12:56:50.877,NC,COFORGE,1223.4,1271.0,1272.0,1213.0,1264.9,2915365,1228.72,1223.4,60,1223.6,160,
2026-04-10T12:56:55.280,NC,COFORGE,1223.9,1271.0,1272.0,1213.0,1264.9,2915810,1228.71,1223.6,346,1223.9,151,
2026-04-10T12:56:59.693,NC,COFORGE,1223.5,1271.0,1272.0,1213.0,1264.9,2917233,1228.71,1223.4,327,1223.9,52,
2026-04-10T12:57:04.092,NC,COFORGE,1223.7,1271.0,1272.0,1213.0,1264.9,2920303,1228.71,1223.7,58,1224.0,8,
2026-04-10T12:57:08.699,NC,COFORGE,1223.6,1271.0,1272.0,1213.0,1264.9,2921046,1228.71,1223.6,1,1223.7,1,
2026-04-10T12:57:13.324,NC,COFORGE,1222.9,1271.0,1272.0,1213.0,1264.9,2921521,1228.7,1222.9,91,1223.5,350,
2026-04-10T12:57:17.809,NC,COFORGE,1223.9,1271.0,1272.0,1213.0,1264.9,2923706,1228.7,1223.0,231,1223.6,218,
2026-04-10T12:57:22.214,NC,COFORGE,1223.5,1271.0,1272.0,1213.0,1264.9,2924122,1228.7,1223.3,367,1223.5,23,
2026-04-10T12:57:26.624,NC,COFORGE,1223.0,1271.0,1272.0,1213.0,1264.9,2924288,1228.7,1223.0,83,1223.3,9,
2026-04-10T12:57:31.134,NC,COFORGE,1223.0,1271.0,1272.0,1213.0,1264.9,2924355,1228.7,1223.0,507,1223.3,18,
2026-04-10T12:57:35.457,NC,COFORGE,1223.5,1271.0,1272.0,1213.0,1264.9,2924864,1228.7,1223.5,311,1223.8,183,
2026-04-10T12:57:40.484,NC,COFORGE,1223.5,1271.0,1272.0,1213.0,1264.9,2925386,1228.7,1223.5,599,1223.8,16,
2026-04-10T12:57:44.156,NC,COFORGE,1223.6,1271.0,1272.0,1213.0,1264.9,2925753,1228.7,1223.6,172,1223.8,10,
2026-04-10T12:57:45.251,NC,COFORGE,1223.8,1271.0,1272.0,1213.0,1264.9,2925806,1228.7,1223.6,122,1223.8,7,
2026-04-10T12:57:46.351,NC,COFORGE,1223.6,1271.0,1272.0,1213.0,1264.9,2925918,1228.7,1223.6,110,1223.8,54,
2026-04-10T12:57:47.451,NC,COFORGE,1223.6,1271.0,1272.0,1213.0,1264.9,2925920,1228.7,1223.6,108,1223.8,68,
2026-04-10T12:57:48.454,NC,COFORGE,1223.7,1271.0,1272.0,1213.0,1264.9,2929709,1228.69,1223.7,97,1224.3,202,
2026-04-10T12:57:49.461,NC,COFORGE,1223.6,1271.0,1272.0,1213.0,1264.9,2929874,1228.69,1223.6,390,1223.8,23,
2026-04-10T12:57:50.454,NC,COFORGE,1223.6,1271.0,1272.0,1213.0,1264.9,2930285,1228.69,1223.7,71,1224.2,140,
2026-04-10T12:57:51.456,NC,COFORGE,1223.6,1271.0,1272.0,1213.0,1264.9,2930304,1228.69,1223.6,338,1223.7,3,
2026-04-10T12:57:52.469,NC,COFORGE,1224.0,1271.0,1272.0,1213.0,1264.9,2930334,1228.69,1223.6,338,1224.0,7,
2026-04-10T12:57:53.364,NC,COFORGE,1223.6,1271.0,1272.0,1213.0,1264.9,2930338,1228.69,1223.6,334,1224.0,32,
2026-04-10T12:57:55.565,NC,COFORGE,1223.8,1271.0,1272.0,1213.0,1264.9,2930716,1228.69,1223.7,10,1223.8,2,
2026-04-10T12:57:56.667,NC,COFORGE,1223.8,1271.0,1272.0,1213.0,1264.9,2930822,1228.69,1223.8,137,1224.1,3,
2026-04-10T12:57:57.675,NC,COFORGE,1224.1,1271.0,1272.0,1213.0,1264.9,2930827,1228.69,1223.9,334,1224.1,12,
2026-04-10T12:57:58.766,NC,COFORGE,1224.3,1271.0,1272.0,1213.0,1264.9,2931161,1228.69,1223.9,375,1224.5,321,
2026-04-10T12:57:59.769,NC,COFORGE,1224.0,1271.0,1272.0,1213.0,1264.9,2931999,1228.69,1223.9,375,1224.4,1,
2026-04-10T12:58:00.869,NC,COFORGE,1224.0,1271.0,1272.0,1213.0,1264.9,2934680,1228.68,1224.0,77,1224.4,14,
2026-04-10T12:58:01.974,NC,COFORGE,1223.9,1271.0,1272.0,1213.0,1264.9,2935369,1228.68,1223.9,70,1224.4,18,
2026-04-10T12:58:02.975,NC,COFORGE,1225.3,1271.0,1272.0,1213.0,1264.9,2940745,1228.67,1225.3,8,1225.6,10,
2026-04-10T12:58:04.081,NC,COFORGE,1224.0,1271.0,1272.0,1213.0,1264.9,2951788,1228.66,1224.5,128,1225.0,84,
2026-04-10T12:58:05.280,NC,COFORGE,1224.5,1271.0,1272.0,1213.0,1264.9,2956369,1228.65,1224.4,9,1224.8,131,
2026-04-10T12:58:06.374,NC,COFORGE,1224.2,1271.0,1272.0,1213.0,1264.9,2957382,1228.65,1224.2,40,1224.5,10,
2026-04-10T12:58:07.373,NC,COFORGE,1225.0,1271.0,1272.0,1213.0,1264.9,2958874,1228.65,1224.7,375,1225.0,172,
2026-04-10T12:58:08.475,NC,COFORGE,1226.0,1271.0,1272.0,1213.0,1264.9,2964569,1228.64,1226.0,29,1226.5,1,
2026-04-10T12:58:09.578,NC,COFORGE,1226.5,1271.0,1272.0,1213.0,1264.9,2964785,1228.64,1226.1,122,1226.5,16,
2026-04-10T12:58:10.677,NC,COFORGE,1226.5,1271.0,1272.0,1213.0,1264.9,2964930,1228.64,1225.9,30,1226.5,150,
2026-04-10T12:58:11.678,NC,COFORGE,1226.3,1271.0,1272.0,1213.0,1264.9,2966281,1228.64,1226.4,241,1227.0,365,
2026-04-10T12:58:12.785,NC,COFORGE,1226.9,1271.0,1272.0,1213.0,1264.9,2966337,1228.64,1226.6,29,1226.9,9,
2026-04-10T12:58:13.781,NC,COFORGE,1226.6,1271.0,1272.0,1213.0,1264.9,2966339,1228.64,1226.5,183,1226.9,36,
2026-04-10T12:58:14.784,NC,COFORGE,1227.0,1271.0,1272.0,1213.0,1264.9,2966794,1228.64,1226.9,88,1227.0,14,
2026-04-10T12:58:15.884,NC,COFORGE,1227.0,1271.0,1272.0,1213.0,1264.9,2967187,1228.64,1226.5,42,1227.0,1092,
2026-04-10T12:58:16.783,NC,COFORGE,1226.5,1271.0,1272.0,1213.0,1264.9,2967306,1228.64,1226.5,37,1227.0,1240,
2026-04-10T12:58:17.786,NC,COFORGE,1226.6,1271.0,1272.0,1213.0,1264.9,2967517,1228.64,1226.6,38,1227.0,1144,
2026-04-10T12:58:18.803,NC,COFORGE,1226.5,1271.0,1272.0,1213.0,1264.9,2967562,1228.64,1226.5,15,1226.9,6,
2026-04-10T12:58:19.795,NC,COFORGE,1227.0,1271.0,1272.0,1213.0,1264.9,2967762,1228.64,1226.7,200,1227.0,995,
2026-04-10T12:58:20.888,NC,COFORGE,1226.5,1271.0,1272.0,1213.0,1264.9,2968502,1228.64,1226.5,37,1227.0,697,
2026-04-10T12:58:21.892,NC,COFORGE,1226.3,1271.0,1272.0,1213.0,1264.9,2968730,1228.64,1226.3,66,1226.6,10,
2026-04-10T12:58:22.892,NC,COFORGE,1226.4,1271.0,1272.0,1213.0,1264.9,2968821,1228.64,1226.3,35,1226.4,140,
2026-04-10T12:58:23.896,NC,COFORGE,1225.9,1271.0,1272.0,1213.0,1264.9,2969351,1228.64,1225.9,37,1226.4,192,
2026-04-10T12:58:24.998,NC,COFORGE,1226.4,1271.0,1272.0,1213.0,1264.9,2969401,1228.64,1225.8,523,1226.4,166,
2026-04-10T12:58:25.995,NC,COFORGE,1226.4,1271.0,1272.0,1213.0,1264.9,2970515,1228.64,1226.4,84,1226.9,94,
2026-04-10T12:58:28.193,NC,COFORGE,1226.4,1271.0,1272.0,1213.0,1264.9,2970568,1228.64,1226.4,131,1226.5,170,
2026-04-10T12:58:29.293,NC,COFORGE,1226.5,1271.0,1272.0,1213.0,1264.9,2970694,1228.64,1226.4,131,1226.5,50,
2026-04-10T12:58:30.303,NC,COFORGE,1226.4,1271.0,1272.0,1213.0,1264.9,2970742,1228.64,1226.4,110,1226.5,23,
2026-04-10T12:58:31.297,NC,COFORGE,1226.5,1271.0,1272.0,1213.0,1264.9,2971277,1228.64,1226.5,115,1226.8,93,
2026-04-10T12:58:32.397,NC,COFORGE,1226.8,1271.0,1272.0,1213.0,1264.9,2971365,1228.64,1226.6,9,1226.8,90,
2026-04-10T12:58:33.496,NC,COFORGE,1226.7,1271.0,1272.0,1213.0,1264.9,2971554,1228.64,1226.7,186,1226.8,51,
2026-04-10T12:58:34.599,NC,COFORGE,1226.6,1271.0,1272.0,1213.0,1264.9,2971786,1228.64,1226.6,349,1226.7,165,
2026-04-10T12:58:35.597,NC,COFORGE,1226.7,1271.0,1272.0,1213.0,1264.9,2971896,1228.64,1226.6,829,1226.7,135,
2026-04-10T12:58:36.701,NC,COFORGE,1226.6,1271.0,1272.0,1213.0,1264.9,2972128,1228.64,1226.6,697,1226.7,354,
2026-04-10T12:58:37.701,NC,COFORGE,1226.4,1271.0,1272.0,1213.0,1264.9,2973260,1228.64,1226.3,29,1226.4,219,
2026-04-10T12:58:38.703,NC,COFORGE,1226.3,1271.0,1272.0,1213.0,1264.9,2973292,1228.64,1226.0,100,1226.2,64,
2026-04-10T12:58:39.704,NC,COFORGE,1226.3,1271.0,1272.0,1213.0,1264.9,2973497,1228.64,1226.0,100,1226.2,36,
2026-04-10T12:58:40.702,NC,COFORGE,1225.7,1271.0,1272.0,1213.0,1264.9,2973708,1228.64,1225.7,29,1226.2,207,
2026-04-10T12:58:41.809,NC,COFORGE,1226.2,1271.0,1272.0,1213.0,1264.9,2973788,1228.64,1225.7,12,1226.2,133,
2026-04-10T12:58:42.911,NC,COFORGE,1226.2,1271.0,1272.0,1213.0,1264.9,2974038,1228.64,1226.0,1,1226.2,64,
2026-04-10T12:58:43.809,NC,COFORGE,1226.2,1271.0,1272.0,1213.0,1264.9,2974349,1228.64,1226.2,156,1226.7,153,
2026-04-10T12:58:44.807,NC,COFORGE,1226.0,1271.0,1272.0,1213.0,1264.9,2974729,1228.64,1226.1,112,1226.7,247,
2026-04-10T12:58:45.921,NC,COFORGE,1226.1,1271.0,1272.0,1213.0,1264.9,2974730,1228.64,1226.1,111,1226.7,299,
2026-04-10T12:58:49.115,NC,COFORGE,1226.0,1271.0,1272.0,1213.0,1264.9,2977774,1228.63,1226.0,83,1226.2,1,
2026-04-10T12:58:50.214,NC,COFORGE,1225.5,1271.0,1272.0,1213.0,1264.9,2978838,1228.63,1226.0,10,1226.2,4,
2026-04-10T12:58:51.221,NC,COFORGE,1226.4,1271.0,1272.0,1213.0,1264.9,2978970,1228.63,1226.0,1800,1226.4,277,
2026-04-10T12:58:52.328,NC,COFORGE,1226.4,1271.0,1272.0,1213.0,1264.9,2979125,1228.63,1226.2,87,1226.4,21,
2026-04-10T12:58:55.426,NC,COFORGE,1226.0,1271.0,1272.0,1213.0,1264.9,2979925,1228.63,1226.2,100,1226.4,21,
2026-04-10T12:58:56.623,NC,COFORGE,1226.2,1271.0,1272.0,1213.0,1264.9,2980025,1228.63,1226.0,999,1226.2,8,
2026-04-10T12:58:57.625,NC,COFORGE,1226.2,1271.0,1272.0,1213.0,1264.9,2980508,1228.63,1226.1,41,1226.2,15,
2026-04-10T12:58:58.626,NC,COFORGE,1226.5,1271.0,1272.0,1213.0,1264.9,2980715,1228.63,1226.5,64,1226.7,1,
2026-04-10T12:58:59.535,NC,COFORGE,1226.4,1271.0,1272.0,1213.0,1264.9,2980865,1228.63,1226.4,150,1226.7,4,
2026-04-10T12:59:00.624,NC,COFORGE,1226.4,1271.0,1272.0,1213.0,1264.9,2980875,1228.63,1226.4,93,1226.7,6,
2026-04-10T12:59:04.748,NC,COFORGE,1226.4,1271.0,1272.0,1213.0,1264.9,2980905,1228.63,1226.4,83,1226.5,2,
2026-04-10T12:59:05.830,NC,COFORGE,1226.5,1271.0,1272.0,1213.0,1264.9,2981015,1228.63,1226.4,603,1226.7,1,
2026-04-10T12:59:06.934,NC,COFORGE,1227.0,1271.0,1272.0,1213.0,1264.9,2981101,1228.63,1226.8,67,1227.0,1036,
2026-04-10T12:59:08.034,NC,COFORGE,1227.0,1271.0,1272.0,1213.0,1264.9,2982917,1228.63,1227.0,116,1227.4,273,
2026-04-10T12:59:09.135,NC,COFORGE,1227.3,1271.0,1272.0,1213.0,1264.9,2983556,1228.63,1227.3,89,1227.4,21,
2026-04-10T12:59:10.238,NC,COFORGE,1227.5,1271.0,1272.0,1213.0,1264.9,2983858,1228.63,1227.5,370,1227.6,440,
2026-04-10T12:59:11.243,NC,COFORGE,1227.5,1271.0,1272.0,1213.0,1264.9,2983945,1228.63,1227.5,283,1227.6,492,
2026-04-10T12:59:12.337,NC,COFORGE,1227.2,1271.0,1272.0,1213.0,1264.9,2984328,1228.63,1227.2,106,1227.5,1,
2026-04-10T12:59:13.354,NC,COFORGE,1227.2,1271.0,1272.0,1213.0,1264.9,2984429,1228.63,1227.2,5,1227.5,6,
2026-04-10T12:59:14.346,NC,COFORGE,1227.5,1271.0,1272.0,1213.0,1264.9,2984430,1228.63,1227.2,5,1227.5,116,
2026-04-10T12:59:15.256,NC,COFORGE,1227.8,1271.0,1272.0,1213.0,1264.9,2985573,1228.63,1227.2,5,1227.5,5,
2026-04-10T12:59:16.245,NC,COFORGE,1227.1,1271.0,1272.0,1213.0,1264.9,2985598,1228.63,1227.1,25,1227.5,178,
2026-04-10T12:59:17.263,NC,COFORGE,1227.5,1271.0,1272.0,1213.0,1264.9,2985623,1228.63,1227.1,25,1227.5,289,
2026-04-10T12:59:18.354,NC,COFORGE,1227.5,1271.0,1272.0,1213.0,1264.9,2986948,1228.63,1227.0,9,1227.1,1,
2026-04-10T12:59:19.253,NC,COFORGE,1227.5,1271.0,1272.0,1213.0,1264.9,2987088,1228.63,1226.9,168,1227.5,192,
2026-04-10T12:59:21.357,NC,COFORGE,1227.6,1271.0,1272.0,1213.0,1264.9,2988142,1228.63,1227.1,46,1227.5,105,
2026-04-10T12:59:22.367,NC,COFORGE,1227.5,1271.0,1272.0,1213.0,1264.9,2988182,1228.63,1227.1,46,1227.5,191,
2026-04-10T12:59:23.459,NC,COFORGE,1227.2,1271.0,1272.0,1213.0,1264.9,2988282,1228.63,1227.1,46,1227.2,400,
2026-04-10T12:59:24.358,NC,COFORGE,1227.1,1271.0,1272.0,1213.0,1264.9,2988328,1228.63,1226.8,8,1227.2,621,
2026-04-10T12:59:26.261,NC,COFORGE,1226.8,1271.0,1272.0,1213.0,1264.9,2988401,1228.63,1226.8,458,1227.2,459,
2026-04-10T12:59:27.264,NC,COFORGE,1226.8,1271.0,1272.0,1213.0,1264.9,2988426,1228.63,1226.7,76,1227.1,101,
2026-04-10T12:59:28.270,NC,COFORGE,1226.9,1271.0,1272.0,1213.0,1264.9,2988451,1228.63,1227.0,372,1227.1,167,
2026-04-10T12:59:30.173,NC,COFORGE,1227.1,1271.0,1272.0,1213.0,1264.9,2988466,1228.63,1227.0,553,1227.1,154,
2026-04-10T12:59:31.287,NC,COFORGE,1227.0,1271.0,1272.0,1213.0,1264.9,2988550,1228.63,1227.0,573,1227.1,124,
2026-04-10T12:59:32.382,NC,COFORGE,1227.0,1271.0,1272.0,1213.0,1264.9,2989376,1228.63,1226.6,498,1227.1,208,
2026-04-10T12:59:33.289,NC,COFORGE,1227.1,1271.0,1272.0,1213.0,1264.9,2989751,1228.63,1226.7,9,1227.2,501,
2026-04-10T12:59:34.388,NC,COFORGE,1226.9,1271.0,1272.0,1213.0,1264.9,2989851,1228.63,1226.9,275,1227.1,158,
2026-04-10T12:59:35.489,NC,COFORGE,1226.9,1271.0,1272.0,1213.0,1264.9,2990088,1228.63,1226.9,207,1227.1,52,
2026-04-10T12:59:36.590,NC,COFORGE,1227.2,1271.0,1272.0,1213.0,1264.9,2990271,1228.63,1227.0,3038,1227.1,22,
2026-04-10T12:59:37.696,NC,COFORGE,1227.2,1271.0,1272.0,1213.0,1264.9,2990343,1228.63,1227.1,215,1227.2,253,
2026-04-10T12:59:38.707,NC,COFORGE,1227.2,1271.0,1272.0,1213.0,1264.9,2990393,1228.63,1227.1,162,1227.2,289,
2026-04-10T12:59:39.810,NC,COFORGE,1227.4,1271.0,1272.0,1213.0,1264.9,2990798,1228.63,1227.1,1199,1227.2,107,
2026-04-10T12:59:40.798,NC,COFORGE,1227.1,1271.0,1272.0,1213.0,1264.9,2990870,1228.63,1227.1,1127,1227.2,107,
2026-04-10T12:59:42.703,NC,COFORGE,1227.1,1271.0,1272.0,1213.0,1264.9,2990885,1228.63,1227.1,1162,1227.2,107,
2026-04-10T12:59:43.910,NC,COFORGE,1227.2,1271.0,1272.0,1213.0,1264.9,2990895,1228.63,1227.1,1162,1227.2,131,
2026-04-10T12:59:44.903,NC,COFORGE,1227.2,1271.0,1272.0,1213.0,1264.9,2990987,1228.63,1227.1,1051,1227.2,100,
2026-04-10T12:59:45.827,NC,COFORGE,1227.1,1271.0,1272.0,1213.0,1264.9,2991248,1228.63,1227.1,877,1227.2,100,
2026-04-10T12:59:47.904,NC,COFORGE,1226.6,1271.0,1272.0,1213.0,1264.9,2995513,1228.62,1226.6,72,1227.0,177,
2026-04-10T12:59:48.910,NC,COFORGE,1227.0,1271.0,1272.0,1213.0,1264.9,2995643,1228.62,1226.6,72,1227.0,134,
2026-04-10T12:59:49.926,NC,COFORGE,1227.0,1271.0,1272.0,1213.0,1264.9,2995693,1228.62,1226.6,72,1227.0,49,
2026-04-10T12:59:50.810,NC,COFORGE,1227.0,1271.0,1272.0,1213.0,1264.9,2995718,1228.62,1226.6,72,1227.0,24,
2026-04-10T12:59:51.810,NC,COFORGE,1227.0,1271.0,1272.0,1213.0,1264.9,2996587,1228.62,1226.6,72,1226.9,10,
2026-04-10T12:59:52.810,NC,COFORGE,1227.0,1271.0,1272.0,1213.0,1264.9,2997218,1228.62,1226.6,72,1227.0,232,
2026-04-10T12:59:53.819,NC,COFORGE,1226.5,1271.0,1272.0,1213.0,1264.9,2997479,1228.62,1226.5,1662,1226.9,127,
2026-04-10T12:59:54.829,NC,COFORGE,1226.9,1271.0,1272.0,1213.0,1264.9,2997551,1228.62,1226.8,1,1226.9,109,
2026-04-10T12:59:55.837,NC,COFORGE,1226.8,1271.0,1272.0,1213.0,1264.9,2997552,1228.62,1226.5,1665,1226.6,40,
2026-04-10T12:59:56.923,NC,COFORGE,1226.5,1271.0,1272.0,1213.0,1264.9,2997625,1228.62,1226.5,1592,1226.6,112,
2026-04-10T12:59:58.925,NC,COFORGE,1226.5,1271.0,1272.0,1213.0,1264.9,2997651,1228.62,1226.5,1617,1226.6,238,
2026-04-10T12:59:59.826,NC,COFORGE,1226.6,1271.0,1272.0,1213.0,1264.9,2997712,1228.62,1226.5,1616,1226.6,270,
2026-04-10T13:00:00.734,NC,COFORGE,1226.5,1271.0,1272.0,1213.0,1264.9,2997713,1228.62,1226.5,1615,1226.6,143,
2026-04-10T13:00:02.933,NC,COFORGE,1226.5,1271.0,1272.0,1213.0,1264.9,2997756,1228.62,1226.5,1896,1226.6,142,
2026-04-10T13:00:04.833,NC,COFORGE,1226.5,1271.0,1272.0,1213.0,1264.9,2997766,1228.62,1226.5,1886,1226.6,142,
2026-04-10T13:00:05.932,NC,COFORGE,1226.5,1271.0,1272.0,1213.0,1264.9,2997926,1228.62,1226.5,1726,1226.6,142,
2026-04-10T13:00:06.933,NC,COFORGE,1226.6,1271.0,1272.0,1213.0,1264.9,2997927,1228.62,1226.5,1826,1226.6,141,
2026-04-10T13:00:07.935,NC,COFORGE,1226.5,1271.0,1272.0,1213.0,1264.9,2998071,1228.62,1226.5,1711,1226.6,112,
2026-04-10T13:00:09.938,NC,COFORGE,1226.5,1271.0,1272.0,1213.0,1264.9,2998079,1228.62,1226.5,1704,1226.6,138,
2026-04-10T13:00:10.949,NC,COFORGE,1226.5,1271.0,1272.0,1213.0,1264.9,2998253,1228.62,1226.5,1546,1226.6,138,
2026-04-10T13:00:12.947,NC,COFORGE,1226.5,1271.0,1272.0,1213.0,1264.9,2998273,1228.62,1226.5,1544,1226.6,120,
2026-04-10T13:00:14.048,NC,COFORGE,1226.5,1271.0,1272.0,1213.0,1264.9,2998673,1228.62,1226.5,1144,1226.6,120,
2026-04-10T13:00:14.946,NC,COFORGE,1226.5,1271.0,1272.0,1213.0,1264.9,2998678,1228.62,1226.5,1139,1226.6,120,
2026-04-10T13:00:16.949,NC,COFORGE,1226.6,1271.0,1272.0,1213.0,1264.9,2998878,1228.62,1226.5,1139,1226.6,60,
2026-04-10T13:00:18.067,NC,COFORGE,1226.6,1271.0,1272.0,1213.0,1264.9,2998978,1228.62,1226.5,1139,1226.6,32,
2026-04-10T13:00:19.052,NC,COFORGE,1226.6,1271.0,1272.0,1213.0,1264.9,2999018,1228.62,1226.5,1139,1226.6,80,
2026-04-10T13:00:20.051,NC,COFORGE,1226.6,1271.0,1272.0,1213.0,1264.9,2999118,1228.62,1226.5,1187,1226.6,254,
2026-04-10T13:00:21.071,NC,COFORGE,1226.6,1271.0,1272.0,1213.0,1264.9,2999493,1228.62,1226.5,1177,1226.6,359,
2026-04-10T13:00:23.062,NC,COFORGE,1226.6,1271.0,1272.0,1213.0,1264.9,2999523,1228.62,1226.5,1428,1226.6,381,
2026-04-10T13:00:23.973,NC,COFORGE,1226.6,1271.0,1272.0,1213.0,1264.9,2999664,1228.62,1226.5,1428,1226.6,271,
2026-04-10T13:00:24.864,NC,COFORGE,1226.6,1271.0,1272.0,1213.0,1264.9,2999704,1228.62,1226.5,1492,1226.6,254,
2026-04-10T13:00:25.867,NC,COFORGE,1226.5,1271.0,1272.0,1213.0,1264.9,2999826,1228.62,1226.5,1468,1226.6,241,
2026-04-10T13:00:26.870,NC,COFORGE,1226.6,1271.0,1272.0,1213.0,1264.9,3000309,1228.62,1226.6,403,1226.9,952,
2026-04-10T13:00:27.870,NC,COFORGE,1226.9,1271.0,1272.0,1213.0,1264.9,3000369,1228.62,1226.7,51,1226.9,1032,
2026-04-10T13:00:28.884,NC,COFORGE,1226.8,1271.0,1272.0,1213.0,1264.9,3000532,1228.62,1226.6,375,1226.9,1257,
2026-04-10T13:00:29.869,NC,COFORGE,1226.8,1271.0,1272.0,1213.0,1264.9,3000535,1228.62,1226.8,13,1226.9,1036,
2026-04-10T13:00:30.876,NC,COFORGE,1226.9,1271.0,1272.0,1213.0,1264.9,3000551,1228.62,1226.8,61,1226.9,950,
2026-04-10T13:00:31.870,NC,COFORGE,1226.9,1271.0,1272.0,1213.0,1264.9,3000615,1228.62,1226.8,29,1226.9,886,
2026-04-10T13:00:32.870,NC,COFORGE,1226.9,1271.0,1272.0,1213.0,1264.9,3000990,1228.62,1226.8,29,1226.9,511,
2026-04-10T13:00:33.774,NC,COFORGE,1226.8,1271.0,1272.0,1213.0,1264.9,3001000,1228.62,1226.8,19,1226.9,527,
2026-04-10T13:00:37.877,NC,COFORGE,1226.9,1271.0,1272.0,1213.0,1264.9,3001031,1228.62,1226.8,162,1226.9,496,
2026-04-10T13:00:38.778,NC,COFORGE,1226.9,1271.0,1272.0,1213.0,1264.9,3001071,1228.62,1226.8,162,1226.9,456,
2026-04-10T13:00:39.875,NC,COFORGE,1226.9,1271.0,1272.0,1213.0,1264.9,3001296,1228.62,1226.8,142,1226.9,278,
2026-04-10T13:00:40.979,NC,COFORGE,1226.8,1271.0,1272.0,1213.0,1264.9,3001438,1228.62,1226.6,200,1226.8,8,
2026-04-10T13:00:42.088,NC,COFORGE,1226.8,1271.0,1272.0,1213.0,1264.9,3001949,1228.62,1226.6,190,1226.8,25,
2026-04-10T13:00:43.081,NC,COFORGE,1226.8,1271.0,1272.0,1213.0,1264.9,3002250,1228.62,1226.6,190,1226.8,32,
2026-04-10T13:00:46.390,NC,COFORGE,1227.0,1271.0,1272.0,1213.0,1264.9,3002427,1228.62,1226.9,45,1227.0,824,
2026-04-10T13:00:51.095,NC,COFORGE,1227.1,1271.0,1272.0,1213.0,1264.9,3004709,1228.62,1227.1,66,1227.5,171,
2026-04-10T13:00:55.701,NC,COFORGE,1227.0,1271.0,1272.0,1213.0,1264.9,3005552,1228.62,1227.0,73,1227.5,677,
2026-04-10T13:01:00.306,NC,COFORGE,1227.3,1271.0,1272.0,1213.0,1264.9,3007425,1228.62,1227.3,251,1227.8,518,
2026-04-10T13:01:04.515,NC,COFORGE,1227.5,1271.0,1272.0,1213.0,1264.9,3007950,1228.62,1227.5,101,1227.8,524,
2026-04-10T13:01:09.323,NC,COFORGE,1227.5,1271.0,1272.0,1213.0,1264.9,3008116,1228.62,1227.5,55,1227.7,10,
2026-04-10T13:01:14.247,NC,COFORGE,1227.7,1271.0,1272.0,1213.0,1264.9,3008419,1228.62,1227.5,440,1227.7,7,
2026-04-10T13:01:19.048,NC,COFORGE,1227.5,1271.0,1272.0,1213.0,1264.9,3008462,1228.62,1227.5,372,1227.7,56,
2026-04-10T13:01:23.461,NC,COFORGE,1227.4,1271.0,1272.0,1213.0,1264.9,3012803,1228.61,1227.0,28,1227.4,404,
2026-04-10T13:01:28.158,NC,COFORGE,1227.0,1271.0,1272.0,1213.0,1264.9,3014091,1228.61,1226.8,86,1226.9,1,
2026-04-10T13:01:32.659,NC,COFORGE,1227.2,1271.0,1272.0,1213.0,1264.9,3014767,1228.61,1226.8,161,1227.3,154,
2026-04-10T13:01:37.474,NC,COFORGE,1226.9,1271.0,1272.0,1213.0,1264.9,3015318,1228.61,1226.5,400,1226.7,13,
2026-04-10T13:01:42.077,NC,COFORGE,1226.2,1271.0,1272.0,1213.0,1264.9,3015984,1228.61,1226.1,597,1226.5,137,
2026-04-10T13:01:43.983,NC,COFORGE,1226.2,1271.0,1272.0,1213.0,1264.9,3016932,1228.61,1226.0,67,1226.2,61,
2026-04-10T13:01:44.880,NC,COFORGE,1226.0,1271.0,1272.0,1213.0,1264.9,3017499,1228.61,1225.6,86,1226.0,16,
2026-04-10T13:01:45.881,NC,COFORGE,1225.3,1271.0,1272.0,1213.0,1264.9,3017836,1228.61,1225.4,54,1226.0,372,
2026-04-10T13:01:46.901,NC,COFORGE,1225.1,1271.0,1272.0,1213.0,1264.9,3018068,1228.61,1225.0,842,1225.7,248,
2026-04-10T13:01:47.992,NC,COFORGE,1225.6,1271.0,1272.0,1213.0,1264.9,3018205,1228.61,1225.0,674,1225.6,247,
2026-04-10T13:01:48.990,NC,COFORGE,1225.5,1271.0,1272.0,1213.0,1264.9,3018402,1228.61,1225.1,69,1225.4,1,
2026-04-10T13:01:49.891,NC,COFORGE,1225.5,1271.0,1272.0,1213.0,1264.9,3018481,1228.61,1225.0,675,1225.5,112,
2026-04-10T13:01:50.994,NC,COFORGE,1225.0,1271.0,1272.0,1213.0,1264.9,3018488,1228.61,1225.0,631,1225.4,34,
2026-04-10T13:01:52.118,NC,COFORGE,1224.2,1271.0,1272.0,1213.0,1264.9,3019949,1228.61,1224.3,32,1224.8,138,
2026-04-10T13:01:53.201,NC,COFORGE,1225.0,1271.0,1272.0,1213.0,1264.9,3020472,1228.61,1225.1,74,1225.4,135,
2026-04-10T13:01:55.199,NC,COFORGE,1225.3,1271.0,1272.0,1213.0,1264.9,3021393,1228.61,1224.8,31,1225.3,583,
2026-04-10T13:01:56.207,NC,COFORGE,1224.8,1271.0,1272.0,1213.0,1264.9,3021613,1228.61,1224.7,31,1224.8,1,
2026-04-10T13:01:57.202,NC,COFORGE,1224.7,1271.0,1272.0,1213.0,1264.9,3021644,1228.61,1224.6,58,1224.8,22,
2026-04-10T13:01:58.102,NC,COFORGE,1224.8,1271.0,1272.0,1213.0,1264.9,3021844,1228.61,1224.5,159,1224.8,7,
2026-04-10T13:01:59.104,NC,COFORGE,1224.5,1271.0,1272.0,1213.0,1264.9,3021856,1228.61,1224.5,160,1224.8,57,
2026-04-10T13:02:00.203,NC,COFORGE,1224.5,1271.0,1272.0,1213.0,1264.9,3022006,1228.61,1224.5,106,1224.8,22,
2026-04-10T13:02:01.225,NC,COFORGE,1224.8,1271.0,1272.0,1213.0,1264.9,3022113,1228.61,1224.7,116,1225.0,1,
2026-04-10T13:02:04.219,NC,COFORGE,1224.7,1271.0,1272.0,1213.0,1264.9,3022114,1228.61,1224.7,156,1225.0,11,
2026-04-10T13:02:06.218,NC,COFORGE,1225.0,1271.0,1272.0,1213.0,1264.9,3023205,1228.6,1225.1,468,1225.6,282,
2026-04-10T13:02:07.214,NC,COFORGE,1225.6,1271.0,1272.0,1213.0,1264.9,3023734,1228.6,1225.1,82,1225.6,288,
2026-04-10T13:02:08.109,NC,COFORGE,1224.7,1271.0,1272.0,1213.0,1264.9,3023951,1228.6,1224.9,37,1225.2,100,
2026-04-10T13:02:09.231,NC,COFORGE,1224.8,1271.0,1272.0,1213.0,1264.9,3024091,1228.6,1224.5,5,1224.8,159,
2026-04-10T13:02:10.220,NC,COFORGE,1224.7,1271.0,1272.0,1213.0,1264.9,3024135,1228.6,1224.2,451,1224.6,51,
2026-04-10T13:02:11.211,NC,COFORGE,1224.2,1271.0,1272.0,1213.0,1264.9,3024226,1228.6,1224.2,327,1224.5,51,
2026-04-10T13:02:12.114,NC,COFORGE,1224.2,1271.0,1272.0,1213.0,1264.9,3024237,1228.6,1224.2,316,1224.5,284,
2026-04-10T13:02:13.213,NC,COFORGE,1224.5,1271.0,1272.0,1213.0,1264.9,3024247,1228.6,1224.2,316,1224.5,275,
2026-04-10T13:02:14.213,NC,COFORGE,1224.6,1271.0,1272.0,1213.0,1264.9,3024815,1228.6,1224.5,107,1224.6,19,
2026-04-10T13:02:15.216,NC,COFORGE,1224.6,1271.0,1272.0,1213.0,1264.9,3024920,1228.6,1224.5,102,1224.6,73,
2026-04-10T13:02:16.218,NC,COFORGE,1224.5,1271.0,1272.0,1213.0,1264.9,3025022,1228.6,1224.2,312,1224.4,176,
2026-04-10T13:02:19.219,NC,COFORGE,1224.4,1271.0,1272.0,1213.0,1264.9,3025023,1228.6,1224.3,2,1224.4,322,
2026-04-10T13:02:20.230,NC,COFORGE,1224.2,1271.0,1272.0,1213.0,1264.9,3025033,1228.6,1224.2,304,1224.3,275,
2026-04-10T13:02:21.124,NC,COFORGE,1224.2,1271.0,1272.0,1213.0,1264.9,3025037,1228.6,1224.2,300,1224.3,370,
2026-04-10T13:02:22.125,NC,COFORGE,1224.2,1271.0,1272.0,1213.0,1264.9,3025088,1228.6,1224.2,249,1224.3,377,
2026-04-10T13:02:23.125,NC,COFORGE,1224.2,1271.0,1272.0,1213.0,1264.9,3026829,1228.6,1223.8,375,1224.2,276,
2026-04-10T13:02:25.032,NC,COFORGE,1223.8,1271.0,1272.0,1213.0,1264.9,3026830,1228.6,1223.8,375,1224.0,245,
2026-04-10T13:02:26.134,NC,COFORGE,1223.8,1271.0,1272.0,1213.0,1264.9,3026903,1228.6,1223.8,375,1224.0,351,
2026-04-10T13:02:27.134,NC,COFORGE,1223.8,1271.0,1272.0,1213.0,1264.9,3027488,1228.6,1223.4,247,1223.8,1,
2026-04-10T13:02:28.140,NC,COFORGE,1223.4,1271.0,1272.0,1213.0,1264.9,3027533,1228.6,1223.4,125,1223.6,1,
2026-04-10T13:02:29.141,NC,COFORGE,1223.8,1271.0,1272.0,1213.0,1264.9,3027634,1228.6,1223.3,38,1223.8,167,
2026-04-10T13:02:30.143,NC,COFORGE,1223.8,1271.0,1272.0,1213.0,1264.9,3027959,1228.6,1223.6,10,1223.8,332,
2026-04-10T13:02:31.142,NC,COFORGE,1223.5,1271.0,1272.0,1213.0,1264.9,3028069,1228.6,1223.4,56,1223.7,187,
2026-04-10T13:02:32.149,NC,COFORGE,1223.7,1271.0,1272.0,1213.0,1264.9,3028122,1228.6,1223.4,30,1223.7,333,
2026-04-10T13:02:33.145,NC,COFORGE,1223.5,1271.0,1272.0,1213.0,1264.9,3028405,1228.6,1223.2,3,1223.6,47,
2026-04-10T13:02:34.044,NC,COFORGE,1223.6,1271.0,1272.0,1213.0,1264.9,3028520,1228.6,1223.4,74,1223.6,51,
2026-04-10T13:02:35.046,NC,COFORGE,1223.4,1271.0,1272.0,1213.0,1264.9,3028546,1228.6,1223.4,37,1223.5,13,
2026-04-10T13:02:36.050,NC,COFORGE,1223.6,1271.0,1272.0,1213.0,1264.9,3028572,1228.6,1223.4,111,1223.6,43,
2026-04-10T13:02:37.052,NC,COFORGE,1223.6,1271.0,1272.0,1213.0,1264.9,3028912,1228.6,1223.7,135,1224.2,249,
2026-04-10T13:02:38.075,NC,COFORGE,1224.1,1271.0,1272.0,1213.0,1264.9,3029245,1228.6,1223.7,445,1224.2,308,
2026-04-10T13:02:38.954,NC,COFORGE,1224.2,1271.0,1272.0,1213.0,1264.9,3029451,1228.59,1223.7,482,1224.2,111,
2026-04-10T13:02:40.994,NC,COFORGE,1223.7,1271.0,1272.0,1213.0,1264.9,3029574,1228.59,1223.7,436,1224.2,104,
2026-04-10T13:02:45.290,NC,COFORGE,1224.2,1271.0,1272.0,1213.0,1264.9,3030610,1228.59,1223.8,27,1224.2,163,
2026-04-10T13:02:46.285,NC,COFORGE,1224.2,1271.0,1272.0,1213.0,1264.9,3030639,1228.59,1223.8,27,1224.2,202,
2026-04-10T13:02:50.200,NC,COFORGE,1224.2,1271.0,1272.0,1213.0,1264.9,3030641,1228.59,1223.8,27,1224.2,161,
2026-04-10T13:02:51.208,NC,COFORGE,1224.2,1271.0,1272.0,1213.0,1264.9,3031017,1228.59,1223.8,138,1224.2,49,
2026-04-10T13:02:53.192,NC,COFORGE,1224.2,1271.0,1272.0,1213.0,1264.9,3031047,1228.59,1224.0,20,1224.2,43,
2026-04-10T13:02:54.195,NC,COFORGE,1224.2,1271.0,1272.0,1213.0,1264.9,3031097,1228.59,1224.0,20,1224.2,33,
2026-04-10T13:02:56.198,NC,COFORGE,1224.0,1271.0,1272.0,1213.0,1264.9,3031132,1228.59,1223.9,209,1224.0,1,
2026-04-10T13:02:58.198,NC,COFORGE,1224.0,1271.0,1272.0,1213.0,1264.9,3031183,1228.59,1223.9,258,1224.0,8,
2026-04-10T13:02:59.206,NC,COFORGE,1224.0,1271.0,1272.0,1213.0,1264.9,3031208,1228.59,1224.0,123,1224.2,8,
2026-04-10T13:03:01.306,NC,COFORGE,1224.2,1271.0,1272.0,1213.0,1264.9,3031225,1228.59,1224.2,359,1224.5,5,
2026-04-10T13:03:02.307,NC,COFORGE,1224.2,1271.0,1272.0,1213.0,1264.9,3031226,1228.59,1224.2,358,1224.5,5,
2026-04-10T13:03:03.222,NC,COFORGE,1224.5,1271.0,1272.0,1213.0,1264.9,3031228,1228.59,1224.2,358,1224.5,3,
2026-04-10T13:03:07.308,NC,COFORGE,1224.5,1271.0,1272.0,1213.0,1264.9,3031257,1228.59,1224.2,408,1224.5,5,
2026-04-10T13:03:11.213,NC,COFORGE,1224.5,1271.0,1272.0,1213.0,1264.9,3031344,1228.59,1224.6,300,1224.8,190,
2026-04-10T13:03:12.311,NC,COFORGE,1224.6,1271.0,1272.0,1213.0,1264.9,3031484,1228.59,1224.6,209,1224.8,217,
2026-04-10T13:03:13.318,NC,COFORGE,1224.8,1271.0,1272.0,1213.0,1264.9,3031616,1228.59,1224.6,209,1224.8,131,
2026-04-10T13:03:15.328,NC,COFORGE,1224.8,1271.0,1272.0,1213.0,1264.9,3031716,1228.59,1224.6,160,1224.8,31,
2026-04-10T13:03:16.319,NC,COFORGE,1224.8,1271.0,1272.0,1213.0,1264.9,3031718,1228.59,1224.6,160,1224.8,29,
2026-04-10T13:03:18.345,NC,COFORGE,1224.6,1271.0,1272.0,1213.0,1264.9,3031738,1228.59,1224.6,140,1224.7,2,
2026-04-10T13:03:19.433,NC,COFORGE,1224.7,1271.0,1272.0,1213.0,1264.9,3032114,1228.59,1224.7,174,1225.0,8,
2026-04-10T13:03:20.418,NC,COFORGE,1224.7,1271.0,1272.0,1213.0,1264.9,3032138,1228.59,1224.8,150,1225.0,8,
2026-04-10T13:03:22.425,NC,COFORGE,1225.1,1271.0,1272.0,1213.0,1264.9,3032169,1228.59,1224.8,150,1225.1,115,
2026-04-10T13:03:23.522,NC,COFORGE,1225.1,1271.0,1272.0,1213.0,1264.9,3032170,1228.59,1225.0,50,1225.1,23,
2026-04-10T13:03:26.743,NC,COFORGE,1225.2,1271.0,1272.0,1213.0,1264.9,3032320,1228.59,1224.8,150,1225.1,5,
2026-04-10T13:03:28.931,NC,COFORGE,1224.7,1271.0,1272.0,1213.0,1264.9,3032321,1228.59,1224.7,149,1224.8,1,
2026-04-10T13:03:30.035,NC,COFORGE,1224.0,1271.0,1272.0,1213.0,1264.9,3034400,1228.59,1224.0,431,1224.3,168,
2026-04-10T13:03:31.133,NC,COFORGE,1224.3,1271.0,1272.0,1213.0,1264.9,3034445,1228.59,1224.0,431,1224.3,300,
2026-04-10T13:03:32.132,NC,COFORGE,1224.3,1271.0,1272.0,1213.0,1264.9,3035204,1228.59,1224.6,121,1225.1,239,
2026-04-10T13:03:33.255,NC,COFORGE,1224.7,1271.0,1272.0,1213.0,1264.9,3035439,1228.59,1224.9,750,1225.2,50,
2026-04-10T13:03:36.337,NC,COFORGE,1225.2,1271.0,1272.0,1213.0,1264.9,3035442,1228.59,1224.9,375,1225.2,84,
2026-04-10T13:03:37.355,NC,COFORGE,1225.2,1271.0,1272.0,1213.0,1264.9,3035472,1228.59,1224.9,375,1225.2,55,
2026-04-10T13:03:39.340,NC,COFORGE,1225.5,1271.0,1272.0,1213.0,1264.9,3035678,1228.59,1225.1,806,1225.6,109,
2026-04-10T13:03:40.241,NC,COFORGE,1225.6,1271.0,1272.0,1213.0,1264.9,3035785,1228.59,1225.1,431,1225.6,116,
2026-04-10T13:03:41.350,NC,COFORGE,1225.6,1271.0,1272.0,1213.0,1264.9,3035881,1228.59,1225.1,748,1225.6,1,
2026-04-10T13:03:42.344,NC,COFORGE,1225.7,1271.0,1272.0,1213.0,1264.9,3035921,1228.59,1225.3,302,1225.5,1,
2026-04-10T13:03:43.445,NC,COFORGE,1225.9,1271.0,1272.0,1213.0,1264.9,3036243,1228.59,1225.2,71,1225.5,3,
2026-04-10T13:03:44.358,NC,COFORGE,1225.6,1271.0,1272.0,1213.0,1264.9,3036263,1228.59,1225.2,50,1225.6,482,
2026-04-10T13:03:45.253,NC,COFORGE,1225.2,1271.0,1272.0,1213.0,1264.9,3036269,1228.59,1225.2,44,1225.6,408,
2026-04-10T13:03:46.260,NC,COFORGE,1225.2,1271.0,1272.0,1213.0,1264.9,3036270,1228.59,1225.2,43,1225.6,424,
2026-04-10T13:03:47.391,NC,COFORGE,1225.6,1271.0,1272.0,1213.0,1264.9,3036370,1228.59,1225.2,43,1225.6,389,
2026-04-10T13:03:49.257,NC,COFORGE,1225.2,1271.0,1272.0,1213.0,1264.9,3036371,1228.59,1225.2,42,1225.6,487,
2026-04-10T13:03:50.357,NC,COFORGE,1225.2,1271.0,1272.0,1213.0,1264.9,3036397,1228.59,1225.2,16,1225.5,315,
2026-04-10T13:03:52.479,NC,COFORGE,1225.5,1271.0,1272.0,1213.0,1264.9,3036647,1228.59,1225.2,66,1225.4,32,
2026-04-10T13:03:53.459,NC,COFORGE,1225.2,1271.0,1272.0,1213.0,1264.9,3036713,1228.59,1225.0,26,1225.3,273,
2026-04-10T13:03:54.469,NC,COFORGE,1225.3,1271.0,1272.0,1213.0,1264.9,3036728,1228.59,1225.0,26,1225.3,286,
2026-04-10T13:03:55.563,NC,COFORGE,1225.3,1271.0,1272.0,1213.0,1264.9,3036733,1228.59,1225.2,375,1225.3,351,
2026-04-10T13:03:56.664,NC,COFORGE,1225.0,1271.0,1272.0,1213.0,1264.9,3037494,1228.58,1225.0,65,1225.2,140,
2026-04-10T13:03:57.763,NC,COFORGE,1225.0,1271.0,1272.0,1213.0,1264.9,3037495,1228.58,1225.0,144,1225.2,218,
2026-04-10T13:03:59.567,NC,COFORGE,1225.2,1271.0,1272.0,1213.0,1264.9,3037499,1228.58,1225.0,194,1225.2,266,
2026-04-10T13:04:01.664,NC,COFORGE,1225.2,1271.0,1272.0,1213.0,1264.9,3037579,1228.58,1225.0,195,1225.2,218,
2026-04-10T13:04:05.688,NC,COFORGE,1225.0,1271.0,1272.0,1213.0,1264.9,3037866,1228.58,1225.0,80,1225.1,230,
2026-04-10T13:04:07.674,NC,COFORGE,1225.1,1271.0,1272.0,1213.0,1264.9,3037966,1228.58,1225.0,79,1225.1,84,
2026-04-10T13:04:09.682,NC,COFORGE,1225.1,1271.0,1272.0,1213.0,1264.9,3037969,1228.58,1225.0,79,1225.1,59,
2026-04-10T13:04:10.678,NC,COFORGE,1225.0,1271.0,1272.0,1213.0,1264.9,3038041,1228.58,1225.0,7,1225.1,59,
2026-04-10T13:04:11.678,NC,COFORGE,1225.1,1271.0,1272.0,1213.0,1264.9,3038213,1228.58,1225.0,80,1225.1,193,
2026-04-10T13:04:14.683,NC,COFORGE,1225.0,1271.0,1272.0,1213.0,1264.9,3038263,1228.58,1225.0,30,1225.1,57,
2026-04-10T13:04:15.791,NC,COFORGE,1225.0,1271.0,1272.0,1213.0,1264.9,3038613,1228.58,1224.7,376,1225.0,150,
2026-04-10T13:04:16.892,NC,COFORGE,1225.0,1271.0,1272.0,1213.0,1264.9,3038644,1228.58,1224.8,375,1225.0,119,
2026-04-10T13:04:17.884,NC,COFORGE,1225.0,1271.0,1272.0,1213.0,1264.9,3038702,1228.58,1224.8,375,1225.0,113,
2026-04-10T13:04:18.887,NC,COFORGE,1225.0,1271.0,1272.0,1213.0,1264.9,3038707,1228.58,1224.8,375,1225.0,108,
2026-04-10T13:04:19.885,NC,COFORGE,1225.0,1271.0,1272.0,1213.0,1264.9,3038807,1228.58,1224.7,520,1225.0,38,
2026-04-10T13:04:20.789,NC,COFORGE,1225.0,1271.0,1272.0,1213.0,1264.9,3038937,1228.58,1224.7,516,1225.0,22,
2026-04-10T13:04:22.690,NC,COFORGE,1225.0,1271.0,1272.0,1213.0,1264.9,3038967,1228.58,1224.7,375,1225.0,6,
2026-04-10T13:04:23.692,NC,COFORGE,1225.0,1271.0,1272.0,1213.0,1264.9,3038998,1228.58,1224.7,375,1225.0,32,
2026-04-10T13:04:25.899,NC,COFORGE,1225.0,1271.0,1272.0,1213.0,1264.9,3039078,1228.58,1224.7,302,1225.0,25,
2026-04-10T13:04:27.906,NC,COFORGE,1225.0,1271.0,1272.0,1213.0,1264.9,3039166,1228.58,1224.7,302,1225.0,100,
2026-04-10T13:04:31.106,NC,COFORGE,1225.0,1271.0,1272.0,1213.0,1264.9,3039171,1228.58,1224.7,302,1225.0,168,
2026-04-10T13:04:32.004,NC,COFORGE,1225.0,1271.0,1272.0,1213.0,1264.9,3039351,1228.58,1224.7,302,1225.0,179,
2026-04-10T13:04:33.005,NC,COFORGE,1225.0,1271.0,1272.0,1213.0,1264.9,3039792,1228.58,1224.7,302,1225.0,9,
2026-04-10T13:04:35.112,NC,COFORGE,1225.0,1271.0,1272.0,1213.0,1264.9,3039893,1228.58,1224.7,202,1225.0,157,
2026-04-10T13:04:36.128,NC,COFORGE,1225.0,1271.0,1272.0,1213.0,1264.9,3039931,1228.58,1224.7,202,1225.0,115,
2026-04-10T13:04:38.214,NC,COFORGE,1225.0,1271.0,1272.0,1213.0,1264.9,3039960,1228.58,1224.7,202,1225.0,70,
2026-04-10T13:04:39.219,NC,COFORGE,1225.1,1271.0,1272.0,1213.0,1264.9,3040165,1228.58,1224.7,202,1225.2,310,
2026-04-10T13:04:40.236,NC,COFORGE,1225.2,1271.0,1272.0,1213.0,1264.9,3040179,1228.58,1224.7,202,1225.0,200,
2026-04-10T13:04:41.122,NC,COFORGE,1225.0,1271.0,1272.0,1213.0,1264.9,3040276,1228.58,1224.8,130,1225.0,217,
2026-04-10T13:04:44.025,NC,COFORGE,1225.0,1271.0,1272.0,1213.0,1264.9,3040278,1228.58,1224.8,130,1225.0,215,
2026-04-10T13:04:47.631,NC,COFORGE,1225.0,1271.0,1272.0,1213.0,1264.9,3040916,1228.58,1224.9,326,1225.0,123,
2026-04-10T13:04:52.038,NC,COFORGE,1224.9,1271.0,1272.0,1213.0,1264.9,3041128,1228.58,1224.9,259,1225.0,60,
2026-04-10T13:04:56.639,NC,COFORGE,1225.3,1271.0,1272.0,1213.0,1264.9,3041660,1228.58,1225.3,171,1225.4,5,
2026-04-10T13:05:01.249,NC,COFORGE,1225.6,1271.0,1272.0,1213.0,1264.9,3041686,1228.58,1225.4,20,1225.6,79,
2026-04-10T13:05:05.852,NC,COFORGE,1225.8,1271.0,1272.0,1213.0,1264.9,3042325,1228.58,1225.4,287,1225.9,189,
2026-04-10T13:05:10.655,NC,COFORGE,1225.7,1271.0,1272.0,1213.0,1264.9,3042850,1228.58,1225.7,167,1225.9,118,
2026-04-10T13:05:15.058,NC,COFORGE,1225.8,1271.0,1272.0,1213.0,1264.9,3043087,1228.58,1225.8,310,1225.9,89,
2026-04-10T13:05:19.494,NC,COFORGE,1225.9,1271.0,1272.0,1213.0,1264.9,3044382,1228.58,1225.7,96,1225.9,164,
2026-04-10T13:05:23.901,NC,COFORGE,1225.8,1271.0,1272.0,1213.0,1264.9,3045163,1228.58,1225.8,4,1225.9,216,
2026-04-10T13:05:28.514,NC,COFORGE,1225.6,1271.0,1272.0,1213.0,1264.9,3045379,1228.58,1225.6,345,1225.8,415,
2026-04-10T13:05:33.108,NC,COFORGE,1225.8,1271.0,1272.0,1213.0,1264.9,3045787,1228.58,1225.6,345,1225.8,47,
2026-04-10T13:05:37.819,NC,COFORGE,1225.8,1271.0,1272.0,1213.0,1264.9,3045922,1228.58,1225.6,384,1225.8,182,
2026-04-10T13:05:43.028,NC,COFORGE,1225.8,1271.0,1272.0,1213.0,1264.9,3046690,1228.57,1225.5,344,1225.8,38,
2026-04-10T13:05:47.723,NC,COFORGE,1226.1,1271.0,1272.0,1213.0,1264.9,3047708,1228.57,1226.1,182,1226.3,320,
2026-04-10T13:05:47.723,NC,COFORGE,1226.1,1271.0,1272.0,1213.0,1264.9,3047708,1228.57,1226.1,182,1226.3,320,
2026-04-10T13:05:52.237,NC,COFORGE,1226.2,1271.0,1272.0,1213.0,1264.9,3047932,1228.57,1225.8,375,1226.2,37,
2026-04-10T13:05:56.839,NC,COFORGE,1226.2,1271.0,1272.0,1213.0,1264.9,3048630,1228.57,1226.2,152,1226.5,15,
2026-04-10T13:06:01.436,NC,COFORGE,1226.3,1271.0,1272.0,1213.0,1264.9,3048648,1228.57,1226.3,149,1226.5,72,
2026-04-10T13:06:06.252,NC,COFORGE,1226.6,1271.0,1272.0,1213.0,1264.9,3049175,1228.57,1226.3,375,1226.6,163,
2026-04-10T13:06:10.953,NC,COFORGE,1226.3,1271.0,1272.0,1213.0,1264.9,3050621,1228.57,1226.3,31,1226.5,175,
2026-04-10T13:06:15.547,NC,COFORGE,1226.3,1271.0,1272.0,1213.0,1264.9,3050914,1228.57,1225.9,375,1226.3,2172,
2026-04-10T13:06:19.747,NC,COFORGE,1226.3,1271.0,1272.0,1213.0,1264.9,3050916,1228.57,1226.0,381,1226.3,2321,
2026-04-10T13:06:24.354,NC,COFORGE,1226.5,1271.0,1272.0,1213.0,1264.9,3053753,1228.57,1226.4,374,1226.6,20,
2026-04-10T13:06:28.659,NC,COFORGE,1226.7,1271.0,1272.0,1213.0,1264.9,3054221,1228.57,1226.7,314,1226.8,6,
2026-04-10T13:06:33.075,NC,COFORGE,1227.0,1271.0,1272.0,1213.0,1264.9,3054523,1228.57,1226.7,296,1227.0,1112,
2026-04-10T13:06:37.868,NC,COFORGE,1227.5,1271.0,1272.0,1213.0,1264.9,3056078,1228.57,1227.1,191,1227.5,627,
2026-04-10T13:06:42.789,NC,COFORGE,1227.7,1271.0,1272.0,1213.0,1264.9,3057350,1228.57,1227.2,147,1227.5,50,
2026-04-10T13:06:44.492,NC,COFORGE,1227.2,1271.0,1272.0,1213.0,1264.9,3057390,1228.57,1227.2,132,1227.5,444,
2026-04-10T13:06:45.382,NC,COFORGE,1227.5,1271.0,1272.0,1213.0,1264.9,3057490,1228.57,1227.2,132,1227.5,404,
2026-04-10T13:06:47.384,NC,COFORGE,1227.6,1271.0,1272.0,1213.0,1264.9,3058995,1228.57,1227.2,127,1227.5,81,
2026-04-10T13:06:48.495,NC,COFORGE,1227.5,1271.0,1272.0,1213.0,1264.9,3059015,1228.57,1227.2,471,1227.5,142,
2026-04-10T13:06:49.487,NC,COFORGE,1227.5,1271.0,1272.0,1213.0,1264.9,3059046,1228.57,1227.2,470,1227.5,159,
2026-04-10T13:06:50.492,NC,COFORGE,1227.5,1271.0,1272.0,1213.0,1264.9,3059071,1228.57,1227.2,470,1227.5,219,
2026-04-10T13:06:51.590,NC,COFORGE,1227.2,1271.0,1272.0,1213.0,1264.9,3059081,1228.57,1227.2,460,1227.5,371,
2026-04-10T13:06:52.698,NC,COFORGE,1227.2,1271.0,1272.0,1213.0,1264.9,3059572,1228.57,1227.0,14,1227.2,253,
2026-04-10T13:06:55.803,NC,COFORGE,1227.0,1271.0,1272.0,1213.0,1264.9,3059587,1228.57,1226.6,94,1227.0,33,
2026-04-10T13:06:58.002,NC,COFORGE,1226.6,1271.0,1272.0,1213.0,1264.9,3059604,1228.57,1226.6,77,1227.0,151,
2026-04-10T13:06:58.906,NC,COFORGE,1226.6,1271.0,1272.0,1213.0,1264.9,3059666,1228.57,1226.6,57,1227.0,193,
2026-04-10T13:07:01.022,NC,COFORGE,1227.0,1271.0,1272.0,1213.0,1264.9,3059674,1228.57,1226.8,170,1227.0,123,
2026-04-10T13:07:02.016,NC,COFORGE,1227.0,1271.0,1272.0,1213.0,1264.9,3060226,1228.57,1227.0,342,1227.5,129,
2026-04-10T13:07:03.016,NC,COFORGE,1227.0,1271.0,1272.0,1213.0,1264.9,3060476,1228.57,1227.0,92,1227.5,394,
2026-04-10T13:07:04.055,NC,COFORGE,1227.5,1271.0,1272.0,1213.0,1264.9,3060677,1228.57,1227.5,174,1227.6,111,
2026-04-10T13:07:06.023,NC,COFORGE,1227.6,1271.0,1272.0,1213.0,1264.9,3060778,1228.57,1227.5,174,1227.6,31,
2026-04-10T13:07:07.025,NC,COFORGE,1227.6,1271.0,1272.0,1213.0,1264.9,3060997,1228.57,1227.6,47,1227.7,428,
2026-04-10T13:07:07.933,NC,COFORGE,1227.6,1271.0,1272.0,1213.0,1264.9,3061073,1228.57,1227.2,405,1227.5,1,
2026-04-10T13:07:10.057,NC,COFORGE,1227.5,1271.0,1272.0,1213.0,1264.9,3061074,1228.57,1227.2,405,1227.5,58,
2026-04-10T13:07:11.259,NC,COFORGE,1227.5,1271.0,1272.0,1213.0,1264.9,3061163,1228.57,1227.2,363,1227.5,90,
2026-04-10T13:07:12.272,NC,COFORGE,1227.5,1271.0,1272.0,1213.0,1264.9,3061493,1228.57,1227.5,136,1227.6,109,
2026-04-10T13:07:13.264,NC,COFORGE,1227.5,1271.0,1272.0,1213.0,1264.9,3061495,1228.57,1227.5,134,1227.6,163,
2026-04-10T13:07:14.375,NC,COFORGE,1227.6,1271.0,1272.0,1213.0,1264.9,3061501,1228.57,1227.5,139,1227.6,171,
2026-04-10T13:07:15.371,NC,COFORGE,1227.5,1271.0,1272.0,1213.0,1264.9,3061506,1228.57,1227.5,134,1227.6,173,
2026-04-10T13:07:16.481,NC,COFORGE,1227.5,1271.0,1272.0,1213.0,1264.9,3061902,1228.57,1227.4,375,1227.6,288,
2026-04-10T13:07:18.573,NC,COFORGE,1227.2,1271.0,1272.0,1213.0,1264.9,3062291,1228.57,1227.1,29,1227.2,3,
2026-04-10T13:07:20.580,NC,COFORGE,1227.1,1271.0,1272.0,1213.0,1264.9,3062371,1228.57,1227.1,362,1227.2,14,
2026-04-10T13:07:21.679,NC,COFORGE,1227.2,1271.0,1272.0,1213.0,1264.9,3062374,1228.57,1227.1,362,1227.2,29,
2026-04-10T13:07:22.680,NC,COFORGE,1227.2,1271.0,1272.0,1213.0,1264.9,3062487,1228.57,1227.2,241,1227.6,59,
2026-04-10T13:07:24.683,NC,COFORGE,1227.2,1271.0,1272.0,1213.0,1264.9,3062587,1228.57,1227.2,71,1227.6,113,
2026-04-10T13:07:25.787,NC,COFORGE,1227.1,1271.0,1272.0,1213.0,1264.9,3062694,1228.57,1227.1,447,1227.6,83,
2026-04-10T13:07:26.798,NC,COFORGE,1227.6,1271.0,1272.0,1213.0,1264.9,3062699,1228.57,1227.4,319,1227.5,1,
2026-04-10T13:07:27.889,NC,COFORGE,1227.5,1271.0,1272.0,1213.0,1264.9,3062701,1228.57,1227.4,319,1227.5,1,
2026-04-10T13:07:29.890,NC,COFORGE,1227.4,1271.0,1272.0,1213.0,1264.9,3062709,1228.57,1227.4,311,1227.5,8,
2026-04-10T13:07:30.906,NC,COFORGE,1227.4,1271.0,1272.0,1213.0,1264.9,3062721,1228.57,1227.4,299,1227.5,124,
2026-04-10T13:07:31.894,NC,COFORGE,1227.4,1271.0,1272.0,1213.0,1264.9,3062821,1228.57,1227.4,199,1227.5,199,
2026-04-10T13:07:35.207,NC,COFORGE,1227.4,1271.0,1272.0,1213.0,1264.9,3062871,1228.57,1227.4,149,1227.5,224,
2026-04-10T13:07:36.300,NC,COFORGE,1227.5,1271.0,1272.0,1213.0,1264.9,3062873,1228.57,1227.4,148,1227.5,284,
2026-04-10T13:07:37.304,NC,COFORGE,1227.5,1271.0,1272.0,1213.0,1264.9,3063249,1228.57,1227.5,30,1227.6,118,
2026-04-10T13:07:38.413,NC,COFORGE,1227.5,1271.0,1272.0,1213.0,1264.9,3063279,1228.57,1227.4,146,1227.5,72,
2026-04-10T13:07:39.412,NC,COFORGE,1227.5,1271.0,1272.0,1213.0,1264.9,3063631,1228.57,1227.2,5,1227.5,303,
2026-04-10T13:07:40.523,NC,COFORGE,1227.2,1271.0,1272.0,1213.0,1264.9,3063636,1228.57,1227.1,43,1227.2,65,
2026-04-10T13:07:41.616,NC,COFORGE,1227.1,1271.0,1272.0,1213.0,1264.9,3063777,1228.57,1227.0,82,1227.1,151,
2026-04-10T13:07:42.620,NC,COFORGE,1227.1,1271.0,1272.0,1213.0,1264.9,3063788,1228.57,1227.0,82,1227.1,52,
2026-04-10T13:07:43.634,NC,COFORGE,1227.1,1271.0,1272.0,1213.0,1264.9,3063790,1228.57,1227.0,82,1227.1,50,
2026-04-10T13:07:44.728,NC,COFORGE,1227.0,1271.0,1272.0,1213.0,1264.9,3063791,1228.57,1227.0,81,1227.1,50,
2026-04-10T13:07:45.827,NC,COFORGE,1227.0,1271.0,1272.0,1213.0,1264.9,3063792,1228.57,1227.0,80,1227.1,50,
2026-04-10T13:07:47.936,NC,COFORGE,1227.1,1271.0,1272.0,1213.0,1264.9,3063793,1228.57,1227.0,80,1227.1,96,
2026-04-10T13:07:48.935,NC,COFORGE,1227.1,1271.0,1272.0,1213.0,1264.9,3063795,1228.57,1227.0,80,1227.1,94,
2026-04-10T13:07:51.032,NC,COFORGE,1227.0,1271.0,1272.0,1213.0,1264.9,3063974,1228.57,1226.8,376,1227.0,523,
2026-04-10T13:07:52.039,NC,COFORGE,1227.0,1271.0,1272.0,1213.0,1264.9,3064274,1228.57,1226.8,375,1227.0,306,
2026-04-10T13:07:53.035,NC,COFORGE,1227.0,1271.0,1272.0,1213.0,1264.9,3064304,1228.57,1226.8,375,1227.0,345,
2026-04-10T13:07:55.048,NC,COFORGE,1226.9,1271.0,1272.0,1213.0,1264.9,3064432,1228.57,1226.6,1,1227.0,249,
2026-04-10T13:07:56.044,NC,COFORGE,1226.6,1271.0,1272.0,1213.0,1264.9,3064514,1228.57,1226.6,48,1227.0,115,
2026-04-10T13:07:57.044,NC,COFORGE,1227.0,1271.0,1272.0,1213.0,1264.9,3064545,1228.57,1226.6,526,1227.0,125,
2026-04-10T13:08:00.059,NC,COFORGE,1227.0,1271.0,1272.0,1213.0,1264.9,3064650,1228.57,1226.8,1,1227.0,157,
2026-04-10T13:08:01.052,NC,COFORGE,1226.8,1271.0,1272.0,1213.0,1264.9,3064651,1228.57,1226.6,829,1226.8,1,
2026-04-10T13:08:02.154,NC,COFORGE,1226.9,1271.0,1272.0,1213.0,1264.9,3065337,1228.56,1227.0,375,1227.1,102,
2026-04-10T13:08:03.257,NC,COFORGE,1227.1,1271.0,1272.0,1213.0,1264.9,3065627,1228.56,1226.9,237,1227.1,98,
2026-04-10T13:08:05.456,NC,COFORGE,1227.1,1271.0,1272.0,1213.0,1264.9,3066522,1228.56,1227.1,5,1227.2,3618,
2026-04-10T13:08:06.561,NC,COFORGE,1227.0,1271.0,1272.0,1213.0,1264.9,3066547,1228.56,1227.0,179,1227.2,3721,
2026-04-10T13:08:07.562,NC,COFORGE,1227.0,1271.0,1272.0,1213.0,1264.9,3066715,1228.56,1227.0,40,1227.2,3728,
2026-04-10T13:08:09.564,NC,COFORGE,1227.0,1271.0,1272.0,1213.0,1264.9,3066740,1228.56,1227.0,15,1227.2,3728,
2026-04-10T13:08:10.668,NC,COFORGE,1227.2,1271.0,1272.0,1213.0,1264.9,3066745,1228.56,1227.0,15,1227.2,3723,
2026-04-10T13:08:11.668,NC,COFORGE,1227.2,1271.0,1272.0,1213.0,1264.9,3067625,1228.56,1226.8,151,1227.2,3033,
2026-04-10T13:08:12.685,NC,COFORGE,1227.0,1271.0,1272.0,1213.0,1264.9,3067627,1228.56,1227.0,5,1227.2,3033,
2026-04-10T13:08:13.677,NC,COFORGE,1226.9,1271.0,1272.0,1213.0,1264.9,3067819,1228.56,1226.9,563,1227.2,3033,
2026-04-10T13:08:14.675,NC,COFORGE,1227.1,1271.0,1272.0,1213.0,1264.9,3067905,1228.56,1226.9,528,1227.1,19,
2026-04-10T13:08:15.680,NC,COFORGE,1227.1,1271.0,1272.0,1213.0,1264.9,3067965,1228.56,1226.9,528,1227.1,106,
2026-04-10T13:08:16.788,NC,COFORGE,1227.1,1271.0,1272.0,1213.0,1264.9,3068265,1228.56,1226.9,528,1227.1,147,
2026-04-10T13:08:17.781,NC,COFORGE,1227.1,1271.0,1272.0,1213.0,1264.9,3068280,1228.56,1226.9,528,1227.1,163,
2026-04-10T13:08:18.887,NC,COFORGE,1227.1,1271.0,1272.0,1213.0,1264.9,3068300,1228.56,1226.9,528,1227.1,144,
2026-04-10T13:08:20.884,NC,COFORGE,1227.2,1271.0,1272.0,1213.0,1264.9,3068683,1228.56,1226.9,528,1227.1,26,
2026-04-10T13:08:21.887,NC,COFORGE,1226.9,1271.0,1272.0,1213.0,1264.9,3069268,1228.56,1226.9,144,1227.1,27,
2026-04-10T13:08:22.886,NC,COFORGE,1227.1,1271.0,1272.0,1213.0,1264.9,3069298,1228.56,1226.9,17,1227.1,94,
2026-04-10T13:08:25.894,NC,COFORGE,1226.8,1271.0,1272.0,1213.0,1264.9,3069370,1228.56,1226.8,631,1227.0,200,
2026-04-10T13:08:27.907,NC,COFORGE,1226.9,1271.0,1272.0,1213.0,1264.9,3069371,1228.56,1226.8,631,1226.9,2,
2026-04-10T13:08:28.999,NC,COFORGE,1226.8,1271.0,1272.0,1213.0,1264.9,3069372,1228.56,1226.8,630,1226.9,8,
2026-04-10T13:08:30.112,NC,COFORGE,1226.8,1271.0,1272.0,1213.0,1264.9,3069376,1228.56,1226.8,629,1226.9,43,
2026-04-10T13:08:31.207,NC,COFORGE,1226.9,1271.0,1272.0,1213.0,1264.9,3069377,1228.56,1226.8,629,1226.9,94,
2026-04-10T13:08:32.301,NC,COFORGE,1227.0,1271.0,1272.0,1213.0,1264.9,3069882,1228.56,1226.8,624,1226.9,19,
2026-04-10T13:08:33.403,NC,COFORGE,1226.8,1271.0,1272.0,1213.0,1264.9,3069886,1228.56,1226.8,620,1226.9,114,
2026-04-10T13:08:37.514,NC,COFORGE,1226.9,1271.0,1272.0,1213.0,1264.9,3070116,1228.56,1226.3,792,1226.9,77,
2026-04-10T13:08:38.514,NC,COFORGE,1226.9,1271.0,1272.0,1213.0,1264.9,3070120,1228.56,1226.5,33,1226.9,73,
2026-04-10T13:08:39.610,NC,COFORGE,1226.5,1271.0,1272.0,1213.0,1264.9,3070371,1228.56,1226.7,1,1226.9,114,
2026-04-10T13:08:41.618,NC,COFORGE,1226.7,1271.0,1272.0,1213.0,1264.9,3070372,1228.56,1226.4,982,1226.7,7,
2026-04-10T13:08:43.721,NC,COFORGE,1226.5,1271.0,1272.0,1213.0,1264.9,3070373,1228.56,1226.4,33,1226.7,47,
2026-04-10T13:08:46.628,NC,COFORGE,1227.2,1271.0,1272.0,1213.0,1264.9,3070947,1228.56,1227.0,623,1227.2,2270,
2026-04-10T13:08:51.738,NC,COFORGE,1227.2,1271.0,1272.0,1213.0,1264.9,3074086,1228.56,1227.2,91,1227.5,950,
2026-04-10T13:08:56.553,NC,COFORGE,1227.5,1271.0,1272.0,1213.0,1264.9,3074339,1228.56,1227.2,297,1227.5,989,
2026-04-10T13:09:01.426,NC,COFORGE,1227.5,1271.0,1272.0,1213.0,1264.9,3075590,1228.56,1227.2,56,1227.5,239,
2026-04-10T13:09:06.322,NC,COFORGE,1227.0,1271.0,1272.0,1213.0,1264.9,3075716,1228.56,1227.0,91,1227.5,911,
2026-04-10T13:09:11.263,NC,COFORGE,1227.0,1271.0,1272.0,1213.0,1264.9,3076046,1228.56,1226.7,636,1227.0,7,
2026-04-10T13:09:16.084,NC,COFORGE,1226.7,1271.0,1272.0,1213.0,1264.9,3076314,1228.56,1226.6,62,1227.0,164,
2026-04-10T13:09:20.803,NC,COFORGE,1227.0,1271.0,1272.0,1213.0,1264.9,3076920,1228.56,1226.7,200,1227.0,489,
2026-04-10T13:09:26.184,NC,COFORGE,1226.7,1271.0,1272.0,1213.0,1264.9,3077042,1228.56,1226.7,176,1226.8,314,
2026-04-10T13:09:31.192,NC,COFORGE,1227.1,1271.0,1272.0,1213.0,1264.9,3077972,1228.56,1226.7,187,1226.8,500,
2026-04-10T13:09:36.094,NC,COFORGE,1226.5,1271.0,1272.0,1213.0,1264.9,3078328,1228.56,1226.3,17,1226.5,120,
2026-04-10T13:09:40.803,NC,COFORGE,1226.0,1271.0,1272.0,1213.0,1264.9,3079005,1228.56,1226.0,389,1226.3,2,
2026-04-10T13:09:45.413,NC,COFORGE,1226.0,1271.0,1272.0,1213.0,1264.9,3079214,1228.56,1226.0,233,1226.3,10,
2026-04-10T13:09:49.908,NC,COFORGE,1226.0,1271.0,1272.0,1213.0,1264.9,3079482,1228.56,1225.7,3,1226.1,306,
2026-04-10T13:09:54.529,NC,COFORGE,1226.0,1271.0,1272.0,1213.0,1264.9,3079694,1228.56,1225.6,129,1226.0,194,
2026-04-10T13:09:59.316,NC,COFORGE,1226.0,1271.0,1272.0,1213.0,1264.9,3080210,1228.56,1225.5,763,1226.0,425,
2026-04-10T13:10:04.246,NC,COFORGE,1225.7,1271.0,1272.0,1213.0,1264.9,3081005,1228.56,1225.3,670,1225.7,170,
2026-04-10T13:10:09.542,NC,COFORGE,1225.0,1271.0,1272.0,1213.0,1264.9,3081778,1228.56,1224.7,40,1225.0,90,
2026-04-10T13:10:14.850,NC,COFORGE,1224.4,1271.0,1272.0,1213.0,1264.9,3083349,1228.55,1224.2,142,1224.7,1,
2026-04-10T13:10:19.754,NC,COFORGE,1224.7,1271.0,1272.0,1213.0,1264.9,3083970,1228.55,1224.6,1,1224.7,126,
2026-04-10T13:10:24.356,NC,COFORGE,1224.5,1271.0,1272.0,1213.0,1264.9,3084073,1228.55,1224.4,1,1224.5,2,
2026-04-10T13:10:28.967,NC,COFORGE,1224.3,1271.0,1272.0,1213.0,1264.9,3084569,1228.55,1224.0,223,1224.1,1,
2026-04-10T13:10:33.477,NC,COFORGE,1224.2,1271.0,1272.0,1213.0,1264.9,3085062,1228.55,1223.8,105,1224.0,27,
2026-04-10T13:10:38.584,NC,COFORGE,1223.7,1271.0,1272.0,1213.0,1264.9,3085228,1228.55,1223.4,323,1223.8,122,
2026-04-10T13:10:43.883,NC,COFORGE,1223.9,1271.0,1272.0,1213.0,1264.9,3086020,1228.55,1223.4,58,1223.8,52,
2026-04-10T13:10:44.988,NC,COFORGE,1223.6,1271.0,1272.0,1213.0,1264.9,3086104,1228.55,1223.3,287,1223.6,218,
2026-04-10T13:10:45.984,NC,COFORGE,1223.6,1271.0,1272.0,1213.0,1264.9,3086135,1228.55,1223.3,258,1223.6,284,
2026-04-10T13:10:46.990,NC,COFORGE,1223.6,1271.0,1272.0,1213.0,1264.9,3086168,1228.55,1223.4,5,1223.6,125,
2026-04-10T13:10:48.092,NC,COFORGE,1223.3,1271.0,1272.0,1213.0,1264.9,3086183,1228.55,1223.3,231,1223.6,110,
2026-04-10T13:10:49.087,NC,COFORGE,1223.3,1271.0,1272.0,1213.0,1264.9,3086195,1228.55,1223.3,219,1223.6,110,
2026-04-10T13:10:51.095,NC,COFORGE,1223.3,1271.0,1272.0,1213.0,1264.9,3086249,1228.55,1223.3,4,1223.6,134,
2026-04-10T13:10:52.203,NC,COFORGE,1223.3,1271.0,1272.0,1213.0,1264.9,3086257,1228.55,1223.2,445,1223.6,95,
2026-04-10T13:10:53.192,NC,COFORGE,1223.6,1271.0,1272.0,1213.0,1264.9,3086390,1228.55,1223.2,449,1223.6,14,
2026-04-10T13:10:54.199,NC,COFORGE,1223.6,1271.0,1272.0,1213.0,1264.9,3086402,1228.55,1223.2,108,1223.6,10,
2026-04-10T13:10:56.200,NC,COFORGE,1223.3,1271.0,1272.0,1213.0,1264.9,3086495,1228.55,1223.3,110,1223.6,51,
2026-04-10T13:10:57.201,NC,COFORGE,1223.3,1271.0,1272.0,1213.0,1264.9,3086504,1228.55,1223.3,92,1223.6,51,
2026-04-10T13:10:58.201,NC,COFORGE,1223.6,1271.0,1272.0,1213.0,1264.9,3086509,1228.55,1223.3,9,1223.6,46,
2026-04-10T13:11:00.305,NC,COFORGE,1223.6,1271.0,1272.0,1213.0,1264.9,3086609,1228.55,1223.4,3,1223.6,52,
2026-04-10T13:11:01.325,NC,COFORGE,1223.4,1271.0,1272.0,1213.0,1264.9,3086611,1228.55,1223.4,1,1223.6,52,
2026-04-10T13:11:02.411,NC,COFORGE,1223.6,1271.0,1272.0,1213.0,1264.9,3086615,1228.55,1223.4,1,1223.6,48,
2026-04-10T13:11:07.618,NC,COFORGE,1223.6,1271.0,1272.0,1213.0,1264.9,3086834,1228.55,1223.3,80,1223.6,19,
2026-04-10T13:11:08.516,NC,COFORGE,1223.3,1271.0,1272.0,1213.0,1264.9,3086944,1228.55,1223.3,70,1223.6,75,
2026-04-10T13:11:09.624,NC,COFORGE,1224.4,1271.0,1272.0,1213.0,1264.9,3095833,1228.54,1224.0,9,1224.4,121,
2026-04-10T13:11:10.626,NC,COFORGE,1223.9,1271.0,1272.0,1213.0,1264.9,3096210,1228.53,1223.9,382,1224.5,140,
2026-04-10T13:11:11.632,NC,COFORGE,1223.9,1271.0,1272.0,1213.0,1264.9,3097100,1228.53,1223.7,134,1223.9,2,
2026-04-10T13:11:12.626,NC,COFORGE,1223.9,1271.0,1272.0,1213.0,1264.9,3097263,1228.53,1223.8,1,1223.9,7,
2026-04-10T13:11:13.629,NC,COFORGE,1223.9,1271.0,1272.0,1213.0,1264.9,3097267,1228.53,1223.4,224,1223.9,14,
2026-04-10T13:11:14.685,NC,COFORGE,1223.4,1271.0,1272.0,1213.0,1264.9,3097388,1228.53,1223.4,138,1223.9,52,
2026-04-10T13:11:15.635,NC,COFORGE,1223.4,1271.0,1272.0,1213.0,1264.9,3097473,1228.53,1223.3,138,1223.9,178,
2026-04-10T13:11:16.638,NC,COFORGE,1223.3,1271.0,1272.0,1213.0,1264.9,3097484,1228.53,1223.4,76,1223.9,200,
2026-04-10T13:11:17.539,NC,COFORGE,1223.9,1271.0,1272.0,1213.0,1264.9,3097552,1228.53,1223.3,116,1223.9,200,
2026-04-10T13:11:18.540,NC,COFORGE,1223.3,1271.0,1272.0,1213.0,1264.9,3097558,1228.53,1223.3,111,1223.9,200,
2026-04-10T13:11:19.542,NC,COFORGE,1223.9,1271.0,1272.0,1213.0,1264.9,3097683,1228.53,1223.3,96,1223.9,152,
2026-04-10T13:11:20.540,NC,COFORGE,1223.9,1271.0,1272.0,1213.0,1264.9,3097686,1228.53,1223.3,160,1223.9,149,
2026-04-10T13:11:21.539,NC,COFORGE,1223.3,1271.0,1272.0,1213.0,1264.9,3097719,1228.53,1223.4,115,1223.9,149,
2026-04-10T13:11:22.446,NC,COFORGE,1223.9,1271.0,1272.0,1213.0,1264.9,3097827,1228.53,1223.4,115,1223.9,119,
2026-04-10T13:11:23.441,NC,COFORGE,1223.4,1271.0,1272.0,1213.0,1264.9,3097853,1228.53,1223.4,48,1223.9,191,
2026-04-10T13:11:24.469,NC,COFORGE,1223.4,1271.0,1272.0,1213.0,1264.9,3097875,1228.53,1223.4,26,1223.8,25,
2026-04-10T13:11:26.578,NC,COFORGE,1223.4,1271.0,1272.0,1213.0,1264.9,3097948,1228.53,1223.3,77,1223.8,164,
2026-04-10T13:11:28.581,NC,COFORGE,1223.7,1271.0,1272.0,1213.0,1264.9,3098063,1228.53,1223.2,360,1223.7,41,
2026-04-10T13:11:29.570,NC,COFORGE,1223.7,1271.0,1272.0,1213.0,1264.9,3098066,1228.53,1223.2,360,1223.7,117,
2026-04-10T13:11:30.570,NC,COFORGE,1223.2,1271.0,1272.0,1213.0,1264.9,3098068,1228.53,1223.2,289,1223.7,154,
2026-04-10T13:11:31.570,NC,COFORGE,1223.7,1271.0,1272.0,1213.0,1264.9,3098073,1228.53,1223.2,357,1223.7,118,
2026-04-10T13:11:33.475,NC,COFORGE,1223.7,1271.0,1272.0,1213.0,1264.9,3098085,1228.53,1223.2,357,1223.7,106,
2026-04-10T13:11:34.487,NC,COFORGE,1223.7,1271.0,1272.0,1213.0,1264.9,3098174,1228.53,1223.3,234,1223.7,52,
2026-04-10T13:11:36.479,NC,COFORGE,1223.7,1271.0,1272.0,1213.0,1264.9,3098187,1228.53,1223.4,45,1223.7,49,
2026-04-10T13:11:37.374,NC,COFORGE,1223.7,1271.0,1272.0,1213.0,1264.9,3098216,1228.53,1223.4,45,1223.7,20,
2026-04-10T13:11:38.374,NC,COFORGE,1223.7,1271.0,1272.0,1213.0,1264.9,3098220,1228.53,1223.4,45,1223.7,16,
2026-04-10T13:11:39.375,NC,COFORGE,1224.0,1271.0,1272.0,1213.0,1264.9,3098427,1228.53,1223.4,115,1224.0,286,
2026-04-10T13:11:41.401,NC,COFORGE,1223.4,1271.0,1272.0,1213.0,1264.9,3098499,1228.53,1223.6,80,1224.0,339,
2026-04-10T13:11:42.380,NC,COFORGE,1224.0,1271.0,1272.0,1213.0,1264.9,3098504,1228.53,1223.6,80,1224.0,374,
2026-04-10T13:11:43.281,NC,COFORGE,1224.0,1271.0,1272.0,1213.0,1264.9,3098509,1228.53,1223.6,80,1224.0,369,
2026-04-10T13:11:45.392,NC,COFORGE,1223.5,1271.0,1272.0,1213.0,1264.9,3099016,1228.53,1223.5,8,1224.0,415,
2026-04-10T13:11:47.390,NC,COFORGE,1224.0,1271.0,1272.0,1213.0,1264.9,3099024,1228.53,1223.7,61,1224.0,414,
2026-04-10T13:11:48.393,NC,COFORGE,1224.0,1271.0,1272.0,1213.0,1264.9,3099034,1228.53,1223.7,61,1224.0,404,
2026-04-10T13:11:49.392,NC,COFORGE,1224.6,1271.0,1272.0,1213.0,1264.9,3099699,1228.53,1224.3,61,1224.6,29,
2026-04-10T13:11:52.394,NC,COFORGE,1224.6,1271.0,1272.0,1213.0,1264.9,3099729,1228.53,1224.2,201,1224.6,67,
2026-04-10T13:11:54.402,NC,COFORGE,1224.2,1271.0,1272.0,1213.0,1264.9,3099779,1228.53,1224.2,119,1224.6,67,
2026-04-10T13:11:56.299,NC,COFORGE,1224.2,1271.0,1272.0,1213.0,1264.9,3099807,1228.53,1224.0,414,1224.2,5,
2026-04-10T13:11:57.301,NC,COFORGE,1224.0,1271.0,1272.0,1213.0,1264.9,3099847,1228.53,1224.0,374,1224.2,20,
2026-04-10T13:11:58.307,NC,COFORGE,1224.2,1271.0,1272.0,1213.0,1264.9,3099850,1228.53,1224.0,306,1224.2,17,
2026-04-10T13:11:59.301,NC,COFORGE,1224.0,1271.0,1272.0,1213.0,1264.9,3099892,1228.53,1223.8,16,1224.2,194,
2026-04-10T13:12:01.313,NC,COFORGE,1224.2,1271.0,1272.0,1213.0,1264.9,3099894,1228.53,1224.0,300,1224.2,448,
2026-04-10T13:12:02.413,NC,COFORGE,1224.1,1271.0,1272.0,1213.0,1264.9,3099896,1228.53,1224.0,300,1224.2,468,
2026-04-10T13:12:04.915,NC,COFORGE,1224.2,1271.0,1272.0,1213.0,1264.9,3099901,1228.53,1224.0,300,1224.1,241,
2026-04-10T13:12:06.112,NC,COFORGE,1224.1,1271.0,1272.0,1213.0,1264.9,3099914,1228.53,1224.0,300,1224.1,249,
2026-04-10T13:12:07.112,NC,COFORGE,1224.2,1271.0,1272.0,1213.0,1264.9,3100344,1228.53,1224.0,300,1224.2,259,
2026-04-10T13:12:08.116,NC,COFORGE,1224.2,1271.0,1272.0,1213.0,1264.9,3100388,1228.53,1224.0,300,1224.2,149,
2026-04-10T13:12:09.115,NC,COFORGE,1224.0,1271.0,1272.0,1213.0,1264.9,3100393,1228.53,1224.0,295,1224.1,6,
2026-04-10T13:12:11.219,NC,COFORGE,1224.0,1271.0,1272.0,1213.0,1264.9,3100470,1228.53,1224.0,220,1224.2,52,
2026-04-10T13:12:13.335,NC,COFORGE,1224.0,1271.0,1272.0,1213.0,1264.9,3100471,1228.53,1224.0,219,1224.2,64,
2026-04-10T13:12:14.318,NC,COFORGE,1224.2,1271.0,1272.0,1213.0,1264.9,3100475,1228.53,1224.0,219,1224.2,128,
2026-04-10T13:12:16.320,NC,COFORGE,1224.0,1271.0,1272.0,1213.0,1264.9,3100476,1228.53,1224.0,218,1224.2,103,
2026-04-10T13:12:17.332,NC,COFORGE,1224.2,1271.0,1272.0,1213.0,1264.9,3100477,1228.53,1224.0,218,1224.2,102,
2026-04-10T13:12:19.327,NC,COFORGE,1224.2,1271.0,1272.0,1213.0,1264.9,3100479,1228.53,1224.0,217,1224.2,101,
2026-04-10T13:12:23.336,NC,COFORGE,1224.1,1271.0,1272.0,1213.0,1264.9,3100482,1228.53,1224.0,227,1224.1,83,
2026-04-10T13:12:24.335,NC,COFORGE,1224.1,1271.0,1272.0,1213.0,1264.9,3100522,1228.53,1224.0,219,1224.1,1763,
2026-04-10T13:12:25.347,NC,COFORGE,1224.1,1271.0,1272.0,1213.0,1264.9,3100573,1228.53,1224.0,219,1224.1,1651,
2026-04-10T13:12:26.442,NC,COFORGE,1224.1,1271.0,1272.0,1213.0,1264.9,3100671,1228.53,1224.0,147,1224.1,1625,
2026-04-10T13:12:27.559,NC,COFORGE,1224.0,1271.0,1272.0,1213.0,1264.9,3100674,1228.53,1224.0,144,1224.1,1635,
2026-04-10T13:12:29.539,NC,COFORGE,1224.1,1271.0,1272.0,1213.0,1264.9,3100694,1228.53,1224.0,134,1224.1,1684,
2026-04-10T13:12:31.546,NC,COFORGE,1224.0,1271.0,1272.0,1213.0,1264.9,3100695,1228.53,1224.0,133,1224.1,1670,
2026-04-10T13:12:32.557,NC,COFORGE,1224.1,1271.0,1272.0,1213.0,1264.9,3100698,1228.53,1224.0,133,1224.1,1677,
2026-04-10T13:12:33.448,NC,COFORGE,1224.1,1271.0,1272.0,1213.0,1264.9,3100699,1228.53,1224.0,133,1224.1,1688,
2026-04-10T13:12:37.556,NC,COFORGE,1224.1,1271.0,1272.0,1213.0,1264.9,3100758,1228.53,1224.0,103,1224.1,1679,
2026-04-10T13:12:39.454,NC,COFORGE,1224.1,1271.0,1272.0,1213.0,1264.9,3100963,1228.53,1224.0,104,1224.1,1470,
2026-04-10T13:12:41.466,NC,COFORGE,1224.1,1271.0,1272.0,1213.0,1264.9,3101041,1228.53,1224.0,31,1224.1,1400,
2026-04-10T13:12:46.766,NC,COFORGE,1224.1,1271.0,1272.0,1213.0,1264.9,3101043,1228.53,1224.0,31,1224.1,1457,
2026-04-10T13:12:51.582,NC,COFORGE,1223.7,1271.0,1272.0,1213.0,1264.9,3101559,1228.53,1223.7,6,1224.0,34,
2026-04-10T13:12:56.193,NC,COFORGE,1223.7,1271.0,1272.0,1213.0,1264.9,3102046,1228.53,1223.9,1,1224.1,674,
2026-04-10T13:13:00.899,NC,COFORGE,1224.1,1271.0,1272.0,1213.0,1264.9,3103032,1228.52,1224.2,331,1224.6,110,
2026-04-10T13:13:06.274,NC,COFORGE,1224.7,1271.0,1272.0,1213.0,1264.9,3103710,1228.52,1224.7,226,1225.0,8,
2026-04-10T13:13:11.469,NC,COFORGE,1225.0,1271.0,1272.0,1213.0,1264.9,3103842,1228.52,1224.6,110,1225.0,4,
2026-04-10T13:13:16.681,NC,COFORGE,1224.9,1271.0,1272.0,1213.0,1264.9,3104013,1228.52,1224.5,2,1224.9,467,
2026-04-10T13:13:21.681,NC,COFORGE,1225.0,1271.0,1272.0,1213.0,1264.9,3104358,1228.52,1224.8,1,1225.0,43,
2026-04-10T13:13:26.389,NC,COFORGE,1224.8,1271.0,1272.0,1213.0,1264.9,3104398,1228.52,1224.7,92,1224.8,8,
2026-04-10T13:13:30.990,NC,COFORGE,1224.4,1271.0,1272.0,1213.0,1264.9,3105229,1228.52,1224.1,10,1224.4,299,
2026-04-10T13:13:35.894,NC,COFORGE,1224.4,1271.0,1272.0,1213.0,1264.9,3105519,1228.52,1224.3,100,1224.4,14,
2026-04-10T13:13:41.107,NC,COFORGE,1224.3,1271.0,1272.0,1213.0,1264.9,3107492,1228.52,1224.0,214,1224.3,8,
2026-04-10T13:13:44.113,NC,COFORGE,1224.0,1271.0,1272.0,1213.0,1264.9,3107590,1228.52,1224.0,2,1224.3,29,
2026-04-10T13:13:45.206,NC,COFORGE,1224.3,1271.0,1272.0,1213.0,1264.9,3107593,1228.52,1224.0,2,1224.3,37,
2026-04-10T13:13:46.112,NC,COFORGE,1224.3,1271.0,1272.0,1213.0,1264.9,3107625,1228.52,1224.0,2,1224.3,25,
2026-04-10T13:13:47.117,NC,COFORGE,1224.3,1271.0,1272.0,1213.0,1264.9,3107865,1228.52,1224.1,188,1224.4,2,
2026-04-10T13:13:50.013,NC,COFORGE,1224.4,1271.0,1272.0,1213.0,1264.9,3107877,1228.52,1224.3,25,1224.4,20,
2026-04-10T13:13:52.112,NC,COFORGE,1224.4,1271.0,1272.0,1213.0,1264.9,3107964,1228.52,1224.4,37,1224.8,5,
2026-04-10T13:13:53.014,NC,COFORGE,1225.0,1271.0,1272.0,1213.0,1264.9,3108024,1228.52,1224.4,37,1225.0,530,
2026-04-10T13:13:54.016,NC,COFORGE,1224.9,1271.0,1272.0,1213.0,1264.9,3108027,1228.52,1224.3,129,1224.9,452,
2026-04-10T13:13:56.033,NC,COFORGE,1224.3,1271.0,1272.0,1213.0,1264.9,3108076,1228.52,1224.1,129,1224.3,3,
2026-04-10T13:13:57.023,NC,COFORGE,1224.3,1271.0,1272.0,1213.0,1264.9,3108086,1228.52,1224.2,129,1224.3,17,
2026-04-10T13:13:59.025,NC,COFORGE,1224.1,1271.0,1272.0,1213.0,1264.9,3108100,1228.52,1224.1,187,1224.3,79,
2026-04-10T13:14:00.031,NC,COFORGE,1224.3,1271.0,1272.0,1213.0,1264.9,3108143,1228.52,1224.0,5,1224.3,85,
2026-04-10T13:14:03.132,NC,COFORGE,1224.3,1271.0,1272.0,1213.0,1264.9,3108207,1228.52,1224.2,1,1224.3,76,
2026-04-10T13:14:04.038,NC,COFORGE,1224.3,1271.0,1272.0,1213.0,1264.9,3108208,1228.52,1224.2,1,1224.3,75,
2026-04-10T13:14:05.034,NC,COFORGE,1224.0,1271.0,1272.0,1213.0,1264.9,3108218,1228.52,1224.0,36,1224.3,70,
2026-04-10T13:14:08.077,NC,COFORGE,1224.3,1271.0,1272.0,1213.0,1264.9,3108252,1228.52,1224.0,2,1224.3,58,
2026-04-10T13:14:10.677,NC,COFORGE,1224.3,1271.0,1272.0,1213.0,1264.9,3108282,1228.52,1223.8,38,1224.3,177,
2026-04-10T13:14:11.600,NC,COFORGE,1224.0,1271.0,1272.0,1213.0,1264.9,3108333,1228.52,1223.8,107,1224.0,8,
2026-04-10T13:14:12.581,NC,COFORGE,1224.0,1271.0,1272.0,1213.0,1264.9,3108359,1228.52,1223.9,28,1224.3,188,
2026-04-10T13:14:17.090,NC,COFORGE,1224.3,1271.0,1272.0,1213.0,1264.9,3108360,1228.52,1223.9,28,1224.3,228,
2026-04-10T13:14:18.087,NC,COFORGE,1224.3,1271.0,1272.0,1213.0,1264.9,3108364,1228.52,1224.0,81,1224.3,224,
2026-04-10T13:14:21.191,NC,COFORGE,1224.3,1271.0,1272.0,1213.0,1264.9,3108367,1228.52,1224.0,1291,1224.3,227,
2026-04-10T13:14:23.096,NC,COFORGE,1224.3,1271.0,1272.0,1213.0,1264.9,3108527,1228.52,1224.0,1250,1224.3,53,
2026-04-10T13:14:24.192,NC,COFORGE,1224.0,1271.0,1272.0,1213.0,1264.9,3108530,1228.52,1224.0,1247,1224.3,130,
2026-04-10T13:14:25.195,NC,COFORGE,1224.2,1271.0,1272.0,1213.0,1264.9,3108631,1228.52,1224.0,1147,1224.2,71,
2026-04-10T13:14:26.193,NC,COFORGE,1224.0,1271.0,1272.0,1213.0,1264.9,3108742,1228.52,1224.0,1036,1224.2,236,
2026-04-10T13:14:27.195,NC,COFORGE,1224.0,1271.0,1272.0,1213.0,1264.9,3108747,1228.52,1224.0,1031,1224.1,35,
2026-04-10T13:14:28.198,NC,COFORGE,1224.1,1271.0,1272.0,1213.0,1264.9,3108752,1228.52,1224.0,1031,1224.1,76,
2026-04-10T13:14:29.197,NC,COFORGE,1223.9,1271.0,1272.0,1213.0,1264.9,3109786,1228.52,1223.7,5,1223.9,219,
2026-04-10T13:14:32.200,NC,COFORGE,1223.9,1271.0,1272.0,1213.0,1264.9,3109790,1228.52,1223.7,5,1223.9,159,
2026-04-10T13:14:33.201,NC,COFORGE,1223.3,1271.0,1272.0,1213.0,1264.9,3109931,1228.52,1223.4,37,1223.9,94,
2026-04-10T13:14:34.203,NC,COFORGE,1223.7,1271.0,1272.0,1213.0,1264.9,3113001,1228.51,1223.1,54,1223.7,246,
2026-04-10T13:14:35.207,NC,COFORGE,1223.5,1271.0,1272.0,1213.0,1264.9,3113243,1228.51,1222.9,500,1223.5,34,
2026-04-10T13:14:36.206,NC,COFORGE,1222.9,1271.0,1272.0,1213.0,1264.9,3113426,1228.51,1222.9,236,1223.4,88,
2026-04-10T13:14:37.208,NC,COFORGE,1224.4,1271.0,1272.0,1213.0,1264.9,3114324,1228.51,1224.4,22,1224.9,122,
2026-04-10T13:14:38.208,NC,COFORGE,1224.6,1271.0,1272.0,1213.0,1264.9,3114357,1228.51,1224.4,375,1224.7,115,
2026-04-10T13:14:39.208,NC,COFORGE,1224.7,1271.0,1272.0,1213.0,1264.9,3114564,1228.51,1224.4,375,1224.7,36,
2026-04-10T13:14:41.215,NC,COFORGE,1224.4,1271.0,1272.0,1213.0,1264.9,3114636,1228.51,1224.4,303,1224.7,64,
2026-04-10T13:14:42.221,NC,COFORGE,1225.1,1271.0,1272.0,1213.0,1264.9,3115037,1228.51,1225.1,271,1225.3,34,
2026-04-10T13:14:43.215,NC,COFORGE,1225.1,1271.0,1272.0,1213.0,1264.9,3115058,1228.51,1225.1,251,1225.3,93,
2026-04-10T13:14:45.521,NC,COFORGE,1225.1,1271.0,1272.0,1213.0,1264.9,3115129,1228.51,1225.1,180,1225.3,101,
2026-04-10T13:14:47.519,NC,COFORGE,1225.3,1271.0,1272.0,1213.0,1264.9,3115132,1228.51,1225.1,180,1225.3,109,
2026-04-10T13:14:48.622,NC,COFORGE,1225.3,1271.0,1272.0,1213.0,1264.9,3115189,1228.51,1225.1,129,1225.3,265,
2026-04-10T13:14:49.630,NC,COFORGE,1225.1,1271.0,1272.0,1213.0,1264.9,3115199,1228.51,1225.1,119,1225.3,63,
2026-04-10T13:14:51.623,NC,COFORGE,1225.1,1271.0,1272.0,1213.0,1264.9,3115302,1228.51,1225.1,79,1225.3,27,
2026-04-10T13:14:52.525,NC,COFORGE,1225.3,1271.0,1272.0,1213.0,1264.9,3115332,1228.51,1225.1,79,1225.3,11,
2026-04-10T13:14:53.525,NC,COFORGE,1225.1,1271.0,1272.0,1213.0,1264.9,3115334,1228.51,1225.1,77,1225.3,23,
2026-04-10T13:14:56.525,NC,COFORGE,1225.3,1271.0,1272.0,1213.0,1264.9,3115436,1228.51,1225.1,105,1225.3,26,
2026-04-10T13:14:58.627,NC,COFORGE,1225.3,1271.0,1272.0,1213.0,1264.9,3115536,1228.51,1225.1,105,1225.3,73,
2026-04-10T13:15:01.927,NC,COFORGE,1225.1,1271.0,1272.0,1213.0,1264.9,3115537,1228.51,1225.1,109,1225.3,73,
2026-04-10T13:15:04.848,NC,COFORGE,1225.1,1271.0,1272.0,1213.0,1264.9,3115544,1228.51,1225.1,104,1225.2,148,
2026-04-10T13:15:05.830,NC,COFORGE,1225.2,1271.0,1272.0,1213.0,1264.9,3115573,1228.51,1225.1,78,1225.2,174,
2026-04-10T13:15:06.938,NC,COFORGE,1224.8,1271.0,1272.0,1213.0,1264.9,3115837,1228.51,1224.8,8,1224.9,196,
2026-04-10T13:15:08.036,NC,COFORGE,1224.7,1271.0,1272.0,1213.0,1264.9,3116021,1228.51,1224.1,1111,1224.7,164,
2026-04-10T13:15:11.347,NC,COFORGE,1224.3,1271.0,1272.0,1213.0,1264.9,3116029,1228.51,1224.1,1066,1224.3,8,
2026-04-10T13:15:12.446,NC,COFORGE,1224.3,1271.0,1272.0,1213.0,1264.9,3116230,1228.51,1224.1,1009,1224.3,2,
2026-04-10T13:15:13.352,NC,COFORGE,1224.7,1271.0,1272.0,1213.0,1264.9,3116254,1228.51,1224.2,186,1224.7,66,
2026-04-10T13:15:14.347,NC,COFORGE,1224.7,1271.0,1272.0,1213.0,1264.9,3116344,1228.51,1224.3,279,1224.7,27,
2026-04-10T13:15:15.402,NC,COFORGE,1224.7,1271.0,1272.0,1213.0,1264.9,3116345,1228.51,1224.5,331,1224.7,31,
2026-04-10T13:15:16.443,NC,COFORGE,1224.9,1271.0,1272.0,1213.0,1264.9,3116382,1228.51,1225.2,164,1225.7,103,
2026-04-10T13:15:17.445,NC,COFORGE,1225.6,1271.0,1272.0,1213.0,1264.9,3116392,1228.51,1225.2,70,1225.6,23,
2026-04-10T13:15:18.492,NC,COFORGE,1225.0,1271.0,1272.0,1213.0,1264.9,3117810,1228.5,1225.2,100,1225.6,5,
2026-04-10T13:15:19.451,NC,COFORGE,1225.6,1271.0,1272.0,1213.0,1264.9,3117816,1228.5,1225.3,9,1225.6,16,
2026-04-10T13:15:21.463,NC,COFORGE,1225.2,1271.0,1272.0,1213.0,1264.9,3117817,1228.5,1225.2,56,1225.5,103,
2026-04-10T13:15:22.464,NC,COFORGE,1225.2,1271.0,1272.0,1213.0,1264.9,3117848,1228.5,1225.2,55,1225.5,164,
2026-04-10T13:15:23.474,NC,COFORGE,1225.5,1271.0,1272.0,1213.0,1264.9,3117851,1228.5,1225.2,55,1225.5,89,
2026-04-10T13:15:26.572,NC,COFORGE,1225.2,1271.0,1272.0,1213.0,1264.9,3117927,1228.5,1225.2,117,1225.5,53,
2026-04-10T13:15:29.564,NC,COFORGE,1225.5,1271.0,1272.0,1213.0,1264.9,3117931,1228.5,1225.2,135,1225.5,77,
2026-04-10T13:15:29.564,NC,COFORGE,1225.5,1271.0,1272.0,1213.0,1264.9,3117931,1228.5,1225.2,135,1225.5,77,
2026-04-10T13:15:30.563,NC,COFORGE,1225.5,1271.0,1272.0,1213.0,1264.9,3117968,1228.5,1225.4,1,1225.5,40,
2026-04-10T13:15:32.773,NC,COFORGE,1225.2,1271.0,1272.0,1213.0,1264.9,3118012,1228.5,1225.2,176,1225.5,36,
2026-04-10T13:15:34.873,NC,COFORGE,1225.8,1271.0,1272.0,1213.0,1264.9,3118311,1228.5,1225.8,238,1226.0,110,
2026-04-10T13:15:35.970,NC,COFORGE,1226.0,1271.0,1272.0,1213.0,1264.9,3118444,1228.5,1226.0,38,1226.3,1,
2026-04-10T13:15:37.088,NC,COFORGE,1226.3,1271.0,1272.0,1213.0,1264.9,3118449,1228.5,1226.3,93,1226.5,404,
2026-04-10T13:15:38.175,NC,COFORGE,1226.5,1271.0,1272.0,1213.0,1264.9,3118479,1228.5,1226.3,93,1226.5,426,
2026-04-10T13:15:39.080,NC,COFORGE,1226.5,1271.0,1272.0,1213.0,1264.9,3118687,1228.5,1226.3,93,1226.5,218,
2026-04-10T13:15:40.177,NC,COFORGE,1226.5,1271.0,1272.0,1213.0,1264.9,3118887,1228.5,1226.3,93,1226.5,18,
2026-04-10T13:15:41.276,NC,COFORGE,1226.5,1271.0,1272.0,1213.0,1264.9,3118963,1228.5,1226.3,164,1226.5,15,
2026-04-10T13:15:42.382,NC,COFORGE,1226.2,1271.0,1272.0,1213.0,1264.9,3119271,1228.5,1226.1,9,1226.5,7,
2026-04-10T13:15:46.390,NC,COFORGE,1226.4,1271.0,1272.0,1213.0,1264.9,3119293,1228.5,1226.1,185,1226.5,40,
2026-04-10T13:15:51.402,NC,COFORGE,1226.4,1271.0,1272.0,1213.0,1264.9,3119298,1228.5,1225.9,9,1226.4,485,
2026-04-10T13:15:56.222,NC,COFORGE,1226.3,1271.0,1272.0,1213.0,1264.9,3119378,1228.5,1225.6,9,1225.9,8,
2026-04-10T13:16:00.952,NC,COFORGE,1226.0,1271.0,1272.0,1213.0,1264.9,3119627,1228.5,1226.1,45,1226.4,25,
2026-04-10T13:16:06.075,NC,COFORGE,1226.6,1271.0,1272.0,1213.0,1264.9,3120317,1228.5,1226.6,103,1226.9,1,
2026-04-10T13:16:11.272,NC,COFORGE,1226.6,1271.0,1272.0,1213.0,1264.9,3120783,1228.5,1226.5,1,1226.6,4,
2026-04-10T13:16:16.615,NC,COFORGE,1226.6,1271.0,1272.0,1213.0,1264.9,3121054,1228.5,1226.5,376,1226.6,2,
2026-04-10T13:16:21.889,NC,COFORGE,1226.6,1271.0,1272.0,1213.0,1264.9,3121962,1228.5,1226.6,6,1226.7,1,
2026-04-10T13:16:26.802,NC,COFORGE,1226.6,1271.0,1272.0,1213.0,1264.9,3122057,1228.5,1226.4,1,1226.6,330,
2026-04-10T13:16:31.397,NC,COFORGE,1226.4,1271.0,1272.0,1213.0,1264.9,3122136,1228.5,1226.3,8,1226.4,8,
2026-04-10T13:16:36.101,NC,COFORGE,1226.3,1271.0,1272.0,1213.0,1264.9,3122740,1228.5,1226.2,1,1226.3,210,
2026-04-10T13:16:40.817,NC,COFORGE,1226.3,1271.0,1272.0,1213.0,1264.9,3123591,1228.5,1226.0,737,1226.2,8,
2026-04-10T13:16:44.138,NC,COFORGE,1226.1,1271.0,1272.0,1213.0,1264.9,3123725,1228.5,1226.0,711,1226.1,43,
2026-04-10T13:16:45.108,NC,COFORGE,1226.0,1271.0,1272.0,1213.0,1264.9,3123809,1228.5,1226.0,621,1226.1,92,
2026-04-10T13:16:46.111,NC,COFORGE,1226.0,1271.0,1272.0,1213.0,1264.9,3123819,1228.5,1226.0,621,1226.1,92,
2026-04-10T13:16:47.112,NC,COFORGE,1226.1,1271.0,1272.0,1213.0,1264.9,3124153,1228.5,1226.0,621,1226.1,27,
2026-04-10T13:16:50.130,NC,COFORGE,1226.4,1271.0,1272.0,1213.0,1264.9,3124426,1228.5,1226.4,218,1226.6,1,
2026-04-10T13:16:52.220,NC,COFORGE,1226.6,1271.0,1272.0,1213.0,1264.9,3124435,1228.5,1226.5,378,1226.8,25,
2026-04-10T13:16:53.321,NC,COFORGE,1226.8,1271.0,1272.0,1213.0,1264.9,3124468,1228.5,1226.5,403,1226.8,36,
2026-04-10T13:16:55.519,NC,COFORGE,1226.8,1271.0,1272.0,1213.0,1264.9,3124479,1228.5,1226.6,375,1226.8,39,
2026-04-10T13:16:56.421,NC,COFORGE,1226.6,1271.0,1272.0,1213.0,1264.9,3124552,1228.5,1226.6,302,1226.8,39,
2026-04-10T13:16:59.624,NC,COFORGE,1226.8,1271.0,1272.0,1213.0,1264.9,3124553,1228.5,1226.6,302,1226.8,38,
2026-04-10T13:17:02.730,NC,COFORGE,1226.8,1271.0,1272.0,1213.0,1264.9,3124607,1228.5,1226.6,252,1226.8,34,
2026-04-10T13:17:03.735,NC,COFORGE,1226.6,1271.0,1272.0,1213.0,1264.9,3124642,1228.5,1226.6,217,1226.8,36,
2026-04-10T13:17:06.837,NC,COFORGE,1226.6,1271.0,1272.0,1213.0,1264.9,3124652,1228.5,1226.6,207,1226.8,46,
2026-04-10T13:17:07.841,NC,COFORGE,1226.8,1271.0,1272.0,1213.0,1264.9,3124681,1228.5,1226.6,207,1226.8,55,
2026-04-10T13:17:08.841,NC,COFORGE,1226.8,1271.0,1272.0,1213.0,1264.9,3124691,1228.5,1226.6,207,1226.8,47,
2026-04-10T13:17:09.865,NC,COFORGE,1227.0,1271.0,1272.0,1213.0,1264.9,3124743,1228.5,1226.6,207,1227.0,348,
2026-04-10T13:17:10.839,NC,COFORGE,1227.0,1271.0,1272.0,1213.0,1264.9,3124816,1228.5,1226.6,135,1227.0,399,
2026-04-10T13:17:11.882,NC,COFORGE,1226.6,1271.0,1272.0,1213.0,1264.9,3124843,1228.5,1226.6,125,1227.0,596,
2026-04-10T13:17:12.942,NC,COFORGE,1226.8,1271.0,1272.0,1213.0,1264.9,3124969,1228.5,1226.3,195,1226.9,605,
2026-04-10T13:17:14.046,NC,COFORGE,1226.9,1271.0,1272.0,1213.0,1264.9,3124971,1228.5,1226.3,123,1226.9,421,
2026-04-10T13:17:16.048,NC,COFORGE,1226.9,1271.0,1272.0,1213.0,1264.9,3125346,1228.5,1226.5,5,1226.9,24,
2026-04-10T13:17:17.145,NC,COFORGE,1226.9,1271.0,1272.0,1213.0,1264.9,3125374,1228.5,1226.7,235,1226.9,5,
2026-04-10T13:17:18.144,NC,COFORGE,1226.7,1271.0,1272.0,1213.0,1264.9,3125524,1228.5,1226.7,85,1226.9,5,
2026-04-10T13:17:20.259,NC,COFORGE,1226.9,1271.0,1272.0,1213.0,1264.9,3125527,1228.5,1226.7,168,1226.9,2,
2026-04-10T13:17:21.153,NC,COFORGE,1226.9,1271.0,1272.0,1213.0,1264.9,3125530,1228.5,1226.7,200,1227.0,247,
2026-04-10T13:17:22.154,NC,COFORGE,1227.0,1271.0,1272.0,1213.0,1264.9,3126069,1228.5,1226.8,467,1227.0,25,
2026-04-10T13:17:23.254,NC,COFORGE,1227.0,1271.0,1272.0,1213.0,1264.9,3126123,1228.5,1227.0,150,1227.4,683,
2026-04-10T13:17:24.361,NC,COFORGE,1227.4,1271.0,1272.0,1213.0,1264.9,3126124,1228.5,1227.0,127,1227.4,761,
2026-04-10T13:17:26.367,NC,COFORGE,1227.0,1271.0,1272.0,1213.0,1264.9,3126196,1228.5,1227.0,99,1227.4,761,
2026-04-10T13:17:27.470,NC,COFORGE,1227.0,1271.0,1272.0,1213.0,1264.9,3126233,1228.5,1227.0,107,1227.4,736,
2026-04-10T13:17:28.470,NC,COFORGE,1227.4,1271.0,1272.0,1213.0,1264.9,3126288,1228.5,1227.0,17,1227.4,711,
2026-04-10T13:17:29.496,NC,COFORGE,1227.4,1271.0,1272.0,1213.0,1264.9,3126311,1228.5,1227.0,17,1227.4,688,
2026-04-10T13:17:31.772,NC,COFORGE,1227.4,1271.0,1272.0,1213.0,1264.9,3126791,1228.5,1226.9,94,1227.0,70,
2026-04-10T13:17:33.872,NC,COFORGE,1226.7,1271.0,1272.0,1213.0,1264.9,3126816,1228.5,1226.7,272,1227.0,111,
2026-04-10T13:17:34.977,NC,COFORGE,1227.0,1271.0,1272.0,1213.0,1264.9,3126876,1228.5,1226.7,272,1227.0,57,
2026-04-10T13:17:37.673,NC,COFORGE,1227.0,1271.0,1272.0,1213.0,1264.9,3126905,1228.5,1226.7,272,1227.0,32,
2026-04-10T13:17:38.694,NC,COFORGE,1226.9,1271.0,1272.0,1213.0,1264.9,3127110,1228.5,1226.7,1,1226.9,303,
2026-04-10T13:17:39.583,NC,COFORGE,1226.9,1271.0,1272.0,1213.0,1264.9,3127317,1228.5,1226.7,1,1226.9,186,
2026-04-10T13:17:40.677,NC,COFORGE,1226.7,1271.0,1272.0,1213.0,1264.9,3127495,1228.5,1226.7,322,1226.9,109,
2026-04-10T13:17:41.682,NC,COFORGE,1226.9,1271.0,1272.0,1213.0,1264.9,3127515,1228.5,1226.7,322,1226.9,144,
2026-04-10T13:17:46.786,NC,COFORGE,1226.7,1271.0,1272.0,1213.0,1264.9,3127518,1228.5,1226.7,320,1226.9,249,
2026-04-10T13:17:51.295,NC,COFORGE,1226.9,1271.0,1272.0,1213.0,1264.9,3127528,1228.5,1226.7,319,1226.9,120,
2026-04-10T13:17:55.799,NC,COFORGE,1226.9,1271.0,1272.0,1213.0,1264.9,3127560,1228.5,1226.7,319,1226.9,202,
2026-04-10T13:18:00.211,NC,COFORGE,1226.7,1271.0,1272.0,1213.0,1264.9,3127712,1228.5,1226.7,246,1226.8,33,
2026-04-10T13:18:04.622,NC,COFORGE,1226.8,1271.0,1272.0,1213.0,1264.9,3127713,1228.5,1226.7,246,1226.8,50,
2026-04-10T13:18:09.435,NC,COFORGE,1226.8,1271.0,1272.0,1213.0,1264.9,3128006,1228.5,1226.7,10,1226.8,70,
2026-04-10T13:18:14.149,NC,COFORGE,1226.7,1271.0,1272.0,1213.0,1264.9,3128026,1228.5,1226.5,27,1226.7,40,
2026-04-10T13:18:18.945,NC,COFORGE,1226.7,1271.0,1272.0,1213.0,1264.9,3128344,1228.5,1226.4,243,1226.7,212,
2026-04-10T13:18:23.659,NC,COFORGE,1226.7,1271.0,1272.0,1213.0,1264.9,3129458,1228.5,1226.6,3,1226.7,30,
2026-04-10T13:18:28.366,NC,COFORGE,1226.4,1271.0,1272.0,1213.0,1264.9,3129759,1228.5,1226.1,24,1226.3,33,
2026-04-10T13:18:34.259,NC,COFORGE,1226.1,1271.0,1272.0,1213.0,1264.9,3129835,1228.5,1226.0,874,1226.1,35,
2026-04-10T13:18:39.372,NC,COFORGE,1225.6,1271.0,1272.0,1213.0,1264.9,3130641,1228.5,1225.6,5,1226.0,112,
2026-04-10T13:18:44.176,NC,COFORGE,1225.6,1271.0,1272.0,1213.0,1264.9,3130731,1228.5,1225.6,26,1226.0,410,
2026-04-10T13:18:48.581,NC,COFORGE,1225.6,1271.0,1272.0,1213.0,1264.9,3130761,1228.5,1225.6,75,1226.0,516,
2026-04-10T13:18:53.088,NC,COFORGE,1225.5,1271.0,1272.0,1213.0,1264.9,3130964,1228.5,1225.5,373,1225.9,33,
2026-04-10T13:18:57.788,NC,COFORGE,1225.9,1271.0,1272.0,1213.0,1264.9,3131077,1228.5,1225.6,2,1225.9,34,
2026-04-10T13:19:02.989,NC,COFORGE,1225.9,1271.0,1272.0,1213.0,1264.9,3131322,1228.49,1225.6,20,1225.9,114,
2026-04-10T13:19:08.100,NC,COFORGE,1225.9,1271.0,1272.0,1213.0,1264.9,3131904,1228.49,1225.9,410,1226.3,259,
2026-04-10T13:19:12.908,NC,COFORGE,1225.9,1271.0,1272.0,1213.0,1264.9,3132010,1228.49,1225.9,344,1226.3,370,
2026-04-10T13:19:17.751,NC,COFORGE,1226.3,1271.0,1272.0,1213.0,1264.9,3132014,1228.49,1225.9,343,1226.3,335,
2026-04-10T13:19:22.506,NC,COFORGE,1226.4,1271.0,1272.0,1213.0,1264.9,3132278,1228.49,1226.3,146,1226.4,95,
2026-04-10T13:19:27.118,NC,COFORGE,1226.6,1271.0,1272.0,1213.0,1264.9,3132569,1228.49,1226.3,84,1226.5,160,
2026-04-10T13:19:31.939,NC,COFORGE,1225.9,1271.0,1272.0,1213.0,1264.9,3132698,1228.49,1225.9,334,1226.2,33,
2026-04-10T13:19:36.639,NC,COFORGE,1226.2,1271.0,1272.0,1213.0,1264.9,3132702,1228.49,1225.9,344,1226.2,184,
2026-04-10T13:19:41.131,NC,COFORGE,1225.9,1271.0,1272.0,1213.0,1264.9,3133011,1228.49,1225.9,271,1226.3,189,
2026-04-10T13:19:45.534,NC,COFORGE,1226.2,1271.0,1272.0,1213.0,1264.9,3133014,1228.49,1225.9,276,1226.2,1,
2026-04-10T13:19:49.949,NC,COFORGE,1226.2,1271.0,1272.0,1213.0,1264.9,3133216,1228.49,1225.9,77,1226.2,127,
2026-04-10T13:19:54.392,NC,COFORGE,1226.2,1271.0,1272.0,1213.0,1264.9,3133270,1228.49,1225.9,82,1226.2,161,
2026-04-10T13:19:58.881,NC,COFORGE,1225.9,1271.0,1272.0,1213.0,1264.9,3133442,1228.49,1225.9,41,1226.1,33,
2026-04-10T13:20:04.174,NC,COFORGE,1225.6,1271.0,1272.0,1213.0,1264.9,3134145,1228.49,1225.5,100,1225.7,301,
2026-04-10T13:20:09.174,NC,COFORGE,1225.3,1271.0,1272.0,1213.0,1264.9,3134367,1228.49,1225.0,394,1225.3,261,
2026-04-10T13:20:14.181,NC,COFORGE,1225.3,1271.0,1272.0,1213.0,1264.9,3134447,1228.49,1225.0,331,1225.3,40,
2026-04-10T13:20:19.399,NC,COFORGE,1225.2,1271.0,1272.0,1213.0,1264.9,3135472,1228.49,1225.2,257,1225.9,210,
2026-04-10T13:20:24.113,NC,COFORGE,1225.8,1271.0,1272.0,1213.0,1264.9,3135572,1228.49,1225.2,119,1225.8,39,
2026-04-10T13:20:28.830,NC,COFORGE,1225.7,1271.0,1272.0,1213.0,1264.9,3135653,1228.49,1225.4,189,1225.8,85,
2026-04-10T13:20:33.527,NC,COFORGE,1225.3,1271.0,1272.0,1213.0,1264.9,3135752,1228.49,1225.4,167,1225.8,82,
2026-04-10T13:20:38.446,NC,COFORGE,1225.8,1271.0,1272.0,1213.0,1264.9,3135829,1228.49,1225.7,2,1225.8,136,
2026-04-10T13:20:43.248,NC,COFORGE,1225.8,1271.0,1272.0,1213.0,1264.9,3136192,1228.49,1225.3,149,1225.8,49,
2026-04-10T13:20:47.874,NC,COFORGE,1225.7,1271.0,1272.0,1213.0,1264.9,3136204,1228.49,1225.4,3,1225.8,175,
2026-04-10T13:20:52.766,NC,COFORGE,1225.2,1271.0,1272.0,1213.0,1264.9,3136274,1228.49,1225.3,36,1225.8,70,
2026-04-10T13:20:57.466,NC,COFORGE,1225.2,1271.0,1272.0,1213.0,1264.9,3136362,1228.49,1225.2,240,1225.3,3,
2026-04-10T13:21:02.583,NC,COFORGE,1225.2,1271.0,1272.0,1213.0,1264.9,3136405,1228.49,1225.2,139,1225.8,153,
2026-04-10T13:21:07.880,NC,COFORGE,1225.4,1271.0,1272.0,1213.0,1264.9,3136498,1228.49,1225.1,198,1225.6,39,
2026-04-10T13:21:13.091,NC,COFORGE,1225.1,1271.0,1272.0,1213.0,1264.9,3136666,1228.49,1225.1,23,1225.6,248,
2026-04-10T13:21:18.292,NC,COFORGE,1225.1,1271.0,1272.0,1213.0,1264.9,3136785,1228.49,1225.1,17,1225.3,3,
2026-04-10T13:21:23.209,NC,COFORGE,1225.6,1271.0,1272.0,1213.0,1264.9,3137468,1228.49,1225.0,707,1225.6,109,
2026-04-10T13:21:28.014,NC,COFORGE,1226.0,1271.0,1272.0,1213.0,1264.9,3138222,1228.49,1225.7,103,1226.0,252,
2026-04-10T13:21:33.014,NC,COFORGE,1226.0,1271.0,1272.0,1213.0,1264.9,3138785,1228.49,1225.5,163,1226.0,271,
2026-04-10T13:21:37.832,NC,COFORGE,1226.0,1271.0,1272.0,1213.0,1264.9,3139066,1228.49,1225.5,64,1226.0,167,
2026-04-10T13:21:42.438,NC,COFORGE,1225.5,1271.0,1272.0,1213.0,1264.9,3139318,1228.49,1225.4,122,1225.5,2,
2026-04-10T13:21:46.752,NC,COFORGE,1226.0,1271.0,1272.0,1213.0,1264.9,3139425,1228.49,1225.5,37,1226.0,142,
2026-04-10T13:21:51.052,NC,COFORGE,1226.0,1271.0,1272.0,1213.0,1264.9,3139459,1228.49,1225.4,52,1226.0,253,
2026-04-10T13:21:55.263,NC,COFORGE,1225.9,1271.0,1272.0,1213.0,1264.9,3139594,1228.49,1225.3,399,1225.9,210,
2026-04-10T13:22:00.158,NC,COFORGE,1225.6,1271.0,1272.0,1213.0,1264.9,3139678,1228.49,1225.2,100,1225.8,150,
2026-04-10T13:22:04.965,NC,COFORGE,1225.8,1271.0,1272.0,1213.0,1264.9,3139702,1228.49,1225.3,7,1225.8,293,
2026-04-10T13:22:09.599,NC,COFORGE,1225.8,1271.0,1272.0,1213.0,1264.9,3139765,1228.49,1225.5,1,1225.8,346,
2026-04-10T13:22:14.179,NC,COFORGE,1225.8,1271.0,1272.0,1213.0,1264.9,3140043,1228.49,1225.4,309,1225.8,224,
2026-04-10T13:22:18.800,NC,COFORGE,1225.1,1271.0,1272.0,1213.0,1264.9,3140980,1228.49,1225.2,74,1225.8,305,
2026-04-10T13:22:23.506,NC,COFORGE,1225.5,1271.0,1272.0,1213.0,1264.9,3141799,1228.49,1225.5,357,1226.0,207,
2026-04-10T13:22:28.307,NC,COFORGE,1226.0,1271.0,1272.0,1213.0,1264.9,3142295,1228.49,1226.0,50,1226.2,1,
2026-04-10T13:22:33.425,NC,COFORGE,1225.8,1271.0,1272.0,1213.0,1264.9,3142299,1228.49,1225.7,134,1226.2,5,
2026-04-10T13:22:38.225,NC,COFORGE,1226.1,1271.0,1272.0,1213.0,1264.9,3142346,1228.49,1225.8,1,1226.1,293,
2026-04-10T13:22:42.731,NC,COFORGE,1225.7,1271.0,1272.0,1213.0,1264.9,3142555,1228.48,1225.5,57,1225.7,2,
2026-04-10T13:22:47.139,NC,COFORGE,1225.4,1271.0,1272.0,1213.0,1264.9,3142753,1228.48,1225.4,104,1225.7,1,
2026-04-10T13:22:51.461,NC,COFORGE,1225.7,1271.0,1272.0,1213.0,1264.9,3142777,1228.48,1225.3,28,1225.7,202,
2026-04-10T13:22:56.138,NC,COFORGE,1225.3,1271.0,1272.0,1213.0,1264.9,3142947,1228.48,1225.3,6,1225.7,219,
2026-04-10T13:23:00.655,NC,COFORGE,1226.0,1271.0,1272.0,1213.0,1264.9,3143117,1228.48,1226.0,455,1226.1,1,
2026-04-10T13:23:05.154,NC,COFORGE,1226.1,1271.0,1272.0,1213.0,1264.9,3143141,1228.48,1226.1,370,1226.3,1,
2026-04-10T13:23:09.831,NC,COFORGE,1226.7,1271.0,1272.0,1213.0,1264.9,3143534,1228.48,1226.1,366,1226.6,217,
2026-04-10T13:23:14.723,NC,COFORGE,1226.6,1271.0,1272.0,1213.0,1264.9,3143635,1228.48,1226.3,280,1226.6,71,
2026-04-10T13:23:19.430,NC,COFORGE,1226.6,1271.0,1272.0,1213.0,1264.9,3143685,1228.48,1226.3,260,1226.6,70,
2026-04-10T13:23:23.841,NC,COFORGE,1226.6,1271.0,1272.0,1213.0,1264.9,3143719,1228.48,1226.3,260,1226.5,200,
2026-04-10T13:23:28.352,NC,COFORGE,1226.5,1271.0,1272.0,1213.0,1264.9,3143996,1228.48,1226.4,291,1226.5,50,
2026-04-10T13:23:32.565,NC,COFORGE,1226.4,1271.0,1272.0,1213.0,1264.9,3144067,1228.48,1226.4,226,1226.5,96,
2026-04-10T13:23:37.063,NC,COFORGE,1226.6,1271.0,1272.0,1213.0,1264.9,3144246,1228.48,1226.5,231,1226.6,39,
2026-04-10T13:23:41.470,NC,COFORGE,1226.3,1271.0,1272.0,1213.0,1264.9,3144922,1228.48,1226.2,35,1226.5,272,
2026-04-10T13:23:45.685,NC,COFORGE,1226.1,1271.0,1272.0,1213.0,1264.9,3145142,1228.48,1226.1,21,1226.2,7,
2026-04-10T13:23:49.985,NC,COFORGE,1226.1,1271.0,1272.0,1213.0,1264.9,3145208,1228.48,1226.0,139,1226.2,215,
2026-04-10T13:23:54.094,NC,COFORGE,1226.0,1271.0,1272.0,1213.0,1264.9,3145507,1228.48,1225.7,130,1226.0,110,
2026-04-10T13:23:58.604,NC,COFORGE,1226.0,1271.0,1272.0,1213.0,1264.9,3145601,1228.48,1225.7,39,1225.9,33,
2026-04-10T13:24:03.905,NC,COFORGE,1225.3,1271.0,1272.0,1213.0,1264.9,3145657,1228.48,1225.3,53,1225.6,1,
2026-04-10T13:24:09.311,NC,COFORGE,1226.0,1271.0,1272.0,1213.0,1264.9,3145735,1228.48,1226.0,700,1226.2,225,
2026-04-10T13:24:14.637,NC,COFORGE,1226.2,1271.0,1272.0,1213.0,1264.9,3146014,1228.48,1226.0,432,1226.2,312,
2026-04-10T13:24:19.424,NC,COFORGE,1226.0,1271.0,1272.0,1213.0,1264.9,3146456,1228.48,1225.8,3,1226.0,628,
2026-04-10T13:24:23.947,NC,COFORGE,1226.0,1271.0,1272.0,1213.0,1264.9,3146515,1228.48,1225.8,3,1226.0,1002,
2026-04-10T13:24:28.554,NC,COFORGE,1225.8,1271.0,1272.0,1213.0,1264.9,3146554,1228.48,1225.4,39,1225.8,12,
2026-04-10T13:24:33.339,NC,COFORGE,1226.0,1271.0,1272.0,1213.0,1264.9,3147249,1228.48,1225.6,207,1225.8,1,
2026-04-10T13:24:38.047,NC,COFORGE,1226.2,1271.0,1272.0,1213.0,1264.9,3147405,1228.48,1226.0,11,1226.2,50,
2026-04-10T13:24:42.760,NC,COFORGE,1226.0,1271.0,1272.0,1213.0,1264.9,3147785,1228.48,1225.7,148,1226.0,8,
2026-04-10T13:24:47.662,NC,COFORGE,1226.1,1271.0,1272.0,1213.0,1264.9,3147919,1228.48,1225.6,375,1226.1,201,
2026-04-10T13:24:52.266,NC,COFORGE,1226.0,1271.0,1272.0,1213.0,1264.9,3147955,1228.48,1226.0,359,1226.1,110,
2026-04-10T13:24:56.781,NC,COFORGE,1226.0,1271.0,1272.0,1213.0,1264.9,3148058,1228.48,1226.0,300,1226.1,110,
2026-04-10T13:25:01.389,NC,COFORGE,1226.1,1271.0,1272.0,1213.0,1264.9,3148115,1228.48,1226.0,405,1226.1,52,
2026-04-10T13:25:06.588,NC,COFORGE,1226.1,1271.0,1272.0,1213.0,1264.9,3148464,1228.48,1226.0,124,1226.1,1,
2026-04-10T13:25:11.625,NC,COFORGE,1226.0,1271.0,1272.0,1213.0,1264.9,3148610,1228.48,1226.0,24,1226.2,337,
2026-04-10T13:25:16.614,NC,COFORGE,1226.3,1271.0,1272.0,1213.0,1264.9,3148899,1228.48,1226.2,107,1226.3,180,
2026-04-10T13:25:21.622,NC,COFORGE,1226.2,1271.0,1272.0,1213.0,1264.9,3148925,1228.48,1226.2,84,1226.3,310,
2026-04-10T13:25:26.226,NC,COFORGE,1226.3,1271.0,1272.0,1213.0,1264.9,3149107,1228.48,1226.2,12,1226.3,218,
2026-04-10T13:25:31.130,NC,COFORGE,1226.3,1271.0,1272.0,1213.0,1264.9,3149264,1228.48,1226.1,3,1226.2,200,
2026-04-10T13:25:36.137,NC,COFORGE,1226.2,1271.0,1272.0,1213.0,1264.9,3149302,1228.48,1226.0,415,1226.2,284,
2026-04-10T13:25:40.749,NC,COFORGE,1226.0,1271.0,1272.0,1213.0,1264.9,3149587,1228.48,1226.0,446,1226.2,82,
2026-04-10T13:25:45.556,NC,COFORGE,1226.5,1271.0,1272.0,1213.0,1264.9,3149759,1228.48,1226.3,375,1226.5,1848,
2026-04-10T13:25:50.563,NC,COFORGE,1226.3,1271.0,1272.0,1213.0,1264.9,3149769,1228.48,1226.3,374,1226.5,1930,
2026-04-10T13:25:55.569,NC,COFORGE,1226.3,1271.0,1272.0,1213.0,1264.9,3149847,1228.48,1226.3,333,1226.5,551,
2026-04-10T13:26:00.473,NC,COFORGE,1226.5,1271.0,1272.0,1213.0,1264.9,3150181,1228.48,1226.3,4,1226.5,342,
2026-04-10T13:26:05.394,NC,COFORGE,1226.4,1271.0,1272.0,1213.0,1264.9,3150227,1228.48,1226.3,5,1226.4,28,
2026-04-10T13:26:10.513,NC,COFORGE,1226.3,1271.0,1272.0,1213.0,1264.9,3150312,1228.48,1226.0,576,1226.3,70,
2026-04-10T13:26:15.629,NC,COFORGE,1226.4,1271.0,1272.0,1213.0,1264.9,3150796,1228.48,1226.0,532,1226.4,214,
2026-04-10T13:26:20.439,NC,COFORGE,1226.4,1271.0,1272.0,1213.0,1264.9,3150846,1228.48,1226.0,486,1226.4,104,
2026-04-10T13:26:25.130,NC,COFORGE,1226.4,1271.0,1272.0,1213.0,1264.9,3150963,1228.48,1226.0,566,1226.5,111,
2026-04-10T13:26:29.738,NC,COFORGE,1226.1,1271.0,1272.0,1213.0,1264.9,3151141,1228.48,1226.0,314,1226.5,358,
2026-04-10T13:26:34.439,NC,COFORGE,1226.4,1271.0,1272.0,1213.0,1264.9,3151322,1228.48,1226.0,134,1226.4,370,
2026-04-10T13:26:39.143,NC,COFORGE,1226.4,1271.0,1272.0,1213.0,1264.9,3151561,1228.48,1226.0,134,1226.4,397,
2026-04-10T13:26:43.649,NC,COFORGE,1226.0,1271.0,1272.0,1213.0,1264.9,3152133,1228.48,1226.0,65,1226.4,232,
2026-04-10T13:26:48.181,NC,COFORGE,1226.3,1271.0,1272.0,1213.0,1264.9,3152166,1228.48,1225.8,18,1226.4,505,
2026-04-10T13:26:57.364,NC,COFORGE,1226.2,1271.0,1272.0,1213.0,1264.9,3152271,1228.48,1226.0,1,1226.2,12,
2026-04-10T13:27:01.879,NC,COFORGE,1226.2,1271.0,1272.0,1213.0,1264.9,3152314,1228.48,1226.0,3,1226.2,71,
2026-04-10T13:27:06.694,NC,COFORGE,1226.2,1271.0,1272.0,1213.0,1264.9,3152342,1228.48,1226.0,41,1226.2,102,
2026-04-10T13:27:11.502,NC,COFORGE,1226.0,1271.0,1272.0,1213.0,1264.9,3152562,1228.48,1225.7,30,1226.0,8,
2026-04-10T13:27:16.393,NC,COFORGE,1226.0,1271.0,1272.0,1213.0,1264.9,3152624,1228.48,1225.7,22,1226.0,1,
2026-04-10T13:27:21.403,NC,COFORGE,1226.0,1271.0,1272.0,1213.0,1264.9,3152679,1228.48,1225.8,39,1226.0,70,
2026-04-10T13:27:26.211,NC,COFORGE,1225.6,1271.0,1272.0,1213.0,1264.9,3152929,1228.48,1225.6,24,1225.8,8,
2026-04-10T13:27:31.418,NC,COFORGE,1226.1,1271.0,1272.0,1213.0,1264.9,3153691,1228.48,1226.0,20,1226.1,3,
2026-04-10T13:27:36.441,NC,COFORGE,1226.1,1271.0,1272.0,1213.0,1264.9,3153695,1228.48,1226.0,20,1226.1,89,
2026-04-10T13:27:41.229,NC,COFORGE,1225.8,1271.0,1272.0,1213.0,1264.9,3154046,1228.48,1225.6,39,1225.8,36,
2026-04-10T13:27:46.236,NC,COFORGE,1225.6,1271.0,1272.0,1213.0,1264.9,3154229,1228.48,1225.5,3,1225.6,8,
2026-04-10T13:27:51.041,NC,COFORGE,1225.8,1271.0,1272.0,1213.0,1264.9,3155036,1228.48,1225.4,3,1225.8,221,
2026-04-10T13:27:55.749,NC,COFORGE,1225.6,1271.0,1272.0,1213.0,1264.9,3155120,1228.48,1225.3,11,1225.4,8,
2026-04-10T13:28:00.361,NC,COFORGE,1225.3,1271.0,1272.0,1213.0,1264.9,3155159,1228.48,1225.2,6,1225.3,5,
2026-04-10T13:28:05.180,NC,COFORGE,1225.5,1271.0,1272.0,1213.0,1264.9,3155400,1228.47,1225.5,345,1226.0,33,
2026-04-10T13:28:09.773,NC,COFORGE,1225.5,1271.0,1272.0,1213.0,1264.9,3155468,1228.47,1225.5,32,1225.9,122,
2026-04-10T13:28:14.288,NC,COFORGE,1225.6,1271.0,1272.0,1213.0,1264.9,3155855,1228.47,1225.6,157,1225.9,51,
2026-04-10T13:28:18.914,NC,COFORGE,1225.9,1271.0,1272.0,1213.0,1264.9,3156189,1228.47,1225.9,710,1226.0,82,
2026-04-10T13:28:23.416,NC,COFORGE,1226.0,1271.0,1272.0,1213.0,1264.9,3156230,1228.47,1225.9,709,1226.0,59,
2026-04-10T13:28:27.898,NC,COFORGE,1225.9,1271.0,1272.0,1213.0,1264.9,3156627,1228.47,1225.9,432,1226.0,96,
2026-04-10T13:28:32.401,NC,COFORGE,1226.0,1271.0,1272.0,1213.0,1264.9,3157086,1228.47,1226.1,57,1226.5,210,
2026-04-10T13:28:37.013,NC,COFORGE,1226.4,1271.0,1272.0,1213.0,1264.9,3157164,1228.47,1226.1,52,1226.4,312,
2026-04-10T13:28:41.616,NC,COFORGE,1226.1,1271.0,1272.0,1213.0,1264.9,3157450,1228.47,1225.9,1004,1226.1,9,
2026-04-10T13:28:46.127,NC,COFORGE,1226.3,1271.0,1272.0,1213.0,1264.9,3157506,1228.47,1225.9,4,1226.0,200,
2026-04-10T13:28:50.630,NC,COFORGE,1226.0,1271.0,1272.0,1213.0,1264.9,3157657,1228.47,1225.6,45,1226.0,301,
2026-04-10T13:28:55.249,NC,COFORGE,1226.0,1271.0,1272.0,1213.0,1264.9,3157805,1228.47,1225.6,45,1226.0,108,
2026-04-10T13:28:59.861,NC,COFORGE,1225.6,1271.0,1272.0,1213.0,1264.9,3157878,1228.47,1225.6,177,1226.0,81,
2026-04-10T13:29:04.663,NC,COFORGE,1225.6,1271.0,1272.0,1213.0,1264.9,3158006,1228.47,1225.6,114,1226.0,133,
2026-04-10T13:29:09.167,NC,COFORGE,1226.0,1271.0,1272.0,1213.0,1264.9,3158082,1228.47,1225.7,61,1226.0,134,
2026-04-10T13:29:13.790,NC,COFORGE,1226.0,1271.0,1272.0,1213.0,1264.9,3158157,1228.47,1225.7,289,1226.0,140,
2026-04-10T13:29:18.376,NC,COFORGE,1226.3,1271.0,1272.0,1213.0,1264.9,3158931,1228.47,1226.1,9,1226.5,247,
2026-04-10T13:29:23.281,NC,COFORGE,1226.5,1271.0,1272.0,1213.0,1264.9,3158973,1228.47,1226.2,397,1226.5,238,
2026-04-10T13:29:28.087,NC,COFORGE,1226.2,1271.0,1272.0,1213.0,1264.9,3159371,1228.47,1226.0,44,1226.1,1,
2026-04-10T13:29:32.708,NC,COFORGE,1226.0,1271.0,1272.0,1213.0,1264.9,3159424,1228.47,1225.8,63,1226.1,71,
2026-04-10T13:29:41.797,NC,COFORGE,1226.1,1271.0,1272.0,1213.0,1264.9,3159685,1228.47,1225.8,94,1226.0,8,
2026-04-10T13:29:46.213,NC,COFORGE,1225.8,1271.0,1272.0,1213.0,1264.9,3159758,1228.47,1225.8,75,1226.0,136,
2026-04-10T13:29:50.815,NC,COFORGE,1225.8,1271.0,1272.0,1213.0,1264.9,3159890,1228.47,1225.6,10,1225.8,152,
2026-04-10T13:29:55.421,NC,COFORGE,1225.8,1271.0,1272.0,1213.0,1264.9,3160125,1228.47,1225.6,10,1225.8,17,
2026-04-10T13:30:00.037,NC,COFORGE,1225.8,1271.0,1272.0,1213.0,1264.9,3160249,1228.47,1225.5,60,1225.8,48,
2026-04-10T13:30:05.145,NC,COFORGE,1225.8,1271.0,1272.0,1213.0,1264.9,3160330,1228.47,1225.5,59,1225.8,23,
2026-04-10T13:30:10.041,NC,COFORGE,1225.8,1271.0,1272.0,1213.0,1264.9,3160459,1228.47,1225.5,59,1225.8,51,
2026-04-10T13:30:14.649,NC,COFORGE,1225.8,1271.0,1272.0,1213.0,1264.9,3160537,1228.47,1225.6,37,1225.8,59,
2026-04-10T13:30:19.173,NC,COFORGE,1225.8,1271.0,1272.0,1213.0,1264.9,3160591,1228.47,1225.5,163,1225.8,55,
2026-04-10T13:30:23.659,NC,COFORGE,1225.8,1271.0,1272.0,1213.0,1264.9,3160625,1228.47,1225.5,96,1225.8,30,
2026-04-10T13:30:28.154,NC,COFORGE,1226.0,1271.0,1272.0,1213.0,1264.9,3160830,1228.47,1225.4,8,1225.9,24,
2026-04-10T13:30:32.661,NC,COFORGE,1225.9,1271.0,1272.0,1213.0,1264.9,3161033,1228.47,1225.7,1,1225.9,2,
2026-04-10T13:30:37.071,NC,COFORGE,1225.9,1271.0,1272.0,1213.0,1264.9,3161035,1228.47,1225.7,1,1225.9,46,
2026-04-10T13:30:41.779,NC,COFORGE,1225.7,1271.0,1272.0,1213.0,1264.9,3161298,1228.47,1225.4,203,1225.7,4,
2026-04-10T13:30:41.779,NC,COFORGE,1225.7,1271.0,1272.0,1213.0,1264.9,3161298,1228.47,1225.4,203,1225.7,4,
2026-04-10T13:30:47.080,NC,COFORGE,1225.4,1271.0,1272.0,1213.0,1264.9,3161367,1228.47,1225.4,144,1225.7,13,
2026-04-10T13:30:51.893,NC,COFORGE,1225.7,1271.0,1272.0,1213.0,1264.9,3161413,1228.47,1225.5,43,1225.7,5,
2026-04-10T13:30:56.695,NC,COFORGE,1226.0,1271.0,1272.0,1213.0,1264.9,3161758,1228.47,1226.0,23,1226.2,126,
2026-04-10T13:31:01.512,NC,COFORGE,1226.1,1271.0,1272.0,1213.0,1264.9,3162032,1228.47,1225.6,140,1226.2,15,
2026-04-10T13:31:06.304,NC,COFORGE,1226.0,1271.0,1272.0,1213.0,1264.9,3162082,1228.47,1225.8,5,1226.0,1951,
2026-04-10T13:31:11.219,NC,COFORGE,1225.8,1271.0,1272.0,1213.0,1264.9,3162131,1228.47,1225.7,27,1225.8,3,
2026-04-10T13:31:16.112,NC,COFORGE,1226.0,1271.0,1272.0,1213.0,1264.9,3162582,1228.47,1225.4,181,1226.0,1671,
2026-04-10T13:31:21.124,NC,COFORGE,1226.0,1271.0,1272.0,1213.0,1264.9,3162586,1228.47,1225.8,20,1226.0,1896,
2026-04-10T13:31:25.839,NC,COFORGE,1226.0,1271.0,1272.0,1213.0,1264.9,3162625,1228.47,1225.8,17,1226.0,1998,
2026-04-10T13:31:30.342,NC,COFORGE,1225.7,1271.0,1272.0,1213.0,1264.9,3162649,1228.47,1225.7,7,1225.8,4,
2026-04-10T13:31:35.045,NC,COFORGE,1226.0,1271.0,1272.0,1213.0,1264.9,3162763,1228.47,1225.5,49,1225.7,1,
2026-04-10T13:31:39.658,NC,COFORGE,1226.0,1271.0,1272.0,1213.0,1264.9,3163019,1228.47,1225.6,94,1226.0,1536,
2026-04-10T13:31:44.165,NC,COFORGE,1225.7,1271.0,1272.0,1213.0,1264.9,3163433,1228.47,1225.5,175,1225.7,440,
2026-04-10T13:31:48.768,NC,COFORGE,1225.7,1271.0,1272.0,1213.0,1264.9,3163434,1228.47,1225.5,121,1225.7,518,
2026-04-10T13:31:53.378,NC,COFORGE,1226.6,1271.0,1272.0,1213.0,1264.9,3165820,1228.47,1226.5,4,1226.6,102,
2026-04-10T13:31:58.219,NC,COFORGE,1226.9,1271.0,1272.0,1213.0,1264.9,3174140,1228.46,1226.9,219,1227.4,1605,
2026-04-10T13:31:58.220,NC,COFORGE,1226.9,1271.0,1272.0,1213.0,1264.9,3174140,1228.46,1226.9,219,1227.4,1605,
2026-04-10T13:32:02.788,NC,COFORGE,1226.9,1271.0,1272.0,1213.0,1264.9,3175610,1228.46,1226.7,22,1226.9,185,
2026-04-10T13:32:07.592,NC,COFORGE,1226.6,1271.0,1272.0,1213.0,1264.9,3176263,1228.46,1226.5,267,1227.1,19,
2026-04-10T13:32:12.106,NC,COFORGE,1226.5,1271.0,1272.0,1213.0,1264.9,3176514,1228.46,1226.4,31,1226.5,2,
2026-04-10T13:32:16.614,NC,COFORGE,1226.8,1271.0,1272.0,1213.0,1264.9,3177318,1228.46,1226.2,183,1226.5,1,
2026-04-10T13:32:21.212,NC,COFORGE,1226.5,1271.0,1272.0,1213.0,1264.9,3177344,1228.46,1226.2,33,1226.5,8,
2026-04-10T13:32:26.223,NC,COFORGE,1226.4,1271.0,1272.0,1213.0,1264.9,3178483,1228.46,1226.6,38,1227.0,403,
2026-04-10T13:32:30.819,NC,COFORGE,1227.4,1271.0,1272.0,1213.0,1264.9,3179452,1228.46,1227.0,50,1227.4,601,
2026-04-10T13:32:35.635,NC,COFORGE,1227.4,1271.0,1272.0,1213.0,1264.9,3179503,1228.46,1227.0,183,1227.4,869,
2026-04-10T13:32:40.434,NC,COFORGE,1227.4,1271.0,1272.0,1213.0,1264.9,3180215,1228.46,1227.2,1,1227.4,225,
2026-04-10T13:32:44.533,NC,COFORGE,1227.2,1271.0,1272.0,1213.0,1264.9,3180309,1228.46,1227.0,100,1227.2,4,
2026-04-10T13:32:45.433,NC,COFORGE,1227.2,1271.0,1272.0,1213.0,1264.9,3180314,1228.46,1227.0,100,1227.2,22,
2026-04-10T13:32:47.538,NC,COFORGE,1227.2,1271.0,1272.0,1213.0,1264.9,3180430,1228.46,1227.0,42,1227.2,39,
2026-04-10T13:32:48.452,NC,COFORGE,1227.0,1271.0,1272.0,1213.0,1264.9,3180459,1228.46,1227.0,13,1227.2,207,
2026-04-10T13:32:49.445,NC,COFORGE,1227.2,1271.0,1272.0,1213.0,1264.9,3180463,1228.46,1227.0,13,1227.2,283,
2026-04-10T13:32:52.454,NC,COFORGE,1227.2,1271.0,1272.0,1213.0,1264.9,3180464,1228.46,1227.0,13,1227.2,116,
2026-04-10T13:32:53.443,NC,COFORGE,1227.2,1271.0,1272.0,1213.0,1264.9,3180509,1228.46,1226.7,222,1227.2,84,
2026-04-10T13:32:55.447,NC,COFORGE,1226.7,1271.0,1272.0,1213.0,1264.9,3180627,1228.46,1226.8,88,1227.2,23,
2026-04-10T13:32:56.453,NC,COFORGE,1227.2,1271.0,1272.0,1213.0,1264.9,3180897,1228.46,1227.2,1211,1227.4,103,
2026-04-10T13:32:57.455,NC,COFORGE,1227.2,1271.0,1272.0,1213.0,1264.9,3181015,1228.46,1227.2,1093,1227.4,124,
2026-04-10T13:33:00.454,NC,COFORGE,1227.4,1271.0,1272.0,1213.0,1264.9,3181165,1228.46,1227.2,1141,1227.4,43,
2026-04-10T13:33:01.462,NC,COFORGE,1227.4,1271.0,1272.0,1213.0,1264.9,3181305,1228.46,1227.4,113,1227.5,1268,
2026-04-10T13:33:02.353,NC,COFORGE,1227.5,1271.0,1272.0,1213.0,1264.9,3181506,1228.46,1227.3,33,1227.5,1319,
2026-04-10T13:33:03.478,NC,COFORGE,1227.5,1271.0,1272.0,1213.0,1264.9,3181945,1228.46,1227.2,1081,1227.5,995,
2026-04-10T13:33:05.458,NC,COFORGE,1227.5,1271.0,1272.0,1213.0,1264.9,3181948,1228.46,1227.2,1081,1227.5,1019,
2026-04-10T13:33:07.366,NC,COFORGE,1227.5,1271.0,1272.0,1213.0,1264.9,3182199,1228.46,1227.3,15,1227.5,768,
2026-04-10T13:33:08.462,NC,COFORGE,1227.5,1271.0,1272.0,1213.0,1264.9,3182259,1228.46,1227.3,15,1227.4,20,
2026-04-10T13:33:11.466,NC,COFORGE,1227.2,1271.0,1272.0,1213.0,1264.9,3182384,1228.46,1227.2,933,1227.3,7,
2026-04-10T13:33:12.466,NC,COFORGE,1227.5,1271.0,1272.0,1213.0,1264.9,3182584,1228.46,1227.2,933,1227.3,21,
2026-04-10T13:33:13.469,NC,COFORGE,1227.2,1271.0,1272.0,1213.0,1264.9,3182585,1228.46,1227.2,932,1227.3,21,
2026-04-10T13:33:14.469,NC,COFORGE,1227.3,1271.0,1272.0,1213.0,1264.9,3182614,1228.46,1227.2,932,1227.3,48,
2026-04-10T13:33:15.472,NC,COFORGE,1227.3,1271.0,1272.0,1213.0,1264.9,3182704,1228.46,1227.2,932,1227.3,41,
2026-04-10T13:33:16.472,NC,COFORGE,1227.3,1271.0,1272.0,1213.0,1264.9,3182739,1228.46,1227.2,932,1227.3,12,
2026-04-10T13:33:19.890,NC,COFORGE,1227.5,1271.0,1272.0,1213.0,1264.9,3182759,1228.46,1227.2,942,1227.3,2,
2026-04-10T13:33:21.889,NC,COFORGE,1227.2,1271.0,1272.0,1213.0,1264.9,3183701,1228.46,1227.0,623,1227.2,175,
2026-04-10T13:33:22.893,NC,COFORGE,1227.0,1271.0,1272.0,1213.0,1264.9,3183737,1228.46,1227.0,587,1227.2,168,
2026-04-10T13:33:23.783,NC,COFORGE,1227.2,1271.0,1272.0,1213.0,1264.9,3183770,1228.46,1227.0,587,1227.2,132,
2026-04-10T13:33:24.891,NC,COFORGE,1227.2,1271.0,1272.0,1213.0,1264.9,3183920,1228.46,1227.0,587,1227.2,66,
2026-04-10T13:33:26.887,NC,COFORGE,1227.0,1271.0,1272.0,1213.0,1264.9,3183994,1228.46,1227.0,513,1227.2,127,
2026-04-10T13:33:28.891,NC,COFORGE,1227.3,1271.0,1272.0,1213.0,1264.9,3184194,1228.46,1227.0,1023,1227.1,1,
2026-04-10T13:33:29.791,NC,COFORGE,1227.0,1271.0,1272.0,1213.0,1264.9,3184196,1228.46,1227.0,1021,1227.1,1,
2026-04-10T13:33:31.890,NC,COFORGE,1227.1,1271.0,1272.0,1213.0,1264.9,3184197,1228.46,1227.0,2108,1227.4,4,
2026-04-10T13:33:32.898,NC,COFORGE,1227.4,1271.0,1272.0,1213.0,1264.9,3184200,1228.46,1227.0,2022,1227.4,37,
2026-04-10T13:33:34.795,NC,COFORGE,1227.4,1271.0,1272.0,1213.0,1264.9,3184201,1228.46,1227.0,2022,1227.4,31,
2026-04-10T13:33:35.805,NC,COFORGE,1227.5,1271.0,1272.0,1213.0,1264.9,3184473,1228.46,1227.0,2022,1227.4,71,
2026-04-10T13:33:37.803,NC,COFORGE,1227.0,1271.0,1272.0,1213.0,1264.9,3184573,1228.46,1227.0,1932,1227.4,28,
2026-04-10T13:33:38.710,NC,COFORGE,1227.4,1271.0,1272.0,1213.0,1264.9,3184602,1228.46,1227.0,2092,1227.4,50,
2026-04-10T13:33:39.803,NC,COFORGE,1227.4,1271.0,1272.0,1213.0,1264.9,3184936,1228.46,1227.0,1993,1227.4,7,
2026-04-10T13:33:40.713,NC,COFORGE,1227.4,1271.0,1272.0,1213.0,1264.9,3185113,1228.46,1227.0,1893,1227.4,1,
2026-04-10T13:33:41.719,NC,COFORGE,1227.5,1271.0,1272.0,1213.0,1264.9,3185188,1228.46,1227.0,1861,1227.4,3,
2026-04-10T13:33:43.617,NC,COFORGE,1227.4,1271.0,1272.0,1213.0,1264.9,3185193,1228.46,1227.2,33,1227.4,147,
2026-04-10T13:33:50.557,NC,COFORGE,1227.2,1271.0,1272.0,1213.0,1264.9,3186081,1228.46,1227.2,31,1227.6,179,
2026-04-10T13:33:55.045,NC,COFORGE,1227.2,1271.0,1272.0,1213.0,1264.9,3186543,1228.46,1227.2,4,1227.6,121,
2026-04-10T13:33:59.674,NC,COFORGE,1227.6,1271.0,1272.0,1213.0,1264.9,3186858,1228.46,1227.5,20,1227.6,14,
2026-04-10T13:34:04.937,NC,COFORGE,1227.8,1271.0,1272.0,1213.0,1264.9,3188637,1228.46,1227.6,7,1227.8,163,
2026-04-10T13:34:10.140,NC,COFORGE,1227.2,1271.0,1272.0,1213.0,1264.9,3188784,1228.46,1227.2,45,1227.5,273,
2026-04-10T13:34:14.946,NC,COFORGE,1227.3,1271.0,1272.0,1213.0,1264.9,3189906,1228.46,1227.0,1365,1227.3,214,
2026-04-10T13:34:19.667,NC,COFORGE,1227.3,1271.0,1272.0,1213.0,1264.9,3190001,1228.46,1227.0,1180,1227.3,121,
2026-04-10T13:34:24.470,NC,COFORGE,1227.3,1271.0,1272.0,1213.0,1264.9,3190039,1228.46,1227.0,1375,1227.3,304,
2026-04-10T13:34:29.099,NC,COFORGE,1227.3,1271.0,1272.0,1213.0,1264.9,3190306,1228.46,1227.0,1233,1227.3,277,
2026-04-10T13:34:33.469,NC,COFORGE,1226.9,1271.0,1272.0,1213.0,1264.9,3191929,1228.46,1226.5,34,1226.9,195,
2026-04-10T13:34:38.171,NC,COFORGE,1226.8,1271.0,1272.0,1213.0,1264.9,3192499,1228.46,1226.3,85,1226.8,21,
2026-04-10T13:34:42.876,NC,COFORGE,1226.3,1271.0,1272.0,1213.0,1264.9,3192874,1228.45,1226.1,165,1226.3,8,
2026-04-10T13:34:47.285,NC,COFORGE,1226.1,1271.0,1272.0,1213.0,1264.9,3193040,1228.45,1226.0,362,1226.1,7,
2026-04-10T13:34:51.587,NC,COFORGE,1226.0,1271.0,1272.0,1213.0,1264.9,3193177,1228.45,1226.0,227,1226.1,25,
2026-04-10T13:34:56.307,NC,COFORGE,1226.0,1271.0,1272.0,1213.0,1264.9,3193354,1228.45,1226.0,85,1226.1,52,
2026-04-10T13:35:00.891,NC,COFORGE,1226.0,1271.0,1272.0,1213.0,1264.9,3193428,1228.45,1226.0,11,1226.1,65,
2026-04-10T13:35:05.595,NC,COFORGE,1225.7,1271.0,1272.0,1213.0,1264.9,3193668,1228.45,1225.7,278,1226.0,120,
2026-04-10T13:35:10.319,NC,COFORGE,1225.7,1271.0,1272.0,1213.0,1264.9,3193873,1228.45,1225.7,202,1226.0,88,
2026-04-10T13:35:15.109,NC,COFORGE,1225.5,1271.0,1272.0,1213.0,1264.9,3194249,1228.45,1225.5,591,1225.9,72,
2026-04-10T13:35:19.822,NC,COFORGE,1225.9,1271.0,1272.0,1213.0,1264.9,3194259,1228.45,1225.6,8,1225.9,42,
2026-04-10T13:35:24.617,NC,COFORGE,1225.9,1271.0,1272.0,1213.0,1264.9,3194458,1228.45,1225.6,7,1225.9,86,
2026-04-10T13:35:29.337,NC,COFORGE,1225.9,1271.0,1272.0,1213.0,1264.9,3194744,1228.45,1225.6,468,1225.9,143,
2026-04-10T13:35:33.845,NC,COFORGE,1225.9,1271.0,1272.0,1213.0,1264.9,3194790,1228.45,1225.6,553,1225.9,99,
2026-04-10T13:35:38.532,NC,COFORGE,1225.8,1271.0,1272.0,1213.0,1264.9,3194823,1228.45,1225.6,553,1225.8,13,
2026-04-10T13:35:43.235,NC,COFORGE,1225.6,1271.0,1272.0,1213.0,1264.9,3195113,1228.45,1225.6,471,1225.8,53,
2026-04-10T13:35:47.842,NC,COFORGE,1225.7,1271.0,1272.0,1213.0,1264.9,3195141,1228.45,1225.6,471,1225.7,68,
2026-04-10T13:35:52.555,NC,COFORGE,1225.7,1271.0,1272.0,1213.0,1264.9,3195158,1228.45,1225.6,470,1225.7,171,
2026-04-10T13:35:58.073,NC,COFORGE,1225.6,1271.0,1272.0,1213.0,1264.9,3197472,1228.45,1225.2,43,1225.6,153,
2026-04-10T13:36:03.279,NC,COFORGE,1225.6,1271.0,1272.0,1213.0,1264.9,3197737,1228.45,1225.1,81,1225.6,138,
2026-04-10T13:36:08.593,NC,COFORGE,1225.1,1271.0,1272.0,1213.0,1264.9,3197917,1228.45,1225.1,200,1225.6,141,
2026-04-10T13:36:14.018,NC,COFORGE,1225.5,1271.0,1272.0,1213.0,1264.9,3198308,1228.45,1225.1,270,1225.5,871,
2026-04-10T13:36:18.829,NC,COFORGE,1225.1,1271.0,1272.0,1213.0,1264.9,3198463,1228.45,1225.1,324,1225.5,912,
2026-04-10T13:36:23.818,NC,COFORGE,1225.5,1271.0,1272.0,1213.0,1264.9,3198556,1228.45,1225.1,304,1225.5,867,
2026-04-10T13:36:28.821,NC,COFORGE,1225.1,1271.0,1272.0,1213.0,1264.9,3198762,1228.45,1225.1,108,1225.2,1,
2026-04-10T13:36:33.626,NC,COFORGE,1225.2,1271.0,1272.0,1213.0,1264.9,3198879,1228.45,1225.1,601,1225.2,22,
2026-04-10T13:36:38.232,NC,COFORGE,1225.2,1271.0,1272.0,1213.0,1264.9,3199063,1228.45,1225.1,454,1225.2,198,
2026-04-10T13:36:43.239,NC,COFORGE,1225.2,1271.0,1272.0,1213.0,1264.9,3199402,1228.45,1225.1,368,1225.2,76,
2026-04-10T13:36:47.958,NC,COFORGE,1225.2,1271.0,1272.0,1213.0,1264.9,3199415,1228.45,1225.1,368,1225.2,63,
2026-04-10T13:36:52.959,NC,COFORGE,1225.2,1271.0,1272.0,1213.0,1264.9,3199666,1228.45,1225.1,368,1225.2,35,
2026-04-10T13:36:57.578,NC,COFORGE,1225.2,1271.0,1272.0,1213.0,1264.9,3199890,1228.45,1225.1,296,1225.2,55,
2026-04-10T13:37:02.196,NC,COFORGE,1225.2,1271.0,1272.0,1213.0,1264.9,3199895,1228.45,1225.1,297,1225.2,50,
2026-04-10T13:37:06.705,NC,COFORGE,1225.1,1271.0,1272.0,1213.0,1264.9,3200228,1228.45,1225.1,284,1225.5,2010,
2026-04-10T13:37:11.400,NC,COFORGE,1225.1,1271.0,1272.0,1213.0,1264.9,3200384,1228.45,1225.1,161,1225.4,275,
2026-04-10T13:37:16.616,NC,COFORGE,1225.4,1271.0,1272.0,1213.0,1264.9,3200426,1228.45,1225.2,1,1225.4,319,
2026-04-10T13:37:21.725,NC,COFORGE,1224.8,1271.0,1272.0,1213.0,1264.9,3202289,1228.45,1224.7,44,1224.8,31,
2026-04-10T13:37:26.819,NC,COFORGE,1224.8,1271.0,1272.0,1213.0,1264.9,3202478,1228.45,1224.7,35,1224.8,54,
2026-04-10T13:37:31.548,NC,COFORGE,1224.5,1271.0,1272.0,1213.0,1264.9,3203458,1228.44,1224.3,197,1224.5,10,
2026-04-10T13:37:36.242,NC,COFORGE,1224.6,1271.0,1272.0,1213.0,1264.9,3203807,1228.44,1224.3,11,1224.6,17,
2026-04-10T13:37:40.747,NC,COFORGE,1224.3,1271.0,1272.0,1213.0,1264.9,3205991,1228.44,1224.2,117,1224.3,8,
2026-04-10T13:37:45.455,NC,COFORGE,1224.2,1271.0,1272.0,1213.0,1264.9,3206231,1228.44,1224.0,80,1224.1,10,
2026-04-10T13:37:49.801,NC,COFORGE,1223.9,1271.0,1272.0,1213.0,1264.9,3206394,1228.44,1223.7,66,1223.8,21,
2026-04-10T13:37:54.315,NC,COFORGE,1223.2,1271.0,1272.0,1213.0,1264.9,3207697,1228.44,1223.3,403,1223.8,43,
2026-04-10T13:37:59.214,NC,COFORGE,1223.7,1271.0,1272.0,1213.0,1264.9,3209792,1228.43,1223.2,1,1223.7,310,
2026-04-10T13:38:04.120,NC,COFORGE,1223.7,1271.0,1272.0,1213.0,1264.9,3211073,1228.43,1223.1,341,1223.7,1,
2026-04-10T13:38:08.845,NC,COFORGE,1223.7,1271.0,1272.0,1213.0,1264.9,3212766,1228.43,1223.2,53,1223.7,104,
2026-04-10T13:38:13.641,NC,COFORGE,1223.7,1271.0,1272.0,1213.0,1264.9,3213382,1228.43,1223.1,115,1223.7,211,
2026-04-10T13:38:18.245,NC,COFORGE,1223.1,1271.0,1272.0,1213.0,1264.9,3213598,1228.43,1223.2,34,1223.6,157,
2026-04-10T13:38:22.856,NC,COFORGE,1223.0,1271.0,1272.0,1213.0,1264.9,3214783,1228.43,1223.0,1,1223.3,233,
2026-04-10T13:38:27.573,NC,COFORGE,1223.1,1271.0,1272.0,1213.0,1264.9,3215056,1228.43,1222.5,105,1223.0,1,
2026-04-10T13:38:32.065,NC,COFORGE,1222.5,1271.0,1272.0,1213.0,1264.9,3215625,1228.42,1222.5,86,1223.0,231,
2026-04-10T13:38:36.865,NC,COFORGE,1222.6,1271.0,1272.0,1213.0,1264.9,3215756,1228.42,1222.6,20,1223.0,279,
2026-04-10T13:38:41.371,NC,COFORGE,1222.7,1271.0,1272.0,1213.0,1264.9,3216425,1228.42,1222.7,21,1223.0,135,
2026-04-10T13:38:44.175,NC,COFORGE,1223.1,1271.0,1272.0,1213.0,1264.9,3217052,1228.42,1223.1,34,1223.7,131,
2026-04-10T13:38:45.275,NC,COFORGE,1223.6,1271.0,1272.0,1213.0,1264.9,3217072,1228.42,1223.1,34,1223.6,259,
2026-04-10T13:38:46.372,NC,COFORGE,1223.6,1271.0,1272.0,1213.0,1264.9,3217082,1228.42,1223.0,34,1223.6,265,
2026-04-10T13:38:47.272,NC,COFORGE,1223.5,1271.0,1272.0,1213.0,1264.9,3217105,1228.42,1223.0,34,1223.5,1477,
2026-04-10T13:38:48.296,NC,COFORGE,1222.9,1271.0,1272.0,1213.0,1264.9,3217255,1228.42,1222.9,34,1223.5,1618,
2026-04-10T13:38:49.287,NC,COFORGE,1223.5,1271.0,1272.0,1213.0,1264.9,3217292,1228.42,1223.0,49,1223.5,1671,
2026-04-10T13:38:51.274,NC,COFORGE,1223.5,1271.0,1272.0,1213.0,1264.9,3217312,1228.42,1223.0,49,1223.5,1715,
2026-04-10T13:38:52.297,NC,COFORGE,1222.9,1271.0,1272.0,1213.0,1264.9,3217364,1228.42,1222.9,31,1223.4,54,
2026-04-10T13:38:53.385,NC,COFORGE,1223.4,1271.0,1272.0,1213.0,1264.9,3217424,1228.42,1222.9,1,1223.3,2,
2026-04-10T13:38:54.479,NC,COFORGE,1222.9,1271.0,1272.0,1213.0,1264.9,3217624,1228.42,1222.8,176,1223.3,36,
2026-04-10T13:38:56.579,NC,COFORGE,1222.8,1271.0,1272.0,1213.0,1264.9,3217696,1228.42,1222.9,7,1223.2,178,
2026-04-10T13:38:57.682,NC,COFORGE,1222.6,1271.0,1272.0,1213.0,1264.9,3218377,1228.42,1222.6,310,1223.2,82,
2026-04-10T13:38:58.689,NC,COFORGE,1222.7,1271.0,1272.0,1213.0,1264.9,3218394,1228.42,1222.7,133,1223.2,52,
2026-04-10T13:38:59.695,NC,COFORGE,1222.7,1271.0,1272.0,1213.0,1264.9,3218395,1228.42,1222.7,56,1223.2,81,
2026-04-10T13:39:05.892,NC,COFORGE,1223.2,1271.0,1272.0,1213.0,1264.9,3218449,1228.42,1222.8,403,1223.3,4,
2026-04-10T13:39:07.897,NC,COFORGE,1223.3,1271.0,1272.0,1213.0,1264.9,3218461,1228.42,1222.8,365,1223.3,8,
2026-04-10T13:39:08.802,NC,COFORGE,1223.0,1271.0,1272.0,1213.0,1264.9,3220025,1228.42,1223.0,107,1223.6,235,
2026-04-10T13:39:09.797,NC,COFORGE,1223.3,1271.0,1272.0,1213.0,1264.9,3220239,1228.42,1223.2,1,1223.3,10,
2026-04-10T13:39:10.798,NC,COFORGE,1222.8,1271.0,1272.0,1213.0,1264.9,3220338,1228.42,1222.8,139,1223.3,293,
2026-04-10T13:39:11.809,NC,COFORGE,1222.8,1271.0,1272.0,1213.0,1264.9,3220514,1228.42,1222.8,17,1223.2,286,
2026-04-10T13:39:12.699,NC,COFORGE,1223.2,1271.0,1272.0,1213.0,1264.9,3220849,1228.42,1222.7,112,1223.2,27,
2026-04-10T13:39:13.701,NC,COFORGE,1223.2,1271.0,1272.0,1213.0,1264.9,3220899,1228.42,1222.7,389,1223.2,47,
2026-04-10T13:39:14.698,NC,COFORGE,1223.2,1271.0,1272.0,1213.0,1264.9,3220903,1228.42,1223.0,1,1223.2,128,
2026-04-10T13:39:16.719,NC,COFORGE,1222.7,1271.0,1272.0,1213.0,1264.9,3220958,1228.42,1222.7,328,1223.2,47,
2026-04-10T13:39:18.815,NC,COFORGE,1223.2,1271.0,1272.0,1213.0,1264.9,3220959,1228.42,1222.8,130,1223.2,46,
2026-04-10T13:39:19.710,NC,COFORGE,1223.2,1271.0,1272.0,1213.0,1264.9,3220961,1228.42,1222.8,92,1223.2,293,
2026-04-10T13:39:21.806,NC,COFORGE,1223.2,1271.0,1272.0,1213.0,1264.9,3221060,1228.42,1222.9,500,1223.2,246,
2026-04-10T13:39:23.807,NC,COFORGE,1222.9,1271.0,1272.0,1213.0,1264.9,3221095,1228.42,1222.9,498,1223.0,2,
2026-04-10T13:39:24.812,NC,COFORGE,1223.0,1271.0,1272.0,1213.0,1264.9,3221100,1228.42,1222.9,498,1223.0,16,
2026-04-10T13:39:25.811,NC,COFORGE,1223.0,1271.0,1272.0,1213.0,1264.9,3221130,1228.42,1222.9,498,1223.0,52,
2026-04-10T13:39:26.712,NC,COFORGE,1222.9,1271.0,1272.0,1213.0,1264.9,3221202,1228.42,1222.9,426,1223.0,73,
2026-04-10T13:39:27.714,NC,COFORGE,1222.9,1271.0,1272.0,1213.0,1264.9,3221205,1228.42,1222.9,423,1223.0,75,
2026-04-10T13:39:29.820,NC,COFORGE,1223.0,1271.0,1272.0,1213.0,1264.9,3221230,1228.42,1222.9,423,1223.0,77,
2026-04-10T13:39:30.821,NC,COFORGE,1223.0,1271.0,1272.0,1213.0,1264.9,3221246,1228.42,1222.9,423,1223.0,109,
2026-04-10T13:39:32.824,NC,COFORGE,1223.0,1271.0,1272.0,1213.0,1264.9,3221251,1228.42,1222.9,423,1223.0,104,
2026-04-10T13:39:33.826,NC,COFORGE,1223.0,1271.0,1272.0,1213.0,1264.9,3221258,1228.42,1222.9,423,1223.0,111,
2026-04-10T13:39:34.826,NC,COFORGE,1223.0,1271.0,1272.0,1213.0,1264.9,3221263,1228.42,1222.9,423,1223.0,106,
2026-04-10T13:39:35.831,NC,COFORGE,1222.9,1271.0,1272.0,1213.0,1264.9,3221362,1228.42,1222.9,324,1223.0,116,
2026-04-10T13:39:36.728,NC,COFORGE,1222.9,1271.0,1272.0,1213.0,1264.9,3221463,1228.41,1222.9,224,1223.0,115,
2026-04-10T13:39:37.630,NC,COFORGE,1222.9,1271.0,1272.0,1213.0,1264.9,3221476,1228.41,1222.9,215,1223.0,102,
2026-04-10T13:39:38.730,NC,COFORGE,1223.0,1271.0,1272.0,1213.0,1264.9,3221505,1228.41,1222.9,215,1223.0,184,
2026-04-10T13:39:39.729,NC,COFORGE,1223.0,1271.0,1272.0,1213.0,1264.9,3221711,1228.41,1222.9,215,1223.0,95,
2026-04-10T13:39:40.733,NC,COFORGE,1223.0,1271.0,1272.0,1213.0,1264.9,3221721,1228.41,1222.9,215,1223.0,85,
2026-04-10T13:39:41.736,NC,COFORGE,1223.0,1271.0,1272.0,1213.0,1264.9,3221797,1228.41,1222.9,142,1223.0,207,
2026-04-10T13:39:42.733,NC,COFORGE,1222.9,1271.0,1272.0,1213.0,1264.9,3221832,1228.41,1222.9,107,1223.0,213,
2026-04-10T13:39:44.944,NC,COFORGE,1223.0,1271.0,1272.0,1213.0,1264.9,3222125,1228.41,1222.7,15,1223.0,146,
2026-04-10T13:39:45.940,NC,COFORGE,1223.0,1271.0,1272.0,1213.0,1264.9,3222150,1228.41,1222.8,25,1223.0,118,
2026-04-10T13:39:50.847,NC,COFORGE,1223.0,1271.0,1272.0,1213.0,1264.9,3222155,1228.41,1222.9,23,1223.0,113,
2026-04-10T13:39:52.005,NC,COFORGE,1222.9,1271.0,1272.0,1213.0,1264.9,3222166,1228.41,1222.9,12,1223.0,163,
2026-04-10T13:39:53.051,NC,COFORGE,1223.0,1271.0,1272.0,1213.0,1264.9,3222201,1228.41,1222.9,12,1223.0,180,
2026-04-10T13:39:55.253,NC,COFORGE,1223.0,1271.0,1272.0,1213.0,1264.9,3222202,1228.41,1222.9,12,1223.0,1063,
2026-04-10T13:39:56.257,NC,COFORGE,1222.9,1271.0,1272.0,1213.0,1264.9,3222224,1228.41,1222.7,12,1222.9,8,
2026-04-10T13:39:57.259,NC,COFORGE,1222.7,1271.0,1272.0,1213.0,1264.9,3222225,1228.41,1222.7,15,1222.9,32,
2026-04-10T13:39:59.369,NC,COFORGE,1222.7,1271.0,1272.0,1213.0,1264.9,3222239,1228.41,1222.6,961,1222.7,5,
2026-04-10T13:40:01.378,NC,COFORGE,1222.7,1271.0,1272.0,1213.0,1264.9,3222503,1228.41,1222.8,93,1223.0,850,
2026-04-10T13:40:03.465,NC,COFORGE,1223.0,1271.0,1272.0,1213.0,1264.9,3222512,1228.41,1222.7,38,1223.0,924,
2026-04-10T13:40:06.362,NC,COFORGE,1222.7,1271.0,1272.0,1213.0,1264.9,3222513,1228.41,1222.7,879,1223.0,1096,
2026-04-10T13:40:07.365,NC,COFORGE,1223.0,1271.0,1272.0,1213.0,1264.9,3223882,1228.41,1222.8,176,1223.0,52,
2026-04-10T13:40:08.365,NC,COFORGE,1223.0,1271.0,1272.0,1213.0,1264.9,3224915,1228.41,1222.7,58,1223.0,19,
2026-04-10T13:40:10.278,NC,COFORGE,1223.0,1271.0,1272.0,1213.0,1264.9,3224920,1228.41,1222.9,1,1223.0,14,
2026-04-10T13:40:11.373,NC,COFORGE,1222.9,1271.0,1272.0,1213.0,1264.9,3224923,1228.41,1222.7,58,1222.9,5,
2026-04-10T13:40:13.374,NC,COFORGE,1222.7,1271.0,1272.0,1213.0,1264.9,3224924,1228.41,1222.7,57,1222.9,20,
2026-04-10T13:40:14.278,NC,COFORGE,1222.7,1271.0,1272.0,1213.0,1264.9,3224982,1228.41,1222.5,123,1222.7,4,
2026-04-10T13:40:16.298,NC,COFORGE,1222.5,1271.0,1272.0,1213.0,1264.9,3225014,1228.41,1222.5,91,1222.7,16,
2026-04-10T13:40:17.377,NC,COFORGE,1222.7,1271.0,1272.0,1213.0,1264.9,3225079,1228.41,1222.5,91,1222.7,7,
2026-04-10T13:40:18.475,NC,COFORGE,1222.7,1271.0,1272.0,1213.0,1264.9,3225080,1228.41,1222.5,91,1222.7,10,
2026-04-10T13:40:19.379,NC,COFORGE,1222.7,1271.0,1272.0,1213.0,1264.9,3225086,1228.41,1222.5,91,1222.7,7,
2026-04-10T13:40:21.579,NC,COFORGE,1223.0,1271.0,1272.0,1213.0,1264.9,3225106,1228.41,1222.5,91,1222.7,1,
2026-04-10T13:40:22.580,NC,COFORGE,1222.7,1271.0,1272.0,1213.0,1264.9,3225115,1228.41,1222.7,1,1222.9,193,
2026-04-10T13:40:23.580,NC,COFORGE,1222.9,1271.0,1272.0,1213.0,1264.9,3225145,1228.41,1222.7,1,1222.9,215,
2026-04-10T13:40:26.586,NC,COFORGE,1222.7,1271.0,1272.0,1213.0,1264.9,3225152,1228.41,1222.5,91,1222.7,2,
2026-04-10T13:40:29.592,NC,COFORGE,1222.5,1271.0,1272.0,1213.0,1264.9,3225218,1228.41,1222.5,25,1222.6,1,
2026-04-10T13:40:30.593,NC,COFORGE,1222.7,1271.0,1272.0,1213.0,1264.9,3225228,1228.41,1222.7,518,1223.4,54,
2026-04-10T13:40:32.598,NC,COFORGE,1223.2,1271.0,1272.0,1213.0,1264.9,3225229,1228.41,1222.7,51,1223.2,105,
2026-04-10T13:40:33.600,NC,COFORGE,1223.3,1271.0,1272.0,1213.0,1264.9,3225479,1228.41,1222.7,51,1223.3,200,
2026-04-10T13:40:34.596,NC,COFORGE,1223.2,1271.0,1272.0,1213.0,1264.9,3225480,1228.41,1222.7,10,1223.2,128,
2026-04-10T13:40:35.600,NC,COFORGE,1223.0,1271.0,1272.0,1213.0,1264.9,3225499,1228.41,1222.7,10,1223.0,7,
2026-04-10T13:40:37.703,NC,COFORGE,1222.6,1271.0,1272.0,1213.0,1264.9,3225524,1228.41,1222.6,38,1223.0,47,
2026-04-10T13:40:38.802,NC,COFORGE,1223.0,1271.0,1272.0,1213.0,1264.9,3225553,1228.41,1222.5,191,1223.0,55,
2026-04-10T13:40:39.902,NC,COFORGE,1223.2,1271.0,1272.0,1213.0,1264.9,3225758,1228.41,1222.7,63,1223.0,27,
2026-04-10T13:40:40.911,NC,COFORGE,1222.7,1271.0,1272.0,1213.0,1264.9,3225821,1228.41,1222.5,178,1222.7,8,
2026-04-10T13:40:41.908,NC,COFORGE,1222.7,1271.0,1272.0,1213.0,1264.9,3225822,1228.41,1222.5,178,1222.7,36,
2026-04-10T13:40:43.912,NC,COFORGE,1222.7,1271.0,1272.0,1213.0,1264.9,3225850,1228.41,1222.5,18,1222.7,45,
2026-04-10T13:40:44.915,NC,COFORGE,1222.8,1271.0,1272.0,1213.0,1264.9,3225904,1228.41,1222.8,149,1222.9,188,
2026-04-10T13:40:45.910,NC,COFORGE,1222.8,1271.0,1272.0,1213.0,1264.9,3225908,1228.41,1222.8,147,1222.9,150,
2026-04-10T13:40:49.817,NC,COFORGE,1222.9,1271.0,1272.0,1213.0,1264.9,3225909,1228.41,1222.8,149,1222.9,66,
2026-04-10T13:40:50.847,NC,COFORGE,1222.9,1271.0,1272.0,1213.0,1264.9,3225989,1228.41,1222.8,181,1223.4,313,
2026-04-10T13:40:51.821,NC,COFORGE,1222.8,1271.0,1272.0,1213.0,1264.9,3226000,1228.41,1222.8,148,1223.2,200,
2026-04-10T13:40:53.826,NC,COFORGE,1223.2,1271.0,1272.0,1213.0,1264.9,3226033,1228.41,1222.8,148,1223.2,369,
2026-04-10T13:40:54.823,NC,COFORGE,1223.2,1271.0,1272.0,1213.0,1264.9,3226176,1228.41,1222.9,151,1223.2,114,
2026-04-10T13:40:55.824,NC,COFORGE,1222.9,1271.0,1272.0,1213.0,1264.9,3226249,1228.41,1222.8,1179,1223.2,114,
2026-04-10T13:40:56.829,NC,COFORGE,1223.2,1271.0,1272.0,1213.0,1264.9,3226251,1228.41,1222.9,158,1223.2,112,
2026-04-10T13:40:57.827,NC,COFORGE,1223.2,1271.0,1272.0,1213.0,1264.9,3226301,1228.41,1222.9,158,1223.2,62,
2026-04-10T13:40:58.943,NC,COFORGE,1223.7,1271.0,1272.0,1213.0,1264.9,3227001,1228.41,1223.1,64,1223.6,28,
2026-04-10T13:41:01.941,NC,COFORGE,1223.8,1271.0,1272.0,1213.0,1264.9,3228001,1228.4,1223.2,110,1223.5,29,
2026-04-10T13:41:02.945,NC,COFORGE,1223.5,1271.0,1272.0,1213.0,1264.9,3228015,1228.4,1223.2,15,1223.5,42,
2026-04-10T13:41:03.931,NC,COFORGE,1223.2,1271.0,1272.0,1213.0,1264.9,3228016,1228.4,1223.2,14,1223.5,42,
2026-04-10T13:41:04.932,NC,COFORGE,1223.5,1271.0,1272.0,1213.0,1264.9,3228017,1228.4,1223.2,14,1223.5,41,
2026-04-10T13:41:05.834,NC,COFORGE,1223.6,1271.0,1272.0,1213.0,1264.9,3228117,1228.4,1223.2,14,1223.5,43,
2026-04-10T13:41:07.838,NC,COFORGE,1223.6,1271.0,1272.0,1213.0,1264.9,3228268,1228.4,1223.2,14,1223.7,309,
2026-04-10T13:41:08.848,NC,COFORGE,1223.5,1271.0,1272.0,1213.0,1264.9,3228373,1228.4,1223.5,1,1223.7,90,
2026-04-10T13:41:11.853,NC,COFORGE,1223.5,1271.0,1272.0,1213.0,1264.9,3228401,1228.4,1223.2,42,1223.5,5,
2026-04-10T13:41:13.844,NC,COFORGE,1223.2,1271.0,1272.0,1213.0,1264.9,3228445,1228.4,1223.2,28,1223.3,1,
2026-04-10T13:41:15.852,NC,COFORGE,1223.5,1271.0,1272.0,1213.0,1264.9,3228455,1228.4,1223.2,130,1223.7,33,
2026-04-10T13:41:16.948,NC,COFORGE,1223.7,1271.0,1272.0,1213.0,1264.9,3228458,1228.4,1223.5,100,1223.7,19,
2026-04-10T13:41:19.053,NC,COFORGE,1223.5,1271.0,1272.0,1213.0,1264.9,3228459,1228.4,1223.5,99,1223.7,33,
2026-04-10T13:41:20.054,NC,COFORGE,1223.5,1271.0,1272.0,1213.0,1264.9,3228558,1228.4,1223.2,29,1223.5,1206,
2026-04-10T13:41:21.057,NC,COFORGE,1223.5,1271.0,1272.0,1213.0,1264.9,3228672,1228.4,1223.2,28,1223.5,1159,
2026-04-10T13:41:23.055,NC,COFORGE,1223.5,1271.0,1272.0,1213.0,1264.9,3228684,1228.4,1223.2,26,1223.5,1162,
2026-04-10T13:41:24.059,NC,COFORGE,1223.5,1271.0,1272.0,1213.0,1264.9,3228714,1228.4,1223.2,26,1223.5,1228,
2026-04-10T13:41:25.064,NC,COFORGE,1223.2,1271.0,1272.0,1213.0,1264.9,3228715,1228.4,1223.2,25,1223.5,1147,
2026-04-10T13:41:26.062,NC,COFORGE,1223.2,1271.0,1272.0,1213.0,1264.9,3228805,1228.4,1223.2,28,1223.5,1130,
2026-04-10T13:41:28.077,NC,COFORGE,1223.5,1271.0,1272.0,1213.0,1264.9,3228877,1228.4,1223.2,26,1223.4,3,
2026-04-10T13:41:28.971,NC,COFORGE,1223.4,1271.0,1272.0,1213.0,1264.9,3228882,1228.4,1223.2,26,1223.5,969,
2026-04-10T13:41:29.869,NC,COFORGE,1223.2,1271.0,1272.0,1213.0,1264.9,3228887,1228.4,1223.2,24,1223.5,1043,
2026-04-10T13:41:30.971,NC,COFORGE,1223.5,1271.0,1272.0,1213.0,1264.9,3228937,1228.4,1223.1,294,1223.5,993,
2026-04-10T13:41:32.078,NC,COFORGE,1223.1,1271.0,1272.0,1213.0,1264.9,3228939,1228.4,1223.1,220,1223.5,993,
2026-04-10T13:41:33.173,NC,COFORGE,1223.1,1271.0,1272.0,1213.0,1264.9,3228941,1228.4,1223.1,218,1223.5,993,
2026-04-10T13:41:35.179,NC,COFORGE,1223.5,1271.0,1272.0,1213.0,1264.9,3228943,1228.4,1223.3,1,1223.5,1069,
2026-04-10T13:41:36.280,NC,COFORGE,1223.5,1271.0,1272.0,1213.0,1264.9,3229123,1228.4,1223.3,1,1223.5,899,
2026-04-10T13:41:37.281,NC,COFORGE,1223.3,1271.0,1272.0,1213.0,1264.9,3229125,1228.4,1223.1,102,1223.5,899,
2026-04-10T13:41:38.384,NC,COFORGE,1223.5,1271.0,1272.0,1213.0,1264.9,3229160,1228.4,1223.1,39,1223.5,866,
2026-04-10T13:41:39.291,NC,COFORGE,1223.5,1271.0,1272.0,1213.0,1264.9,3229367,1228.4,1223.1,100,1223.5,659,
2026-04-10T13:41:40.393,NC,COFORGE,1223.5,1271.0,1272.0,1213.0,1264.9,3229422,1228.4,1223.1,190,1223.5,608,
2026-04-10T13:41:41.486,NC,COFORGE,1223.1,1271.0,1272.0,1213.0,1264.9,3229495,1228.4,1223.1,121,1223.5,608,
2026-04-10T13:41:42.500,NC,COFORGE,1223.1,1271.0,1272.0,1213.0,1264.9,3229500,1228.4,1223.1,150,1223.5,607,
2026-04-10T13:41:46.095,NC,COFORGE,1223.5,1271.0,1272.0,1213.0,1264.9,3229551,1228.4,1223.2,100,1223.5,670,
2026-04-10T13:41:50.810,NC,COFORGE,1223.5,1271.0,1272.0,1213.0,1264.9,3229870,1228.4,1223.2,4,1223.5,315,
2026-04-10T13:41:55.422,NC,COFORGE,1223.5,1271.0,1272.0,1213.0,1264.9,3229959,1228.4,1223.1,3959,1223.5,281,
2026-04-10T13:42:00.714,NC,COFORGE,1223.1,1271.0,1272.0,1213.0,1264.9,3230145,1228.4,1223.1,3779,1223.5,175,
2026-04-10T13:42:05.826,NC,COFORGE,1225.8,1271.0,1272.0,1213.0,1264.9,3234651,1228.4,1225.6,10,1226.0,336,
2026-04-10T13:42:11.129,NC,COFORGE,1225.6,1271.0,1272.0,1213.0,1264.9,3235425,1228.4,1225.8,2,1226.0,125,
2026-04-10T13:42:16.230,NC,COFORGE,1225.9,1271.0,1272.0,1213.0,1264.9,3235912,1228.39,1225.6,4,1225.9,91,
2026-04-10T13:42:21.036,NC,COFORGE,1225.8,1271.0,1272.0,1213.0,1264.9,3236295,1228.39,1225.5,2,1225.6,1,
2026-04-10T13:42:26.039,NC,COFORGE,1225.5,1271.0,1272.0,1213.0,1264.9,3236836,1228.39,1225.5,191,1225.9,1,
2026-04-10T13:42:30.846,NC,COFORGE,1225.9,1271.0,1272.0,1213.0,1264.9,3236932,1228.39,1225.7,2,1225.9,4,
2026-04-10T13:42:35.573,NC,COFORGE,1225.9,1271.0,1272.0,1213.0,1264.9,3236953,1228.39,1225.9,11,1226.0,2050,
2026-04-10T13:42:40.259,NC,COFORGE,1226.3,1271.0,1272.0,1213.0,1264.9,3239299,1228.39,1226.6,23,1226.8,20,
2026-04-10T13:42:43.866,NC,COFORGE,1226.6,1271.0,1272.0,1213.0,1264.9,3239539,1228.39,1226.5,3,1226.6,5,
2026-04-10T13:42:44.974,NC,COFORGE,1226.6,1271.0,1272.0,1213.0,1264.9,3239605,1228.39,1226.6,945,1226.8,24,
2026-04-10T13:42:46.078,NC,COFORGE,1226.8,1271.0,1272.0,1213.0,1264.9,3239635,1228.39,1226.7,1,1226.8,155,
2026-04-10T13:42:47.075,NC,COFORGE,1226.8,1271.0,1272.0,1213.0,1264.9,3239639,1228.39,1226.7,1,1226.8,107,
2026-04-10T13:42:49.270,NC,COFORGE,1226.8,1271.0,1272.0,1213.0,1264.9,3239659,1228.39,1226.7,1,1226.8,88,
2026-04-10T13:42:50.388,NC,COFORGE,1226.8,1271.0,1272.0,1213.0,1264.9,3239671,1228.39,1226.6,947,1226.8,76,
2026-04-10T13:42:51.281,NC,COFORGE,1226.8,1271.0,1272.0,1213.0,1264.9,3239785,1228.39,1226.7,2,1226.8,34,
2026-04-10T13:42:52.479,NC,COFORGE,1226.8,1271.0,1272.0,1213.0,1264.9,3240042,1228.39,1226.7,1,1226.8,147,
2026-04-10T13:42:53.482,NC,COFORGE,1226.8,1271.0,1272.0,1213.0,1264.9,3240338,1228.39,1226.7,2,1226.8,59,
2026-04-10T13:42:54.477,NC,COFORGE,1227.0,1271.0,1272.0,1213.0,1264.9,3241423,1228.39,1226.8,11,1227.0,877,
2026-04-10T13:42:55.479,NC,COFORGE,1225.0,1271.0,1272.0,1213.0,1264.9,3244631,1228.39,1225.3,6,1225.7,32,
2026-04-10T13:42:55.480,NC,COFORGE,1225.0,1271.0,1272.0,1213.0,1264.9,3244631,1228.39,1225.3,6,1225.7,32,
2026-04-10T13:42:56.380,NC,COFORGE,1224.3,1271.0,1272.0,1213.0,1264.9,3245756,1228.39,1224.0,110,1224.5,8,
2026-04-10T13:42:57.494,NC,COFORGE,1224.2,1271.0,1272.0,1213.0,1264.9,3246021,1228.39,1223.6,32,1224.0,45,
2026-04-10T13:42:59.700,NC,COFORGE,1223.9,1271.0,1272.0,1213.0,1264.9,3246135,1228.39,1223.5,41,1223.9,96,
2026-04-10T13:43:00.696,NC,COFORGE,1223.4,1271.0,1272.0,1213.0,1264.9,3248351,1228.38,1223.4,327,1224.1,105,
2026-04-10T13:43:01.807,NC,COFORGE,1224.4,1271.0,1272.0,1213.0,1264.9,3249352,1228.38,1223.7,4,1224.3,80,
2026-04-10T13:43:02.890,NC,COFORGE,1223.6,1271.0,1272.0,1213.0,1264.9,3249405,1228.38,1223.5,256,1224.3,80,
2026-04-10T13:43:04.992,NC,COFORGE,1224.3,1271.0,1272.0,1213.0,1264.9,3249466,1228.38,1223.7,104,1224.3,111,
2026-04-10T13:43:05.992,NC,COFORGE,1224.3,1271.0,1272.0,1213.0,1264.9,3249582,1228.38,1223.7,176,1224.3,120,
2026-04-10T13:43:06.991,NC,COFORGE,1224.3,1271.0,1272.0,1213.0,1264.9,3250800,1228.38,1224.0,385,1224.3,52,
2026-04-10T13:43:07.993,NC,COFORGE,1224.0,1271.0,1272.0,1213.0,1264.9,3250832,1228.38,1224.0,284,1224.3,52,
2026-04-10T13:43:09.094,NC,COFORGE,1224.3,1271.0,1272.0,1213.0,1264.9,3250864,1228.38,1224.0,228,1224.3,34,
2026-04-10T13:43:10.095,NC,COFORGE,1224.3,1271.0,1272.0,1213.0,1264.9,3251049,1228.38,1224.0,232,1224.3,55,
2026-04-10T13:43:11.098,NC,COFORGE,1224.0,1271.0,1272.0,1213.0,1264.9,3251121,1228.38,1224.1,158,1224.3,55,
2026-04-10T13:43:16.008,NC,COFORGE,1224.3,1271.0,1272.0,1213.0,1264.9,3251420,1228.38,1224.1,100,1224.3,24,
2026-04-10T13:43:17.102,NC,COFORGE,1224.3,1271.0,1272.0,1213.0,1264.9,3251424,1228.38,1224.1,100,1224.3,25,
2026-04-10T13:43:18.105,NC,COFORGE,1224.3,1271.0,1272.0,1213.0,1264.9,3251435,1228.38,1224.1,100,1224.3,14,
2026-04-10T13:43:20.220,NC,COFORGE,1224.3,1271.0,1272.0,1213.0,1264.9,3251460,1228.38,1224.1,100,1224.3,18,
2026-04-10T13:43:21.429,NC,COFORGE,1224.4,1271.0,1272.0,1213.0,1264.9,3251560,1228.38,1224.0,1037,1224.3,27,
2026-04-10T13:43:23.439,NC,COFORGE,1224.6,1271.0,1272.0,1213.0,1264.9,3251590,1228.38,1224.2,1,1224.6,120,
2026-04-10T13:43:24.349,NC,COFORGE,1224.1,1271.0,1272.0,1213.0,1264.9,3251595,1228.38,1224.1,4,1224.6,145,
2026-04-10T13:43:26.456,NC,COFORGE,1224.4,1271.0,1272.0,1213.0,1264.9,3251600,1228.38,1224.1,5,1224.4,5,
2026-04-10T13:43:29.460,NC,COFORGE,1224.2,1271.0,1272.0,1213.0,1264.9,3251601,1228.38,1224.1,1,1224.2,3,
2026-04-10T13:43:30.566,NC,COFORGE,1224.1,1271.0,1272.0,1213.0,1264.9,3251604,1228.38,1224.1,3,1224.2,14,
2026-04-10T13:43:32.666,NC,COFORGE,1224.1,1271.0,1272.0,1213.0,1264.9,3251610,1228.38,1224.0,1805,1224.1,8,
2026-04-10T13:43:33.570,NC,COFORGE,1224.1,1271.0,1272.0,1213.0,1264.9,3251635,1228.38,1224.0,1749,1224.1,14,
2026-04-10T13:43:35.676,NC,COFORGE,1224.1,1271.0,1272.0,1213.0,1264.9,3251701,1228.38,1224.2,95,1224.4,100,
2026-04-10T13:43:36.677,NC,COFORGE,1224.2,1271.0,1272.0,1213.0,1264.9,3251722,1228.38,1224.2,74,1224.4,121,
2026-04-10T13:43:38.683,NC,COFORGE,1224.4,1271.0,1272.0,1213.0,1264.9,3251752,1228.38,1224.2,74,1224.4,226,
2026-04-10T13:43:39.685,NC,COFORGE,1224.4,1271.0,1272.0,1213.0,1264.9,3251960,1228.38,1224.2,74,1224.4,35,
2026-04-10T13:43:40.783,NC,COFORGE,1224.4,1271.0,1272.0,1213.0,1264.9,3252034,1228.38,1224.0,1562,1224.4,213,
2026-04-10T13:43:44.897,NC,COFORGE,1224.4,1271.0,1272.0,1213.0,1264.9,3252037,1228.38,1224.3,25,1224.4,67,
2026-04-10T13:43:47.000,NC,COFORGE,1224.4,1271.0,1272.0,1213.0,1264.9,3252091,1228.38,1224.3,25,1224.4,13,
2026-04-10T13:43:50.009,NC,COFORGE,1224.4,1271.0,1272.0,1213.0,1264.9,3252092,1228.38,1224.3,25,1224.4,112,
2026-04-10T13:43:51.030,NC,COFORGE,1224.4,1271.0,1272.0,1213.0,1264.9,3252212,1228.38,1224.3,25,1224.4,1,
2026-04-10T13:43:52.004,NC,COFORGE,1224.7,1271.0,1272.0,1213.0,1264.9,3252495,1228.38,1224.3,25,1224.6,32,
2026-04-10T13:43:54.007,NC,COFORGE,1224.6,1271.0,1272.0,1213.0,1264.9,3252528,1228.38,1224.3,25,1224.6,57,
2026-04-10T13:43:55.007,NC,COFORGE,1224.2,1271.0,1272.0,1213.0,1264.9,3252600,1228.38,1224.1,50,1224.3,229,
2026-04-10T13:43:56.008,NC,COFORGE,1224.1,1271.0,1272.0,1213.0,1264.9,3252651,1228.38,1224.0,1339,1224.1,8,
2026-04-10T13:43:56.922,NC,COFORGE,1224.0,1271.0,1272.0,1213.0,1264.9,3253991,1228.38,1223.8,533,1224.0,256,
2026-04-10T13:43:57.911,NC,COFORGE,1223.8,1271.0,1272.0,1213.0,1264.9,3254642,1228.38,1223.6,3,1223.8,285,
2026-04-10T13:43:58.910,NC,COFORGE,1223.5,1271.0,1272.0,1213.0,1264.9,3254676,1228.38,1223.5,1560,1223.6,4,
2026-04-10T13:44:00.912,NC,COFORGE,1223.6,1271.0,1272.0,1213.0,1264.9,3254686,1228.38,1223.5,1560,1223.6,25,
2026-04-10T13:44:01.912,NC,COFORGE,1223.5,1271.0,1272.0,1213.0,1264.9,3255210,1228.37,1223.5,1036,1223.6,68,
2026-04-10T13:44:02.815,NC,COFORGE,1223.6,1271.0,1272.0,1213.0,1264.9,3255269,1228.37,1223.5,981,1223.6,80,
2026-04-10T13:44:03.823,NC,COFORGE,1223.5,1271.0,1272.0,1213.0,1264.9,3255290,1228.37,1223.5,960,1223.6,108,
2026-04-10T13:44:04.819,NC,COFORGE,1223.5,1271.0,1272.0,1213.0,1264.9,3255291,1228.37,1223.5,959,1223.6,122,
2026-04-10T13:44:07.830,NC,COFORGE,1223.5,1271.0,1272.0,1213.0,1264.9,3256250,1228.37,1223.4,3,1223.5,8,
2026-04-10T13:44:08.830,NC,COFORGE,1223.6,1271.0,1272.0,1213.0,1264.9,3256281,1228.37,1223.4,1,1223.5,5,
2026-04-10T13:44:09.836,NC,COFORGE,1223.3,1271.0,1272.0,1213.0,1264.9,3256345,1228.37,1223.2,6,1223.5,20,
2026-04-10T13:44:10.840,NC,COFORGE,1223.1,1271.0,1272.0,1213.0,1264.9,3256531,1228.37,1223.1,146,1223.5,81,
2026-04-10T13:44:11.835,NC,COFORGE,1223.5,1271.0,1272.0,1213.0,1264.9,3256660,1228.37,1223.1,81,1223.5,91,
2026-04-10T13:44:12.938,NC,COFORGE,1223.1,1271.0,1272.0,1213.0,1264.9,3256672,1228.37,1223.1,15,1223.5,112,
2026-04-10T13:44:15.039,NC,COFORGE,1223.0,1271.0,1272.0,1213.0,1264.9,3256703,1228.37,1223.0,3098,1223.5,112,
2026-04-10T13:44:16.237,NC,COFORGE,1223.5,1271.0,1272.0,1213.0,1264.9,3256708,1228.37,1223.0,3098,1223.5,107,
2026-04-10T13:44:18.146,NC,COFORGE,1223.5,1271.0,1272.0,1213.0,1264.9,3256728,1228.37,1223.0,3193,1223.5,87,
2026-04-10T13:44:20.247,NC,COFORGE,1223.2,1271.0,1272.0,1213.0,1264.9,3256735,1228.37,1223.0,3177,1223.5,94,
2026-04-10T13:44:21.151,NC,COFORGE,1223.0,1271.0,1272.0,1213.0,1264.9,3256736,1228.37,1223.1,210,1223.5,94,
2026-04-10T13:44:22.154,NC,COFORGE,1223.5,1271.0,1272.0,1213.0,1264.9,3256787,1228.37,1223.3,1,1223.5,103,
2026-04-10T13:44:24.349,NC,COFORGE,1223.7,1271.0,1272.0,1213.0,1264.9,3257139,1228.37,1223.7,3,1224.2,228,
2026-04-10T13:44:26.353,NC,COFORGE,1223.7,1271.0,1272.0,1213.0,1264.9,3257215,1228.37,1223.6,168,1224.2,111,
2026-04-10T13:44:27.452,NC,COFORGE,1224.2,1271.0,1272.0,1213.0,1264.9,3257339,1228.37,1223.8,146,1224.2,28,
2026-04-10T13:44:29.453,NC,COFORGE,1224.0,1271.0,1272.0,1213.0,1264.9,3257342,1228.37,1223.8,198,1224.1,2,
2026-04-10T13:44:30.462,NC,COFORGE,1224.4,1271.0,1272.0,1213.0,1264.9,3257347,1228.37,1224.4,80,1225.1,148,
2026-04-10T13:44:31.467,NC,COFORGE,1225.0,1271.0,1272.0,1213.0,1264.9,3257392,1228.37,1224.4,204,1225.0,59,
2026-04-10T13:44:33.370,NC,COFORGE,1225.0,1271.0,1272.0,1213.0,1264.9,3257400,1228.37,1224.6,39,1225.0,11,
2026-04-10T13:44:34.269,NC,COFORGE,1225.0,1271.0,1272.0,1213.0,1264.9,3257415,1228.37,1224.6,39,1225.0,7,
2026-04-10T13:44:37.465,NC,COFORGE,1225.0,1271.0,1272.0,1213.0,1264.9,3257560,1228.37,1224.5,156,1225.0,4,
2026-04-10T13:44:38.464,NC,COFORGE,1224.5,1271.0,1272.0,1213.0,1264.9,3257703,1228.37,1224.5,50,1225.0,2,
2026-04-10T13:44:39.573,NC,COFORGE,1225.2,1271.0,1272.0,1213.0,1264.9,3257909,1228.37,1224.5,102,1225.0,1,
2026-04-10T13:44:41.487,NC,COFORGE,1224.5,1271.0,1272.0,1213.0,1264.9,3257981,1228.37,1224.4,365,1225.0,9,
2026-04-10T13:44:42.568,NC,COFORGE,1225.2,1271.0,1272.0,1213.0,1264.9,3257997,1228.37,1224.5,175,1225.1,344,
2026-04-10T13:44:43.570,NC,COFORGE,1224.5,1271.0,1272.0,1213.0,1264.9,3258007,1228.37,1224.6,52,1225.1,130,
2026-04-10T13:44:47.679,NC,COFORGE,1225.0,1271.0,1272.0,1213.0,1264.9,3258011,1228.37,1224.6,289,1225.0,9,
2026-04-10T13:44:51.886,NC,COFORGE,1224.7,1271.0,1272.0,1213.0,1264.9,3258019,1228.37,1224.7,205,1225.0,135,
2026-04-10T13:44:56.392,NC,COFORGE,1225.0,1271.0,1272.0,1213.0,1264.9,3258176,1228.37,1224.8,239,1225.0,119,
2026-04-10T13:45:01.206,NC,COFORGE,1225.0,1271.0,1272.0,1213.0,1264.9,3258177,1228.37,1224.6,128,1224.8,1,
2026-04-10T13:45:06.102,NC,COFORGE,1224.8,1271.0,1272.0,1213.0,1264.9,3258190,1228.37,1224.5,182,1224.8,1,
2026-04-10T13:45:10.915,NC,COFORGE,1224.6,1271.0,1272.0,1213.0,1264.9,3258393,1228.37,1224.6,25,1224.8,1,
2026-04-10T13:45:15.517,NC,COFORGE,1224.8,1271.0,1272.0,1213.0,1264.9,3258398,1228.37,1224.6,159,1224.8,1,
2026-04-10T13:45:20.430,NC,COFORGE,1224.2,1271.0,1272.0,1213.0,1264.9,3258922,1228.37,1224.1,1,1224.5,275,
2026-04-10T13:45:25.026,NC,COFORGE,1224.4,1271.0,1272.0,1213.0,1264.9,3259096,1228.37,1224.1,1,1224.3,79,
2026-04-10T13:45:29.332,NC,COFORGE,1224.0,1271.0,1272.0,1213.0,1264.9,3259856,1228.37,1223.6,98,1224.0,93,
2026-04-10T13:45:33.938,NC,COFORGE,1224.0,1271.0,1272.0,1213.0,1264.9,3259940,1228.37,1223.6,127,1224.0,16,
2026-04-10T13:45:39.060,NC,COFORGE,1224.2,1271.0,1272.0,1213.0,1264.9,3260175,1228.37,1223.8,59,1224.4,132,
2026-04-10T13:45:43.960,NC,COFORGE,1224.0,1271.0,1272.0,1213.0,1264.9,3260488,1228.37,1223.7,355,1224.1,230,
2026-04-10T13:45:48.460,NC,COFORGE,1224.0,1271.0,1272.0,1213.0,1264.9,3261053,1228.37,1223.6,28,1224.0,95,
2026-04-10T13:45:53.173,NC,COFORGE,1222.5,1271.0,1272.0,1213.0,1264.9,3267741,1228.36,1222.5,361,1222.8,69,
2026-04-10T13:45:57.865,NC,COFORGE,1222.1,1271.0,1272.0,1213.0,1264.9,3268900,1228.35,1222.3,212,1222.8,52,
2026-04-10T13:46:02.773,NC,COFORGE,1222.6,1271.0,1272.0,1213.0,1264.9,3269463,1228.35,1222.6,39,1222.8,56,
2026-04-10T13:46:07.682,NC,COFORGE,1222.8,1271.0,1272.0,1213.0,1264.9,3269591,1228.35,1222.5,148,1222.8,110,
2026-04-10T13:46:12.489,NC,COFORGE,1222.8,1271.0,1272.0,1213.0,1264.9,3269964,1228.35,1222.7,173,1223.4,85,
2026-04-10T13:46:17.192,NC,COFORGE,1223.2,1271.0,1272.0,1213.0,1264.9,3270006,1228.35,1222.9,8,1223.2,222,
2026-04-10T13:46:22.520,NC,COFORGE,1222.9,1271.0,1272.0,1213.0,1264.9,3270240,1228.35,1222.8,510,1223.0,209,
2026-04-10T13:46:27.705,NC,COFORGE,1223.0,1271.0,1272.0,1213.0,1264.9,3270378,1228.35,1222.8,438,1223.0,114,
2026-04-10T13:46:32.422,NC,COFORGE,1221.8,1271.0,1272.0,1213.0,1264.9,3272969,1228.35,1221.6,10,1221.9,192,
2026-04-10T13:46:37.139,NC,COFORGE,1221.8,1271.0,1272.0,1213.0,1264.9,3273804,1228.34,1221.7,1,1221.9,200,
2026-04-10T13:46:41.635,NC,COFORGE,1221.9,1271.0,1272.0,1213.0,1264.9,3274244,1228.34,1221.6,60,1221.7,9,
2026-04-10T13:46:43.834,NC,COFORGE,1221.6,1271.0,1272.0,1213.0,1264.9,3274304,1228.34,1221.5,32,1221.6,8,
2026-04-10T13:46:44.938,NC,COFORGE,1221.6,1271.0,1272.0,1213.0,1264.9,3274464,1228.34,1221.6,111,1222.0,1,
2026-04-10T13:46:46.037,NC,COFORGE,1221.6,1271.0,1272.0,1213.0,1264.9,3274466,1228.34,1221.6,70,1222.1,531,
2026-04-10T13:46:47.140,NC,COFORGE,1222.7,1271.0,1272.0,1213.0,1264.9,3275633,1228.34,1222.4,8,1222.7,79,
2026-04-10T13:46:48.141,NC,COFORGE,1222.4,1271.0,1272.0,1213.0,1264.9,3275661,1228.34,1221.8,32,1222.3,58,
2026-04-10T13:46:49.241,NC,COFORGE,1221.8,1271.0,1272.0,1213.0,1264.9,3275663,1228.34,1221.8,30,1222.3,156,
2026-04-10T13:46:50.345,NC,COFORGE,1222.5,1271.0,1272.0,1213.0,1264.9,3276051,1228.34,1222.2,154,1222.7,9,
2026-04-10T13:46:52.550,NC,COFORGE,1222.2,1271.0,1272.0,1213.0,1264.9,3276062,1228.34,1222.2,40,1222.6,200,
2026-04-10T13:46:53.559,NC,COFORGE,1222.6,1271.0,1272.0,1213.0,1264.9,3276105,1228.34,1222.2,40,1222.6,129,
2026-04-10T13:46:54.663,NC,COFORGE,1222.6,1271.0,1272.0,1213.0,1264.9,3276115,1228.34,1222.2,40,1222.6,119,
2026-04-10T13:46:56.754,NC,COFORGE,1222.6,1271.0,1272.0,1213.0,1264.9,3276207,1228.34,1222.0,178,1222.6,10,
2026-04-10T13:47:01.761,NC,COFORGE,1222.2,1271.0,1272.0,1213.0,1264.9,3276252,1228.34,1222.0,1,1222.5,301,
2026-04-10T13:47:02.773,NC,COFORGE,1222.5,1271.0,1272.0,1213.0,1264.9,3276427,1228.34,1222.0,64,1222.5,71,
2026-04-10T13:47:03.769,NC,COFORGE,1222.4,1271.0,1272.0,1213.0,1264.9,3276448,1228.34,1222.0,2,1222.4,181,
2026-04-10T13:47:08.983,NC,COFORGE,1222.3,1271.0,1272.0,1213.0,1264.9,3276494,1228.34,1222.0,3,1222.3,154,
2026-04-10T13:47:09.971,NC,COFORGE,1221.8,1271.0,1272.0,1213.0,1264.9,3276564,1228.34,1221.8,138,1222.3,154,
2026-04-10T13:47:11.082,NC,COFORGE,1222.2,1271.0,1272.0,1213.0,1264.9,3276673,1228.34,1221.8,66,1222.2,179,
2026-04-10T13:47:12.076,NC,COFORGE,1222.2,1271.0,1272.0,1213.0,1264.9,3276676,1228.34,1221.8,66,1222.2,256,
2026-04-10T13:47:13.578,NC,COFORGE,1221.8,1271.0,1272.0,1213.0,1264.9,3276678,1228.34,1221.8,65,1222.2,255,
2026-04-10T13:47:15.690,NC,COFORGE,1222.2,1271.0,1272.0,1213.0,1264.9,3276680,1228.34,1221.8,65,1222.2,201,
2026-04-10T13:47:18.884,NC,COFORGE,1221.8,1271.0,1272.0,1213.0,1264.9,3276885,1228.34,1221.8,65,1222.1,174,
2026-04-10T13:47:19.897,NC,COFORGE,1222.1,1271.0,1272.0,1213.0,1264.9,3276886,1228.34,1221.8,65,1222.1,173,
2026-04-10T13:47:20.988,NC,COFORGE,1222.1,1271.0,1272.0,1213.0,1264.9,3276989,1228.34,1221.8,65,1222.1,93,
2026-04-10T13:47:21.992,NC,COFORGE,1222.1,1271.0,1272.0,1213.0,1264.9,3276990,1228.34,1221.8,65,1222.1,138,
2026-04-10T13:47:24.189,NC,COFORGE,1222.1,1271.0,1272.0,1213.0,1264.9,3277020,1228.34,1221.8,145,1222.1,112,
2026-04-10T13:47:25.292,NC,COFORGE,1221.8,1271.0,1272.0,1213.0,1264.9,3277038,1228.34,1221.8,127,1222.1,137,
2026-04-10T13:47:26.290,NC,COFORGE,1221.8,1271.0,1272.0,1213.0,1264.9,3277111,1228.34,1221.8,54,1222.0,107,
2026-04-10T13:47:27.295,NC,COFORGE,1221.9,1271.0,1272.0,1213.0,1264.9,3277153,1228.34,1221.8,52,1222.1,81,
2026-04-10T13:47:29.702,NC,COFORGE,1222.1,1271.0,1272.0,1213.0,1264.9,3277156,1228.34,1221.8,52,1222.0,9,
2026-04-10T13:47:30.803,NC,COFORGE,1222.1,1271.0,1272.0,1213.0,1264.9,3277266,1228.34,1221.8,52,1222.1,44,
2026-04-10T13:47:36.013,NC,COFORGE,1222.2,1271.0,1272.0,1213.0,1264.9,3277267,1228.34,1222.1,300,1222.2,4,
2026-04-10T13:47:37.105,NC,COFORGE,1222.1,1271.0,1272.0,1213.0,1264.9,3277268,1228.34,1222.1,299,1222.2,5,
2026-04-10T13:47:38.210,NC,COFORGE,1222.2,1271.0,1272.0,1213.0,1264.9,3277272,1228.34,1222.1,299,1222.2,1,
2026-04-10T13:47:39.304,NC,COFORGE,1222.5,1271.0,1272.0,1213.0,1264.9,3277533,1228.34,1222.1,299,1222.3,1,
2026-04-10T13:47:40.403,NC,COFORGE,1222.5,1271.0,1272.0,1213.0,1264.9,3277543,1228.34,1222.1,299,1222.5,928,
2026-04-10T13:47:41.407,NC,COFORGE,1222.1,1271.0,1272.0,1213.0,1264.9,3277615,1228.34,1222.1,227,1222.5,1050,
2026-04-10T13:47:43.411,NC,COFORGE,1222.1,1271.0,1272.0,1213.0,1264.9,3277616,1228.34,1222.1,226,1222.4,135,
2026-04-10T13:47:47.716,NC,COFORGE,1222.4,1271.0,1272.0,1213.0,1264.9,3277619,1228.34,1222.1,412,1222.4,36,
2026-04-10T13:47:52.352,NC,COFORGE,1223.2,1271.0,1272.0,1213.0,1264.9,3278603,1228.34,1222.6,142,1223.2,31,
2026-04-10T13:47:57.140,NC,COFORGE,1223.4,1271.0,1272.0,1213.0,1264.9,3278986,1228.33,1222.8,118,1223.4,137,
2026-04-10T13:48:02.138,NC,COFORGE,1222.9,1271.0,1272.0,1213.0,1264.9,3279016,1228.33,1222.6,100,1222.9,167,
2026-04-10T13:48:07.641,NC,COFORGE,1222.8,1271.0,1272.0,1213.0,1264.9,3280055,1228.33,1222.6,1,1222.9,49,
2026-04-10T13:48:12.952,NC,COFORGE,1222.9,1271.0,1272.0,1213.0,1264.9,3280185,1228.33,1222.9,1,1223.2,258,
2026-04-10T13:48:18.372,NC,COFORGE,1223.1,1271.0,1272.0,1213.0,1264.9,3280203,1228.33,1222.9,1,1223.1,146,
2026-04-10T13:48:23.374,NC,COFORGE,1223.3,1271.0,1272.0,1213.0,1264.9,3280848,1228.33,1223.0,35,1223.3,44,
2026-04-10T13:48:28.094,NC,COFORGE,1222.9,1271.0,1272.0,1213.0,1264.9,3280887,1228.33,1222.9,47,1223.0,36,
2026-04-10T13:48:32.886,NC,COFORGE,1223.2,1271.0,1272.0,1213.0,1264.9,3280980,1228.33,1222.9,8,1223.1,31,
2026-04-10T13:48:37.784,NC,COFORGE,1222.9,1271.0,1272.0,1213.0,1264.9,3281081,1228.33,1222.6,150,1223.1,27,
2026-04-10T13:48:42.690,NC,COFORGE,1223.3,1271.0,1272.0,1213.0,1264.9,3281495,1228.33,1222.9,1,1223.3,60,
2026-04-10T13:48:47.812,NC,COFORGE,1222.9,1271.0,1272.0,1213.0,1264.9,3281556,1228.33,1222.9,227,1223.3,8,
2026-04-10T13:48:52.703,NC,COFORGE,1223.4,1271.0,1272.0,1213.0,1264.9,3281707,1228.33,1223.3,21,1223.4,65,
2026-04-10T13:48:52.703,NC,COFORGE,1223.4,1271.0,1272.0,1213.0,1264.9,3281707,1228.33,1223.3,21,1223.4,65,
2026-04-10T13:48:57.516,NC,COFORGE,1223.3,1271.0,1272.0,1213.0,1264.9,3281759,1228.33,1222.7,236,1223.1,3,
2026-04-10T13:49:02.236,NC,COFORGE,1223.1,1271.0,1272.0,1213.0,1264.9,3281834,1228.33,1222.8,8,1223.1,5,
2026-04-10T13:49:07.336,NC,COFORGE,1223.1,1271.0,1272.0,1213.0,1264.9,3281859,1228.33,1222.8,62,1223.3,130,
2026-04-10T13:49:12.238,NC,COFORGE,1222.8,1271.0,1272.0,1213.0,1264.9,3282123,1228.33,1223.0,17,1223.3,31,
2026-04-10T13:49:17.054,NC,COFORGE,1223.3,1271.0,1272.0,1213.0,1264.9,3282124,1228.33,1223.0,17,1223.3,41,
2026-04-10T13:49:21.460,NC,COFORGE,1223.2,1271.0,1272.0,1213.0,1264.9,3282147,1228.33,1223.0,17,1223.2,36,
2026-04-10T13:49:26.256,NC,COFORGE,1223.0,1271.0,1272.0,1213.0,1264.9,3282378,1228.33,1222.8,10,1223.0,56,
2026-04-10T13:49:30.858,NC,COFORGE,1222.7,1271.0,1272.0,1213.0,1264.9,3282446,1228.33,1222.7,62,1222.8,35,
2026-04-10T13:49:36.159,NC,COFORGE,1222.7,1271.0,1272.0,1213.0,1264.9,3282612,1228.33,1222.7,50,1222.8,36,
2026-04-10T13:49:41.164,NC,COFORGE,1222.6,1271.0,1272.0,1213.0,1264.9,3282932,1228.33,1222.6,3,1222.7,6,
2026-04-10T13:49:45.976,NC,COFORGE,1222.6,1271.0,1272.0,1213.0,1264.9,3284297,1228.33,1222.1,55,1222.6,174,
2026-04-10T13:49:50.789,NC,COFORGE,1222.1,1271.0,1272.0,1213.0,1264.9,3284326,1228.33,1222.1,27,1222.5,187,
2026-04-10T13:49:55.592,NC,COFORGE,1222.4,1271.0,1272.0,1213.0,1264.9,3284394,1228.33,1222.1,5,1222.4,27,
2026-04-10T13:50:00.304,NC,COFORGE,1222.1,1271.0,1272.0,1213.0,1264.9,3284605,1228.33,1222.1,123,1222.2,155,
2026-04-10T13:50:04.910,NC,COFORGE,1222.4,1271.0,1272.0,1213.0,1264.9,3285365,1228.32,1222.0,646,1222.4,165,
2026-04-10T13:50:09.828,NC,COFORGE,1222.1,1271.0,1272.0,1213.0,1264.9,3288554,1228.32,1222.0,8,1222.1,163,
2026-04-10T13:50:15.347,NC,COFORGE,1222.0,1271.0,1272.0,1213.0,1264.9,3288899,1228.32,1221.6,51,1222.0,17,
2026-04-10T13:50:20.359,NC,COFORGE,1222.0,1271.0,1272.0,1213.0,1264.9,3288981,1228.32,1221.5,40,1222.0,39,
2026-04-10T13:50:24.981,NC,COFORGE,1222.1,1271.0,1272.0,1213.0,1264.9,3289016,1228.32,1221.5,89,1222.1,134,
2026-04-10T13:50:29.975,NC,COFORGE,1222.1,1271.0,1272.0,1213.0,1264.9,3289458,1228.32,1221.5,30,1222.1,163,
2026-04-10T13:50:34.599,NC,COFORGE,1222.0,1271.0,1272.0,1213.0,1264.9,3290044,1228.31,1222.0,634,1222.2,4,
2026-04-10T13:50:39.289,NC,COFORGE,1222.4,1271.0,1272.0,1213.0,1264.9,3290311,1228.31,1222.0,608,1222.4,232,
2026-04-10T13:50:43.898,NC,COFORGE,1222.0,1271.0,1272.0,1213.0,1264.9,3290450,1228.31,1222.0,469,1222.3,73,
2026-04-10T13:50:48.736,NC,COFORGE,1222.0,1271.0,1272.0,1213.0,1264.9,3290457,1228.31,1222.0,475,1222.2,6,
2026-04-10T13:50:53.707,NC,COFORGE,1222.3,1271.0,1272.0,1213.0,1264.9,3290547,1228.31,1222.0,477,1222.3,33,
2026-04-10T13:50:58.615,NC,COFORGE,1222.3,1271.0,1272.0,1213.0,1264.9,3290633,1228.31,1222.1,20,1222.3,20,
2026-04-10T13:51:03.339,NC,COFORGE,1222.1,1271.0,1272.0,1213.0,1264.9,3290634,1228.31,1222.1,88,1222.3,20,
2026-04-10T13:51:08.336,NC,COFORGE,1222.7,1271.0,1272.0,1213.0,1264.9,3290721,1228.31,1222.3,59,1222.7,49,
2026-04-10T13:51:13.345,NC,COFORGE,1222.7,1271.0,1272.0,1213.0,1264.9,3290853,1228.31,1222.2,16,1222.7,267,
2026-04-10T13:51:18.262,NC,COFORGE,1222.3,1271.0,1272.0,1213.0,1264.9,3290875,1228.31,1222.2,1,1222.6,49,
2026-04-10T13:51:23.056,NC,COFORGE,1222.6,1271.0,1272.0,1213.0,1264.9,3290906,1228.31,1222.2,11,1222.6,118,
2026-04-10T13:51:27.670,NC,COFORGE,1222.5,1271.0,1272.0,1213.0,1264.9,3291134,1228.31,1222.3,41,1222.5,1,
2026-04-10T13:51:32.193,NC,COFORGE,1222.5,1271.0,1272.0,1213.0,1264.9,3291139,1228.31,1222.3,168,1222.5,1,
2026-04-10T13:51:36.877,NC,COFORGE,1222.5,1271.0,1272.0,1213.0,1264.9,3291157,1228.31,1222.3,41,1222.7,191,
2026-04-10T13:51:42.091,NC,COFORGE,1222.9,1271.0,1272.0,1213.0,1264.9,3291518,1228.31,1222.5,28,1222.9,65,
2026-04-10T13:51:47.694,NC,COFORGE,1222.9,1271.0,1272.0,1213.0,1264.9,3291522,1228.31,1222.3,169,1222.5,1,
2026-04-10T13:51:52.592,NC,COFORGE,1222.6,1271.0,1272.0,1213.0,1264.9,3291687,1228.31,1222.4,148,1222.5,1,
2026-04-10T13:51:57.507,NC,COFORGE,1222.6,1271.0,1272.0,1213.0,1264.9,3291796,1228.31,1222.4,132,1222.6,30,
2026-04-10T13:52:02.331,NC,COFORGE,1223.2,1271.0,1272.0,1213.0,1264.9,3292046,1228.31,1222.8,70,1223.2,110,
2026-04-10T13:52:07.448,NC,COFORGE,1222.8,1271.0,1272.0,1213.0,1264.9,3292056,1228.31,1222.8,75,1223.2,19,
2026-04-10T13:52:12.541,NC,COFORGE,1223.0,1271.0,1272.0,1213.0,1264.9,3292160,1228.31,1223.0,177,1223.4,7,
2026-04-10T13:52:17.573,NC,COFORGE,1223.4,1271.0,1272.0,1213.0,1264.9,3292179,1228.31,1223.2,106,1223.4,7,
2026-04-10T13:52:22.253,NC,COFORGE,1223.4,1271.0,1272.0,1213.0,1264.9,3292222,1228.31,1223.4,84,1223.9,2,
2026-04-10T13:52:27.375,NC,COFORGE,1223.4,1271.0,1272.0,1213.0,1264.9,3292726,1228.31,1223.0,538,1223.4,8,
2026-04-10T13:52:32.887,NC,COFORGE,1223.4,1271.0,1272.0,1213.0,1264.9,3292799,1228.31,1223.1,138,1223.4,3,
2026-04-10T13:52:37.992,NC,COFORGE,1223.0,1271.0,1272.0,1213.0,1264.9,3292860,1228.31,1223.0,462,1223.4,10,
2026-04-10T13:52:42.915,NC,COFORGE,1223.1,1271.0,1272.0,1213.0,1264.9,3293245,1228.31,1223.0,471,1223.1,4,
2026-04-10T13:52:47.704,NC,COFORGE,1223.1,1271.0,1272.0,1213.0,1264.9,3293267,1228.31,1223.0,452,1223.1,3,
2026-04-10T13:52:52.319,NC,COFORGE,1223.5,1271.0,1272.0,1213.0,1264.9,3293839,1228.31,1223.1,49,1223.5,238,
2026-04-10T13:52:57.026,NC,COFORGE,1223.1,1271.0,1272.0,1213.0,1264.9,3293925,1228.31,1223.0,482,1223.1,4,
2026-04-10T13:53:01.624,NC,COFORGE,1222.8,1271.0,1272.0,1213.0,1264.9,3294896,1228.31,1222.6,66,1223.0,261,
2026-04-10T13:53:06.236,NC,COFORGE,1222.6,1271.0,1272.0,1213.0,1264.9,3294974,1228.31,1222.6,38,1222.9,17,
2026-04-10T13:53:11.048,NC,COFORGE,1222.6,1271.0,1272.0,1213.0,1264.9,3295078,1228.31,1222.6,41,1222.8,1,
2026-04-10T13:53:15.658,NC,COFORGE,1222.5,1271.0,1272.0,1213.0,1264.9,3295186,1228.31,1222.5,45,1222.8,2,
2026-04-10T13:53:20.146,NC,COFORGE,1223.1,1271.0,1272.0,1213.0,1264.9,3295433,1228.31,1222.6,72,1223.1,984,
2026-04-10T13:53:24.757,NC,COFORGE,1223.1,1271.0,1272.0,1213.0,1264.9,3295549,1228.31,1222.5,19,1223.1,1043,
2026-04-10T13:53:29.161,NC,COFORGE,1223.1,1271.0,1272.0,1213.0,1264.9,3295645,1228.31,1222.5,243,1223.1,958,
2026-04-10T13:53:33.769,NC,COFORGE,1223.1,1271.0,1272.0,1213.0,1264.9,3295668,1228.31,1222.6,39,1223.1,943,
2026-04-10T13:53:38.677,NC,COFORGE,1223.1,1271.0,1272.0,1213.0,1264.9,3295907,1228.31,1223.0,5,1223.1,853,
2026-04-10T13:53:43.385,NC,COFORGE,1223.0,1271.0,1272.0,1213.0,1264.9,3296132,1228.3,1222.5,389,1223.0,6,
2026-04-10T13:53:48.090,NC,COFORGE,1222.9,1271.0,1272.0,1213.0,1264.9,3296227,1228.3,1222.9,375,1223.0,50,
2026-04-10T13:53:52.897,NC,COFORGE,1223.0,1271.0,1272.0,1213.0,1264.9,3296662,1228.3,1222.9,1,1223.0,25,
2026-04-10T13:53:57.807,NC,COFORGE,1223.1,1271.0,1272.0,1213.0,1264.9,3296917,1228.3,1223.1,206,1223.4,222,
2026-04-10T13:54:02.550,NC,COFORGE,1223.3,1271.0,1272.0,1213.0,1264.9,3297618,1228.3,1222.9,1,1223.2,9,
2026-04-10T13:54:07.633,NC,COFORGE,1223.2,1271.0,1272.0,1213.0,1264.9,3297684,1228.3,1223.1,325,1223.2,8,
2026-04-10T13:54:12.551,NC,COFORGE,1223.0,1271.0,1272.0,1213.0,1264.9,3298542,1228.3,1222.7,30,1223.1,114,
2026-04-10T13:54:17.229,NC,COFORGE,1223.1,1271.0,1272.0,1213.0,1264.9,3298547,1228.3,1222.6,200,1223.1,125,
2026-04-10T13:54:21.754,NC,COFORGE,1223.1,1271.0,1272.0,1213.0,1264.9,3298715,1228.3,1223.1,50,1223.6,130,
2026-04-10T13:54:26.352,NC,COFORGE,1223.1,1271.0,1272.0,1213.0,1264.9,3298801,1228.3,1222.9,4,1223.1,5,
2026-04-10T13:54:31.055,NC,COFORGE,1222.9,1271.0,1272.0,1213.0,1264.9,3298833,1228.3,1222.9,7,1223.3,3,
2026-04-10T13:54:36.183,NC,COFORGE,1223.5,1271.0,1272.0,1213.0,1264.9,3299036,1228.3,1223.1,103,1223.5,172,
2026-04-10T13:54:40.971,NC,COFORGE,1223.6,1271.0,1272.0,1213.0,1264.9,3299276,1228.3,1222.9,8,1223.1,8,
2026-04-10T13:54:45.469,NC,COFORGE,1222.9,1271.0,1272.0,1213.0,1264.9,3299307,1228.3,1222.8,91,1222.9,3,
2026-04-10T13:54:50.187,NC,COFORGE,1223.1,1271.0,1272.0,1213.0,1264.9,3299380,1228.3,1222.9,2,1223.1,69,
2026-04-10T13:54:54.780,NC,COFORGE,1223.2,1271.0,1272.0,1213.0,1264.9,3299413,1228.3,1222.9,104,1223.2,2,
2026-04-10T13:54:59.281,NC,COFORGE,1223.2,1271.0,1272.0,1213.0,1264.9,3299495,1228.3,1223.1,1,1223.3,2,
2026-04-10T13:55:09.203,NC,COFORGE,1223.4,1271.0,1272.0,1213.0,1264.9,3299619,1228.3,1223.0,98,1223.4,53,
2026-04-10T13:55:13.809,NC,COFORGE,1223.0,1271.0,1272.0,1213.0,1264.9,3300006,1228.3,1223.0,21,1223.2,247,
2026-04-10T13:55:18.422,NC,COFORGE,1223.2,1271.0,1272.0,1213.0,1264.9,3300250,1228.3,1223.1,1,1223.2,30,
2026-04-10T13:55:22.832,NC,COFORGE,1223.1,1271.0,1272.0,1213.0,1264.9,3300299,1228.3,1223.0,261,1223.3,1,
2026-04-10T13:55:27.535,NC,COFORGE,1223.6,1271.0,1272.0,1213.0,1264.9,3300552,1228.3,1223.2,144,1223.6,1,
2026-04-10T13:55:32.552,NC,COFORGE,1223.6,1271.0,1272.0,1213.0,1264.9,3300625,1228.3,1223.0,255,1223.6,273,
2026-04-10T13:55:37.638,NC,COFORGE,1223.1,1271.0,1272.0,1213.0,1264.9,3300630,1228.3,1223.1,23,1223.5,54,
2026-04-10T13:55:42.840,NC,COFORGE,1223.0,1271.0,1272.0,1213.0,1264.9,3300919,1228.3,1223.0,184,1223.1,7,
2026-04-10T13:55:47.449,NC,COFORGE,1223.0,1271.0,1272.0,1213.0,1264.9,3300999,1228.3,1223.0,107,1223.1,37,
2026-04-10T13:55:51.955,NC,COFORGE,1223.0,1271.0,1272.0,1213.0,1264.9,3301031,1228.3,1223.0,99,1223.1,60,
2026-04-10T13:55:56.766,NC,COFORGE,1223.0,1271.0,1272.0,1213.0,1264.9,3301141,1228.3,1223.0,23,1223.1,21,
2026-04-10T13:56:01.483,NC,COFORGE,1223.0,1271.0,1272.0,1213.0,1264.9,3301228,1228.3,1223.0,83,1223.1,14,
2026-04-10T13:56:06.087,NC,COFORGE,1222.8,1271.0,1272.0,1213.0,1264.9,3301770,1228.3,1222.7,30,1222.9,91,
2026-04-10T13:56:10.697,NC,COFORGE,1222.7,1271.0,1272.0,1213.0,1264.9,3301902,1228.3,1222.7,28,1223.0,143,
2026-04-10T13:56:15.391,NC,COFORGE,1223.1,1271.0,1272.0,1213.0,1264.9,3302237,1228.3,1222.8,1,1223.1,127,
2026-04-10T13:56:20.003,NC,COFORGE,1223.1,1271.0,1272.0,1213.0,1264.9,3302338,1228.29,1222.6,72,1222.8,1,
2026-04-10T13:56:24.629,NC,COFORGE,1223.1,1271.0,1272.0,1213.0,1264.9,3302388,1228.29,1222.6,101,1222.8,1,
2026-04-10T13:56:29.541,NC,COFORGE,1223.1,1271.0,1272.0,1213.0,1264.9,3302497,1228.29,1222.6,114,1223.1,103,
2026-04-10T13:56:34.029,NC,COFORGE,1223.1,1271.0,1272.0,1213.0,1264.9,3302698,1228.29,1222.6,110,1223.1,39,
2026-04-10T13:56:38.833,NC,COFORGE,1223.1,1271.0,1272.0,1213.0,1264.9,3302740,1228.29,1222.7,1,1223.1,108,
2026-04-10T13:56:43.542,NC,COFORGE,1223.2,1271.0,1272.0,1213.0,1264.9,3303061,1228.29,1222.6,24,1223.0,48,
2026-04-10T13:56:48.849,NC,COFORGE,1222.6,1271.0,1272.0,1213.0,1264.9,3303326,1228.29,1222.4,110,1222.6,1,
2026-04-10T13:56:54.059,NC,COFORGE,1222.6,1271.0,1272.0,1213.0,1264.9,3303448,1228.29,1222.4,97,1222.7,55,
2026-04-10T13:56:59.060,NC,COFORGE,1222.6,1271.0,1272.0,1213.0,1264.9,3303566,1228.29,1222.5,1,1222.6,1,
2026-04-10T13:57:04.067,NC,COFORGE,1222.6,1271.0,1272.0,1213.0,1264.9,3303630,1228.29,1222.4,8,1222.6,9,
2026-04-10T13:57:09.279,NC,COFORGE,1222.8,1271.0,1272.0,1213.0,1264.9,3303704,1228.29,1222.4,304,1222.8,60,
2026-04-10T13:57:14.292,NC,COFORGE,1222.8,1271.0,1272.0,1213.0,1264.9,3303801,1228.29,1222.6,1,1222.8,95,
2026-04-10T13:57:18.997,NC,COFORGE,1222.4,1271.0,1272.0,1213.0,1264.9,3303935,1228.29,1222.4,1197,1222.8,71,
2026-04-10T13:57:23.489,NC,COFORGE,1222.8,1271.0,1272.0,1213.0,1264.9,3304282,1228.29,1222.4,927,1222.8,154,
2026-04-10T13:57:28.302,NC,COFORGE,1222.4,1271.0,1272.0,1213.0,1264.9,3304819,1228.29,1222.4,361,1222.5,1,
2026-04-10T13:57:33.112,NC,COFORGE,1222.4,1271.0,1272.0,1213.0,1264.9,3304847,1228.29,1222.7,1,1222.8,118,
2026-04-10T13:57:37.911,NC,COFORGE,1222.7,1271.0,1272.0,1213.0,1264.9,3305643,1228.29,1222.3,53,1222.7,87,
2026-04-10T13:57:43.130,NC,COFORGE,1223.2,1271.0,1272.0,1213.0,1264.9,3306297,1228.29,1222.6,150,1223.2,104,
2026-04-10T13:57:47.944,NC,COFORGE,1222.8,1271.0,1272.0,1213.0,1264.9,3306309,1228.29,1222.8,151,1223.2,99,
2026-04-10T13:57:52.862,NC,COFORGE,1222.9,1271.0,1272.0,1213.0,1264.9,3306420,1228.29,1222.9,206,1223.2,21,
2026-04-10T13:57:57.761,NC,COFORGE,1222.9,1271.0,1272.0,1213.0,1264.9,3306522,1228.29,1222.7,101,1223.1,4,
2026-04-10T13:58:02.772,NC,COFORGE,1223.0,1271.0,1272.0,1213.0,1264.9,3306558,1228.29,1222.7,68,1223.1,5,
2026-04-10T13:58:07.969,NC,COFORGE,1223.4,1271.0,1272.0,1213.0,1264.9,3307182,1228.29,1223.2,83,1223.4,31,
2026-04-10T13:58:12.973,NC,COFORGE,1223.2,1271.0,1272.0,1213.0,1264.9,3307301,1228.29,1223.0,7221,1223.2,72,
2026-04-10T13:58:17.790,NC,COFORGE,1223.2,1271.0,1272.0,1213.0,1264.9,3314453,1228.28,1223.0,37,1223.2,6,
2026-04-10T13:58:22.789,NC,COFORGE,1222.9,1271.0,1272.0,1213.0,1264.9,3314599,1228.28,1222.8,35,1223.1,128,
2026-04-10T13:58:27.808,NC,COFORGE,1222.7,1271.0,1272.0,1213.0,1264.9,3314830,1228.28,1222.7,54,1223.1,16,
2026-04-10T13:58:32.397,NC,COFORGE,1222.7,1271.0,1272.0,1213.0,1264.9,3314882,1228.28,1222.7,2,1222.8,1,
2026-04-10T13:58:37.217,NC,COFORGE,1223.1,1271.0,1272.0,1213.0,1264.9,3314975,1228.28,1222.7,3,1223.1,15,
2026-04-10T13:58:42.014,NC,COFORGE,1222.7,1271.0,1272.0,1213.0,1264.9,3315282,1228.27,1222.7,53,1223.2,112,
2026-04-10T13:58:46.917,NC,COFORGE,1222.8,1271.0,1272.0,1213.0,1264.9,3315294,1228.27,1222.8,329,1223.1,1,
2026-04-10T13:58:52.047,NC,COFORGE,1223.1,1271.0,1272.0,1213.0,1264.9,3315322,1228.27,1223.1,280,1223.6,2989,
2026-04-10T13:58:57.344,NC,COFORGE,1223.6,1271.0,1272.0,1213.0,1264.9,3315556,1228.27,1222.9,181,1223.1,8,
2026-04-10T13:59:02.240,NC,COFORGE,1223.1,1271.0,1272.0,1213.0,1264.9,3315677,1228.27,1222.7,255,1223.1,4,
2026-04-10T13:59:07.138,NC,COFORGE,1223.3,1271.0,1272.0,1213.0,1264.9,3316027,1228.27,1222.7,78,1223.3,176,
2026-04-10T13:59:12.258,NC,COFORGE,1223.0,1271.0,1272.0,1213.0,1264.9,3316203,1228.27,1223.0,504,1223.3,90,
2026-04-10T13:59:17.053,NC,COFORGE,1223.3,1271.0,1272.0,1213.0,1264.9,3316211,1228.27,1223.0,507,1223.3,34,
2026-04-10T13:59:21.957,NC,COFORGE,1223.3,1271.0,1272.0,1213.0,1264.9,3316376,1228.27,1223.0,462,1223.3,49,
2026-04-10T13:59:26.872,NC,COFORGE,1223.0,1271.0,1272.0,1213.0,1264.9,3316631,1228.27,1223.0,419,1223.5,218,
2026-04-10T13:59:31.480,NC,COFORGE,1223.0,1271.0,1272.0,1213.0,1264.9,3317010,1228.27,1223.0,48,1223.3,9,
2026-04-10T13:59:36.174,NC,COFORGE,1223.2,1271.0,1272.0,1213.0,1264.9,3317032,1228.27,1223.2,1,1223.4,23,
2026-04-10T13:59:41.190,NC,COFORGE,1223.2,1271.0,1272.0,1213.0,1264.9,3317275,1228.27,1223.0,303,1223.2,7,
2026-04-10T13:59:46.987,NC,COFORGE,1222.9,1271.0,1272.0,1213.0,1264.9,3317491,1228.27,1223.0,28,1223.2,4,
2026-04-10T13:59:52.586,NC,COFORGE,1223.0,1271.0,1272.0,1213.0,1264.9,3317697,1228.27,1222.9,389,1223.5,140,
2026-04-10T13:59:58.197,NC,COFORGE,1223.3,1271.0,1272.0,1213.0,1264.9,3317965,1228.27,1223.1,33,1223.5,54,
2026-04-10T14:00:03.299,NC,COFORGE,1223.3,1271.0,1272.0,1213.0,1264.9,3318006,1228.27,1223.1,33,1223.3,71,
2026-04-10T14:00:08.329,NC,COFORGE,1223.3,1271.0,1272.0,1213.0,1264.9,3318059,1228.27,1223.0,337,1223.3,58,
2026-04-10T14:00:13.332,NC,COFORGE,1223.0,1271.0,1272.0,1213.0,1264.9,3318131,1228.27,1222.9,469,1223.3,73,
2026-04-10T14:00:18.227,NC,COFORGE,1223.1,1271.0,1272.0,1213.0,1264.9,3318309,1228.27,1223.1,351,1223.6,2955,
2026-04-10T14:00:23.043,NC,COFORGE,1223.6,1271.0,1272.0,1213.0,1264.9,3318361,1228.27,1223.3,10,1223.6,3191,
2026-04-10T14:00:28.165,NC,COFORGE,1223.3,1271.0,1272.0,1213.0,1264.9,3318431,1228.27,1223.1,2,1223.2,1,
2026-04-10T14:00:33.070,NC,COFORGE,1223.1,1271.0,1272.0,1213.0,1264.9,3318443,1228.27,1223.0,414,1223.1,3,
2026-04-10T14:00:38.360,NC,COFORGE,1223.1,1271.0,1272.0,1213.0,1264.9,3320985,1228.27,1222.9,150,1223.1,224,
2026-04-10T14:00:44.072,NC,COFORGE,1222.7,1271.0,1272.0,1213.0,1264.9,3321388,1228.27,1222.7,117,1222.8,183,
2026-04-10T14:00:49.263,NC,COFORGE,1222.6,1271.0,1272.0,1213.0,1264.9,3322037,1228.26,1222.4,121,1222.6,41,
2026-04-10T14:00:54.374,NC,COFORGE,1222.6,1271.0,1272.0,1213.0,1264.9,3322154,1228.26,1222.4,63,1222.7,77,
2026-04-10T14:00:59.369,NC,COFORGE,1222.6,1271.0,1272.0,1213.0,1264.9,3322229,1228.26,1222.4,8,1222.6,6,
2026-04-10T14:01:04.481,NC,COFORGE,1222.7,1271.0,1272.0,1213.0,1264.9,3322840,1228.26,1222.2,346,1222.8,67,
2026-04-10T14:01:09.688,NC,COFORGE,1222.8,1271.0,1272.0,1213.0,1264.9,3322952,1228.26,1222.3,1,1222.8,162,
2026-04-10T14:01:14.790,NC,COFORGE,1222.7,1271.0,1272.0,1213.0,1264.9,3323026,1228.26,1222.7,24,1222.8,118,
2026-04-10T14:01:19.799,NC,COFORGE,1222.7,1271.0,1272.0,1213.0,1264.9,3323061,1228.26,1222.7,29,1222.8,103,
2026-04-10T14:01:24.506,NC,COFORGE,1222.8,1271.0,1272.0,1213.0,1264.9,3323091,1228.26,1222.7,29,1222.8,73,
2026-04-10T14:01:29.414,NC,COFORGE,1222.7,1271.0,1272.0,1213.0,1264.9,3323171,1228.26,1222.6,49,1222.7,6,
2026-04-10T14:01:34.427,NC,COFORGE,1222.7,1271.0,1272.0,1213.0,1264.9,3323201,1228.26,1222.6,24,1222.7,34,
2026-04-10T14:01:39.433,NC,COFORGE,1223.2,1271.0,1272.0,1213.0,1264.9,3324323,1228.26,1222.6,43,1223.1,51,
2026-04-10T14:01:39.433,NC,COFORGE,1223.2,1271.0,1272.0,1213.0,1264.9,3324323,1228.26,1222.6,43,1223.1,51,
2026-04-10T14:01:44.339,NC,COFORGE,1222.6,1271.0,1272.0,1213.0,1264.9,3324352,1228.26,1222.5,25,1222.6,3,
2026-04-10T14:01:49.455,NC,COFORGE,1222.5,1271.0,1272.0,1213.0,1264.9,3324516,1228.26,1222.5,96,1222.8,51,
2026-04-10T14:01:54.650,NC,COFORGE,1222.8,1271.0,1272.0,1213.0,1264.9,3324559,1228.26,1222.6,101,1222.8,36,
2026-04-10T14:01:59.567,NC,COFORGE,1222.6,1271.0,1272.0,1213.0,1264.9,3324943,1228.26,1222.6,220,1223.0,412,
2026-04-10T14:02:04.570,NC,COFORGE,1222.9,1271.0,1272.0,1213.0,1264.9,3324995,1228.26,1222.7,168,1222.9,371,
2026-04-10T14:02:09.783,NC,COFORGE,1222.8,1271.0,1272.0,1213.0,1264.9,3325058,1228.26,1222.6,104,1222.8,116,
2026-04-10T14:02:14.789,NC,COFORGE,1222.8,1271.0,1272.0,1213.0,1264.9,3325185,1228.26,1222.6,8,1222.8,88,
2026-04-10T14:02:19.593,NC,COFORGE,1222.8,1271.0,1272.0,1213.0,1264.9,3325285,1228.26,1222.6,8,1222.8,3,
2026-04-10T14:02:24.507,NC,COFORGE,1222.9,1271.0,1272.0,1213.0,1264.9,3325321,1228.26,1222.6,8,1222.9,343,
2026-04-10T14:02:29.823,NC,COFORGE,1222.9,1271.0,1272.0,1213.0,1264.9,3325765,1228.26,1222.5,633,1222.9,127,
2026-04-10T14:02:40.833,NC,COFORGE,1222.8,1271.0,1272.0,1213.0,1264.9,3326056,1228.26,1222.8,98,1222.9,14,
2026-04-10T14:02:45.937,NC,COFORGE,1223.0,1271.0,1272.0,1213.0,1264.9,3326257,1228.26,1222.8,10,1223.0,513,
2026-04-10T14:02:50.846,NC,COFORGE,1222.8,1271.0,1272.0,1213.0,1264.9,3326277,1228.26,1222.8,120,1223.0,509,
2026-04-10T14:02:55.745,NC,COFORGE,1223.2,1271.0,1272.0,1213.0,1264.9,3327523,1228.26,1223.2,302,1223.5,252,
2026-04-10T14:03:00.659,NC,COFORGE,1223.5,1271.0,1272.0,1213.0,1264.9,3327633,1228.25,1223.2,153,1223.5,241,
2026-04-10T14:03:05.625,NC,COFORGE,1223.4,1271.0,1272.0,1213.0,1264.9,3327890,1228.25,1222.8,161,1223.4,367,
2026-04-10T14:03:10.661,NC,COFORGE,1223.2,1271.0,1272.0,1213.0,1264.9,3328031,1228.25,1223.0,2,1223.3,225,
2026-04-10T14:03:15.677,NC,COFORGE,1223.3,1271.0,1272.0,1213.0,1264.9,3328149,1228.25,1223.0,83,1223.2,150,
2026-04-10T14:03:20.575,NC,COFORGE,1222.6,1271.0,1272.0,1213.0,1264.9,3328539,1228.25,1222.6,12,1222.8,375,
2026-04-10T14:03:25.703,NC,COFORGE,1222.9,1271.0,1272.0,1213.0,1264.9,3329264,1228.25,1222.9,11,1223.2,107,
2026-04-10T14:03:30.695,NC,COFORGE,1223.1,1271.0,1272.0,1213.0,1264.9,3329400,1228.25,1223.1,135,1223.5,227,
2026-04-10T14:03:35.501,NC,COFORGE,1223.5,1271.0,1272.0,1213.0,1264.9,3329403,1228.25,1223.2,25,1223.4,77,
2026-04-10T14:03:40.318,NC,COFORGE,1223.5,1271.0,1272.0,1213.0,1264.9,3329662,1228.25,1223.4,3,1223.5,152,
2026-04-10T14:03:45.150,NC,COFORGE,1223.2,1271.0,1272.0,1213.0,1264.9,3329858,1228.25,1223.1,40,1223.4,254,
2026-04-10T14:03:49.814,NC,COFORGE,1223.1,1271.0,1272.0,1213.0,1264.9,3329899,1228.25,1222.8,11,1223.1,9,
2026-04-10T14:03:54.523,NC,COFORGE,1223.1,1271.0,1272.0,1213.0,1264.9,3329947,1228.25,1223.0,1,1223.1,241,
2026-04-10T14:03:59.033,NC,COFORGE,1223.0,1271.0,1272.0,1213.0,1264.9,3329954,1228.25,1222.8,10,1223.0,1,
2026-04-10T14:04:03.841,NC,COFORGE,1222.8,1271.0,1272.0,1213.0,1264.9,3330083,1228.25,1222.7,31,1222.8,5,
2026-04-10T14:04:08.747,NC,COFORGE,1223.1,1271.0,1272.0,1213.0,1264.9,3330122,1228.25,1223.0,3,1223.1,79,
2026-04-10T14:04:13.660,NC,COFORGE,1223.0,1271.0,1272.0,1213.0,1264.9,3330151,1228.25,1222.7,31,1222.9,9,
2026-04-10T14:04:18.482,NC,COFORGE,1222.9,1271.0,1272.0,1213.0,1264.9,3330232,1228.25,1222.6,32,1222.9,182,
2026-04-10T14:04:23.378,NC,COFORGE,1222.8,1271.0,1272.0,1213.0,1264.9,3331074,1228.25,1222.5,785,1222.8,93,
2026-04-10T14:04:27.884,NC,COFORGE,1222.5,1271.0,1272.0,1213.0,1264.9,3332263,1228.25,1222.4,35,1222.5,2122,
2026-04-10T14:04:32.790,NC,COFORGE,1222.5,1271.0,1272.0,1213.0,1264.9,3332279,1228.25,1222.4,31,1222.5,2110,
2026-04-10T14:04:38.015,NC,COFORGE,1222.4,1271.0,1272.0,1213.0,1264.9,3332413,1228.25,1222.1,412,1222.4,61,
2026-04-10T14:04:43.414,NC,COFORGE,1222.1,1271.0,1272.0,1213.0,1264.9,3332783,1228.25,1222.1,294,1222.4,28,
2026-04-10T14:04:48.717,NC,COFORGE,1222.1,1271.0,1272.0,1213.0,1264.9,3332814,1228.25,1222.1,266,1222.4,46,
2026-04-10T14:04:53.733,NC,COFORGE,1222.4,1271.0,1272.0,1213.0,1264.9,3332863,1228.25,1222.2,3,1222.4,33,
2026-04-10T14:04:58.437,NC,COFORGE,1222.2,1271.0,1272.0,1213.0,1264.9,3332869,1228.25,1222.1,326,1222.2,57,
2026-04-10T14:05:03.448,NC,COFORGE,1222.1,1271.0,1272.0,1213.0,1264.9,3332971,1228.25,1222.1,259,1222.2,1,
2026-04-10T14:05:09.353,NC,COFORGE,1222.5,1271.0,1272.0,1213.0,1264.9,3333020,1228.25,1222.1,343,1222.2,1,
2026-04-10T14:05:14.557,NC,COFORGE,1222.2,1271.0,1272.0,1213.0,1264.9,3333217,1228.25,1222.2,137,1222.5,1976,
2026-04-10T14:05:19.585,NC,COFORGE,1222.5,1271.0,1272.0,1213.0,1264.9,3333284,1228.25,1222.5,433,1222.9,312,
2026-04-10T14:05:24.471,NC,COFORGE,1222.9,1271.0,1272.0,1213.0,1264.9,3333361,1228.25,1222.5,400,1222.9,67,
2026-04-10T14:05:29.474,NC,COFORGE,1222.8,1271.0,1272.0,1213.0,1264.9,3333462,1228.25,1222.5,327,1222.8,29,
2026-04-10T14:05:34.409,NC,COFORGE,1222.8,1271.0,1272.0,1213.0,1264.9,3333477,1228.25,1222.5,322,1222.8,39,
2026-04-10T14:05:39.387,NC,COFORGE,1222.9,1271.0,1272.0,1213.0,1264.9,3333728,1228.24,1222.5,322,1222.9,30,
2026-04-10T14:05:44.520,NC,COFORGE,1222.6,1271.0,1272.0,1213.0,1264.9,3333812,1228.24,1222.8,5,1222.9,12,
2026-04-10T14:05:49.409,NC,COFORGE,1222.8,1271.0,1272.0,1213.0,1264.9,3333837,1228.24,1222.5,272,1222.8,54,
2026-04-10T14:05:54.297,NC,COFORGE,1222.8,1271.0,1272.0,1213.0,1264.9,3334229,1228.24,1222.2,443,1222.8,108,
2026-04-10T14:05:59.110,NC,COFORGE,1222.1,1271.0,1272.0,1213.0,1264.9,3334326,1228.24,1222.1,217,1222.7,148,
2026-04-10T14:06:04.008,NC,COFORGE,1222.1,1271.0,1272.0,1213.0,1264.9,3334489,1228.24,1222.1,26,1222.4,75,
2026-04-10T14:06:08.820,NC,COFORGE,1222.4,1271.0,1272.0,1213.0,1264.9,3334532,1228.24,1222.1,19,1222.4,59,
2026-04-10T14:06:13.613,NC,COFORGE,1222.0,1271.0,1272.0,1213.0,1264.9,3334557,1228.24,1222.0,2277,1222.1,2,
2026-04-10T14:06:18.519,NC,COFORGE,1222.0,1271.0,1272.0,1213.0,1264.9,3337034,1228.24,1221.9,1,1222.0,2832,
2026-04-10T14:06:24.128,NC,COFORGE,1222.0,1271.0,1272.0,1213.0,1264.9,3337968,1228.24,1221.8,35,1222.0,2115,
2026-04-10T14:06:30.034,NC,COFORGE,1221.8,1271.0,1272.0,1213.0,1264.9,3338020,1228.24,1221.7,81,1221.8,8,
2026-04-10T14:06:35.940,NC,COFORGE,1221.5,1271.0,1272.0,1213.0,1264.9,3338321,1228.24,1221.6,59,1222.0,1975,
2026-04-10T14:06:42.259,NC,COFORGE,1222.0,1271.0,1272.0,1213.0,1264.9,3338691,1228.24,1221.6,112,1222.0,1827,
2026-04-10T14:06:47.860,NC,COFORGE,1221.6,1271.0,1272.0,1213.0,1264.9,3338720,1228.24,1221.6,134,1222.0,1921,
2026-04-10T14:06:52.967,NC,COFORGE,1222.0,1271.0,1272.0,1213.0,1264.9,3338726,1228.24,1221.6,276,1222.0,1943,
2026-04-10T14:06:57.979,NC,COFORGE,1222.0,1271.0,1272.0,1213.0,1264.9,3340403,1228.23,1221.8,1,1222.0,1844,
2026-04-10T14:07:02.988,NC,COFORGE,1222.0,1271.0,1272.0,1213.0,1264.9,3340481,1228.23,1221.6,262,1222.0,282,
2026-04-10T14:07:07.995,NC,COFORGE,1221.6,1271.0,1272.0,1213.0,1264.9,3341746,1228.23,1221.6,366,1222.0,146,
2026-04-10T14:07:13.206,NC,COFORGE,1221.6,1271.0,1272.0,1213.0,1264.9,3341907,1228.23,1221.6,168,1221.9,53,
2026-04-10T14:07:18.825,NC,COFORGE,1221.9,1271.0,1272.0,1213.0,1264.9,3343219,1228.23,1221.6,954,1221.9,88,
2026-04-10T14:07:24.123,NC,COFORGE,1221.9,1271.0,1272.0,1213.0,1264.9,3343293,1228.23,1221.6,911,1221.9,119,
2026-04-10T14:07:29.230,NC,COFORGE,1221.6,1271.0,1272.0,1213.0,1264.9,3343433,1228.23,1221.6,848,1221.7,1,
2026-04-10T14:07:34.233,NC,COFORGE,1221.7,1271.0,1272.0,1213.0,1264.9,3343477,1228.23,1221.6,837,1221.7,9,
2026-04-10T14:07:39.232,NC,COFORGE,1222.0,1271.0,1272.0,1213.0,1264.9,3343842,1228.23,1221.6,692,1222.0,125,
2026-04-10T14:07:44.348,NC,COFORGE,1222.0,1271.0,1272.0,1213.0,1264.9,3344022,1228.22,1221.6,619,1222.0,302,
2026-04-10T14:07:49.160,NC,COFORGE,1221.6,1271.0,1272.0,1213.0,1264.9,3344072,1228.22,1221.6,775,1222.0,68,
2026-04-10T14:07:53.954,NC,COFORGE,1222.0,1271.0,1272.0,1213.0,1264.9,3344119,1228.22,1221.6,858,1222.0,123,
2026-04-10T14:07:58.570,NC,COFORGE,1221.6,1271.0,1272.0,1213.0,1264.9,3344191,1228.22,1221.6,747,1222.0,190,
2026-04-10T14:08:03.197,NC,COFORGE,1221.8,1271.0,1272.0,1213.0,1264.9,3344422,1228.22,1221.6,686,1222.0,363,
2026-04-10T14:08:08.072,NC,COFORGE,1222.0,1271.0,1272.0,1213.0,1264.9,3344433,1228.22,1221.6,686,1222.0,618,
2026-04-10T14:08:12.782,NC,COFORGE,1221.9,1271.0,1272.0,1213.0,1264.9,3344541,1228.22,1221.8,1,1221.9,116,
2026-04-10T14:08:17.598,NC,COFORGE,1222.0,1271.0,1272.0,1213.0,1264.9,3344724,1228.22,1221.6,778,1222.0,518,
2026-04-10T14:08:22.703,NC,COFORGE,1222.0,1271.0,1272.0,1213.0,1264.9,3344767,1228.22,1221.6,861,1222.0,544,
2026-04-10T14:08:27.894,NC,COFORGE,1221.6,1271.0,1272.0,1213.0,1264.9,3344929,1228.22,1221.6,773,1221.9,93,
2026-04-10T14:08:32.400,NC,COFORGE,1221.6,1271.0,1272.0,1213.0,1264.9,3344933,1228.22,1221.6,672,1221.9,59,
2026-04-10T14:08:41.829,NC,COFORGE,1221.7,1271.0,1272.0,1213.0,1264.9,3345288,1228.22,1221.7,87,1221.9,1,
2026-04-10T14:08:46.420,NC,COFORGE,1221.9,1271.0,1272.0,1213.0,1264.9,3345289,1228.22,1221.7,100,1221.9,3,
2026-04-10T14:08:51.023,NC,COFORGE,1221.9,1271.0,1272.0,1213.0,1264.9,3345392,1228.22,1221.8,2,1221.9,219,
2026-04-10T14:08:56.041,NC,COFORGE,1221.8,1271.0,1272.0,1213.0,1264.9,3345532,1228.22,1221.7,32,1221.8,3,
2026-04-10T14:09:00.637,NC,COFORGE,1221.6,1271.0,1272.0,1213.0,1264.9,3346375,1228.22,1221.6,154,1221.7,8,
2026-04-10T14:09:05.345,NC,COFORGE,1221.8,1271.0,1272.0,1213.0,1264.9,3346629,1228.22,1221.6,159,1221.8,5,
2026-04-10T14:09:10.155,NC,COFORGE,1222.0,1271.0,1272.0,1213.0,1264.9,3346885,1228.22,1221.6,270,1222.0,91,
2026-04-10T14:09:14.968,NC,COFORGE,1222.0,1271.0,1272.0,1213.0,1264.9,3346961,1228.22,1221.6,241,1222.0,117,
2026-04-10T14:09:19.668,NC,COFORGE,1222.0,1271.0,1272.0,1213.0,1264.9,3347250,1228.22,1221.6,242,1222.0,114,
2026-04-10T14:09:24.378,NC,COFORGE,1222.2,1271.0,1272.0,1213.0,1264.9,3347478,1228.22,1221.6,217,1222.1,74,
2026-04-10T14:09:29.096,NC,COFORGE,1222.0,1271.0,1272.0,1213.0,1264.9,3347635,1228.22,1222.0,2,1222.2,209,
2026-04-10T14:09:33.789,NC,COFORGE,1222.2,1271.0,1272.0,1213.0,1264.9,3347640,1228.22,1222.0,5,1222.2,228,
2026-04-10T14:09:38.997,NC,COFORGE,1222.2,1271.0,1272.0,1213.0,1264.9,3348041,1228.22,1221.7,68,1222.3,517,
2026-04-10T14:09:44.398,NC,COFORGE,1222.3,1271.0,1272.0,1213.0,1264.9,3348289,1228.22,1222.0,102,1222.3,8,
2026-04-10T14:09:49.612,NC,COFORGE,1222.2,1271.0,1272.0,1213.0,1264.9,3348291,1228.22,1222.0,202,1222.2,8,
2026-04-10T14:09:54.911,NC,COFORGE,1222.3,1271.0,1272.0,1213.0,1264.9,3348326,1228.22,1222.0,201,1222.2,1,
2026-04-10T14:10:00.026,NC,COFORGE,1222.2,1271.0,1272.0,1213.0,1264.9,3348411,1228.22,1222.0,101,1222.2,1,
2026-04-10T14:10:05.523,NC,COFORGE,1222.2,1271.0,1272.0,1213.0,1264.9,3348418,1228.22,1222.0,86,1222.2,4,
2026-04-10T14:10:11.435,NC,COFORGE,1222.2,1271.0,1272.0,1213.0,1264.9,3348577,1228.22,1222.0,127,1222.2,8,
2026-04-10T14:10:16.742,NC,COFORGE,1222.2,1271.0,1272.0,1213.0,1264.9,3348578,1228.22,1222.0,6,1222.2,59,
2026-04-10T14:10:22.367,NC,COFORGE,1222.2,1271.0,1272.0,1213.0,1264.9,3348652,1228.22,1222.0,6,1222.2,20,
2026-04-10T14:10:27.754,NC,COFORGE,1222.2,1271.0,1272.0,1213.0,1264.9,3348787,1228.22,1222.0,78,1222.1,1,
2026-04-10T14:10:33.463,NC,COFORGE,1221.8,1271.0,1272.0,1213.0,1264.9,3348991,1228.22,1221.8,32,1222.0,1,
2026-04-10T14:10:39.078,NC,COFORGE,1222.3,1271.0,1272.0,1213.0,1264.9,3349264,1228.22,1221.8,32,1222.3,609,
2026-04-10T14:10:44.479,NC,COFORGE,1222.2,1271.0,1272.0,1213.0,1264.9,3349340,1228.21,1221.8,32,1222.2,62,
2026-04-10T14:10:49.688,NC,COFORGE,1222.0,1271.0,1272.0,1213.0,1264.9,3349343,1228.21,1221.7,1,1222.0,178,
2026-04-10T14:10:55.198,NC,COFORGE,1222.0,1271.0,1272.0,1213.0,1264.9,3349396,1228.21,1221.8,1,1222.0,182,
2026-04-10T14:11:00.509,NC,COFORGE,1222.0,1271.0,1272.0,1213.0,1264.9,3349480,1228.21,1221.8,2,1222.0,170,
2026-04-10T14:11:05.712,NC,COFORGE,1222.0,1271.0,1272.0,1213.0,1264.9,3349507,1228.21,1221.8,6,1222.0,166,
2026-04-10T14:11:11.321,NC,COFORGE,1222.0,1271.0,1272.0,1213.0,1264.9,3349628,1228.21,1221.7,142,1222.0,163,
2026-04-10T14:11:16.841,NC,COFORGE,1222.2,1271.0,1272.0,1213.0,1264.9,3349893,1228.21,1222.0,8,1222.2,15,
2026-04-10T14:11:22.639,NC,COFORGE,1222.3,1271.0,1272.0,1213.0,1264.9,3349928,1228.21,1222.1,12,1222.2,10,
2026-04-10T14:11:27.947,NC,COFORGE,1222.0,1271.0,1272.0,1213.0,1264.9,3349972,1228.21,1222.0,16,1222.1,8,
2026-04-10T14:11:32.851,NC,COFORGE,1222.0,1271.0,1272.0,1213.0,1264.9,3350019,1228.21,1221.8,84,1222.0,9,
2026-04-10T14:11:37.670,NC,COFORGE,1221.8,1271.0,1272.0,1213.0,1264.9,3350068,1228.21,1221.9,1,1222.0,2009,
2026-04-10T14:11:42.775,NC,COFORGE,1221.9,1271.0,1272.0,1213.0,1264.9,3350337,1228.21,1221.8,10,1221.9,8,
2026-04-10T14:11:47.882,NC,COFORGE,1222.0,1271.0,1272.0,1213.0,1264.9,3350451,1228.21,1221.8,44,1222.0,1742,
2026-04-10T14:11:52.986,NC,COFORGE,1222.0,1271.0,1272.0,1213.0,1264.9,3350470,1228.21,1221.9,4,1222.0,1775,
2026-04-10T14:11:58.393,NC,COFORGE,1221.8,1271.0,1272.0,1213.0,1264.9,3350521,1228.21,1221.8,29,1221.9,7,
2026-04-10T14:12:03.894,NC,COFORGE,1221.8,1271.0,1272.0,1213.0,1264.9,3350583,1228.21,1221.7,1,1222.0,1803,
2026-04-10T14:12:09.203,NC,COFORGE,1222.0,1271.0,1272.0,1213.0,1264.9,3350670,1228.21,1221.8,50,1222.0,1880,
2026-04-10T14:12:14.523,NC,COFORGE,1221.8,1271.0,1272.0,1213.0,1264.9,3350736,1228.21,1221.6,91,1221.8,2,
2026-04-10T14:12:19.520,NC,COFORGE,1221.7,1271.0,1272.0,1213.0,1264.9,3351037,1228.21,1221.5,97,1221.8,133,
2026-04-10T14:12:24.127,NC,COFORGE,1221.8,1271.0,1272.0,1213.0,1264.9,3351124,1228.21,1221.6,34,1221.8,17,
2026-04-10T14:12:29.531,NC,COFORGE,1221.5,1271.0,1272.0,1213.0,1264.9,3351344,1228.21,1221.7,1,1221.8,73,
2026-04-10T14:12:34.747,NC,COFORGE,1221.8,1271.0,1272.0,1213.0,1264.9,3351369,1228.21,1221.7,1,1221.8,89,
2026-04-10T14:12:39.953,NC,COFORGE,1222.0,1271.0,1272.0,1213.0,1264.9,3351708,1228.21,1221.6,63,1222.0,2502,
2026-04-10T14:12:45.057,NC,COFORGE,1221.8,1271.0,1272.0,1213.0,1264.9,3351786,1228.21,1221.6,79,1221.8,3,
2026-04-10T14:12:49.972,NC,COFORGE,1222.0,1271.0,1272.0,1213.0,1264.9,3352156,1228.21,1221.8,5,1222.0,2383,
2026-04-10T14:12:54.875,NC,COFORGE,1222.0,1271.0,1272.0,1213.0,1264.9,3354598,1228.2,1222.1,29,1222.3,286,
2026-04-10T14:12:59.782,NC,COFORGE,1222.1,1271.0,1272.0,1213.0,1264.9,3354631,1228.2,1222.0,29,1222.1,4,
2026-04-10T14:13:04.388,NC,COFORGE,1222.1,1271.0,1272.0,1213.0,1264.9,3354983,1228.2,1222.0,797,1222.1,1,
2026-04-10T14:13:09.294,NC,COFORGE,1222.6,1271.0,1272.0,1213.0,1264.9,3355020,1228.2,1222.2,68,1222.7,322,
2026-04-10T14:13:14.300,NC,COFORGE,1222.2,1271.0,1272.0,1213.0,1264.9,3355093,1228.2,1222.3,31,1222.5,1,
2026-04-10T14:13:19.305,NC,COFORGE,1222.7,1271.0,1272.0,1213.0,1264.9,3355171,1228.2,1222.3,172,1222.5,2,
2026-04-10T14:13:24.317,NC,COFORGE,1222.6,1271.0,1272.0,1213.0,1264.9,3355313,1228.2,1222.6,2,1222.8,495,
2026-04-10T14:13:29.032,NC,COFORGE,1222.6,1271.0,1272.0,1213.0,1264.9,3355416,1228.2,1222.5,229,1222.6,2970,
2026-04-10T14:13:34.235,NC,COFORGE,1222.5,1271.0,1272.0,1213.0,1264.9,3355756,1228.2,1222.3,64,1222.5,1914,
2026-04-10T14:13:39.940,NC,COFORGE,1222.5,1271.0,1272.0,1213.0,1264.9,3355995,1228.2,1222.4,7,1222.5,1779,
2026-04-10T14:13:45.551,NC,COFORGE,1222.4,1271.0,1272.0,1213.0,1264.9,3356247,1228.2,1222.2,26,1222.4,69,
2026-04-10T14:13:51.069,NC,COFORGE,1222.4,1271.0,1272.0,1213.0,1264.9,3356539,1228.2,1222.1,196,1222.2,1,
2026-04-10T14:13:56.066,NC,COFORGE,1222.1,1271.0,1272.0,1213.0,1264.9,3356650,1228.2,1222.1,123,1222.2,8,
2026-04-10T14:14:00.881,NC,COFORGE,1222.2,1271.0,1272.0,1213.0,1264.9,3357456,1228.2,1222.0,190,1222.2,50,
2026-04-10T14:14:06.382,NC,COFORGE,1222.4,1271.0,1272.0,1213.0,1264.9,3357949,1228.2,1222.0,166,1222.2,39,
2026-04-10T14:14:11.686,NC,COFORGE,1222.4,1271.0,1272.0,1213.0,1264.9,3358089,1228.2,1222.0,84,1222.4,183,
2026-04-10T14:14:16.810,NC,COFORGE,1222.4,1271.0,1272.0,1213.0,1264.9,3358299,1228.2,1222.2,2,1222.4,472,
2026-04-10T14:14:22.200,NC,COFORGE,1221.8,1271.0,1272.0,1213.0,1264.9,3358418,1228.2,1221.8,19,1222.1,204,
2026-04-10T14:14:28.732,NC,COFORGE,1220.5,1271.0,1272.0,1213.0,1264.9,3363144,1228.19,1220.1,930,1220.4,129,
2026-04-10T14:14:35.825,NC,COFORGE,1220.7,1271.0,1272.0,1213.0,1264.9,3373695,1228.16,1220.7,252,1220.9,11,
2026-04-10T14:14:42.392,NC,COFORGE,1221.4,1271.0,1272.0,1213.0,1264.9,3375006,1228.16,1221.3,61,1222.0,1054,
2026-04-10T14:14:48.360,NC,COFORGE,1222.0,1271.0,1272.0,1213.0,1264.9,3375009,1228.16,1221.8,35,1222.0,816,
2026-04-10T14:14:54.085,NC,COFORGE,1221.9,1271.0,1272.0,1213.0,1264.9,3375129,1228.16,1221.4,10,1221.9,339,
2026-04-10T14:14:59.892,NC,COFORGE,1221.9,1271.0,1272.0,1213.0,1264.9,3375236,1228.16,1221.5,124,1221.9,49,
2026-04-10T14:15:05.600,NC,COFORGE,1221.9,1271.0,1272.0,1213.0,1264.9,3375596,1228.16,1221.5,160,1221.9,258,
2026-04-10T14:15:11.413,NC,COFORGE,1221.4,1271.0,1272.0,1213.0,1264.9,3376198,1228.16,1221.0,5,1221.3,9,
2026-04-10T14:15:17.012,NC,COFORGE,1221.0,1271.0,1272.0,1213.0,1264.9,3376326,1228.16,1220.7,178,1221.0,8,
2026-04-10T14:15:22.542,NC,COFORGE,1220.5,1271.0,1272.0,1213.0,1264.9,3376562,1228.16,1220.3,100,1220.5,237,
2026-04-10T14:15:28.938,NC,COFORGE,1220.1,1271.0,1272.0,1213.0,1264.9,3376834,1228.16,1219.7,28,1220.1,496,
2026-04-10T14:15:34.837,NC,COFORGE,1219.9,1271.0,1272.0,1213.0,1264.9,3376951,1228.16,1219.5,177,1220.0,271,
2026-04-10T14:15:41.766,NC,COFORGE,1217.2,1271.0,1272.0,1213.0,1264.9,3387382,1228.12,1216.7,59,1217.2,1,
2026-04-10T14:15:48.870,NC,COFORGE,1218.2,1271.0,1272.0,1213.0,1264.9,3392820,1228.11,1217.8,29,1218.2,39,
2026-04-10T14:15:56.073,NC,COFORGE,1217.8,1271.0,1272.0,1213.0,1264.9,3393320,1228.11,1218.1,120,1218.6,187,
2026-04-10T14:16:02.878,NC,COFORGE,1220.1,1271.0,1272.0,1213.0,1264.9,3394561,1228.1,1219.9,28,1220.4,160,
2026-04-10T14:16:09.499,NC,COFORGE,1221.0,1271.0,1272.0,1213.0,1264.9,3395749,1228.1,1220.9,4,1221.3,185,
2026-04-10T14:16:16.207,NC,COFORGE,1222.0,1271.0,1272.0,1213.0,1264.9,3398617,1228.09,1222.0,99,1222.3,89,
2026-04-10T14:16:22.721,NC,COFORGE,1221.9,1271.0,1272.0,1213.0,1264.9,3398836,1228.09,1221.4,17,1221.7,47,
2026-04-10T14:16:29.154,NC,COFORGE,1221.4,1271.0,1272.0,1213.0,1264.9,3398965,1228.09,1221.0,110,1221.1,98,
2026-04-10T14:16:35.631,NC,COFORGE,1220.7,1271.0,1272.0,1213.0,1264.9,3399324,1228.09,1220.1,28,1220.5,84,
2026-04-10T14:16:41.944,NC,COFORGE,1220.0,1271.0,1272.0,1213.0,1264.9,3400721,1228.09,1220.0,197,1220.1,8,
2026-04-10T14:16:48.453,NC,COFORGE,1218.9,1271.0,1272.0,1213.0,1264.9,3401338,1228.09,1218.7,75,1219.2,88,
2026-04-10T14:16:54.865,NC,COFORGE,1218.3,1271.0,1272.0,1213.0,1264.9,3403812,1228.08,1218.2,75,1218.9,208,
2026-04-10T14:17:01.202,NC,COFORGE,1218.9,1271.0,1272.0,1213.0,1264.9,3404398,1228.08,1218.7,526,1219.4,238,
2026-04-10T14:17:07.982,NC,COFORGE,1218.9,1271.0,1272.0,1213.0,1264.9,3404866,1228.08,1218.3,78,1218.8,48,
2026-04-10T14:17:14.391,NC,COFORGE,1219.0,1271.0,1272.0,1213.0,1264.9,3405460,1228.08,1219.0,49,1219.3,27,
2026-04-10T14:17:21.703,NC,COFORGE,1219.8,1271.0,1272.0,1213.0,1264.9,3406856,1228.07,1219.4,76,1219.9,3,
2026-04-10T14:17:28.412,NC,COFORGE,1219.2,1271.0,1272.0,1213.0,1264.9,3407448,1228.07,1219.0,78,1219.5,134,
2026-04-10T14:17:34.806,NC,COFORGE,1220.0,1271.0,1272.0,1213.0,1264.9,3408693,1228.07,1219.6,140,1220.2,49,
2026-04-10T14:17:41.416,NC,COFORGE,1219.6,1271.0,1272.0,1213.0,1264.9,3409143,1228.07,1219.5,83,1220.1,68,
2026-04-10T14:17:47.942,NC,COFORGE,1219.9,1271.0,1272.0,1213.0,1264.9,3409638,1228.07,1219.6,100,1219.9,256,
2026-04-10T14:17:54.254,NC,COFORGE,1219.9,1271.0,1272.0,1213.0,1264.9,3409766,1228.07,1219.6,121,1219.9,86,
2026-04-10T14:18:00.445,NC,COFORGE,1219.9,1271.0,1272.0,1213.0,1264.9,3409971,1228.07,1219.6,34,1219.9,72,
2026-04-10T14:18:06.476,NC,COFORGE,1219.7,1271.0,1272.0,1213.0,1264.9,3410120,1228.07,1219.5,100,1219.9,103,
2026-04-10T14:18:12.765,NC,COFORGE,1220.0,1271.0,1272.0,1213.0,1264.9,3410515,1228.06,1219.9,5,1220.0,153,
2026-04-10T14:18:18.767,NC,COFORGE,1219.3,1271.0,1272.0,1213.0,1264.9,3410541,1228.06,1219.4,355,1220.0,574,
2026-04-10T14:18:24.484,NC,COFORGE,1219.5,1271.0,1272.0,1213.0,1264.9,3410629,1228.06,1219.3,2,1219.5,23,
2026-04-10T14:18:29.905,NC,COFORGE,1220.0,1271.0,1272.0,1213.0,1264.9,3410898,1228.06,1219.5,12,1220.0,545,
2026-04-10T14:18:35.603,NC,COFORGE,1219.2,1271.0,1272.0,1213.0,1264.9,3411479,1228.06,1219.2,37,1219.7,24,
2026-04-10T14:18:41.213,NC,COFORGE,1219.7,1271.0,1272.0,1213.0,1264.9,3412845,1228.06,1219.3,57,1219.7,1,
2026-04-10T14:18:52.650,NC,COFORGE,1219.7,1271.0,1272.0,1213.0,1264.9,3412971,1228.06,1219.5,2,1219.7,2,
2026-04-10T14:18:58.169,NC,COFORGE,1219.7,1271.0,1272.0,1213.0,1264.9,3413305,1228.06,1219.5,131,1220.0,321,
2026-04-10T14:19:03.949,NC,COFORGE,1220.4,1271.0,1272.0,1213.0,1264.9,3419470,1228.04,1220.3,24,1220.6,108,
2026-04-10T14:19:10.157,NC,COFORGE,1220.6,1271.0,1272.0,1213.0,1264.9,3419736,1228.04,1220.4,25,1220.6,72,
2026-04-10T14:19:16.076,NC,COFORGE,1220.5,1271.0,1272.0,1213.0,1264.9,3420257,1228.04,1220.2,35,1220.3,5,
2026-04-10T14:19:21.871,NC,COFORGE,1220.3,1271.0,1272.0,1213.0,1264.9,3420479,1228.04,1220.1,27,1220.3,228,
2026-04-10T14:19:27.680,NC,COFORGE,1219.8,1271.0,1272.0,1213.0,1264.9,3421527,1228.04,1219.5,113,1219.7,1,
2026-04-10T14:19:33.097,NC,COFORGE,1219.8,1271.0,1272.0,1213.0,1264.9,3421640,1228.04,1219.5,218,1219.8,9,
2026-04-10T14:19:38.695,NC,COFORGE,1219.8,1271.0,1272.0,1213.0,1264.9,3421729,1228.04,1219.6,31,1219.8,71,
2026-04-10T14:19:44.411,NC,COFORGE,1220.7,1271.0,1272.0,1213.0,1264.9,3422386,1228.04,1220.2,230,1220.7,16,
2026-04-10T14:19:50.623,NC,COFORGE,1220.5,1271.0,1272.0,1213.0,1264.9,3422487,1228.04,1220.4,1,1220.5,26,
2026-04-10T14:19:56.434,NC,COFORGE,1220.4,1271.0,1272.0,1213.0,1264.9,3422686,1228.04,1220.2,16,1220.4,6,
2026-04-10T14:20:01.841,NC,COFORGE,1220.2,1271.0,1272.0,1213.0,1264.9,3422736,1228.04,1220.0,601,1220.2,3,
2026-04-10T14:20:07.555,NC,COFORGE,1220.3,1271.0,1272.0,1213.0,1264.9,3423130,1228.04,1220.2,29,1220.3,164,
2026-04-10T14:20:13.561,NC,COFORGE,1220.8,1271.0,1272.0,1213.0,1264.9,3423520,1228.03,1220.5,23,1220.8,197,
2026-04-10T14:20:19.159,NC,COFORGE,1220.5,1271.0,1272.0,1213.0,1264.9,3423745,1228.03,1220.3,5,1220.5,169,
2026-04-10T14:20:24.771,NC,COFORGE,1220.2,1271.0,1272.0,1213.0,1264.9,3423814,1228.03,1220.2,16,1220.5,40,
2026-04-10T14:20:30.190,NC,COFORGE,1220.2,1271.0,1272.0,1213.0,1264.9,3423845,1228.03,1220.0,111,1220.2,7,
2026-04-10T14:20:35.679,NC,COFORGE,1220.0,1271.0,1272.0,1213.0,1264.9,3423919,1228.03,1220.0,74,1220.2,3,
2026-04-10T14:20:41.078,NC,COFORGE,1220.3,1271.0,1272.0,1213.0,1264.9,3424594,1228.03,1220.3,4,1220.5,134,
2026-04-10T14:20:46.785,NC,COFORGE,1219.9,1271.0,1272.0,1213.0,1264.9,3425116,1228.03,1220.3,1,1220.4,111,
2026-04-10T14:20:52.492,NC,COFORGE,1220.4,1271.0,1272.0,1213.0,1264.9,3425131,1228.03,1220.0,10,1220.3,156,
2026-04-10T14:20:57.934,NC,COFORGE,1220.0,1271.0,1272.0,1213.0,1264.9,3425284,1228.03,1219.8,104,1220.0,3,
2026-04-10T14:21:03.513,NC,COFORGE,1220.0,1271.0,1272.0,1213.0,1264.9,3425347,1228.03,1219.8,149,1220.0,33,
2026-04-10T14:21:09.423,NC,COFORGE,1220.4,1271.0,1272.0,1213.0,1264.9,3425416,1228.03,1219.8,158,1220.4,186,
2026-04-10T14:21:15.236,NC,COFORGE,1220.4,1271.0,1272.0,1213.0,1264.9,3425598,1228.03,1220.2,23,1220.4,95,
2026-04-10T14:21:20.752,NC,COFORGE,1220.4,1271.0,1272.0,1213.0,1264.9,3425857,1228.03,1219.9,90,1220.4,57,
2026-04-10T14:21:26.368,NC,COFORGE,1219.9,1271.0,1272.0,1213.0,1264.9,3425953,1228.03,1219.8,140,1219.9,5,
2026-04-10T14:21:31.574,NC,COFORGE,1220.0,1271.0,1272.0,1213.0,1264.9,3426010,1228.03,1219.8,100,1219.9,3,
2026-04-10T14:21:36.888,NC,COFORGE,1219.9,1271.0,1272.0,1213.0,1264.9,3426069,1228.03,1220.0,9,1220.2,3133,
2026-04-10T14:21:42.388,NC,COFORGE,1220.1,1271.0,1272.0,1213.0,1264.9,3426728,1228.03,1220.0,9,1220.1,6,
2026-04-10T14:21:48.197,NC,COFORGE,1220.0,1271.0,1272.0,1213.0,1264.9,3426767,1228.03,1219.9,125,1220.2,2921,
2026-04-10T14:21:53.704,NC,COFORGE,1220.2,1271.0,1272.0,1213.0,1264.9,3426801,1228.03,1220.0,2,1220.2,2945,
2026-04-10T14:21:59.215,NC,COFORGE,1220.0,1271.0,1272.0,1213.0,1264.9,3426823,1228.03,1219.9,140,1220.0,3,
2026-04-10T14:22:04.721,NC,COFORGE,1220.0,1271.0,1272.0,1213.0,1264.9,3426931,1228.03,1219.9,102,1220.0,22,
2026-04-10T14:22:10.230,NC,COFORGE,1220.2,1271.0,1272.0,1213.0,1264.9,3427025,1228.03,1220.0,36,1220.2,181,
2026-04-10T14:22:16.038,NC,COFORGE,1220.1,1271.0,1272.0,1213.0,1264.9,3427289,1228.03,1220.1,156,1220.2,117,
2026-04-10T14:22:21.541,NC,COFORGE,1221.4,1271.0,1272.0,1213.0,1264.9,3435325,1228.01,1221.4,191,1221.8,1,
2026-04-10T14:22:27.346,NC,COFORGE,1221.4,1271.0,1272.0,1213.0,1264.9,3435450,1228.01,1221.0,176,1221.4,379,
2026-04-10T14:22:32.961,NC,COFORGE,1221.0,1271.0,1272.0,1213.0,1264.9,3436369,1228.01,1221.0,140,1221.5,94,
2026-04-10T14:22:38.366,NC,COFORGE,1221.5,1271.0,1272.0,1213.0,1264.9,3436745,1228.01,1221.0,92,1221.5,128,
2026-04-10T14:22:43.772,NC,COFORGE,1221.0,1271.0,1272.0,1213.0,1264.9,3437351,1228.0,1221.0,105,1221.1,9,
2026-04-10T14:22:48.978,NC,COFORGE,1221.1,1271.0,1272.0,1213.0,1264.9,3437381,1228.0,1221.0,109,1221.1,4,
2026-04-10T14:22:54.482,NC,COFORGE,1221.0,1271.0,1272.0,1213.0,1264.9,3437795,1228.0,1221.0,38,1221.1,136,
2026-04-10T14:23:00.200,NC,COFORGE,1221.0,1271.0,1272.0,1213.0,1264.9,3438243,1228.0,1220.7,28,1221.0,2173,
2026-04-10T14:23:06.302,NC,COFORGE,1221.0,1271.0,1272.0,1213.0,1264.9,3438298,1228.0,1220.9,7,1221.0,2330,
2026-04-10T14:23:11.997,NC,COFORGE,1220.9,1271.0,1272.0,1213.0,1264.9,3438370,1228.0,1220.8,3,1220.9,87,
2026-04-10T14:23:17.606,NC,COFORGE,1220.6,1271.0,1272.0,1213.0,1264.9,3438686,1228.0,1220.6,27,1220.7,249,
2026-04-10T14:23:23.220,NC,COFORGE,1220.6,1271.0,1272.0,1213.0,1264.9,3438868,1228.0,1220.5,1,1220.6,9,
2026-04-10T14:23:28.821,NC,COFORGE,1220.3,1271.0,1272.0,1213.0,1264.9,3440104,1228.0,1220.3,11,1220.4,1,
2026-04-10T14:23:34.636,NC,COFORGE,1220.4,1271.0,1272.0,1213.0,1264.9,3440430,1228.0,1220.3,68,1220.4,4,
2026-04-10T14:23:40.332,NC,COFORGE,1220.5,1271.0,1272.0,1213.0,1264.9,3440677,1228.0,1220.6,1,1220.8,212,
2026-04-10T14:23:45.935,NC,COFORGE,1220.6,1271.0,1272.0,1213.0,1264.9,3440769,1228.0,1220.6,112,1220.7,9,
2026-04-10T14:23:51.443,NC,COFORGE,1220.8,1271.0,1272.0,1213.0,1264.9,3440923,1228.0,1220.8,5,1221.0,374,
2026-04-10T14:23:56.975,NC,COFORGE,1220.8,1271.0,1272.0,1213.0,1264.9,3441449,1228.0,1220.6,6,1220.8,159,
2026-04-10T14:24:02.658,NC,COFORGE,1220.6,1271.0,1272.0,1213.0,1264.9,3442401,1227.99,1220.6,3,1220.8,206,
2026-04-10T14:24:08.463,NC,COFORGE,1220.7,1271.0,1272.0,1213.0,1264.9,3445606,1227.99,1220.3,14,1220.7,30,
2026-04-10T14:24:15.003,NC,COFORGE,1221.1,1271.0,1272.0,1213.0,1264.9,3446462,1227.99,1221.0,192,1221.1,5,
2026-04-10T14:24:21.286,NC,COFORGE,1221.0,1271.0,1272.0,1213.0,1264.9,3447662,1227.98,1221.0,6,1221.1,75,
2026-04-10T14:24:27.197,NC,COFORGE,1221.0,1271.0,1272.0,1213.0,1264.9,3447772,1227.98,1221.0,121,1221.1,51,
2026-04-10T14:24:33.213,NC,COFORGE,1221.1,1271.0,1272.0,1213.0,1264.9,3448903,1227.98,1221.0,110,1221.1,21,
2026-04-10T14:24:39.119,NC,COFORGE,1221.4,1271.0,1272.0,1213.0,1264.9,3449959,1227.98,1221.0,100,1221.4,240,
2026-04-10T14:24:44.832,NC,COFORGE,1220.7,1271.0,1272.0,1213.0,1264.9,3450461,1227.98,1220.6,34,1220.7,292,
2026-04-10T14:24:50.535,NC,COFORGE,1221.0,1271.0,1272.0,1213.0,1264.9,3452430,1227.97,1220.9,8,1221.0,93,
2026-04-10T14:24:55.841,NC,COFORGE,1221.0,1271.0,1272.0,1213.0,1264.9,3453934,1227.97,1221.0,37,1221.1,102,
2026-04-10T14:25:01.443,NC,COFORGE,1220.7,1271.0,1272.0,1213.0,1264.9,3456474,1227.96,1220.7,2,1220.8,149,
2026-04-10T14:25:07.449,NC,COFORGE,1220.1,1271.0,1272.0,1213.0,1264.9,3457322,1227.96,1220.0,1,1220.3,24,
2026-04-10T14:25:13.155,NC,COFORGE,1220.0,1271.0,1272.0,1213.0,1264.9,3459115,1227.96,1220.0,1,1220.3,141,
2026-04-10T14:25:18.960,NC,COFORGE,1220.1,1271.0,1272.0,1213.0,1264.9,3459714,1227.96,1220.0,13,1220.1,62,
2026-04-10T14:25:25.068,NC,COFORGE,1220.1,1271.0,1272.0,1213.0,1264.9,3460359,1227.96,1219.9,1,1220.1,96,
2026-04-10T14:25:30.971,NC,COFORGE,1220.0,1271.0,1272.0,1213.0,1264.9,3461205,1227.95,1219.9,7,1220.1,99,
2026-04-10T14:25:37.078,NC,COFORGE,1220.1,1271.0,1272.0,1213.0,1264.9,3461260,1227.95,1220.0,8,1220.1,30,
2026-04-10T14:25:42.982,NC,COFORGE,1220.4,1271.0,1272.0,1213.0,1264.9,3461603,1227.95,1220.3,1,1220.4,4,
2026-04-10T14:25:44.282,NC,COFORGE,1220.4,1271.0,1272.0,1213.0,1264.9,3461633,1227.95,1220.3,1,1220.5,9,
2026-04-10T14:25:45.384,NC,COFORGE,1220.4,1271.0,1272.0,1213.0,1264.9,3461669,1227.95,1220.3,1,1220.6,88,
2026-04-10T14:25:46.384,NC,COFORGE,1220.3,1271.0,1272.0,1213.0,1264.9,3461702,1227.95,1220.2,2,1220.3,1,
2026-04-10T14:25:50.597,NC,COFORGE,1220.4,1271.0,1272.0,1213.0,1264.9,3461709,1227.95,1220.3,1,1220.4,100,
2026-04-10T14:25:52.697,NC,COFORGE,1220.4,1271.0,1272.0,1213.0,1264.9,3461710,1227.95,1220.3,3,1220.4,28,
2026-04-10T14:25:53.801,NC,COFORGE,1220.5,1271.0,1272.0,1213.0,1264.9,3461747,1227.95,1220.5,2,1220.6,8,
2026-04-10T14:25:56.010,NC,COFORGE,1220.5,1271.0,1272.0,1213.0,1264.9,3461755,1227.95,1220.4,1,1220.5,8,
2026-04-10T14:25:57.011,NC,COFORGE,1220.5,1271.0,1272.0,1213.0,1264.9,3461756,1227.95,1220.4,2,1220.5,11,
2026-04-10T14:25:58.029,NC,COFORGE,1220.1,1271.0,1272.0,1213.0,1264.9,3462131,1227.95,1220.4,5,1220.5,20,
2026-04-10T14:25:59.014,NC,COFORGE,1220.4,1271.0,1272.0,1213.0,1264.9,3462296,1227.95,1220.1,3,1220.4,3120,
2026-04-10T14:26:02.023,NC,COFORGE,1220.4,1271.0,1272.0,1213.0,1264.9,3462361,1227.95,1220.2,239,1220.4,3208,
2026-04-10T14:26:03.015,NC,COFORGE,1220.4,1271.0,1272.0,1213.0,1264.9,3462370,1227.95,1220.3,2,1220.4,3199,
2026-04-10T14:26:03.922,NC,COFORGE,1220.4,1271.0,1272.0,1213.0,1264.9,3462520,1227.95,1220.3,4,1220.4,3049,
2026-04-10T14:26:06.052,NC,COFORGE,1220.3,1271.0,1272.0,1213.0,1264.9,3462527,1227.95,1220.3,6,1220.4,3463,
2026-04-10T14:26:09.238,NC,COFORGE,1220.2,1271.0,1272.0,1213.0,1264.9,3462844,1227.95,1220.1,506,1220.2,339,
2026-04-10T14:26:11.338,NC,COFORGE,1220.2,1271.0,1272.0,1213.0,1264.9,3462920,1227.95,1220.1,434,1220.2,371,
2026-04-10T14:26:13.535,NC,COFORGE,1220.0,1271.0,1272.0,1213.0,1264.9,3463936,1227.95,1219.8,12,1220.1,17,
2026-04-10T14:26:15.750,NC,COFORGE,1219.9,1271.0,1272.0,1213.0,1264.9,3464042,1227.95,1219.9,3,1220.1,23,
2026-04-10T14:26:17.862,NC,COFORGE,1220.1,1271.0,1272.0,1213.0,1264.9,3464048,1227.95,1220.0,1,1220.1,38,
2026-04-10T14:26:18.949,NC,COFORGE,1220.1,1271.0,1272.0,1213.0,1264.9,3464056,1227.95,1220.0,15,1220.1,86,
2026-04-10T14:26:20.078,NC,COFORGE,1220.0,1271.0,1272.0,1213.0,1264.9,3464066,1227.95,1220.0,6,1220.1,86,
2026-04-10T14:26:21.155,NC,COFORGE,1220.1,1271.0,1272.0,1213.0,1264.9,3464074,1227.95,1220.0,7,1220.1,78,
2026-04-10T14:26:22.253,NC,COFORGE,1220.0,1271.0,1272.0,1213.0,1264.9,3464174,1227.95,1220.0,14,1220.1,78,
2026-04-10T14:26:23.359,NC,COFORGE,1220.0,1271.0,1272.0,1213.0,1264.9,3464175,1227.95,1220.0,14,1220.1,78,
2026-04-10T14:26:24.459,NC,COFORGE,1220.1,1271.0,1272.0,1213.0,1264.9,3464205,1227.95,1220.0,15,1220.1,90,
2026-04-10T14:26:25.471,NC,COFORGE,1220.0,1271.0,1272.0,1213.0,1264.9,3464265,1227.95,1219.9,173,1220.0,107,
2026-04-10T14:26:26.462,NC,COFORGE,1220.1,1271.0,1272.0,1213.0,1264.9,3464561,1227.95,1219.9,4,1220.0,1,
2026-04-10T14:26:27.571,NC,COFORGE,1220.0,1271.0,1272.0,1213.0,1264.9,3464565,1227.95,1219.9,6,1220.1,10,
2026-04-10T14:26:29.562,NC,COFORGE,1220.0,1271.0,1272.0,1213.0,1264.9,3464573,1227.95,1220.0,2,1220.1,7,
2026-04-10T14:26:30.567,NC,COFORGE,1220.1,1271.0,1272.0,1213.0,1264.9,3464575,1227.95,1220.0,293,1220.1,5,
2026-04-10T14:26:33.783,NC,COFORGE,1220.0,1271.0,1272.0,1213.0,1264.9,3464583,1227.95,1220.0,291,1220.1,5,
2026-04-10T14:26:34.771,NC,COFORGE,1220.0,1271.0,1272.0,1213.0,1264.9,3464898,1227.95,1220.0,10,1220.1,6,
2026-04-10T14:26:35.972,NC,COFORGE,1220.1,1271.0,1272.0,1213.0,1264.9,3464973,1227.95,1219.8,1,1220.1,416,
2026-04-10T14:26:36.881,NC,COFORGE,1220.0,1271.0,1272.0,1213.0,1264.9,3464996,1227.95,1219.9,1,1220.1,78,
2026-04-10T14:26:39.081,NC,COFORGE,1220.1,1271.0,1272.0,1213.0,1264.9,3465349,1227.94,1220.0,2,1220.1,3,
2026-04-10T14:26:40.074,NC,COFORGE,1219.5,1271.0,1272.0,1213.0,1264.9,3465449,1227.94,1219.6,74,1220.1,45,
2026-04-10T14:26:41.180,NC,COFORGE,1219.6,1271.0,1272.0,1213.0,1264.9,3465521,1227.94,1219.8,1,1220.1,6,
2026-04-10T14:26:42.283,NC,COFORGE,1219.5,1271.0,1272.0,1213.0,1264.9,3465821,1227.94,1219.8,4,1220.0,200,
2026-04-10T14:26:43.386,NC,COFORGE,1219.9,1271.0,1272.0,1213.0,1264.9,3466037,1227.94,1219.9,3,1220.1,34,
2026-04-10T14:26:48.603,NC,COFORGE,1219.9,1271.0,1272.0,1213.0,1264.9,3466256,1227.94,1219.9,1,1220.1,26,
2026-04-10T14:26:54.518,NC,COFORGE,1220.1,1271.0,1272.0,1213.0,1264.9,3466600,1227.94,1220.0,3,1220.1,7,
2026-04-10T14:27:00.608,NC,COFORGE,1220.1,1271.0,1272.0,1213.0,1264.9,3467558,1227.94,1219.8,6,1220.1,10,
2026-04-10T14:27:06.412,NC,COFORGE,1220.1,1271.0,1272.0,1213.0,1264.9,3467665,1227.94,1220.0,13,1220.1,12,
2026-04-10T14:27:12.331,NC,COFORGE,1220.0,1271.0,1272.0,1213.0,1264.9,3467840,1227.94,1220.0,183,1220.1,14,
2026-04-10T14:27:18.250,NC,COFORGE,1219.6,1271.0,1272.0,1213.0,1264.9,3468762,1227.94,1219.9,6,1220.1,9,
2026-04-10T14:27:24.158,NC,COFORGE,1220.0,1271.0,1272.0,1213.0,1264.9,3469184,1227.94,1219.6,157,1220.0,400,
2026-04-10T14:27:30.200,NC,COFORGE,1220.1,1271.0,1272.0,1213.0,1264.9,3469739,1227.93,1220.0,362,1220.1,2,
2026-04-10T14:27:36.093,NC,COFORGE,1220.0,1271.0,1272.0,1213.0,1264.9,3470255,1227.93,1220.0,6,1220.1,6,
2026-04-10T14:27:41.984,NC,COFORGE,1220.0,1271.0,1272.0,1213.0,1264.9,3473652,1227.93,1219.9,104,1220.1,6,
2026-04-10T14:27:47.696,NC,COFORGE,1219.6,1271.0,1272.0,1213.0,1264.9,3474453,1227.92,1219.6,48,1220.0,12,
2026-04-10T14:27:53.404,NC,COFORGE,1220.1,1271.0,1272.0,1213.0,1264.9,3475198,1227.92,1220.0,4,1220.1,36,
2026-04-10T14:27:59.114,NC,COFORGE,1220.0,1271.0,1272.0,1213.0,1264.9,3475591,1227.92,1220.0,1,1220.1,11,
2026-04-10T14:28:05.022,NC,COFORGE,1219.9,1271.0,1272.0,1213.0,1264.9,3475729,1227.92,1219.6,344,1220.1,9,
2026-04-10T14:28:11.123,NC,COFORGE,1219.5,1271.0,1272.0,1213.0,1264.9,3476172,1227.92,1219.4,159,1219.5,30,
2026-04-10T14:28:17.239,NC,COFORGE,1220.0,1271.0,1272.0,1213.0,1264.9,3476308,1227.92,1219.4,134,1220.0,132,
2026-04-10T14:28:23.337,NC,COFORGE,1219.8,1271.0,1272.0,1213.0,1264.9,3476569,1227.92,1219.6,3,1219.8,199,
2026-04-10T14:28:29.149,NC,COFORGE,1219.5,1271.0,1272.0,1213.0,1264.9,3476852,1227.92,1219.5,94,1219.6,8,
2026-04-10T14:28:35.259,NC,COFORGE,1219.8,1271.0,1272.0,1213.0,1264.9,3477185,1227.92,1219.6,1,1219.8,40,
2026-04-10T14:28:41.466,NC,COFORGE,1220.1,1271.0,1272.0,1213.0,1264.9,3477666,1227.92,1219.9,1,1220.1,95,
2026-04-10T14:28:47.575,NC,COFORGE,1219.9,1271.0,1272.0,1213.0,1264.9,3477739,1227.92,1220.0,1,1220.2,118,
2026-04-10T14:28:53.409,NC,COFORGE,1219.8,1271.0,1272.0,1213.0,1264.9,3477815,1227.92,1219.5,134,1219.8,38,
2026-04-10T14:28:59.414,NC,COFORGE,1219.9,1271.0,1272.0,1213.0,1264.9,3478365,1227.91,1219.9,1,1220.1,4,
2026-04-10T14:29:05.805,NC,COFORGE,1219.9,1271.0,1272.0,1213.0,1264.9,3478866,1227.91,1219.9,1,1220.0,472,
2026-04-10T14:29:12.035,NC,COFORGE,1220.0,1271.0,1272.0,1213.0,1264.9,3478987,1227.91,1219.8,1,1220.0,471,
2026-04-10T14:29:18.226,NC,COFORGE,1219.8,1271.0,1272.0,1213.0,1264.9,3479119,1227.91,1219.8,100,1220.0,440,
2026-04-10T14:29:24.432,NC,COFORGE,1219.9,1271.0,1272.0,1213.0,1264.9,3479173,1227.91,1219.9,47,1220.0,426,
2026-04-10T14:29:30.243,NC,COFORGE,1220.0,1271.0,1272.0,1213.0,1264.9,3479579,1227.91,1219.9,281,1220.0,495,
2026-04-10T14:29:36.439,NC,COFORGE,1219.9,1271.0,1272.0,1213.0,1264.9,3479908,1227.91,1219.8,19,1219.9,73,
2026-04-10T14:29:43.152,NC,COFORGE,1219.9,1271.0,1272.0,1213.0,1264.9,3480326,1227.91,1219.9,10,1220.0,584,
2026-04-10T14:29:49.874,NC,COFORGE,1220.0,1271.0,1272.0,1213.0,1264.9,3480467,1227.91,1219.9,25,1220.0,570,
2026-04-10T14:29:56.875,NC,COFORGE,1220.9,1271.0,1272.0,1213.0,1264.9,3482542,1227.9,1220.6,3,1220.9,168,
2026-04-10T14:30:03.482,NC,COFORGE,1220.4,1271.0,1272.0,1213.0,1264.9,3483097,1227.9,1220.5,1,1220.7,161,
2026-04-10T14:30:10.393,NC,COFORGE,1220.6,1271.0,1272.0,1213.0,1264.9,3483197,1227.9,1220.6,2,1220.7,29,
2026-04-10T14:30:17.096,NC,COFORGE,1220.7,1271.0,1272.0,1213.0,1264.9,3483292,1227.9,1220.5,1,1220.7,109,
2026-04-10T14:30:23.544,NC,COFORGE,1220.7,1271.0,1272.0,1213.0,1264.9,3483936,1227.9,1220.6,1,1220.7,71,
2026-04-10T14:30:29.821,NC,COFORGE,1220.7,1271.0,1272.0,1213.0,1264.9,3483973,1227.9,1220.7,72,1221.0,460,
2026-04-10T14:30:36.328,NC,COFORGE,1220.8,1271.0,1272.0,1213.0,1264.9,3484018,1227.9,1220.9,7,1221.0,477,
2026-04-10T14:30:42.744,NC,COFORGE,1221.2,1271.0,1272.0,1213.0,1264.9,3485419,1227.9,1220.9,150,1221.5,71,
2026-04-10T14:30:49.358,NC,COFORGE,1220.8,1271.0,1272.0,1213.0,1264.9,3485837,1227.9,1220.9,15,1221.0,2757,
2026-04-10T14:30:55.866,NC,COFORGE,1220.8,1271.0,1272.0,1213.0,1264.9,3486339,1227.9,1220.8,6,1221.0,2719,
2026-04-10T14:31:01.643,NC,COFORGE,1220.9,1271.0,1272.0,1213.0,1264.9,3486700,1227.9,1220.7,15,1220.8,83,
2026-04-10T14:31:07.651,NC,COFORGE,1220.8,1271.0,1272.0,1213.0,1264.9,3486958,1227.9,1220.7,6,1220.8,8,
2026-04-10T14:31:13.843,NC,COFORGE,1220.6,1271.0,1272.0,1213.0,1264.9,3488172,1227.89,1220.7,21,1220.8,8,
2026-04-10T14:31:19.656,NC,COFORGE,1220.8,1271.0,1272.0,1213.0,1264.9,3488334,1227.89,1220.7,58,1220.8,113,
2026-04-10T14:31:25.460,NC,COFORGE,1220.8,1271.0,1272.0,1213.0,1264.9,3488602,1227.89,1220.7,1,1220.8,15,
2026-04-10T14:31:31.069,NC,COFORGE,1220.8,1271.0,1272.0,1213.0,1264.9,3488621,1227.89,1220.7,324,1220.8,10,
2026-04-10T14:31:36.776,NC,COFORGE,1221.0,1271.0,1272.0,1213.0,1264.9,3488737,1227.89,1221.0,2,1221.2,241,
2026-04-10T14:31:42.488,NC,COFORGE,1221.0,1271.0,1272.0,1213.0,1264.9,3489385,1227.89,1221.0,5,1221.2,36,
2026-04-10T14:31:47.894,NC,COFORGE,1221.2,1271.0,1272.0,1213.0,1264.9,3489405,1227.89,1221.0,5,1221.2,20,
2026-04-10T14:31:53.115,NC,COFORGE,1221.0,1271.0,1272.0,1213.0,1264.9,3489479,1227.89,1221.0,44,1221.4,98,
2026-04-10T14:31:58.406,NC,COFORGE,1221.2,1271.0,1272.0,1213.0,1264.9,3489623,1227.89,1221.2,238,1221.4,71,
2026-04-10T14:32:03.829,NC,COFORGE,1221.9,1271.0,1272.0,1213.0,1264.9,3489734,1227.89,1221.4,391,1221.9,227,
2026-04-10T14:32:09.419,NC,COFORGE,1221.4,1271.0,1272.0,1213.0,1264.9,3490165,1227.89,1221.2,138,1221.4,366,
2026-04-10T14:32:15.029,NC,COFORGE,1221.2,1271.0,1272.0,1213.0,1264.9,3490200,1227.89,1221.2,69,1221.4,390,
2026-04-10T14:32:20.327,NC,COFORGE,1218.9,1271.0,1272.0,1213.0,1264.9,3501856,1227.86,1218.7,19,1218.9,329,
2026-04-10T14:32:25.646,NC,COFORGE,1218.5,1271.0,1272.0,1213.0,1264.9,3503311,1227.86,1218.4,132,1219.0,199,
2026-04-10T14:32:30.756,NC,COFORGE,1218.3,1271.0,1272.0,1213.0,1264.9,3504812,1227.85,1218.4,11,1218.9,518,
2026-04-10T14:32:35.846,NC,COFORGE,1218.3,1271.0,1272.0,1213.0,1264.9,3505033,1227.85,1218.4,52,1218.6,335,
2026-04-10T14:32:41.155,NC,COFORGE,1218.8,1271.0,1272.0,1213.0,1264.9,3506611,1227.85,1218.8,9,1219.1,129,
2026-04-10T14:32:44.355,NC,COFORGE,1219.2,1271.0,1272.0,1213.0,1264.9,3506672,1227.85,1219.0,9,1219.1,28,
2026-04-10T14:32:46.354,NC,COFORGE,1219.0,1271.0,1272.0,1213.0,1264.9,3506697,1227.85,1219.0,5,1219.1,28,
2026-04-10T14:32:47.256,NC,COFORGE,1219.1,1271.0,1272.0,1213.0,1264.9,3506732,1227.85,1219.0,2,1219.1,25,
2026-04-10T14:32:48.359,NC,COFORGE,1218.7,1271.0,1272.0,1213.0,1264.9,3507163,1227.85,1218.5,28,1218.9,1,
2026-04-10T14:32:49.362,NC,COFORGE,1218.9,1271.0,1272.0,1213.0,1264.9,3507188,1227.85,1218.7,1,1218.9,37,
2026-04-10T14:32:50.359,NC,COFORGE,1218.9,1271.0,1272.0,1213.0,1264.9,3507196,1227.85,1218.8,1,1218.9,54,
2026-04-10T14:32:51.361,NC,COFORGE,1218.8,1271.0,1272.0,1213.0,1264.9,3507209,1227.85,1218.6,58,1218.8,2934,
2026-04-10T14:32:52.364,NC,COFORGE,1218.7,1271.0,1272.0,1213.0,1264.9,3507210,1227.85,1218.6,1,1218.8,2977,
2026-04-10T14:32:53.370,NC,COFORGE,1218.8,1271.0,1272.0,1213.0,1264.9,3507241,1227.85,1218.6,2,1218.8,2946,
2026-04-10T14:32:54.381,NC,COFORGE,1218.7,1271.0,1272.0,1213.0,1264.9,3507244,1227.85,1218.7,1,1218.8,2946,
2026-04-10T14:32:55.372,NC,COFORGE,1218.7,1271.0,1272.0,1213.0,1264.9,3507259,1227.85,1218.7,1,1218.8,3039,
2026-04-10T14:32:56.366,NC,COFORGE,1218.8,1271.0,1272.0,1213.0,1264.9,3507263,1227.85,1218.6,2,1218.8,3036,
2026-04-10T14:32:57.366,NC,COFORGE,1218.7,1271.0,1272.0,1213.0,1264.9,3507291,1227.85,1218.7,1,1218.8,3011,
2026-04-10T14:32:58.395,NC,COFORGE,1218.8,1271.0,1272.0,1213.0,1264.9,3507404,1227.85,1218.6,2,1218.8,2901,
2026-04-10T14:32:59.378,NC,COFORGE,1218.6,1271.0,1272.0,1213.0,1264.9,3507426,1227.85,1218.4,50,1218.6,151,
2026-04-10T14:33:00.281,NC,COFORGE,1218.6,1271.0,1272.0,1213.0,1264.9,3507452,1227.85,1218.4,438,1218.6,52,
2026-04-10T14:33:01.375,NC,COFORGE,1218.6,1271.0,1272.0,1213.0,1264.9,3507454,1227.85,1218.5,1,1218.6,51,
2026-04-10T14:33:02.370,NC,COFORGE,1218.6,1271.0,1272.0,1213.0,1264.9,3507464,1227.85,1218.5,1,1218.6,57,
2026-04-10T14:33:04.393,NC,COFORGE,1218.7,1271.0,1272.0,1213.0,1264.9,3507632,1227.85,1218.6,2,1218.7,30,
2026-04-10T14:33:05.373,NC,COFORGE,1218.7,1271.0,1272.0,1213.0,1264.9,3507653,1227.85,1218.6,5,1218.7,9,
2026-04-10T14:33:06.379,NC,COFORGE,1218.8,1271.0,1272.0,1213.0,1264.9,3507673,1227.84,1218.6,5,1218.8,2762,
2026-04-10T14:33:08.281,NC,COFORGE,1218.8,1271.0,1272.0,1213.0,1264.9,3507679,1227.84,1218.7,2,1218.8,2782,
2026-04-10T14:33:09.279,NC,COFORGE,1218.8,1271.0,1272.0,1213.0,1264.9,3507749,1227.84,1218.7,332,1218.8,2713,
2026-04-10T14:33:10.379,NC,COFORGE,1218.8,1271.0,1272.0,1213.0,1264.9,3507792,1227.84,1218.7,335,1218.8,2670,
2026-04-10T14:33:11.389,NC,COFORGE,1218.7,1271.0,1272.0,1213.0,1264.9,3507793,1227.84,1218.7,319,1218.8,2669,
2026-04-10T14:33:12.288,NC,COFORGE,1218.8,1271.0,1272.0,1213.0,1264.9,3507803,1227.84,1218.7,379,1218.8,2659,
2026-04-10T14:33:12.288,NC,COFORGE,1218.8,1271.0,1272.0,1213.0,1264.9,3507803,1227.84,1218.7,379,1218.8,2659,
2026-04-10T14:33:13.378,NC,COFORGE,1218.7,1271.0,1272.0,1213.0,1264.9,3510990,1227.84,1218.8,42,1218.9,675,
2026-04-10T14:33:14.381,NC,COFORGE,1218.9,1271.0,1272.0,1213.0,1264.9,3511002,1227.84,1218.8,60,1218.9,678,
2026-04-10T14:33:15.288,NC,COFORGE,1218.8,1271.0,1272.0,1213.0,1264.9,3511015,1227.84,1218.8,50,1218.9,678,
2026-04-10T14:33:16.402,NC,COFORGE,1218.8,1271.0,1272.0,1213.0,1264.9,3511040,1227.84,1218.8,14,1218.9,678,
2026-04-10T14:33:17.406,NC,COFORGE,1218.9,1271.0,1272.0,1213.0,1264.9,3511050,1227.84,1218.8,28,1218.9,695,
2026-04-10T14:33:18.403,NC,COFORGE,1218.9,1271.0,1272.0,1213.0,1264.9,3511054,1227.84,1218.8,28,1218.9,691,
2026-04-10T14:33:19.592,NC,COFORGE,1218.8,1271.0,1272.0,1213.0,1264.9,3511065,1227.84,1218.8,68,1218.9,687,
2026-04-10T14:33:20.693,NC,COFORGE,1218.8,1271.0,1272.0,1213.0,1264.9,3511067,1227.84,1218.8,68,1218.9,686,
2026-04-10T14:33:21.794,NC,COFORGE,1218.9,1271.0,1272.0,1213.0,1264.9,3512331,1227.83,1218.9,69,1219.0,375,
2026-04-10T14:33:22.699,NC,COFORGE,1218.4,1271.0,1272.0,1213.0,1264.9,3513220,1227.83,1218.6,262,1219.0,375,
2026-04-10T14:33:23.798,NC,COFORGE,1218.8,1271.0,1272.0,1213.0,1264.9,3513265,1227.83,1218.8,12,1219.0,342,
2026-04-10T14:33:25.006,NC,COFORGE,1218.9,1271.0,1272.0,1213.0,1264.9,3513267,1227.83,1218.9,1,1219.0,342,
2026-04-10T14:33:26.103,NC,COFORGE,1219.0,1271.0,1272.0,1213.0,1264.9,3513268,1227.83,1218.9,22,1219.0,341,
2026-04-10T14:33:27.205,NC,COFORGE,1219.0,1271.0,1272.0,1213.0,1264.9,3513609,1227.83,1219.0,63,1219.1,1,
2026-04-10T14:33:28.205,NC,COFORGE,1219.1,1271.0,1272.0,1213.0,1264.9,3513620,1227.83,1219.1,41,1219.2,1,
2026-04-10T14:33:29.311,NC,COFORGE,1219.2,1271.0,1272.0,1213.0,1264.9,3513625,1227.83,1219.3,12,1219.4,5,
2026-04-10T14:33:30.309,NC,COFORGE,1219.4,1271.0,1272.0,1213.0,1264.9,3513662,1227.83,1219.4,85,1219.8,2,
2026-04-10T14:33:31.406,NC,COFORGE,1219.6,1271.0,1272.0,1213.0,1264.9,3513671,1227.83,1219.5,1,1219.7,98,
2026-04-10T14:33:32.413,NC,COFORGE,1219.7,1271.0,1272.0,1213.0,1264.9,3513674,1227.83,1219.6,5,1219.7,116,
2026-04-10T14:33:35.727,NC,COFORGE,1219.6,1271.0,1272.0,1213.0,1264.9,3513681,1227.83,1219.6,25,1219.7,21,
2026-04-10T14:33:38.718,NC,COFORGE,1220.0,1271.0,1272.0,1213.0,1264.9,3513715,1227.83,1219.8,348,1220.0,8,
2026-04-10T14:33:39.820,NC,COFORGE,1220.0,1271.0,1272.0,1213.0,1264.9,3513923,1227.83,1219.9,4,1220.0,4,
2026-04-10T14:33:40.917,NC,COFORGE,1220.0,1271.0,1272.0,1213.0,1264.9,3513957,1227.83,1219.9,3,1220.1,20,
2026-04-10T14:33:42.019,NC,COFORGE,1220.1,1271.0,1272.0,1213.0,1264.9,3513963,1227.83,1220.0,7,1220.1,14,
2026-04-10T14:33:43.123,NC,COFORGE,1220.0,1271.0,1272.0,1213.0,1264.9,3514344,1227.83,1220.0,15,1220.1,164,
2026-04-10T14:33:44.322,NC,COFORGE,1219.8,1271.0,1272.0,1213.0,1264.9,3514635,1227.83,1219.8,4,1220.0,8,
2026-04-10T14:33:45.321,NC,COFORGE,1219.6,1271.0,1272.0,1213.0,1264.9,3514800,1227.83,1219.6,32,1219.9,134,
2026-04-10T14:33:46.431,NC,COFORGE,1219.7,1271.0,1272.0,1213.0,1264.9,3514813,1227.83,1219.7,2,1219.9,126,
2026-04-10T14:33:47.537,NC,COFORGE,1219.9,1271.0,1272.0,1213.0,1264.9,3514821,1227.83,1219.7,1,1219.9,102,
2026-04-10T14:33:48.629,NC,COFORGE,1219.7,1271.0,1272.0,1213.0,1264.9,3514999,1227.83,1219.7,3,1219.9,8,
2026-04-10T14:33:50.831,NC,COFORGE,1219.9,1271.0,1272.0,1213.0,1264.9,3515014,1227.83,1219.8,16,1219.9,17,
2026-04-10T14:33:51.832,NC,COFORGE,1219.9,1271.0,1272.0,1213.0,1264.9,3515083,1227.83,1219.9,261,1220.5,427,
2026-04-10T14:33:52.838,NC,COFORGE,1220.2,1271.0,1272.0,1213.0,1264.9,3515087,1227.83,1220.2,1,1220.4,85,
2026-04-10T14:33:53.935,NC,COFORGE,1220.3,1271.0,1272.0,1213.0,1264.9,3515124,1227.83,1220.3,14,1220.4,1,
2026-04-10T14:33:56.146,NC,COFORGE,1220.0,1271.0,1272.0,1213.0,1264.9,3515245,1227.83,1219.9,118,1220.3,4,
2026-04-10T14:33:57.139,NC,COFORGE,1220.1,1271.0,1272.0,1213.0,1264.9,3515261,1227.83,1219.9,128,1220.1,164,
2026-04-10T14:33:58.264,NC,COFORGE,1220.1,1271.0,1272.0,1213.0,1264.9,3515272,1227.83,1220.0,11,1220.1,172,
2026-04-10T14:33:59.352,NC,COFORGE,1220.1,1271.0,1272.0,1213.0,1264.9,3515280,1227.83,1220.0,13,1220.1,165,
2026-04-10T14:34:01.455,NC,COFORGE,1219.8,1271.0,1272.0,1213.0,1264.9,3516121,1227.82,1219.9,11,1220.1,29,
2026-04-10T14:34:02.551,NC,COFORGE,1219.6,1271.0,1272.0,1213.0,1264.9,3516496,1227.82,1219.6,70,1220.1,68,
2026-04-10T14:34:03.676,NC,COFORGE,1220.0,1271.0,1272.0,1213.0,1264.9,3516998,1227.82,1219.7,6,1220.0,75,
2026-04-10T14:34:04.765,NC,COFORGE,1219.7,1271.0,1272.0,1213.0,1264.9,3517056,1227.82,1219.7,4,1219.8,115,
2026-04-10T14:34:05.857,NC,COFORGE,1219.7,1271.0,1272.0,1213.0,1264.9,3517065,1227.82,1219.4,1,1219.7,171,
2026-04-10T14:34:08.069,NC,COFORGE,1219.7,1271.0,1272.0,1213.0,1264.9,3517115,1227.82,1219.5,1,1219.7,29,
2026-04-10T14:34:09.134,NC,COFORGE,1219.8,1271.0,1272.0,1213.0,1264.9,3517154,1227.82,1219.5,1,1219.8,157,
2026-04-10T14:34:10.178,NC,COFORGE,1219.6,1271.0,1272.0,1213.0,1264.9,3517155,1227.82,1219.6,1,1219.8,1,
2026-04-10T14:34:11.275,NC,COFORGE,1219.6,1271.0,1272.0,1213.0,1264.9,3517156,1227.82,1219.8,1,1220.0,71,
2026-04-10T14:34:12.367,NC,COFORGE,1220.0,1271.0,1272.0,1213.0,1264.9,3517157,1227.82,1219.8,22,1220.3,282,
2026-04-10T14:34:13.470,NC,COFORGE,1219.7,1271.0,1272.0,1213.0,1264.9,3517207,1227.82,1219.4,1,1219.7,29,
2026-04-10T14:34:15.478,NC,COFORGE,1219.4,1271.0,1272.0,1213.0,1264.9,3517215,1227.82,1219.2,1,1219.4,72,
2026-04-10T14:34:17.676,NC,COFORGE,1219.4,1271.0,1272.0,1213.0,1264.9,3517218,1227.82,1219.3,1,1219.4,95,
2026-04-10T14:34:18.681,NC,COFORGE,1219.4,1271.0,1272.0,1213.0,1264.9,3517223,1227.82,1219.3,1,1219.4,91,
2026-04-10T14:34:19.601,NC,COFORGE,1219.3,1271.0,1272.0,1213.0,1264.9,3517224,1227.82,1219.2,1,1219.4,28,
2026-04-10T14:34:20.579,NC,COFORGE,1219.7,1271.0,1272.0,1213.0,1264.9,3517274,1227.82,1219.3,1,1219.7,70,
2026-04-10T14:34:22.585,NC,COFORGE,1218.7,1271.0,1272.0,1213.0,1264.9,3517784,1227.82,1218.4,21,1219.0,359,
2026-04-10T14:34:23.685,NC,COFORGE,1219.0,1271.0,1272.0,1213.0,1264.9,3517823,1227.82,1218.8,1,1219.1,164,
2026-04-10T14:34:26.786,NC,COFORGE,1219.0,1271.0,1272.0,1213.0,1264.9,3517829,1227.82,1218.8,1,1219.0,1,
2026-04-10T14:34:27.791,NC,COFORGE,1218.9,1271.0,1272.0,1213.0,1264.9,3517841,1227.82,1218.9,5,1219.2,162,
2026-04-10T14:34:27.792,NC,COFORGE,1218.9,1271.0,1272.0,1213.0,1264.9,3517841,1227.82,1218.9,5,1219.2,162,
2026-04-10T14:34:28.798,NC,COFORGE,1219.1,1271.0,1272.0,1213.0,1264.9,3517844,1227.82,1219.1,1,1219.2,220,
2026-04-10T14:34:29.794,NC,COFORGE,1219.2,1271.0,1272.0,1213.0,1264.9,3517873,1227.82,1219.0,1,1219.2,180,
2026-04-10T14:34:30.697,NC,COFORGE,1218.5,1271.0,1272.0,1213.0,1264.9,3518490,1227.82,1218.4,134,1218.9,39,
2026-04-10T14:34:31.797,NC,COFORGE,1219.1,1271.0,1272.0,1213.0,1264.9,3518500,1227.82,1218.8,1,1219.1,620,
2026-04-10T14:34:34.400,NC,COFORGE,1218.8,1271.0,1272.0,1213.0,1264.9,3518501,1227.82,1218.6,8,1219.0,127,
2026-04-10T14:34:35.501,NC,COFORGE,1219.0,1271.0,1272.0,1213.0,1264.9,3518519,1227.82,1218.8,1,1219.0,80,
2026-04-10T14:34:36.500,NC,COFORGE,1218.9,1271.0,1272.0,1213.0,1264.9,3518561,1227.82,1218.9,8,1219.0,80,
2026-04-10T14:34:37.501,NC,COFORGE,1218.8,1271.0,1272.0,1213.0,1264.9,3518607,1227.82,1218.6,8,1218.9,505,
2026-04-10T14:34:38.501,NC,COFORGE,1218.9,1271.0,1272.0,1213.0,1264.9,3518656,1227.82,1218.6,1,1218.9,440,
2026-04-10T14:34:39.504,NC,COFORGE,1218.9,1271.0,1272.0,1213.0,1264.9,3518861,1227.82,1218.7,1,1218.9,163,
2026-04-10T14:34:40.502,NC,COFORGE,1218.8,1271.0,1272.0,1213.0,1264.9,3518879,1227.82,1218.8,2,1218.9,275,
2026-04-10T14:34:41.503,NC,COFORGE,1218.8,1271.0,1272.0,1213.0,1264.9,3518891,1227.82,1218.8,3,1218.9,202,
2026-04-10T14:34:42.507,NC,COFORGE,1218.9,1271.0,1272.0,1213.0,1264.9,3518892,1227.82,1218.8,4,1218.9,201,
2026-04-10T14:34:43.509,NC,COFORGE,1218.9,1271.0,1272.0,1213.0,1264.9,3518942,1227.82,1218.8,5,1218.9,151,
2026-04-10T14:34:44.509,NC,COFORGE,1218.9,1271.0,1272.0,1213.0,1264.9,3518963,1227.82,1218.8,3,1218.9,148,
2026-04-10T14:34:45.507,NC,COFORGE,1218.4,1271.0,1272.0,1213.0,1264.9,3519532,1227.82,1218.4,27,1218.9,91,
2026-04-10T14:34:48.514,NC,COFORGE,1218.6,1271.0,1272.0,1213.0,1264.9,3519583,1227.82,1218.6,7,1218.9,516,
2026-04-10T14:34:49.521,NC,COFORGE,1218.8,1271.0,1272.0,1213.0,1264.9,3519643,1227.82,1218.7,1,1218.8,118,
2026-04-10T14:34:50.619,NC,COFORGE,1218.4,1271.0,1272.0,1213.0,1264.9,3522852,1227.81,1218.1,20,1218.6,113,
2026-04-10T14:34:51.628,NC,COFORGE,1218.7,1271.0,1272.0,1213.0,1264.9,3522902,1227.81,1218.5,1,1218.7,69,
2026-04-10T14:34:52.623,NC,COFORGE,1218.5,1271.0,1272.0,1213.0,1264.9,3522910,1227.81,1218.5,1,1218.7,68,
2026-04-10T14:34:53.627,NC,COFORGE,1218.7,1271.0,1272.0,1213.0,1264.9,3522943,1227.81,1218.5,1,1218.7,62,
2026-04-10T14:34:54.633,NC,COFORGE,1218.8,1271.0,1272.0,1213.0,1264.9,3523243,1227.81,1218.3,42,1218.8,18,
2026-04-10T14:34:56.647,NC,COFORGE,1218.6,1271.0,1272.0,1213.0,1264.9,3523498,1227.8,1218.6,41,1218.8,85,
2026-04-10T14:34:58.834,NC,COFORGE,1218.8,1271.0,1272.0,1213.0,1264.9,3523505,1227.8,1218.7,5,1218.8,10,
2026-04-10T14:35:00.839,NC,COFORGE,1218.8,1271.0,1272.0,1213.0,1264.9,3523512,1227.8,1218.8,85,1218.9,466,
2026-04-10T14:35:02.853,NC,COFORGE,1218.7,1271.0,1272.0,1213.0,1264.9,3524611,1227.8,1218.7,4,1218.9,71,
2026-04-10T14:35:03.854,NC,COFORGE,1218.7,1271.0,1272.0,1213.0,1264.9,3524758,1227.8,1218.7,4,1218.8,2622,
2026-04-10T14:35:04.849,NC,COFORGE,1218.6,1271.0,1272.0,1213.0,1264.9,3524784,1227.8,1218.5,1,1218.6,375,
2026-04-10T14:35:06.850,NC,COFORGE,1218.6,1271.0,1272.0,1213.0,1264.9,3524789,1227.8,1218.5,1,1218.6,23,
2026-04-10T14:35:09.173,NC,COFORGE,1218.7,1271.0,1272.0,1213.0,1264.9,3524818,1227.8,1218.7,1,1218.8,2706,
2026-04-10T14:35:10.156,NC,COFORGE,1218.7,1271.0,1272.0,1213.0,1264.9,3524834,1227.8,1218.7,1,1218.8,2694,
2026-04-10T14:35:11.261,NC,COFORGE,1218.7,1271.0,1272.0,1213.0,1264.9,3524874,1227.8,1218.7,1,1218.8,2707,
2026-04-10T14:35:12.263,NC,COFORGE,1218.7,1271.0,1272.0,1213.0,1264.9,3524876,1227.8,1218.7,2,1218.8,2603,
2026-04-10T14:35:16.566,NC,COFORGE,1218.7,1271.0,1272.0,1213.0,1264.9,3524878,1227.8,1218.7,10,1218.8,2630,
2026-04-10T14:35:17.673,NC,COFORGE,1218.5,1271.0,1272.0,1213.0,1264.9,3524925,1227.8,1218.5,1,1218.7,162,
2026-04-10T14:35:18.784,NC,COFORGE,1218.7,1271.0,1272.0,1213.0,1264.9,3524933,1227.8,1218.5,1,1218.7,183,
2026-04-10T14:35:19.872,NC,COFORGE,1218.7,1271.0,1272.0,1213.0,1264.9,3524996,1227.8,1218.5,1,1218.7,123,
2026-04-10T14:35:20.961,NC,COFORGE,1218.6,1271.0,1272.0,1213.0,1264.9,3525001,1227.8,1218.6,1,1218.7,27,
2026-04-10T14:35:23.219,NC,COFORGE,1218.6,1271.0,1272.0,1213.0,1264.9,3525061,1227.8,1218.6,55,1218.7,28,
2026-04-10T14:35:24.170,NC,COFORGE,1218.3,1271.0,1272.0,1213.0,1264.9,3525308,1227.8,1218.5,4,1218.8,2659,
2026-04-10T14:35:26.173,NC,COFORGE,1218.6,1271.0,1272.0,1213.0,1264.9,3525328,1227.8,1218.5,4,1218.6,108,
2026-04-10T14:35:27.187,NC,COFORGE,1218.6,1271.0,1272.0,1213.0,1264.9,3525358,1227.8,1218.5,5,1218.6,79,
2026-04-10T14:35:28.177,NC,COFORGE,1218.5,1271.0,1272.0,1213.0,1264.9,3525362,1227.8,1218.5,6,1218.6,78,
2026-04-10T14:35:29.285,NC,COFORGE,1218.6,1271.0,1272.0,1213.0,1264.9,3525367,1227.8,1218.5,8,1218.6,75,
2026-04-10T14:35:30.292,NC,COFORGE,1218.8,1271.0,1272.0,1213.0,1264.9,3525567,1227.8,1218.6,3,1218.8,2472,
2026-04-10T14:35:31.285,NC,COFORGE,1218.7,1271.0,1272.0,1213.0,1264.9,3525574,1227.8,1218.7,2,1218.8,2466,
2026-04-10T14:35:32.286,NC,COFORGE,1218.5,1271.0,1272.0,1213.0,1264.9,3525629,1227.8,1218.6,132,1218.8,2466,
2026-04-10T14:35:34.279,NC,COFORGE,1218.7,1271.0,1272.0,1213.0,1264.9,3525630,1227.8,1218.6,136,1218.7,19,
2026-04-10T14:35:35.281,NC,COFORGE,1218.7,1271.0,1272.0,1213.0,1264.9,3525649,1227.8,1218.6,137,1218.7,20,
2026-04-10T14:35:36.284,NC,COFORGE,1218.6,1271.0,1272.0,1213.0,1264.9,3525701,1227.8,1218.6,89,1218.7,18,
2026-04-10T14:35:37.291,NC,COFORGE,1218.2,1271.0,1272.0,1213.0,1264.9,3526180,1227.8,1218.2,31,1218.5,184,
2026-04-10T14:35:38.283,NC,COFORGE,1218.5,1271.0,1272.0,1213.0,1264.9,3526189,1227.8,1218.4,1,1218.5,134,
2026-04-10T14:35:39.287,NC,COFORGE,1218.5,1271.0,1272.0,1213.0,1264.9,3526435,1227.8,1218.4,5,1218.5,6,
2026-04-10T14:35:41.299,NC,COFORGE,1218.6,1271.0,1272.0,1213.0,1264.9,3526445,1227.8,1218.4,6,1218.6,124,
2026-04-10T14:35:42.419,NC,COFORGE,1218.1,1271.0,1272.0,1213.0,1264.9,3526945,1227.8,1218.1,181,1218.7,324,
2026-04-10T14:35:43.500,NC,COFORGE,1218.7,1271.0,1272.0,1213.0,1264.9,3526949,1227.8,1218.4,7,1218.7,143,
2026-04-10T14:35:47.904,NC,COFORGE,1218.5,1271.0,1272.0,1213.0,1264.9,3526983,1227.8,1218.5,8,1218.6,3,
2026-04-10T14:35:53.510,NC,COFORGE,1218.7,1271.0,1272.0,1213.0,1264.9,3527176,1227.8,1218.7,1,1218.9,155,
2026-04-10T14:35:59.115,NC,COFORGE,1218.6,1271.0,1272.0,1213.0,1264.9,3527715,1227.79,1218.5,14,1218.7,340,
2026-04-10T14:36:04.842,NC,COFORGE,1218.7,1271.0,1272.0,1213.0,1264.9,3527769,1227.79,1218.6,8,1218.7,259,
2026-04-10T14:36:10.638,NC,COFORGE,1218.7,1271.0,1272.0,1213.0,1264.9,3528057,1227.79,1219.0,3,1219.3,141,
2026-04-10T14:36:16.645,NC,COFORGE,1219.0,1271.0,1272.0,1213.0,1264.9,3528543,1227.79,1219.0,1,1219.1,103,
2026-04-10T14:36:22.871,NC,COFORGE,1219.0,1271.0,1272.0,1213.0,1264.9,3528571,1227.79,1218.9,8,1219.0,2028,
2026-04-10T14:36:28.457,NC,COFORGE,1218.8,1271.0,1272.0,1213.0,1264.9,3528694,1227.79,1218.8,6,1218.9,1,
2026-04-10T14:36:34.264,NC,COFORGE,1218.9,1271.0,1272.0,1213.0,1264.9,3528736,1227.79,1218.8,320,1218.9,9,
2026-04-10T14:36:39.793,NC,COFORGE,1219.0,1271.0,1272.0,1213.0,1264.9,3530354,1227.79,1218.9,544,1219.0,523,
2026-04-10T14:36:45.587,NC,COFORGE,1219.1,1271.0,1272.0,1213.0,1264.9,3532650,1227.78,1219.0,293,1219.1,1,
2026-04-10T14:36:51.599,NC,COFORGE,1218.7,1271.0,1272.0,1213.0,1264.9,3533968,1227.78,1218.7,45,1218.8,112,
2026-04-10T14:36:57.501,NC,COFORGE,1218.7,1271.0,1272.0,1213.0,1264.9,3534238,1227.78,1218.7,16,1218.8,29,
2026-04-10T14:37:03.414,NC,COFORGE,1218.5,1271.0,1272.0,1213.0,1264.9,3534769,1227.78,1218.6,1,1218.8,26,
2026-04-10T14:37:09.311,NC,COFORGE,1218.6,1271.0,1272.0,1213.0,1264.9,3535990,1227.77,1218.4,1,1218.6,241,
2026-04-10T14:37:15.030,NC,COFORGE,1218.5,1271.0,1272.0,1213.0,1264.9,3536094,1227.77,1218.4,7,1218.5,146,
2026-04-10T14:37:20.935,NC,COFORGE,1218.4,1271.0,1272.0,1213.0,1264.9,3536111,1227.77,1218.4,6,1218.5,60,
2026-04-10T14:37:26.640,NC,COFORGE,1218.4,1271.0,1272.0,1213.0,1264.9,3536152,1227.77,1218.4,9,1218.5,945,
2026-04-10T14:37:32.155,NC,COFORGE,1218.4,1271.0,1272.0,1213.0,1264.9,3536719,1227.77,1218.2,5,1218.4,36,
2026-04-10T14:37:37.662,NC,COFORGE,1218.2,1271.0,1272.0,1213.0,1264.9,3537213,1227.77,1218.2,6,1218.4,48,
2026-04-10T14:37:43.272,NC,COFORGE,1218.4,1271.0,1272.0,1213.0,1264.9,3537457,1227.77,1218.3,9,1218.4,15,
2026-04-10T14:37:49.090,NC,COFORGE,1218.3,1271.0,1272.0,1213.0,1264.9,3537511,1227.77,1218.3,6,1218.4,508,
2026-04-10T14:37:54.787,NC,COFORGE,1218.3,1271.0,1272.0,1213.0,1264.9,3538109,1227.77,1218.3,15,1218.4,247,
2026-04-10T14:38:00.198,NC,COFORGE,1218.4,1271.0,1272.0,1213.0,1264.9,3538189,1227.77,1218.3,345,1218.4,245,
2026-04-10T14:38:05.998,NC,COFORGE,1218.7,1271.0,1272.0,1213.0,1264.9,3539354,1227.76,1218.6,41,1218.7,536,
2026-04-10T14:38:12.006,NC,COFORGE,1218.7,1271.0,1272.0,1213.0,1264.9,3540135,1227.76,1218.6,32,1218.7,517,
2026-04-10T14:38:18.015,NC,COFORGE,1218.7,1271.0,1272.0,1213.0,1264.9,3540435,1227.76,1218.6,17,1218.7,416,
2026-04-10T14:38:23.538,NC,COFORGE,1218.7,1271.0,1272.0,1213.0,1264.9,3540490,1227.76,1218.6,19,1218.7,390,
2026-04-10T14:38:29.133,NC,COFORGE,1218.7,1271.0,1272.0,1213.0,1264.9,3540522,1227.76,1218.6,20,1218.7,362,
2026-04-10T14:38:34.864,NC,COFORGE,1218.9,1271.0,1272.0,1213.0,1264.9,3541634,1227.76,1219.2,4,1219.3,185,
2026-04-10T14:38:41.062,NC,COFORGE,1219.3,1271.0,1272.0,1213.0,1264.9,3542262,1227.76,1219.2,6,1219.3,11,
2026-04-10T14:38:46.877,NC,COFORGE,1219.3,1271.0,1272.0,1213.0,1264.9,3542355,1227.76,1219.2,10,1219.3,16,
2026-04-10T14:38:52.489,NC,COFORGE,1219.3,1271.0,1272.0,1213.0,1264.9,3542749,1227.76,1219.3,27,1219.5,31,
2026-04-10T14:38:58.312,NC,COFORGE,1219.3,1271.0,1272.0,1213.0,1264.9,3542905,1227.76,1219.2,53,1219.3,83,
2026-04-10T14:39:03.594,NC,COFORGE,1219.2,1271.0,1272.0,1213.0,1264.9,3542913,1227.76,1219.2,362,1219.3,98,
2026-04-10T14:39:08.903,NC,COFORGE,1219.7,1271.0,1272.0,1213.0,1264.9,3543059,1227.75,1219.2,369,1219.8,412,
2026-04-10T14:39:14.223,NC,COFORGE,1219.7,1271.0,1272.0,1213.0,1264.9,3543433,1227.75,1219.2,53,1219.7,294,
2026-04-10T14:39:19.657,NC,COFORGE,1219.5,1271.0,1272.0,1213.0,1264.9,3543459,1227.75,1219.5,5,1219.7,31,
2026-04-10T14:39:25.024,NC,COFORGE,1219.7,1271.0,1272.0,1213.0,1264.9,3543504,1227.75,1219.6,42,1219.7,191,
2026-04-10T14:39:30.430,NC,COFORGE,1219.9,1271.0,1272.0,1213.0,1264.9,3544333,1227.75,1219.8,418,1220.4,142,
2026-04-10T14:39:35.874,NC,COFORGE,1220.5,1271.0,1272.0,1213.0,1264.9,3544586,1227.75,1220.6,9,1220.8,360,
2026-04-10T14:39:41.438,NC,COFORGE,1220.8,1271.0,1272.0,1213.0,1264.9,3545461,1227.75,1220.7,13,1220.8,12,
2026-04-10T14:39:46.745,NC,COFORGE,1220.7,1271.0,1272.0,1213.0,1264.9,3545581,1227.75,1220.6,3,1220.7,80,
2026-04-10T14:39:52.157,NC,COFORGE,1220.1,1271.0,1272.0,1213.0,1264.9,3546089,1227.75,1219.8,8,1220.2,331,
2026-04-10T14:39:57.961,NC,COFORGE,1220.2,1271.0,1272.0,1213.0,1264.9,3546281,1227.75,1220.1,4,1220.2,16,
2026-04-10T14:40:03.669,NC,COFORGE,1220.1,1271.0,1272.0,1213.0,1264.9,3546316,1227.75,1220.1,254,1220.2,4,
2026-04-10T14:40:09.394,NC,COFORGE,1219.8,1271.0,1272.0,1213.0,1264.9,3547447,1227.75,1219.7,1,1219.8,548,
2026-04-10T14:40:15.005,NC,COFORGE,1220.5,1271.0,1272.0,1213.0,1264.9,3548065,1227.74,1220.5,3,1220.6,2478,
2026-04-10T14:40:20.717,NC,COFORGE,1220.3,1271.0,1272.0,1213.0,1264.9,3550877,1227.74,1220.3,37,1220.6,2535,
2026-04-10T14:40:26.699,NC,COFORGE,1220.5,1271.0,1272.0,1213.0,1264.9,3551334,1227.74,1220.3,1,1220.4,1,
2026-04-10T14:40:32.404,NC,COFORGE,1220.6,1271.0,1272.0,1213.0,1264.9,3551645,1227.74,1220.5,1,1220.6,2501,
2026-04-10T14:40:38.129,NC,COFORGE,1220.6,1271.0,1272.0,1213.0,1264.9,3551653,1227.74,1220.5,9,1220.6,95,
2026-04-10T14:40:43.718,NC,COFORGE,1220.3,1271.0,1272.0,1213.0,1264.9,3552345,1227.73,1220.6,1,1220.8,123,
2026-04-10T14:40:49.734,NC,COFORGE,1220.5,1271.0,1272.0,1213.0,1264.9,3552433,1227.73,1220.6,1,1220.7,176,
2026-04-10T14:40:55.354,NC,COFORGE,1220.7,1271.0,1272.0,1213.0,1264.9,3552558,1227.73,1220.5,2,1220.7,209,
2026-04-10T14:41:00.741,NC,COFORGE,1221.0,1271.0,1272.0,1213.0,1264.9,3556879,1227.73,1221.0,1110,1221.4,4,
2026-04-10T14:41:06.278,NC,COFORGE,1221.3,1271.0,1272.0,1213.0,1264.9,3557110,1227.73,1221.0,993,1221.3,4,
2026-04-10T14:41:11.969,NC,COFORGE,1221.1,1271.0,1272.0,1213.0,1264.9,3557291,1227.73,1221.1,7,1221.3,351,
2026-04-10T14:41:17.587,NC,COFORGE,1221.0,1271.0,1272.0,1213.0,1264.9,3557463,1227.72,1221.0,100,1221.3,139,
2026-04-10T14:41:23.065,NC,COFORGE,1221.0,1271.0,1272.0,1213.0,1264.9,3558003,1227.72,1221.0,163,1221.4,23,
2026-04-10T14:41:28.682,NC,COFORGE,1221.3,1271.0,1272.0,1213.0,1264.9,3558080,1227.72,1221.0,68,1221.3,1,
2026-04-10T14:41:34.007,NC,COFORGE,1221.0,1271.0,1272.0,1213.0,1264.9,3558113,1227.72,1221.0,374,1221.3,12,
2026-04-10T14:41:39.399,NC,COFORGE,1221.7,1271.0,1272.0,1213.0,1264.9,3558389,1227.72,1221.1,327,1221.7,117,
2026-04-10T14:41:44.720,NC,COFORGE,1221.5,1271.0,1272.0,1213.0,1264.9,3558698,1227.72,1221.5,267,1221.7,20,
2026-04-10T14:41:50.226,NC,COFORGE,1221.5,1271.0,1272.0,1213.0,1264.9,3558709,1227.72,1221.5,272,1221.7,25,
2026-04-10T14:41:56.227,NC,COFORGE,1222.0,1271.0,1272.0,1213.0,1264.9,3559539,1227.72,1221.7,324,1222.0,931,
2026-04-10T14:42:02.740,NC,COFORGE,1221.8,1271.0,1272.0,1213.0,1264.9,3559651,1227.72,1221.8,487,1222.0,963,
2026-04-10T14:42:08.842,NC,COFORGE,1221.8,1271.0,1272.0,1213.0,1264.9,3560126,1227.72,1221.8,260,1222.0,825,
2026-04-10T14:42:14.664,NC,COFORGE,1222.0,1271.0,1272.0,1213.0,1264.9,3560201,1227.72,1221.8,210,1222.0,809,
2026-04-10T14:42:20.361,NC,COFORGE,1221.7,1271.0,1272.0,1213.0,1264.9,3560605,1227.72,1221.4,166,1221.7,6,
2026-04-10T14:42:25.975,NC,COFORGE,1221.5,1271.0,1272.0,1213.0,1264.9,3561798,1227.72,1221.5,28,1221.7,15,
2026-04-10T14:42:31.377,NC,COFORGE,1221.4,1271.0,1272.0,1213.0,1264.9,3561979,1227.72,1221.4,305,1221.7,36,
2026-04-10T14:42:36.977,NC,COFORGE,1221.7,1271.0,1272.0,1213.0,1264.9,3562052,1227.72,1221.5,215,1221.7,6,
2026-04-10T14:42:42.479,NC,COFORGE,1222.7,1271.0,1272.0,1213.0,1264.9,3564509,1227.71,1222.4,126,1222.7,25,
2026-04-10T14:42:47.805,NC,COFORGE,1222.7,1271.0,1272.0,1213.0,1264.9,3565055,1227.71,1222.5,286,1222.7,55,
2026-04-10T14:42:53.206,NC,COFORGE,1222.5,1271.0,1272.0,1213.0,1264.9,3565768,1227.71,1222.5,343,1222.7,184,
2026-04-10T14:42:58.709,NC,COFORGE,1222.7,1271.0,1272.0,1213.0,1264.9,3565805,1227.71,1222.5,343,1222.7,195,
2026-04-10T14:43:04.320,NC,COFORGE,1223.1,1271.0,1272.0,1213.0,1264.9,3572588,1227.7,1223.1,157,1223.3,22,
2026-04-10T14:43:10.333,NC,COFORGE,1223.3,1271.0,1272.0,1213.0,1264.9,3573023,1227.7,1223.0,22,1223.2,21,
2026-04-10T14:43:16.156,NC,COFORGE,1223.0,1271.0,1272.0,1213.0,1264.9,3573353,1227.7,1223.0,90,1223.2,288,
2026-04-10T14:43:21.956,NC,COFORGE,1223.2,1271.0,1272.0,1213.0,1264.9,3573498,1227.7,1223.0,192,1223.2,380,
2026-04-10T14:43:27.377,NC,COFORGE,1222.8,1271.0,1272.0,1213.0,1264.9,3574147,1227.7,1222.8,262,1223.1,1,
2026-04-10T14:43:32.973,NC,COFORGE,1223.3,1271.0,1272.0,1213.0,1264.9,3574282,1227.7,1223.0,315,1223.1,1,
2026-04-10T14:43:38.393,NC,COFORGE,1223.2,1271.0,1272.0,1213.0,1264.9,3574396,1227.7,1223.0,315,1223.2,147,
2026-04-10T14:43:44.089,NC,COFORGE,1223.3,1271.0,1272.0,1213.0,1264.9,3574928,1227.7,1223.0,52,1223.3,403,
2026-04-10T14:43:49.495,NC,COFORGE,1223.4,1271.0,1272.0,1213.0,1264.9,3576205,1227.7,1222.8,83,1223.4,185,
2026-04-10T14:43:54.810,NC,COFORGE,1223.5,1271.0,1272.0,1213.0,1264.9,3577807,1227.7,1223.5,3,1223.8,197,
2026-04-10T14:44:00.308,NC,COFORGE,1223.5,1271.0,1272.0,1213.0,1264.9,3580829,1227.69,1223.5,257,1223.8,201,
2026-04-10T14:44:05.826,NC,COFORGE,1223.4,1271.0,1272.0,1213.0,1264.9,3581254,1227.69,1223.5,100,1223.8,260,
2026-04-10T14:44:11.313,NC,COFORGE,1223.4,1271.0,1272.0,1213.0,1264.9,3581413,1227.69,1223.4,383,1223.8,209,
2026-04-10T14:44:16.933,NC,COFORGE,1223.1,1271.0,1272.0,1213.0,1264.9,3582094,1227.69,1223.1,285,1223.7,76,
2026-04-10T14:44:22.836,NC,COFORGE,1223.8,1271.0,1272.0,1213.0,1264.9,3582718,1227.69,1223.5,272,1223.8,56,
2026-04-10T14:44:28.680,NC,COFORGE,1223.5,1271.0,1272.0,1213.0,1264.9,3582782,1227.69,1223.5,42,1223.6,1,
2026-04-10T14:44:34.474,NC,COFORGE,1223.8,1271.0,1272.0,1213.0,1264.9,3582899,1227.69,1223.7,1,1223.8,142,
2026-04-10T14:44:40.260,NC,COFORGE,1223.7,1271.0,1272.0,1213.0,1264.9,3583637,1227.69,1223.1,233,1223.7,51,
2026-04-10T14:44:45.971,NC,COFORGE,1223.7,1271.0,1272.0,1213.0,1264.9,3583724,1227.69,1223.2,293,1223.7,34,
2026-04-10T14:44:51.676,NC,COFORGE,1223.4,1271.0,1272.0,1213.0,1264.9,3583742,1227.69,1223.2,65,1223.4,2,
2026-04-10T14:44:56.987,NC,COFORGE,1223.4,1271.0,1272.0,1213.0,1264.9,3583843,1227.69,1223.2,78,1223.4,8,
2026-04-10T14:45:02.196,NC,COFORGE,1223.4,1271.0,1272.0,1213.0,1264.9,3583858,1227.69,1223.3,313,1223.4,18,
2026-04-10T14:45:08.205,NC,COFORGE,1223.4,1271.0,1272.0,1213.0,1264.9,3584184,1227.69,1223.1,73,1223.4,140,
2026-04-10T14:45:13.612,NC,COFORGE,1223.3,1271.0,1272.0,1213.0,1264.9,3584355,1227.69,1223.1,38,1223.3,22,
2026-04-10T14:45:19.116,NC,COFORGE,1223.4,1271.0,1272.0,1213.0,1264.9,3584440,1227.69,1223.2,51,1223.4,33,
2026-04-10T14:45:24.564,NC,COFORGE,1223.3,1271.0,1272.0,1213.0,1264.9,3584492,1227.69,1223.2,74,1223.3,7,
2026-04-10T14:45:30.249,NC,COFORGE,1223.0,1271.0,1272.0,1213.0,1264.9,3585880,1227.69,1222.7,33,1223.1,154,
2026-04-10T14:45:36.164,NC,COFORGE,1222.9,1271.0,1272.0,1213.0,1264.9,3586002,1227.69,1222.7,8,1222.9,267,
2026-04-10T14:45:42.059,NC,COFORGE,1222.8,1271.0,1272.0,1213.0,1264.9,3586526,1227.68,1222.2,74,1222.8,186,
2026-04-10T14:45:47.058,NC,COFORGE,1222.2,1271.0,1272.0,1213.0,1264.9,3586528,1227.68,1222.0,43,1222.2,45,
2026-04-10T14:45:48.154,NC,COFORGE,1222.2,1271.0,1272.0,1213.0,1264.9,3586533,1227.68,1222.0,43,1222.2,46,
2026-04-10T14:45:50.258,NC,COFORGE,1222.2,1271.0,1272.0,1213.0,1264.9,3586592,1227.68,1222.0,125,1222.2,12,
2026-04-10T14:45:54.261,NC,COFORGE,1222.2,1271.0,1272.0,1213.0,1264.9,3586720,1227.68,1222.3,434,1222.9,22,
2026-04-10T14:45:55.258,NC,COFORGE,1222.9,1271.0,1272.0,1213.0,1264.9,3586721,1227.68,1222.3,45,1222.9,99,
2026-04-10T14:45:56.163,NC,COFORGE,1222.3,1271.0,1272.0,1213.0,1264.9,3586729,1227.68,1222.2,280,1222.6,4,
2026-04-10T14:45:58.273,NC,COFORGE,1222.2,1271.0,1272.0,1213.0,1264.9,3586759,1227.68,1222.2,273,1222.6,6,
2026-04-10T14:45:59.470,NC,COFORGE,1222.6,1271.0,1272.0,1213.0,1264.9,3586762,1227.68,1222.2,273,1222.6,6,
2026-04-10T14:46:00.381,NC,COFORGE,1222.6,1271.0,1272.0,1213.0,1264.9,3586763,1227.68,1222.2,638,1222.6,6,
2026-04-10T14:46:01.385,NC,COFORGE,1222.2,1271.0,1272.0,1213.0,1264.9,3586764,1227.68,1222.3,81,1222.6,6,
2026-04-10T14:46:02.511,NC,COFORGE,1222.9,1271.0,1272.0,1213.0,1264.9,3586864,1227.68,1222.3,81,1222.9,157,
2026-04-10T14:46:03.398,NC,COFORGE,1222.6,1271.0,1272.0,1213.0,1264.9,3586865,1227.68,1222.3,245,1222.6,4,
2026-04-10T14:46:06.468,NC,COFORGE,1222.9,1271.0,1272.0,1213.0,1264.9,3586882,1227.68,1222.4,179,1222.6,2,
2026-04-10T14:46:07.480,NC,COFORGE,1222.4,1271.0,1272.0,1213.0,1264.9,3586912,1227.68,1222.4,148,1222.6,2,
2026-04-10T14:46:08.477,NC,COFORGE,1222.9,1271.0,1272.0,1213.0,1264.9,3586944,1227.68,1222.5,377,1223.0,409,
2026-04-10T14:46:09.386,NC,COFORGE,1222.5,1271.0,1272.0,1213.0,1264.9,3586949,1227.68,1222.5,372,1222.6,1,
2026-04-10T14:46:10.490,NC,COFORGE,1222.6,1271.0,1272.0,1213.0,1264.9,3586950,1227.68,1222.5,577,1223.0,431,
2026-04-10T14:46:14.480,NC,COFORGE,1223.0,1271.0,1272.0,1213.0,1264.9,3587409,1227.68,1222.8,98,1223.4,269,
2026-04-10T14:46:15.479,NC,COFORGE,1223.4,1271.0,1272.0,1213.0,1264.9,3587420,1227.68,1223.0,5,1223.4,341,
2026-04-10T14:46:16.481,NC,COFORGE,1223.4,1271.0,1272.0,1213.0,1264.9,3587450,1227.68,1223.0,5,1223.4,326,
2026-04-10T14:46:17.489,NC,COFORGE,1223.4,1271.0,1272.0,1213.0,1264.9,3587454,1227.68,1223.0,5,1223.4,345,
2026-04-10T14:46:20.504,NC,COFORGE,1223.0,1271.0,1272.0,1213.0,1264.9,3587457,1227.68,1223.0,2,1223.4,111,
2026-04-10T14:46:22.600,NC,COFORGE,1223.4,1271.0,1272.0,1213.0,1264.9,3587458,1227.68,1223.0,92,1223.4,38,
2026-04-10T14:46:23.592,NC,COFORGE,1223.0,1271.0,1272.0,1213.0,1264.9,3587534,1227.68,1223.0,51,1223.4,22,
2026-04-10T14:46:24.598,NC,COFORGE,1223.4,1271.0,1272.0,1213.0,1264.9,3587535,1227.68,1222.9,76,1223.4,21,
2026-04-10T14:46:26.598,NC,COFORGE,1223.4,1271.0,1272.0,1213.0,1264.9,3587539,1227.68,1223.0,22,1223.4,19,
2026-04-10T14:46:28.697,NC,COFORGE,1223.2,1271.0,1272.0,1213.0,1264.9,3587541,1227.68,1223.1,5,1223.2,1,
2026-04-10T14:46:29.700,NC,COFORGE,1223.1,1271.0,1272.0,1213.0,1264.9,3587542,1227.68,1223.1,4,1223.2,1,
2026-04-10T14:46:33.010,NC,COFORGE,1223.4,1271.0,1272.0,1213.0,1264.9,3587544,1227.68,1223.1,277,1223.2,1,
2026-04-10T14:46:34.115,NC,COFORGE,1223.4,1271.0,1272.0,1213.0,1264.9,3587564,1227.68,1223.1,277,1223.4,32,
2026-04-10T14:46:35.012,NC,COFORGE,1223.4,1271.0,1272.0,1213.0,1264.9,3587579,1227.68,1223.1,277,1223.4,39,
2026-04-10T14:46:36.214,NC,COFORGE,1223.4,1271.0,1272.0,1213.0,1264.9,3587649,1227.68,1223.3,1,1223.4,268,
2026-04-10T14:46:37.207,NC,COFORGE,1223.4,1271.0,1272.0,1213.0,1264.9,3587769,1227.68,1223.3,2,1223.4,162,
2026-04-10T14:46:38.206,NC,COFORGE,1223.4,1271.0,1272.0,1213.0,1264.9,3587770,1227.68,1223.3,273,1223.4,161,
2026-04-10T14:46:39.209,NC,COFORGE,1223.5,1271.0,1272.0,1213.0,1264.9,3588005,1227.68,1223.3,273,1223.5,156,
2026-04-10T14:46:40.209,NC,COFORGE,1223.3,1271.0,1272.0,1213.0,1264.9,3588279,1227.68,1223.1,39,1223.4,421,
2026-04-10T14:46:41.220,NC,COFORGE,1223.1,1271.0,1272.0,1213.0,1264.9,3588280,1227.68,1223.1,38,1223.4,473,
2026-04-10T14:46:43.318,NC,COFORGE,1223.4,1271.0,1272.0,1213.0,1264.9,3588342,1227.68,1223.1,35,1223.4,107,
2026-04-10T14:46:44.649,NC,COFORGE,1223.4,1271.0,1272.0,1213.0,1264.9,3588345,1227.68,1223.0,313,1223.4,224,
2026-04-10T14:46:51.838,NC,COFORGE,1223.3,1271.0,1272.0,1213.0,1264.9,3588394,1227.68,1223.0,306,1223.3,71,
2026-04-10T14:46:53.941,NC,COFORGE,1223.3,1271.0,1272.0,1213.0,1264.9,3588427,1227.68,1223.0,306,1223.3,58,
2026-04-10T14:46:54.937,NC,COFORGE,1223.3,1271.0,1272.0,1213.0,1264.9,3588428,1227.68,1223.0,306,1223.3,207,
2026-04-10T14:46:55.952,NC,COFORGE,1223.3,1271.0,1272.0,1213.0,1264.9,3588446,1227.68,1223.0,306,1223.3,189,
2026-04-10T14:47:00.940,NC,COFORGE,1223.0,1271.0,1272.0,1213.0,1264.9,3588941,1227.68,1223.0,263,1223.2,204,
2026-04-10T14:47:02.064,NC,COFORGE,1223.3,1271.0,1272.0,1213.0,1264.9,3589441,1227.68,1223.0,263,1223.3,198,
2026-04-10T14:47:03.064,NC,COFORGE,1223.3,1271.0,1272.0,1213.0,1264.9,3589445,1227.68,1223.0,263,1223.3,130,
2026-04-10T14:47:05.350,NC,COFORGE,1223.3,1271.0,1272.0,1213.0,1264.9,3589557,1227.68,1223.0,261,1223.3,309,
2026-04-10T14:47:06.363,NC,COFORGE,1223.0,1271.0,1272.0,1213.0,1264.9,3589559,1227.68,1223.0,259,1223.3,206,
2026-04-10T14:47:08.466,NC,COFORGE,1223.2,1271.0,1272.0,1213.0,1264.9,3589599,1227.68,1223.1,227,1223.2,87,
2026-04-10T14:47:10.454,NC,COFORGE,1223.2,1271.0,1272.0,1213.0,1264.9,3589621,1227.68,1223.1,225,1223.2,89,
2026-04-10T14:47:11.461,NC,COFORGE,1223.0,1271.0,1272.0,1213.0,1264.9,3589961,1227.68,1222.9,6,1223.0,87,
2026-04-10T14:47:13.466,NC,COFORGE,1222.9,1271.0,1272.0,1213.0,1264.9,3589967,1227.68,1222.6,95,1223.0,102,
2026-04-10T14:47:15.359,NC,COFORGE,1222.6,1271.0,1272.0,1213.0,1264.9,3589974,1227.68,1222.6,113,1223.0,52,
2026-04-10T14:47:16.364,NC,COFORGE,1222.6,1271.0,1272.0,1213.0,1264.9,3589975,1227.68,1222.6,112,1223.0,52,
2026-04-10T14:47:17.362,NC,COFORGE,1223.0,1271.0,1272.0,1213.0,1264.9,3590021,1227.68,1222.6,106,1223.0,12,
2026-04-10T14:47:18.366,NC,COFORGE,1222.6,1271.0,1272.0,1213.0,1264.9,3590027,1227.68,1222.6,76,1223.0,12,
2026-04-10T14:47:20.467,NC,COFORGE,1223.1,1271.0,1272.0,1213.0,1264.9,3590052,1227.68,1222.6,48,1223.1,133,
2026-04-10T14:47:21.389,NC,COFORGE,1223.1,1271.0,1272.0,1213.0,1264.9,3590162,1227.68,1222.6,48,1223.1,33,
2026-04-10T14:47:22.480,NC,COFORGE,1222.6,1271.0,1272.0,1213.0,1264.9,3590168,1227.68,1222.6,63,1223.0,10,
2026-04-10T14:47:23.575,NC,COFORGE,1223.2,1271.0,1272.0,1213.0,1264.9,3590198,1227.68,1222.6,115,1223.2,177,
2026-04-10T14:47:24.678,NC,COFORGE,1222.6,1271.0,1272.0,1213.0,1264.9,3590203,1227.68,1222.6,293,1223.2,347,
2026-04-10T14:47:25.701,NC,COFORGE,1222.6,1271.0,1272.0,1213.0,1264.9,3590209,1227.68,1222.6,9,1223.0,22,
2026-04-10T14:47:26.586,NC,COFORGE,1223.0,1271.0,1272.0,1213.0,1264.9,3590210,1227.68,1222.6,9,1223.0,22,
2026-04-10T14:47:27.679,NC,COFORGE,1222.8,1271.0,1272.0,1213.0,1264.9,3590269,1227.68,1222.6,25,1222.8,1,
2026-04-10T14:47:28.780,NC,COFORGE,1222.5,1271.0,1272.0,1213.0,1264.9,3590345,1227.68,1222.5,132,1222.6,14,
2026-04-10T14:47:29.782,NC,COFORGE,1222.5,1271.0,1272.0,1213.0,1264.9,3590558,1227.68,1222.5,86,1223.0,372,
2026-04-10T14:47:30.790,NC,COFORGE,1222.5,1271.0,1272.0,1213.0,1264.9,3590567,1227.68,1222.5,332,1222.9,22,
2026-04-10T14:47:31.806,NC,COFORGE,1222.9,1271.0,1272.0,1213.0,1264.9,3590576,1227.68,1222.5,399,1222.9,13,
2026-04-10T14:47:32.795,NC,COFORGE,1222.6,1271.0,1272.0,1213.0,1264.9,3590604,1227.68,1222.6,30,1222.9,11,
2026-04-10T14:47:34.988,NC,COFORGE,1222.6,1271.0,1272.0,1213.0,1264.9,3590611,1227.68,1222.6,23,1222.9,11,
2026-04-10T14:47:36.093,NC,COFORGE,1222.6,1271.0,1272.0,1213.0,1264.9,3590634,1227.68,1222.6,17,1222.9,10,
2026-04-10T14:47:37.089,NC,COFORGE,1223.0,1271.0,1272.0,1213.0,1264.9,3590734,1227.68,1222.6,17,1223.0,291,
2026-04-10T14:47:37.996,NC,COFORGE,1222.6,1271.0,1272.0,1213.0,1264.9,3590742,1227.68,1222.6,9,1223.0,322,
2026-04-10T14:47:39.102,NC,COFORGE,1223.0,1271.0,1272.0,1213.0,1264.9,3591044,1227.68,1222.8,251,1223.0,415,
2026-04-10T14:47:40.202,NC,COFORGE,1223.0,1271.0,1272.0,1213.0,1264.9,3591051,1227.68,1222.8,245,1223.0,414,
2026-04-10T14:47:41.305,NC,COFORGE,1222.8,1271.0,1272.0,1213.0,1264.9,3591062,1227.68,1222.8,234,1223.0,414,
2026-04-10T14:47:43.405,NC,COFORGE,1223.0,1271.0,1272.0,1213.0,1264.9,3591490,1227.68,1223.0,285,1223.1,100,
2026-04-10T14:47:45.624,NC,COFORGE,1223.0,1271.0,1272.0,1213.0,1264.9,3591633,1227.68,1223.0,225,1223.2,293,
2026-04-10T14:47:51.143,NC,COFORGE,1223.2,1271.0,1272.0,1213.0,1264.9,3592004,1227.68,1223.0,229,1223.2,86,
2026-04-10T14:47:56.521,NC,COFORGE,1223.3,1271.0,1272.0,1213.0,1264.9,3592174,1227.68,1223.0,80,1223.3,173,
2026-04-10T14:48:02.229,NC,COFORGE,1223.0,1271.0,1272.0,1213.0,1264.9,3592414,1227.68,1223.0,407,1223.2,3,
2026-04-10T14:48:07.651,NC,COFORGE,1223.0,1271.0,1272.0,1213.0,1264.9,3592634,1227.68,1223.0,205,1223.2,9,
2026-04-10T14:48:13.351,NC,COFORGE,1223.4,1271.0,1272.0,1213.0,1264.9,3594254,1227.67,1223.1,41,1223.4,98,
2026-04-10T14:48:19.157,NC,COFORGE,1223.0,1271.0,1272.0,1213.0,1264.9,3594361,1227.67,1222.9,22,1223.0,10,
2026-04-10T14:48:24.772,NC,COFORGE,1223.2,1271.0,1272.0,1213.0,1264.9,3594472,1227.67,1223.2,130,1223.4,110,
2026-04-10T14:48:30.469,NC,COFORGE,1223.4,1271.0,1272.0,1213.0,1264.9,3594656,1227.67,1223.0,1304,1223.4,228,
2026-04-10T14:48:35.982,NC,COFORGE,1223.0,1271.0,1272.0,1213.0,1264.9,3596142,1227.67,1222.6,81,1222.9,47,
2026-04-10T14:48:41.494,NC,COFORGE,1222.6,1271.0,1272.0,1213.0,1264.9,3596674,1227.67,1222.5,346,1222.6,272,
2026-04-10T14:48:44.495,NC,COFORGE,1222.2,1271.0,1272.0,1213.0,1264.9,3597323,1227.67,1222.0,522,1222.3,233,
2026-04-10T14:48:45.498,NC,COFORGE,1222.0,1271.0,1272.0,1213.0,1264.9,3597366,1227.67,1222.0,479,1222.3,339,
2026-04-10T14:48:47.495,NC,COFORGE,1222.0,1271.0,1272.0,1213.0,1264.9,3597401,1227.67,1222.0,444,1222.2,22,
2026-04-10T14:48:48.595,NC,COFORGE,1222.3,1271.0,1272.0,1213.0,1264.9,3597481,1227.67,1222.0,444,1222.3,75,
2026-04-10T14:48:49.697,NC,COFORGE,1222.0,1271.0,1272.0,1213.0,1264.9,3597611,1227.67,1222.0,444,1222.3,14,
2026-04-10T14:48:50.618,NC,COFORGE,1222.3,1271.0,1272.0,1213.0,1264.9,3597697,1227.67,1222.2,1,1222.3,10,
2026-04-10T14:48:53.714,NC,COFORGE,1222.3,1271.0,1272.0,1213.0,1264.9,3597727,1227.67,1222.2,2,1222.3,14,
2026-04-10T14:48:54.701,NC,COFORGE,1222.0,1271.0,1272.0,1213.0,1264.9,3597762,1227.67,1222.0,381,1222.3,23,
2026-04-10T14:48:55.600,NC,COFORGE,1222.4,1271.0,1272.0,1213.0,1264.9,3597842,1227.67,1222.1,22,1222.4,315,
2026-04-10T14:48:56.610,NC,COFORGE,1222.4,1271.0,1272.0,1213.0,1264.9,3598175,1227.67,1222.4,56,1222.6,17,
2026-04-10T14:48:57.704,NC,COFORGE,1222.6,1271.0,1272.0,1213.0,1264.9,3598192,1227.67,1222.6,224,1223.0,3,
2026-04-10T14:48:59.823,NC,COFORGE,1223.0,1271.0,1272.0,1213.0,1264.9,3598195,1227.67,1222.6,102,1223.0,1,
2026-04-10T14:49:01.946,NC,COFORGE,1222.6,1271.0,1272.0,1213.0,1264.9,3598425,1227.67,1222.6,84,1223.1,312,
2026-04-10T14:49:03.925,NC,COFORGE,1222.9,1271.0,1272.0,1213.0,1264.9,3598426,1227.67,1222.6,84,1222.9,67,
2026-04-10T14:49:04.928,NC,COFORGE,1222.9,1271.0,1272.0,1213.0,1264.9,3598427,1227.67,1222.6,84,1222.9,93,
2026-04-10T14:49:05.935,NC,COFORGE,1222.9,1271.0,1272.0,1213.0,1264.9,3598444,1227.67,1222.6,83,1222.9,27,
2026-04-10T14:49:08.943,NC,COFORGE,1223.0,1271.0,1272.0,1213.0,1264.9,3598476,1227.67,1222.7,82,1223.1,183,
2026-04-10T14:49:13.134,NC,COFORGE,1223.0,1271.0,1272.0,1213.0,1264.9,3598508,1227.67,1223.1,22,1223.3,20,
2026-04-10T14:49:14.146,NC,COFORGE,1224.8,1271.0,1272.0,1213.0,1264.9,3604497,1227.66,1224.3,48,1224.8,65,
2026-04-10T14:49:15.253,NC,COFORGE,1224.5,1271.0,1272.0,1213.0,1264.9,3605280,1227.66,1224.4,96,1224.8,89,
2026-04-10T14:49:17.355,NC,COFORGE,1224.6,1271.0,1272.0,1213.0,1264.9,3605412,1227.66,1224.2,53,1224.6,86,
2026-04-10T14:49:18.469,NC,COFORGE,1224.2,1271.0,1272.0,1213.0,1264.9,3605521,1227.66,1224.2,104,1224.8,49,
2026-04-10T14:49:19.449,NC,COFORGE,1224.8,1271.0,1272.0,1213.0,1264.9,3605538,1227.66,1224.5,18,1224.8,32,
2026-04-10T14:49:20.445,NC,COFORGE,1225.0,1271.0,1272.0,1213.0,1264.9,3609282,1227.66,1224.7,97,1225.0,2125,
2026-04-10T14:49:22.568,NC,COFORGE,1224.7,1271.0,1272.0,1213.0,1264.9,3609410,1227.66,1224.6,114,1224.9,80,
2026-04-10T14:49:23.645,NC,COFORGE,1224.9,1271.0,1272.0,1213.0,1264.9,3609440,1227.66,1224.6,114,1224.9,79,
2026-04-10T14:49:24.754,NC,COFORGE,1224.9,1271.0,1272.0,1213.0,1264.9,3609460,1227.66,1224.6,114,1224.9,59,
2026-04-10T14:49:25.858,NC,COFORGE,1224.6,1271.0,1272.0,1213.0,1264.9,3609480,1227.66,1224.6,94,1224.9,59,
2026-04-10T14:49:26.951,NC,COFORGE,1224.9,1271.0,1272.0,1213.0,1264.9,3609484,1227.66,1224.6,94,1224.8,1,
2026-04-10T14:49:28.058,NC,COFORGE,1224.2,1271.0,1272.0,1213.0,1264.9,3609598,1227.66,1224.1,210,1224.4,1,
2026-04-10T14:49:30.259,NC,COFORGE,1224.2,1271.0,1272.0,1213.0,1264.9,3609654,1227.66,1224.1,286,1224.2,24,
2026-04-10T14:49:31.365,NC,COFORGE,1224.2,1271.0,1272.0,1213.0,1264.9,3609677,1227.66,1224.1,286,1224.2,17,
2026-04-10T14:49:32.363,NC,COFORGE,1224.1,1271.0,1272.0,1213.0,1264.9,3609678,1227.66,1224.1,285,1224.2,17,
2026-04-10T14:49:33.284,NC,COFORGE,1224.1,1271.0,1272.0,1213.0,1264.9,3610145,1227.66,1224.0,26,1224.1,246,
2026-04-10T14:49:34.375,NC,COFORGE,1224.0,1271.0,1272.0,1213.0,1264.9,3610171,1227.66,1223.4,99,1224.0,204,
2026-04-10T14:49:35.473,NC,COFORGE,1224.0,1271.0,1272.0,1213.0,1264.9,3610195,1227.66,1223.5,316,1224.0,14,
2026-04-10T14:49:36.371,NC,COFORGE,1224.1,1271.0,1272.0,1213.0,1264.9,3610216,1227.66,1223.6,1764,1224.2,51,
2026-04-10T14:49:38.492,NC,COFORGE,1224.2,1271.0,1272.0,1213.0,1264.9,3610285,1227.66,1224.1,1766,1224.2,21,
2026-04-10T14:49:39.474,NC,COFORGE,1224.1,1271.0,1272.0,1213.0,1264.9,3610723,1227.66,1224.1,1370,1224.5,127,
2026-04-10T14:49:41.587,NC,COFORGE,1224.1,1271.0,1272.0,1213.0,1264.9,3611573,1227.66,1224.1,520,1224.5,229,
2026-04-10T14:49:42.681,NC,COFORGE,1224.1,1271.0,1272.0,1213.0,1264.9,3611575,1227.66,1224.1,518,1224.5,174,
2026-04-10T14:49:43.681,NC,COFORGE,1224.5,1271.0,1272.0,1213.0,1264.9,3611577,1227.66,1224.1,518,1224.5,241,
2026-04-10T14:49:44.877,NC,COFORGE,1224.5,1271.0,1272.0,1213.0,1264.9,3611580,1227.66,1224.1,518,1224.4,87,
2026-04-10T14:49:45.884,NC,COFORGE,1224.1,1271.0,1272.0,1213.0,1264.9,3611585,1227.66,1224.1,513,1224.4,281,
2026-04-10T14:49:49.181,NC,COFORGE,1224.3,1271.0,1272.0,1213.0,1264.9,3612099,1227.66,1224.0,968,1224.3,138,
2026-04-10T14:49:52.484,NC,COFORGE,1224.0,1271.0,1272.0,1213.0,1264.9,3612709,1227.66,1224.0,429,1224.3,24,
2026-04-10T14:49:53.586,NC,COFORGE,1224.5,1271.0,1272.0,1213.0,1264.9,3612742,1227.66,1224.0,498,1224.5,101,
2026-04-10T14:49:56.803,NC,COFORGE,1224.0,1271.0,1272.0,1213.0,1264.9,3612744,1227.66,1224.0,476,1224.3,19,
2026-04-10T14:50:00.139,NC,COFORGE,1224.3,1271.0,1272.0,1213.0,1264.9,3612745,1227.66,1224.2,363,1224.3,121,
2026-04-10T14:50:02.328,NC,COFORGE,1224.3,1271.0,1272.0,1213.0,1264.9,3612750,1227.66,1224.2,671,1224.3,23,
2026-04-10T14:50:04.406,NC,COFORGE,1224.6,1271.0,1272.0,1213.0,1264.9,3613282,1227.66,1224.2,671,1224.5,70,
2026-04-10T14:50:05.495,NC,COFORGE,1224.5,1271.0,1272.0,1213.0,1264.9,3613335,1227.66,1224.2,671,1224.5,125,
2026-04-10T14:50:06.598,NC,COFORGE,1224.5,1271.0,1272.0,1213.0,1264.9,3613347,1227.66,1224.2,671,1224.5,147,
2026-04-10T14:50:07.696,NC,COFORGE,1224.4,1271.0,1272.0,1213.0,1264.9,3615152,1227.65,1224.0,1,1224.3,327,
2026-04-10T14:50:08.595,NC,COFORGE,1223.9,1271.0,1272.0,1213.0,1264.9,3615330,1227.65,1223.6,76,1224.2,389,
2026-04-10T14:50:11.904,NC,COFORGE,1224.2,1271.0,1272.0,1213.0,1264.9,3615333,1227.65,1223.6,91,1224.2,158,
2026-04-10T14:50:13.005,NC,COFORGE,1224.1,1271.0,1272.0,1213.0,1264.9,3615364,1227.65,1224.1,129,1224.3,30,
2026-04-10T14:50:16.108,NC,COFORGE,1224.0,1271.0,1272.0,1213.0,1264.9,3615436,1227.65,1223.9,75,1224.2,12,
2026-04-10T14:50:20.216,NC,COFORGE,1224.2,1271.0,1272.0,1213.0,1264.9,3615439,1227.65,1224.0,74,1224.2,24,
2026-04-10T14:50:21.217,NC,COFORGE,1224.0,1271.0,1272.0,1213.0,1264.9,3615468,1227.65,1224.0,45,1224.2,165,
2026-04-10T14:50:22.226,NC,COFORGE,1224.0,1271.0,1272.0,1213.0,1264.9,3615469,1227.65,1224.0,44,1224.1,23,
2026-04-10T14:50:24.222,NC,COFORGE,1224.2,1271.0,1272.0,1213.0,1264.9,3615509,1227.65,1224.0,45,1224.2,175,
2026-04-10T14:50:27.523,NC,COFORGE,1224.0,1271.0,1272.0,1213.0,1264.9,3615554,1227.65,1223.7,38,1224.1,106,
2026-04-10T14:50:28.526,NC,COFORGE,1224.2,1271.0,1272.0,1213.0,1264.9,3615654,1227.65,1223.7,38,1224.2,89,
2026-04-10T14:50:29.525,NC,COFORGE,1223.7,1271.0,1272.0,1213.0,1264.9,3615658,1227.65,1223.7,37,1224.0,147,
2026-04-10T14:50:30.527,NC,COFORGE,1224.0,1271.0,1272.0,1213.0,1264.9,3615671,1227.65,1223.7,271,1224.0,134,
2026-04-10T14:50:32.537,NC,COFORGE,1223.7,1271.0,1272.0,1213.0,1264.9,3615722,1227.65,1223.7,270,1224.0,84,
2026-04-10T14:50:33.657,NC,COFORGE,1224.0,1271.0,1272.0,1213.0,1264.9,3615732,1227.65,1223.9,300,1224.0,74,
2026-04-10T14:50:34.742,NC,COFORGE,1224.0,1271.0,1272.0,1213.0,1264.9,3615733,1227.65,1223.9,1881,1224.0,100,
2026-04-10T14:50:35.837,NC,COFORGE,1224.0,1271.0,1272.0,1213.0,1264.9,3615750,1227.65,1223.9,1881,1224.0,83,
2026-04-10T14:50:38.841,NC,COFORGE,1224.0,1271.0,1272.0,1213.0,1264.9,3615785,1227.65,1223.9,2113,1224.0,48,
2026-04-10T14:50:39.846,NC,COFORGE,1224.2,1271.0,1272.0,1213.0,1264.9,3615991,1227.65,1223.9,2113,1224.0,50,
2026-04-10T14:50:40.844,NC,COFORGE,1224.0,1271.0,1272.0,1213.0,1264.9,3615992,1227.65,1223.9,2113,1224.0,49,
2026-04-10T14:50:43.953,NC,COFORGE,1224.0,1271.0,1272.0,1213.0,1264.9,3616070,1227.65,1224.0,1736,1224.2,302,
2026-04-10T14:50:47.466,NC,COFORGE,1223.8,1271.0,1272.0,1213.0,1264.9,3619464,1227.65,1223.7,59,1223.8,117,
2026-04-10T14:50:53.279,NC,COFORGE,1223.5,1271.0,1272.0,1213.0,1264.9,3619578,1227.65,1223.4,253,1223.8,14,
2026-04-10T14:50:59.086,NC,COFORGE,1223.8,1271.0,1272.0,1213.0,1264.9,3619818,1227.65,1223.4,167,1223.8,35,
2026-04-10T14:51:05.197,NC,COFORGE,1223.8,1271.0,1272.0,1213.0,1264.9,3619978,1227.65,1223.6,89,1223.8,31,
2026-04-10T14:51:11.194,NC,COFORGE,1223.8,1271.0,1272.0,1213.0,1264.9,3620101,1227.65,1223.7,258,1223.8,11,
2026-04-10T14:51:16.906,NC,COFORGE,1224.0,1271.0,1272.0,1213.0,1264.9,3620427,1227.65,1224.0,43,1224.2,131,
2026-04-10T14:51:22.608,NC,COFORGE,1224.2,1271.0,1272.0,1213.0,1264.9,3620470,1227.65,1223.8,28,1224.2,17,
2026-04-10T14:51:28.119,NC,COFORGE,1224.0,1271.0,1272.0,1213.0,1264.9,3620589,1227.65,1223.9,175,1224.0,1,
2026-04-10T14:51:34.125,NC,COFORGE,1224.2,1271.0,1272.0,1213.0,1264.9,3620977,1227.65,1224.2,170,1224.4,95,
2026-04-10T14:51:40.039,NC,COFORGE,1224.3,1271.0,1272.0,1213.0,1264.9,3621352,1227.65,1224.3,1647,1224.4,41,
2026-04-10T14:51:45.668,NC,COFORGE,1224.5,1271.0,1272.0,1213.0,1264.9,3621558,1227.65,1224.4,1450,1224.5,495,
2026-04-10T14:51:50.861,NC,COFORGE,1224.2,1271.0,1272.0,1213.0,1264.9,3623031,1227.65,1224.0,54,1224.2,70,
2026-04-10T14:51:56.455,NC,COFORGE,1224.2,1271.0,1272.0,1213.0,1264.9,3623633,1227.65,1223.9,97,1224.2,36,
2026-04-10T14:52:01.866,NC,COFORGE,1224.5,1271.0,1272.0,1213.0,1264.9,3624417,1227.64,1224.3,23,1224.5,425,
2026-04-10T14:52:07.467,NC,COFORGE,1224.2,1271.0,1272.0,1213.0,1264.9,3625661,1227.64,1224.6,158,1224.9,89,
2026-04-10T14:52:13.172,NC,COFORGE,1224.7,1271.0,1272.0,1213.0,1264.9,3626091,1227.64,1224.7,79,1224.9,16,
2026-04-10T14:52:18.480,NC,COFORGE,1224.9,1271.0,1272.0,1213.0,1264.9,3626439,1227.64,1224.7,1,1224.9,312,
2026-04-10T14:52:23.686,NC,COFORGE,1224.9,1271.0,1272.0,1213.0,1264.9,3626473,1227.64,1224.7,9,1224.9,433,
2026-04-10T14:52:29.094,NC,COFORGE,1224.7,1271.0,1272.0,1213.0,1264.9,3626490,1227.64,1224.6,157,1224.8,61,
2026-04-10T14:52:34.597,NC,COFORGE,1224.5,1271.0,1272.0,1213.0,1264.9,3630098,1227.64,1224.5,218,1224.9,15,
2026-04-10T14:52:40.197,NC,COFORGE,1224.9,1271.0,1272.0,1213.0,1264.9,3630335,1227.64,1224.5,56,1224.9,9,
2026-04-10T14:52:44.496,NC,COFORGE,1224.9,1271.0,1272.0,1213.0,1264.9,3630355,1227.64,1224.7,3,1224.9,11,
2026-04-10T14:52:45.594,NC,COFORGE,1224.9,1271.0,1272.0,1213.0,1264.9,3630366,1227.64,1224.7,3,1224.9,435,
2026-04-10T14:52:46.700,NC,COFORGE,1224.5,1271.0,1272.0,1213.0,1264.9,3630502,1227.64,1224.5,193,1224.9,457,
2026-04-10T14:52:47.702,NC,COFORGE,1224.9,1271.0,1272.0,1213.0,1264.9,3630530,1227.64,1224.5,170,1224.9,429,
2026-04-10T14:52:48.699,NC,COFORGE,1224.5,1271.0,1272.0,1213.0,1264.9,3630630,1227.64,1224.5,88,1224.9,429,
2026-04-10T14:52:49.805,NC,COFORGE,1224.9,1271.0,1272.0,1213.0,1264.9,3630642,1227.64,1224.5,63,1224.9,480,
2026-04-10T14:52:50.901,NC,COFORGE,1224.9,1271.0,1272.0,1213.0,1264.9,3630668,1227.64,1224.5,63,1224.9,456,
2026-04-10T14:52:51.901,NC,COFORGE,1224.5,1271.0,1272.0,1213.0,1264.9,3632178,1227.64,1224.5,99,1224.9,24,
2026-04-10T14:52:54.005,NC,COFORGE,1224.9,1271.0,1272.0,1213.0,1264.9,3632220,1227.64,1224.5,149,1224.9,59,
2026-04-10T14:52:58.210,NC,COFORGE,1224.9,1271.0,1272.0,1213.0,1264.9,3632250,1227.64,1224.5,58,1224.9,104,
2026-04-10T14:52:59.314,NC,COFORGE,1224.4,1271.0,1272.0,1213.0,1264.9,3632350,1227.64,1224.4,60,1224.7,7,
2026-04-10T14:53:00.420,NC,COFORGE,1224.9,1271.0,1272.0,1213.0,1264.9,3632375,1227.64,1224.5,137,1224.9,89,
2026-04-10T14:53:01.515,NC,COFORGE,1224.5,1271.0,1272.0,1213.0,1264.9,3632444,1227.64,1224.4,288,1224.5,57,
2026-04-10T14:53:02.516,NC,COFORGE,1224.5,1271.0,1272.0,1213.0,1264.9,3632448,1227.64,1224.4,288,1224.5,53,
2026-04-10T14:53:04.639,NC,COFORGE,1224.5,1271.0,1272.0,1213.0,1264.9,3632449,1227.64,1224.4,289,1224.5,27,
2026-04-10T14:53:05.723,NC,COFORGE,1224.5,1271.0,1272.0,1213.0,1264.9,3632572,1227.64,1224.4,287,1224.5,32,
2026-04-10T14:53:06.862,NC,COFORGE,1224.4,1271.0,1272.0,1213.0,1264.9,3632573,1227.64,1224.4,286,1224.5,32,
2026-04-10T14:53:07.930,NC,COFORGE,1224.4,1271.0,1272.0,1213.0,1264.9,3632613,1227.64,1224.4,246,1224.5,32,
2026-04-10T14:53:09.026,NC,COFORGE,1224.5,1271.0,1272.0,1213.0,1264.9,3632642,1227.64,1224.4,246,1224.5,3,
2026-04-10T14:53:10.131,NC,COFORGE,1224.5,1271.0,1272.0,1213.0,1264.9,3632652,1227.64,1224.4,304,1224.5,32,
2026-04-10T14:53:11.133,NC,COFORGE,1224.8,1271.0,1272.0,1213.0,1264.9,3632831,1227.64,1224.6,318,1224.8,12,
2026-04-10T14:53:12.034,NC,COFORGE,1224.8,1271.0,1272.0,1213.0,1264.9,3632841,1227.64,1224.6,318,1224.8,2,
2026-04-10T14:53:13.037,NC,COFORGE,1224.8,1271.0,1272.0,1213.0,1264.9,3632842,1227.64,1224.6,318,1224.8,2,
2026-04-10T14:53:14.040,NC,COFORGE,1224.8,1271.0,1272.0,1213.0,1264.9,3632915,1227.64,1224.8,172,1224.9,220,
2026-04-10T14:53:19.060,NC,COFORGE,1224.8,1271.0,1272.0,1213.0,1264.9,3632934,1227.64,1224.8,153,1224.9,246,
2026-04-10T14:53:20.048,NC,COFORGE,1225.0,1271.0,1272.0,1213.0,1264.9,3633779,1227.64,1224.8,108,1225.0,2542,
2026-04-10T14:53:21.048,NC,COFORGE,1225.0,1271.0,1272.0,1213.0,1264.9,3633890,1227.64,1224.6,58,1224.8,1,
2026-04-10T14:53:23.055,NC,COFORGE,1224.8,1271.0,1272.0,1213.0,1264.9,3633891,1227.64,1224.6,59,1224.8,436,
2026-04-10T14:53:24.086,NC,COFORGE,1224.8,1271.0,1272.0,1213.0,1264.9,3634119,1227.64,1224.6,36,1224.8,478,
2026-04-10T14:53:25.051,NC,COFORGE,1224.5,1271.0,1272.0,1213.0,1264.9,3634221,1227.64,1224.5,19,1224.8,396,
2026-04-10T14:53:26.055,NC,COFORGE,1224.9,1271.0,1272.0,1213.0,1264.9,3634625,1227.64,1224.5,20,1224.9,149,
2026-04-10T14:53:27.961,NC,COFORGE,1224.9,1271.0,1272.0,1213.0,1264.9,3634650,1227.64,1224.5,67,1224.9,305,
2026-04-10T14:53:29.967,NC,COFORGE,1224.9,1271.0,1272.0,1213.0,1264.9,3634655,1227.64,1224.5,20,1224.9,347,
2026-04-10T14:53:30.959,NC,COFORGE,1224.5,1271.0,1272.0,1213.0,1264.9,3634663,1227.64,1224.5,274,1224.8,100,
2026-04-10T14:53:35.870,NC,COFORGE,1224.5,1271.0,1272.0,1213.0,1264.9,3634761,1227.64,1224.5,988,1224.8,109,
2026-04-10T14:53:38.889,NC,COFORGE,1224.6,1271.0,1272.0,1213.0,1264.9,3635019,1227.64,1224.6,526,1224.8,80,
2026-04-10T14:53:39.873,NC,COFORGE,1225.0,1271.0,1272.0,1213.0,1264.9,3635226,1227.64,1224.6,526,1225.0,2619,
2026-04-10T14:53:40.878,NC,COFORGE,1224.5,1271.0,1272.0,1213.0,1264.9,3635951,1227.64,1224.4,2,1224.5,405,
2026-04-10T14:53:41.899,NC,COFORGE,1225.0,1271.0,1272.0,1213.0,1264.9,3636501,1227.63,1224.5,69,1225.0,2590,
2026-04-10T14:53:42.902,NC,COFORGE,1224.9,1271.0,1272.0,1213.0,1264.9,3636737,1227.63,1224.5,20,1225.0,3193,
2026-04-10T14:53:43.782,NC,COFORGE,1224.5,1271.0,1272.0,1213.0,1264.9,3636757,1227.63,1224.5,2,1225.0,3192,
2026-04-10T14:53:47.090,NC,COFORGE,1224.5,1271.0,1272.0,1213.0,1264.9,3636764,1227.63,1224.5,1,1224.7,1,
2026-04-10T14:53:52.292,NC,COFORGE,1224.7,1271.0,1272.0,1213.0,1264.9,3637039,1227.63,1224.5,56,1224.7,6,
2026-04-10T14:53:57.608,NC,COFORGE,1224.9,1271.0,1272.0,1213.0,1264.9,3637213,1227.63,1224.5,84,1224.9,106,
2026-04-10T14:54:03.159,NC,COFORGE,1224.5,1271.0,1272.0,1213.0,1264.9,3637313,1227.63,1224.5,253,1224.9,207,
2026-04-10T14:54:08.952,NC,COFORGE,1224.9,1271.0,1272.0,1213.0,1264.9,3637819,1227.63,1224.9,75,1225.0,3029,
2026-04-10T14:54:14.856,NC,COFORGE,1225.0,1271.0,1272.0,1213.0,1264.9,3638209,1227.63,1224.9,112,1225.0,2945,
2026-04-10T14:54:20.441,NC,COFORGE,1224.9,1271.0,1272.0,1213.0,1264.9,3638534,1227.63,1224.8,14,1224.9,407,
2026-04-10T14:54:25.959,NC,COFORGE,1224.7,1271.0,1272.0,1213.0,1264.9,3638771,1227.63,1224.7,2,1224.8,1,
2026-04-10T14:54:31.461,NC,COFORGE,1224.7,1271.0,1272.0,1213.0,1264.9,3638972,1227.63,1224.7,129,1224.9,591,
2026-04-10T14:54:36.755,NC,COFORGE,1224.9,1271.0,1272.0,1213.0,1264.9,3638998,1227.63,1224.7,126,1224.9,797,
2026-04-10T14:54:42.173,NC,COFORGE,1224.9,1271.0,1272.0,1213.0,1264.9,3640687,1227.63,1224.6,220,1224.9,150,
2026-04-10T14:54:47.965,NC,COFORGE,1224.9,1271.0,1272.0,1213.0,1264.9,3641678,1227.63,1224.7,23,1224.9,15,
2026-04-10T14:54:53.970,NC,COFORGE,1224.9,1271.0,1272.0,1213.0,1264.9,3642004,1227.63,1224.5,234,1224.9,551,
2026-04-10T14:54:59.887,NC,COFORGE,1224.9,1271.0,1272.0,1213.0,1264.9,3642077,1227.63,1224.5,249,1224.9,455,
2026-04-10T14:55:05.811,NC,COFORGE,1224.9,1271.0,1272.0,1213.0,1264.9,3642454,1227.63,1224.7,172,1224.9,135,
2026-04-10T14:55:11.808,NC,COFORGE,1225.3,1271.0,1272.0,1213.0,1264.9,3647232,1227.63,1225.1,77,1225.3,56,
2026-04-10T14:55:17.615,NC,COFORGE,1225.2,1271.0,1272.0,1213.0,1264.9,3648567,1227.63,1225.2,96,1225.5,46,
2026-04-10T14:55:23.111,NC,COFORGE,1225.5,1271.0,1272.0,1213.0,1264.9,3648827,1227.63,1225.1,184,1225.5,126,
2026-04-10T14:55:28.615,NC,COFORGE,1225.1,1271.0,1272.0,1213.0,1264.9,3649104,1227.63,1225.1,72,1225.3,1,
2026-04-10T14:55:34.127,NC,COFORGE,1225.5,1271.0,1272.0,1213.0,1264.9,3650411,1227.62,1225.5,589,1225.8,206,
2026-04-10T14:55:39.834,NC,COFORGE,1225.8,1271.0,1272.0,1213.0,1264.9,3650870,1227.62,1225.6,557,1225.8,21,
2026-04-10T14:55:45.437,NC,COFORGE,1225.6,1271.0,1272.0,1213.0,1264.9,3650991,1227.62,1225.6,606,1225.8,31,
2026-04-10T14:55:51.049,NC,COFORGE,1225.8,1271.0,1272.0,1213.0,1264.9,3651345,1227.62,1225.6,575,1225.7,20,
2026-04-10T14:55:56.673,NC,COFORGE,1226.0,1271.0,1272.0,1213.0,1264.9,3653279,1227.62,1225.6,71,1226.0,2269,
2026-04-10T14:56:02.274,NC,COFORGE,1225.5,1271.0,1272.0,1213.0,1264.9,3654614,1227.62,1225.0,1452,1225.5,152,
2026-04-10T14:56:07.867,NC,COFORGE,1225.0,1271.0,1272.0,1213.0,1264.9,3655090,1227.62,1225.0,1145,1225.4,176,
2026-04-10T14:56:13.371,NC,COFORGE,1225.0,1271.0,1272.0,1213.0,1264.9,3655263,1227.62,1225.0,1650,1225.4,26,
2026-04-10T14:56:18.899,NC,COFORGE,1225.0,1271.0,1272.0,1213.0,1264.9,3655510,1227.62,1225.0,1508,1225.3,173,
2026-04-10T14:56:24.289,NC,COFORGE,1224.9,1271.0,1272.0,1213.0,1264.9,3657212,1227.62,1224.8,1,1224.9,8,
2026-04-10T14:56:29.611,NC,COFORGE,1224.6,1271.0,1272.0,1213.0,1264.9,3657272,1227.62,1224.5,42,1224.9,138,
2026-04-10T14:56:35.104,NC,COFORGE,1224.9,1271.0,1272.0,1213.0,1264.9,3657395,1227.62,1224.8,520,1224.9,91,
2026-04-10T14:56:40.611,NC,COFORGE,1224.8,1271.0,1272.0,1213.0,1264.9,3657775,1227.62,1224.8,714,1224.9,69,
2026-04-10T14:56:43.919,NC,COFORGE,1224.9,1271.0,1272.0,1213.0,1264.9,3658103,1227.62,1224.8,387,1224.9,64,
2026-04-10T14:56:47.018,NC,COFORGE,1224.8,1271.0,1272.0,1213.0,1264.9,3658163,1227.62,1224.8,328,1224.9,69,
2026-04-10T14:56:48.019,NC,COFORGE,1224.8,1271.0,1272.0,1213.0,1264.9,3658263,1227.62,1224.8,231,1224.9,66,
2026-04-10T14:56:52.627,NC,COFORGE,1224.9,1271.0,1272.0,1213.0,1264.9,3658413,1227.62,1224.8,231,1224.9,8,
2026-04-10T14:56:53.736,NC,COFORGE,1224.9,1271.0,1272.0,1213.0,1264.9,3658449,1227.62,1224.8,225,1224.9,40,
2026-04-10T14:56:56.730,NC,COFORGE,1224.9,1271.0,1272.0,1213.0,1264.9,3658452,1227.62,1224.8,225,1224.9,62,
2026-04-10T14:56:59.736,NC,COFORGE,1224.5,1271.0,1272.0,1213.0,1264.9,3658678,1227.62,1224.5,191,1224.8,151,
2026-04-10T14:57:00.829,NC,COFORGE,1224.7,1271.0,1272.0,1213.0,1264.9,3658703,1227.62,1224.5,487,1224.7,350,
2026-04-10T14:57:02.843,NC,COFORGE,1224.7,1271.0,1272.0,1213.0,1264.9,3658718,1227.62,1224.5,451,1224.7,364,
2026-04-10T14:57:03.940,NC,COFORGE,1224.5,1271.0,1272.0,1213.0,1264.9,3658923,1227.62,1224.5,308,1224.7,359,
2026-04-10T14:57:04.950,NC,COFORGE,1224.5,1271.0,1272.0,1213.0,1264.9,3658932,1227.62,1224.5,299,1224.7,369,
2026-04-10T14:57:06.044,NC,COFORGE,1224.7,1271.0,1272.0,1213.0,1264.9,3658953,1227.62,1224.5,297,1224.7,348,
2026-04-10T14:57:07.050,NC,COFORGE,1224.5,1271.0,1272.0,1213.0,1264.9,3658974,1227.62,1224.5,276,1224.7,348,
2026-04-10T14:57:09.145,NC,COFORGE,1224.6,1271.0,1272.0,1213.0,1264.9,3659057,1227.62,1224.6,164,1224.7,317,
2026-04-10T14:57:11.151,NC,COFORGE,1224.6,1271.0,1272.0,1213.0,1264.9,3659077,1227.62,1224.6,144,1224.7,454,
2026-04-10T14:57:13.150,NC,COFORGE,1224.7,1271.0,1272.0,1213.0,1264.9,3659080,1227.62,1224.6,143,1224.7,397,
2026-04-10T14:57:14.151,NC,COFORGE,1224.7,1271.0,1272.0,1213.0,1264.9,3659237,1227.62,1224.5,249,1224.7,185,
2026-04-10T14:57:16.152,NC,COFORGE,1224.7,1271.0,1272.0,1213.0,1264.9,3659262,1227.62,1224.5,254,1224.7,160,
2026-04-10T14:57:17.153,NC,COFORGE,1224.5,1271.0,1272.0,1213.0,1264.9,3659304,1227.62,1224.5,512,1224.7,160,
2026-04-10T14:57:19.057,NC,COFORGE,1224.7,1271.0,1272.0,1213.0,1264.9,3659305,1227.62,1224.6,15,1224.7,159,
2026-04-10T14:57:20.156,NC,COFORGE,1224.5,1271.0,1272.0,1213.0,1264.9,3659646,1227.62,1224.5,186,1224.7,81,
2026-04-10T14:57:21.161,NC,COFORGE,1224.7,1271.0,1272.0,1213.0,1264.9,3659703,1227.62,1224.5,135,1224.7,265,
2026-04-10T14:57:23.166,NC,COFORGE,1224.7,1271.0,1272.0,1213.0,1264.9,3659791,1227.62,1224.5,51,1224.7,181,
2026-04-10T14:57:24.163,NC,COFORGE,1224.7,1271.0,1272.0,1213.0,1264.9,3659874,1227.62,1224.5,50,1224.7,2,
2026-04-10T14:57:25.161,NC,COFORGE,1224.5,1271.0,1272.0,1213.0,1264.9,3659900,1227.62,1224.5,25,1224.7,1,
2026-04-10T14:57:27.081,NC,COFORGE,1224.3,1271.0,1272.0,1213.0,1264.9,3660001,1227.62,1224.5,5,1224.7,52,
2026-04-10T14:57:28.069,NC,COFORGE,1224.5,1271.0,1272.0,1213.0,1264.9,3660005,1227.62,1224.5,1,1224.7,51,
2026-04-10T14:57:29.071,NC,COFORGE,1224.3,1271.0,1272.0,1213.0,1264.9,3660055,1227.62,1224.3,240,1224.7,51,
2026-04-10T14:57:31.076,NC,COFORGE,1224.7,1271.0,1272.0,1213.0,1264.9,3660066,1227.62,1224.3,558,1224.7,69,
2026-04-10T14:57:33.088,NC,COFORGE,1224.7,1271.0,1272.0,1213.0,1264.9,3660069,1227.62,1224.3,560,1224.7,66,
2026-04-10T14:57:34.084,NC,COFORGE,1224.7,1271.0,1272.0,1213.0,1264.9,3660074,1227.62,1224.3,560,1224.7,61,
2026-04-10T14:57:35.083,NC,COFORGE,1224.7,1271.0,1272.0,1213.0,1264.9,3660078,1227.62,1224.5,537,1224.7,57,
2026-04-10T14:57:36.076,NC,COFORGE,1224.5,1271.0,1272.0,1213.0,1264.9,3660096,1227.62,1224.5,536,1224.7,90,
2026-04-10T14:57:37.178,NC,COFORGE,1224.7,1271.0,1272.0,1213.0,1264.9,3660186,1227.62,1224.6,1066,1224.9,25,
2026-04-10T14:57:39.097,NC,COFORGE,1224.9,1271.0,1272.0,1213.0,1264.9,3660463,1227.62,1224.9,838,1225.0,1320,
2026-04-10T14:57:41.105,NC,COFORGE,1225.0,1271.0,1272.0,1213.0,1264.9,3662474,1227.62,1225.1,405,1225.4,500,
2026-04-10T14:57:42.090,NC,COFORGE,1225.4,1271.0,1272.0,1213.0,1264.9,3662477,1227.62,1225.1,405,1225.4,497,
2026-04-10T14:57:42.991,NC,COFORGE,1225.1,1271.0,1272.0,1213.0,1264.9,3662479,1227.62,1225.1,404,1225.4,496,
2026-04-10T14:57:46.004,NC,COFORGE,1225.4,1271.0,1272.0,1213.0,1264.9,3662484,1227.62,1225.1,404,1225.4,506,
2026-04-10T14:57:51.450,NC,COFORGE,1225.1,1271.0,1272.0,1213.0,1264.9,3662501,1227.62,1225.1,400,1225.4,522,
2026-04-10T14:57:56.721,NC,COFORGE,1225.4,1271.0,1272.0,1213.0,1264.9,3662611,1227.62,1225.1,400,1225.4,414,
2026-04-10T14:58:02.443,NC,COFORGE,1225.4,1271.0,1272.0,1213.0,1264.9,3662859,1227.62,1225.1,468,1225.4,493,
2026-04-10T14:58:07.947,NC,COFORGE,1225.3,1271.0,1272.0,1213.0,1264.9,3662917,1227.62,1225.3,435,1225.4,646,
2026-04-10T14:58:13.137,NC,COFORGE,1225.4,1271.0,1272.0,1213.0,1264.9,3662960,1227.62,1225.3,427,1225.4,640,
2026-04-10T14:58:18.347,NC,COFORGE,1225.3,1271.0,1272.0,1213.0,1264.9,3663009,1227.62,1225.3,413,1225.4,622,
2026-04-10T14:58:23.754,NC,COFORGE,1225.4,1271.0,1272.0,1213.0,1264.9,3663227,1227.62,1225.3,261,1225.4,569,
2026-04-10T14:58:29.151,NC,COFORGE,1225.4,1271.0,1272.0,1213.0,1264.9,3663491,1227.62,1225.3,148,1225.4,576,
2026-04-10T14:58:34.269,NC,COFORGE,1225.3,1271.0,1272.0,1213.0,1264.9,3663562,1227.62,1225.3,741,1225.4,527,
2026-04-10T14:58:39.557,NC,COFORGE,1225.4,1271.0,1272.0,1213.0,1264.9,3664196,1227.62,1225.3,484,1225.4,176,
2026-04-10T14:58:45.074,NC,COFORGE,1225.2,1271.0,1272.0,1213.0,1264.9,3664744,1227.62,1225.2,182,1225.4,181,
2026-04-10T14:58:50.572,NC,COFORGE,1225.2,1271.0,1272.0,1213.0,1264.9,3665380,1227.61,1225.2,378,1225.4,58,
2026-04-10T14:58:55.874,NC,COFORGE,1225.2,1271.0,1272.0,1213.0,1264.9,3665431,1227.61,1225.2,383,1225.4,25,
2026-04-10T14:59:01.078,NC,COFORGE,1225.1,1271.0,1272.0,1213.0,1264.9,3666063,1227.61,1225.1,143,1225.2,3,
2026-04-10T14:59:06.690,NC,COFORGE,1225.2,1271.0,1272.0,1213.0,1264.9,3666070,1227.61,1225.1,165,1225.2,160,
2026-04-10T14:59:12.520,NC,COFORGE,1225.0,1271.0,1272.0,1213.0,1264.9,3667315,1227.61,1225.0,1267,1225.2,227,
2026-04-10T14:59:18.311,NC,COFORGE,1225.2,1271.0,1272.0,1213.0,1264.9,3668614,1227.61,1225.0,673,1225.2,176,
2026-04-10T14:59:23.923,NC,COFORGE,1225.1,1271.0,1272.0,1213.0,1264.9,3668711,1227.61,1225.0,674,1225.1,131,
2026-04-10T14:59:29.634,NC,COFORGE,1225.0,1271.0,1272.0,1213.0,1264.9,3669569,1227.61,1225.0,236,1225.1,210,
2026-04-10T14:59:35.230,NC,COFORGE,1225.1,1271.0,1272.0,1213.0,1264.9,3669807,1227.61,1225.0,404,1225.1,230,
2026-04-10T14:59:41.032,NC,COFORGE,1225.1,1271.0,1272.0,1213.0,1264.9,3673255,1227.61,1225.1,586,1225.4,28,
2026-04-10T14:59:46.943,NC,COFORGE,1225.4,1271.0,1272.0,1213.0,1264.9,3678684,1227.6,1225.0,98,1225.4,85,
2026-04-10T14:59:52.568,NC,COFORGE,1225.0,1271.0,1272.0,1213.0,1264.9,3678766,1227.6,1225.0,71,1225.1,68,
2026-04-10T14:59:58.464,NC,COFORGE,1225.0,1271.0,1272.0,1213.0,1264.9,3679231,1227.6,1225.0,108,1225.1,78,
2026-04-10T15:00:05.293,NC,COFORGE,1225.1,1271.0,1272.0,1213.0,1264.9,3682053,1227.6,1224.7,197,1225.1,20,
2026-04-10T15:00:12.774,NC,COFORGE,1225.1,1271.0,1272.0,1213.0,1264.9,3683126,1227.6,1225.0,152,1225.1,153,
2026-04-10T15:00:19.993,NC,COFORGE,1225.0,1271.0,1272.0,1213.0,1264.9,3683546,1227.6,1225.0,101,1225.1,410,
2026-04-10T15:00:26.993,NC,COFORGE,1225.1,1271.0,1272.0,1213.0,1264.9,3685241,1227.6,1225.0,151,1225.1,88,
2026-04-10T15:00:33.209,NC,COFORGE,1224.9,1271.0,1272.0,1213.0,1264.9,3687033,1227.6,1225.0,169,1225.1,126,
2026-04-10T15:00:39.335,NC,COFORGE,1225.1,1271.0,1272.0,1213.0,1264.9,3687899,1227.6,1225.0,224,1225.1,51,
2026-04-10T15:00:44.676,NC,COFORGE,1225.1,1271.0,1272.0,1213.0,1264.9,3688166,1227.6,1225.0,221,1225.1,138,
2026-04-10T15:00:46.851,NC,COFORGE,1225.0,1271.0,1272.0,1213.0,1264.9,3688366,1227.6,1225.0,159,1225.1,254,
2026-04-10T15:00:48.956,NC,COFORGE,1225.1,1271.0,1272.0,1213.0,1264.9,3688368,1227.6,1225.0,159,1225.1,393,
2026-04-10T15:00:49.960,NC,COFORGE,1225.1,1271.0,1272.0,1213.0,1264.9,3688372,1227.6,1225.0,157,1225.1,389,
2026-04-10T15:00:50.954,NC,COFORGE,1225.0,1271.0,1272.0,1213.0,1264.9,3688966,1227.6,1224.9,64,1225.0,200,
2026-04-10T15:00:51.858,NC,COFORGE,1225.0,1271.0,1272.0,1213.0,1264.9,3689266,1227.6,1224.9,63,1225.0,85,
2026-04-10T15:00:52.859,NC,COFORGE,1225.0,1271.0,1272.0,1213.0,1264.9,3689558,1227.6,1225.0,147,1225.1,348,
2026-04-10T15:00:53.861,NC,COFORGE,1225.1,1271.0,1272.0,1213.0,1264.9,3689637,1227.6,1225.0,151,1225.1,347,
2026-04-10T15:00:56.862,NC,COFORGE,1225.1,1271.0,1272.0,1213.0,1264.9,3689665,1227.6,1225.0,148,1225.1,326,
2026-04-10T15:00:57.964,NC,COFORGE,1225.0,1271.0,1272.0,1213.0,1264.9,3689770,1227.6,1225.0,51,1225.1,321,
2026-04-10T15:00:58.969,NC,COFORGE,1224.9,1271.0,1272.0,1213.0,1264.9,3689976,1227.6,1225.0,160,1225.1,272,
2026-04-10T15:01:00.071,NC,COFORGE,1225.1,1271.0,1272.0,1213.0,1264.9,3689981,1227.6,1225.0,372,1225.1,299,
2026-04-10T15:01:01.179,NC,COFORGE,1225.4,1271.0,1272.0,1213.0,1264.9,3690336,1227.6,1225.1,157,1225.4,163,
2026-04-10T15:01:02.274,NC,COFORGE,1225.4,1271.0,1272.0,1213.0,1264.9,3690490,1227.6,1225.1,99,1225.4,157,
2026-04-10T15:01:03.374,NC,COFORGE,1225.1,1271.0,1272.0,1213.0,1264.9,3690790,1227.6,1225.1,115,1225.4,157,
2026-04-10T15:01:04.483,NC,COFORGE,1225.1,1271.0,1272.0,1213.0,1264.9,3690791,1227.6,1225.1,126,1225.4,159,
2026-04-10T15:01:05.578,NC,COFORGE,1225.4,1271.0,1272.0,1213.0,1264.9,3690849,1227.6,1225.2,114,1225.4,101,
2026-04-10T15:01:07.579,NC,COFORGE,1225.4,1271.0,1272.0,1213.0,1264.9,3690994,1227.6,1225.4,60,1225.5,13,
2026-04-10T15:01:08.587,NC,COFORGE,1225.7,1271.0,1272.0,1213.0,1264.9,3691026,1227.6,1225.4,55,1225.7,190,
2026-04-10T15:01:09.581,NC,COFORGE,1225.4,1271.0,1272.0,1213.0,1264.9,3691029,1227.6,1225.4,74,1225.6,4,
2026-04-10T15:01:10.616,NC,COFORGE,1225.7,1271.0,1272.0,1213.0,1264.9,3691069,1227.6,1225.5,105,1225.6,1,
2026-04-10T15:01:12.594,NC,COFORGE,1225.5,1271.0,1272.0,1213.0,1264.9,3691070,1227.6,1225.5,108,1225.6,5,
2026-04-10T15:01:13.609,NC,COFORGE,1225.6,1271.0,1272.0,1213.0,1264.9,3691071,1227.6,1225.5,103,1225.6,5,
2026-04-10T15:01:14.601,NC,COFORGE,1225.5,1271.0,1272.0,1213.0,1264.9,3691073,1227.6,1225.5,64,1225.6,7,
2026-04-10T15:01:15.602,NC,COFORGE,1225.5,1271.0,1272.0,1213.0,1264.9,3691075,1227.6,1225.5,105,1225.6,8,
2026-04-10T15:01:17.809,NC,COFORGE,1225.5,1271.0,1272.0,1213.0,1264.9,3691082,1227.6,1225.5,99,1225.6,7,
2026-04-10T15:01:18.915,NC,COFORGE,1225.5,1271.0,1272.0,1213.0,1264.9,3691092,1227.6,1225.5,95,1225.6,7,
2026-04-10T15:01:20.001,NC,COFORGE,1225.7,1271.0,1272.0,1213.0,1264.9,3691199,1227.6,1225.6,109,1225.8,1,
2026-04-10T15:01:21.108,NC,COFORGE,1225.9,1271.0,1272.0,1213.0,1264.9,3691210,1227.6,1225.7,61,1225.8,1,
2026-04-10T15:01:22.203,NC,COFORGE,1225.7,1271.0,1272.0,1213.0,1264.9,3691212,1227.6,1225.7,117,1225.8,1,
2026-04-10T15:01:24.204,NC,COFORGE,1225.9,1271.0,1272.0,1213.0,1264.9,3691242,1227.6,1225.7,122,1226.0,2068,
2026-04-10T15:01:26.106,NC,COFORGE,1226.0,1271.0,1272.0,1213.0,1264.9,3693728,1227.59,1226.0,164,1226.2,155,
2026-04-10T15:01:27.109,NC,COFORGE,1226.2,1271.0,1272.0,1213.0,1264.9,3693732,1227.59,1226.0,104,1226.1,1,
2026-04-10T15:01:28.221,NC,COFORGE,1226.0,1271.0,1272.0,1213.0,1264.9,3693752,1227.59,1226.0,104,1226.2,179,
2026-04-10T15:01:29.212,NC,COFORGE,1226.0,1271.0,1272.0,1213.0,1264.9,3693755,1227.59,1226.0,139,1226.2,179,
2026-04-10T15:01:30.207,NC,COFORGE,1226.0,1271.0,1272.0,1213.0,1264.9,3693788,1227.59,1226.0,210,1226.2,181,
2026-04-10T15:01:31.216,NC,COFORGE,1226.2,1271.0,1272.0,1213.0,1264.9,3693840,1227.59,1226.1,83,1226.2,129,
2026-04-10T15:01:32.319,NC,COFORGE,1226.2,1271.0,1272.0,1213.0,1264.9,3693916,1227.59,1226.1,118,1226.2,56,
2026-04-10T15:01:33.424,NC,COFORGE,1226.0,1271.0,1272.0,1213.0,1264.9,3694349,1227.59,1225.9,182,1226.0,4106,
2026-04-10T15:01:34.509,NC,COFORGE,1225.9,1271.0,1272.0,1213.0,1264.9,3694351,1227.59,1225.9,621,1226.0,4145,
2026-04-10T15:01:35.525,NC,COFORGE,1226.0,1271.0,1272.0,1213.0,1264.9,3694411,1227.59,1225.9,596,1226.0,4215,
2026-04-10T15:01:37.642,NC,COFORGE,1225.9,1271.0,1272.0,1213.0,1264.9,3694416,1227.59,1225.9,597,1226.0,4218,
2026-04-10T15:01:38.721,NC,COFORGE,1226.0,1271.0,1272.0,1213.0,1264.9,3694445,1227.59,1225.9,498,1226.0,4187,
2026-04-10T15:01:39.819,NC,COFORGE,1226.0,1271.0,1272.0,1213.0,1264.9,3694651,1227.59,1225.9,534,1226.0,3981,
2026-04-10T15:01:40.938,NC,COFORGE,1226.0,1271.0,1272.0,1213.0,1264.9,3694654,1227.59,1225.9,468,1226.0,4013,
2026-04-10T15:01:43.023,NC,COFORGE,1226.0,1271.0,1272.0,1213.0,1264.9,3694820,1227.59,1225.9,512,1226.0,3960,
2026-04-10T15:01:48.030,NC,COFORGE,1225.9,1271.0,1272.0,1213.0,1264.9,3694861,1227.59,1225.9,485,1226.0,3960,
2026-04-10T15:01:54.360,NC,COFORGE,1226.5,1271.0,1272.0,1213.0,1264.9,3700674,1227.59,1226.4,276,1226.5,887,
2026-04-10T15:02:00.855,NC,COFORGE,1226.2,1271.0,1272.0,1213.0,1264.9,3701653,1227.59,1226.1,150,1226.2,33,
2026-04-10T15:02:07.360,NC,COFORGE,1226.2,1271.0,1272.0,1213.0,1264.9,3703396,1227.59,1225.9,98,1226.2,9,
2026-04-10T15:02:13.571,NC,COFORGE,1226.1,1271.0,1272.0,1213.0,1264.9,3703736,1227.59,1226.1,93,1226.2,238,
2026-04-10T15:02:19.785,NC,COFORGE,1226.1,1271.0,1272.0,1213.0,1264.9,3704223,1227.59,1226.0,51,1226.1,4249,
2026-04-10T15:02:25.992,NC,COFORGE,1226.1,1271.0,1272.0,1213.0,1264.9,3704615,1227.59,1225.7,62,1226.1,4304,
2026-04-10T15:02:32.198,NC,COFORGE,1225.4,1271.0,1272.0,1213.0,1264.9,3705593,1227.59,1225.5,59,1225.8,1,
2026-04-10T15:02:38.613,NC,COFORGE,1225.5,1271.0,1272.0,1213.0,1264.9,3705913,1227.59,1225.5,221,1225.8,14,
2026-04-10T15:02:44.615,NC,COFORGE,1226.4,1271.0,1272.0,1213.0,1264.9,3711531,1227.59,1226.2,148,1226.4,80,
2026-04-10T15:02:50.923,NC,COFORGE,1225.7,1271.0,1272.0,1213.0,1264.9,3712641,1227.59,1225.9,41,1226.2,1,
2026-04-10T15:02:50.923,NC,COFORGE,1225.7,1271.0,1272.0,1213.0,1264.9,3712641,1227.59,1225.9,41,1226.2,1,
2026-04-10T15:02:57.063,NC,COFORGE,1226.3,1271.0,1272.0,1213.0,1264.9,3713185,1227.59,1225.8,249,1226.3,26,
2026-04-10T15:03:03.439,NC,COFORGE,1226.0,1271.0,1272.0,1213.0,1264.9,3713439,1227.59,1225.8,284,1226.0,133,
2026-04-10T15:03:09.766,NC,COFORGE,1225.9,1271.0,1272.0,1213.0,1264.9,3713788,1227.59,1225.9,88,1226.0,40,
2026-04-10T15:03:16.185,NC,COFORGE,1226.0,1271.0,1272.0,1213.0,1264.9,3714036,1227.59,1225.9,135,1226.0,84,
2026-04-10T15:03:22.382,NC,COFORGE,1226.0,1271.0,1272.0,1213.0,1264.9,3717301,1227.58,1226.1,20,1226.3,91,
2026-04-10T15:03:28.667,NC,COFORGE,1226.0,1271.0,1272.0,1213.0,1264.9,3718013,1227.58,1225.9,59,1226.0,23,
2026-04-10T15:03:34.700,NC,COFORGE,1226.3,1271.0,1272.0,1213.0,1264.9,3718559,1227.58,1226.0,227,1226.3,32,
2026-04-10T15:03:41.012,NC,COFORGE,1226.3,1271.0,1272.0,1213.0,1264.9,3719109,1227.58,1226.0,5,1226.3,614,
2026-04-10T15:03:47.335,NC,COFORGE,1226.1,1271.0,1272.0,1213.0,1264.9,3719257,1227.58,1226.0,168,1226.1,2,
2026-04-10T15:03:53.412,NC,COFORGE,1226.1,1271.0,1272.0,1213.0,1264.9,3719303,1227.58,1226.0,205,1226.1,34,
2026-04-10T15:03:59.427,NC,COFORGE,1226.0,1271.0,1272.0,1213.0,1264.9,3719772,1227.58,1226.0,19,1226.1,32,
2026-04-10T15:04:05.433,NC,COFORGE,1226.0,1271.0,1272.0,1213.0,1264.9,3720481,1227.58,1226.0,450,1226.1,22,
2026-04-10T15:04:11.951,NC,COFORGE,1226.1,1271.0,1272.0,1213.0,1264.9,3720589,1227.58,1226.0,330,1226.1,189,
2026-04-10T15:04:18.545,NC,COFORGE,1225.9,1271.0,1272.0,1213.0,1264.9,3721119,1227.58,1225.9,38,1226.0,201,
2026-04-10T15:04:24.759,NC,COFORGE,1226.0,1271.0,1272.0,1213.0,1264.9,3721613,1227.58,1225.9,21,1226.0,16,
2026-04-10T15:04:31.067,NC,COFORGE,1226.0,1271.0,1272.0,1213.0,1264.9,3721675,1227.58,1225.9,3,1226.0,427,
2026-04-10T15:04:37.482,NC,COFORGE,1226.0,1271.0,1272.0,1213.0,1264.9,3721858,1227.58,1225.6,340,1226.0,818,
2026-04-10T15:04:43.480,NC,COFORGE,1226.0,1271.0,1272.0,1213.0,1264.9,3722267,1227.58,1225.9,166,1226.0,407,
2026-04-10T15:04:49.791,NC,COFORGE,1225.9,1271.0,1272.0,1213.0,1264.9,3722476,1227.58,1225.9,111,1226.0,1579,
2026-04-10T15:04:56.098,NC,COFORGE,1226.3,1271.0,1272.0,1213.0,1264.9,3725873,1227.58,1226.2,20,1226.3,948,
2026-04-10T15:05:02.318,NC,COFORGE,1226.3,1271.0,1272.0,1213.0,1264.9,3726124,1227.58,1226.1,46,1226.3,1225,
2026-04-10T15:05:08.809,NC,COFORGE,1226.1,1271.0,1272.0,1213.0,1264.9,3726372,1227.58,1226.0,56,1226.1,864,
2026-04-10T15:05:15.214,NC,COFORGE,1226.0,1271.0,1272.0,1213.0,1264.9,3728499,1227.58,1226.0,18,1226.1,36,
2026-04-10T15:05:21.532,NC,COFORGE,1226.2,1271.0,1272.0,1213.0,1264.9,3730643,1227.58,1226.2,422,1226.5,2297,
2026-04-10T15:05:27.654,NC,COFORGE,1226.2,1271.0,1272.0,1213.0,1264.9,3730680,1227.58,1226.2,441,1226.3,70,
2026-04-10T15:05:33.759,NC,COFORGE,1226.3,1271.0,1272.0,1213.0,1264.9,3731188,1227.58,1226.3,72,1226.5,2015,
2026-04-10T15:05:39.872,NC,COFORGE,1226.8,1271.0,1272.0,1213.0,1264.9,3734969,1227.58,1226.8,206,1226.9,178,
2026-04-10T15:05:45.889,NC,COFORGE,1227.0,1271.0,1272.0,1213.0,1264.9,3736261,1227.58,1226.7,22,1226.9,31,
2026-04-10T15:05:51.984,NC,COFORGE,1226.6,1271.0,1272.0,1213.0,1264.9,3737156,1227.58,1226.6,72,1226.9,4,
2026-04-10T15:05:58.201,NC,COFORGE,1226.6,1271.0,1272.0,1213.0,1264.9,3737384,1227.58,1226.6,4,1226.8,1,
2026-04-10T15:06:04.413,NC,COFORGE,1226.9,1271.0,1272.0,1213.0,1264.9,3737603,1227.58,1226.7,3,1226.8,4,
2026-04-10T15:06:10.814,NC,COFORGE,1226.9,1271.0,1272.0,1213.0,1264.9,3738468,1227.58,1226.7,21,1226.9,77,
2026-04-10T15:06:17.128,NC,COFORGE,1226.9,1271.0,1272.0,1213.0,1264.9,3739325,1227.58,1226.5,133,1226.9,551,
2026-04-10T15:06:23.428,NC,COFORGE,1226.6,1271.0,1272.0,1213.0,1264.9,3739452,1227.58,1226.8,1,1226.9,584,
2026-04-10T15:06:29.448,NC,COFORGE,1226.5,1271.0,1272.0,1213.0,1264.9,3739695,1227.58,1226.5,1070,1226.6,10,
2026-04-10T15:06:35.575,NC,COFORGE,1226.6,1271.0,1272.0,1213.0,1264.9,3739820,1227.58,1226.5,1235,1226.6,16,
2026-04-10T15:06:42.169,NC,COFORGE,1226.2,1271.0,1272.0,1213.0,1264.9,3741746,1227.58,1226.0,330,1226.2,52,
2026-04-10T15:06:48.878,NC,COFORGE,1226.1,1271.0,1272.0,1213.0,1264.9,3743086,1227.58,1225.6,86,1226.1,23,
2026-04-10T15:06:55.617,NC,COFORGE,1226.1,1271.0,1272.0,1213.0,1264.9,3743556,1227.58,1226.1,967,1226.2,68,
2026-04-10T15:07:02.094,NC,COFORGE,1226.1,1271.0,1272.0,1213.0,1264.9,3744051,1227.58,1226.1,597,1226.2,123,
2026-04-10T15:07:08.509,NC,COFORGE,1226.0,1271.0,1272.0,1213.0,1264.9,3744909,1227.58,1225.9,53,1226.0,245,
2026-04-10T15:07:14.937,NC,COFORGE,1226.0,1271.0,1272.0,1213.0,1264.9,3745750,1227.57,1226.0,2,1226.1,182,
2026-04-10T15:07:21.348,NC,COFORGE,1226.8,1271.0,1272.0,1213.0,1264.9,3748019,1227.57,1226.2,40,1226.8,140,
2026-04-10T15:07:27.736,NC,COFORGE,1227.0,1271.0,1272.0,1213.0,1264.9,3753025,1227.57,1226.8,30,1227.0,3309,
2026-04-10T15:07:34.471,NC,COFORGE,1227.0,1271.0,1272.0,1213.0,1264.9,3755452,1227.57,1226.6,339,1227.0,1619,
2026-04-10T15:07:40.962,NC,COFORGE,1227.0,1271.0,1272.0,1213.0,1264.9,3756780,1227.57,1226.9,1,1227.0,573,
2026-04-10T15:07:47.377,NC,COFORGE,1227.0,1271.0,1272.0,1213.0,1264.9,3757354,1227.57,1226.7,70,1227.0,561,
2026-04-10T15:07:53.376,NC,COFORGE,1227.0,1271.0,1272.0,1213.0,1264.9,3759156,1227.57,1226.6,23,1227.0,1090,
2026-04-10T15:07:59.576,NC,COFORGE,1226.8,1271.0,1272.0,1213.0,1264.9,3761431,1227.57,1226.7,115,1227.0,73,
2026-04-10T15:08:06.081,NC,COFORGE,1227.0,1271.0,1272.0,1213.0,1264.9,3761994,1227.57,1226.9,2,1227.0,255,
2026-04-10T15:08:12.497,NC,COFORGE,1226.9,1271.0,1272.0,1213.0,1264.9,3763410,1227.57,1226.9,157,1227.0,13,
2026-04-10T15:08:18.899,NC,COFORGE,1226.4,1271.0,1272.0,1213.0,1264.9,3763820,1227.57,1226.5,327,1226.7,51,
2026-04-10T15:08:25.012,NC,COFORGE,1226.5,1271.0,1272.0,1213.0,1264.9,3764039,1227.57,1226.2,51,1226.5,405,
2026-04-10T15:08:31.326,NC,COFORGE,1225.7,1271.0,1272.0,1213.0,1264.9,3765026,1227.57,1225.5,257,1226.0,261,
2026-04-10T15:08:37.832,NC,COFORGE,1226.0,1271.0,1272.0,1213.0,1264.9,3766804,1227.57,1226.0,398,1226.4,1,
2026-04-10T15:08:44.352,NC,COFORGE,1226.4,1271.0,1272.0,1213.0,1264.9,3767531,1227.57,1226.0,35,1226.4,70,
2026-04-10T15:08:50.654,NC,COFORGE,1226.4,1271.0,1272.0,1213.0,1264.9,3767653,1227.57,1226.3,1,1226.4,292,
2026-04-10T15:08:57.160,NC,COFORGE,1226.1,1271.0,1272.0,1213.0,1264.9,3767828,1227.57,1226.1,273,1226.4,175,
2026-04-10T15:09:03.579,NC,COFORGE,1226.1,1271.0,1272.0,1213.0,1264.9,3767906,1227.57,1226.1,238,1226.4,169,
2026-04-10T15:09:10.084,NC,COFORGE,1226.1,1271.0,1272.0,1213.0,1264.9,3768251,1227.57,1226.1,877,1226.3,18,
2026-04-10T15:09:16.499,NC,COFORGE,1226.1,1271.0,1272.0,1213.0,1264.9,3769964,1227.57,1226.0,53,1226.1,911,
2026-04-10T15:09:22.905,NC,COFORGE,1225.9,1271.0,1272.0,1213.0,1264.9,3770411,1227.57,1225.8,59,1225.9,393,
2026-04-10T15:09:29.413,NC,COFORGE,1225.9,1271.0,1272.0,1213.0,1264.9,3770465,1227.57,1225.8,68,1225.9,371,
2026-04-10T15:09:36.122,NC,COFORGE,1226.3,1271.0,1272.0,1213.0,1264.9,3772388,1227.57,1226.3,18,1226.5,55,
2026-04-10T15:09:43.340,NC,COFORGE,1226.7,1271.0,1272.0,1213.0,1264.9,3773044,1227.57,1226.4,41,1226.7,91,
2026-04-10T15:09:50.537,NC,COFORGE,1226.4,1271.0,1272.0,1213.0,1264.9,3773787,1227.57,1226.4,20,1226.7,2,
2026-04-10T15:09:57.655,NC,COFORGE,1226.7,1271.0,1272.0,1213.0,1264.9,3773876,1227.57,1226.5,2,1226.7,72,
2026-04-10T15:10:04.974,NC,COFORGE,1226.2,1271.0,1272.0,1213.0,1264.9,3792400,1227.57,1226.0,51,1226.2,12,
2026-04-10T15:10:12.874,NC,COFORGE,1226.4,1271.0,1272.0,1213.0,1264.9,3793403,1227.57,1225.7,92,1226.3,50,
2026-04-10T15:10:19.990,NC,COFORGE,1225.7,1271.0,1272.0,1213.0,1264.9,3793901,1227.57,1225.7,241,1226.3,76,
2026-04-10T15:10:27.013,NC,COFORGE,1226.3,1271.0,1272.0,1213.0,1264.9,3795156,1227.56,1225.8,216,1226.3,50,
2026-04-10T15:10:33.934,NC,COFORGE,1225.8,1271.0,1272.0,1213.0,1264.9,3795320,1227.56,1225.8,834,1226.1,1,
2026-04-10T15:10:40.763,NC,COFORGE,1226.3,1271.0,1272.0,1213.0,1264.9,3795759,1227.56,1226.1,217,1226.3,19,
2026-04-10T15:10:47.555,NC,COFORGE,1226.3,1271.0,1272.0,1213.0,1264.9,3799787,1227.56,1226.0,23,1226.3,226,
2026-04-10T15:10:54.065,NC,COFORGE,1226.1,1271.0,1272.0,1213.0,1264.9,3799978,1227.56,1226.0,100,1226.1,228,
2026-04-10T15:11:00.677,NC,COFORGE,1225.9,1271.0,1272.0,1213.0,1264.9,3800957,1227.56,1225.8,412,1226.0,9,
2026-04-10T15:11:07.386,NC,COFORGE,1226.0,1271.0,1272.0,1213.0,1264.9,3801077,1227.56,1225.8,609,1226.0,207,
2026-04-10T15:11:14.062,NC,COFORGE,1225.9,1271.0,1272.0,1213.0,1264.9,3801289,1227.56,1225.9,95,1226.0,284,
2026-04-10T15:11:20.727,NC,COFORGE,1226.0,1271.0,1272.0,1213.0,1264.9,3801823,1227.56,1225.9,1,1226.0,305,
2026-04-10T15:11:27.535,NC,COFORGE,1225.8,1271.0,1272.0,1213.0,1264.9,3802471,1227.56,1225.6,96,1225.8,5,
2026-04-10T15:11:34.359,NC,COFORGE,1225.7,1271.0,1272.0,1213.0,1264.9,3802599,1227.56,1225.7,35,1225.8,1069,
2026-04-10T15:11:41.263,NC,COFORGE,1225.8,1271.0,1272.0,1213.0,1264.9,3803661,1227.56,1225.5,488,1225.8,576,
2026-04-10T15:11:48.074,NC,COFORGE,1225.5,1271.0,1272.0,1213.0,1264.9,3806069,1227.56,1225.1,301,1225.5,363,
2026-04-10T15:11:54.989,NC,COFORGE,1225.5,1271.0,1272.0,1213.0,1264.9,3807451,1227.56,1225.0,1715,1225.5,241,
2026-04-10T15:12:01.976,NC,COFORGE,1225.8,1271.0,1272.0,1213.0,1264.9,3807876,1227.56,1225.3,144,1225.8,385,
2026-04-10T15:12:09.227,NC,COFORGE,1225.8,1271.0,1272.0,1213.0,1264.9,3809405,1227.56,1225.1,75,1225.3,2,
2026-04-10T15:12:16.346,NC,COFORGE,1225.8,1271.0,1272.0,1213.0,1264.9,3809770,1227.56,1225.5,289,1225.8,46,
2026-04-10T15:12:23.246,NC,COFORGE,1225.8,1271.0,1272.0,1213.0,1264.9,3810262,1227.56,1225.3,42,1225.7,8,
2026-04-10T15:12:30.165,NC,COFORGE,1225.2,1271.0,1272.0,1213.0,1264.9,3811289,1227.56,1225.1,157,1225.2,4,
2026-04-10T15:12:37.258,NC,COFORGE,1225.2,1271.0,1272.0,1213.0,1264.9,3811375,1227.56,1225.1,1065,1225.2,36,
2026-04-10T15:12:44.189,NC,COFORGE,1224.9,1271.0,1272.0,1213.0,1264.9,3814579,1227.56,1224.9,21,1225.0,46,
2026-04-10T15:12:51.090,NC,COFORGE,1225.0,1271.0,1272.0,1213.0,1264.9,3821009,1227.55,1225.2,1,1225.5,191,
2026-04-10T15:12:58.191,NC,COFORGE,1225.0,1271.0,1272.0,1213.0,1264.9,3823184,1227.55,1224.8,253,1225.4,2,
2026-04-10T15:13:05.111,NC,COFORGE,1225.4,1271.0,1272.0,1213.0,1264.9,3823905,1227.55,1225.2,375,1225.4,51,
2026-04-10T15:13:12.234,NC,COFORGE,1225.3,1271.0,1272.0,1213.0,1264.9,3824407,1227.55,1225.3,92,1225.4,1249,
2026-04-10T15:13:19.441,NC,COFORGE,1225.4,1271.0,1272.0,1213.0,1264.9,3826453,1227.55,1225.4,261,1225.8,646,
2026-04-10T15:13:26.588,NC,COFORGE,1225.4,1271.0,1272.0,1213.0,1264.9,3827068,1227.55,1225.3,47,1225.4,14,
2026-04-10T15:13:33.864,NC,COFORGE,1225.4,1271.0,1272.0,1213.0,1264.9,3828586,1227.55,1225.4,1082,1225.8,623,
2026-04-10T15:13:40.985,NC,COFORGE,1225.8,1271.0,1272.0,1213.0,1264.9,3829823,1227.55,1225.6,233,1225.8,615,
2026-04-10T15:13:48.326,NC,COFORGE,1225.8,1271.0,1272.0,1213.0,1264.9,3830294,1227.55,1225.7,634,1225.8,72,
2026-04-10T15:13:55.519,NC,COFORGE,1225.7,1271.0,1272.0,1213.0,1264.9,3831369,1227.54,1225.6,220,1225.7,208,
2026-04-10T15:14:02.757,NC,COFORGE,1225.7,1271.0,1272.0,1213.0,1264.9,3832087,1227.54,1225.6,116,1225.7,359,
2026-04-10T15:14:09.992,NC,COFORGE,1225.7,1271.0,1272.0,1213.0,1264.9,3833089,1227.54,1225.5,105,1225.7,53,
2026-04-10T15:14:17.251,NC,COFORGE,1225.5,1271.0,1272.0,1213.0,1264.9,3833342,1227.54,1225.5,118,1225.7,238,
2026-04-10T15:14:24.073,NC,COFORGE,1225.7,1271.0,1272.0,1213.0,1264.9,3833575,1227.54,1225.5,280,1225.7,486,
2026-04-10T15:14:30.874,NC,COFORGE,1225.7,1271.0,1272.0,1213.0,1264.9,3833781,1227.54,1225.6,1,1225.7,496,
2026-04-10T15:14:37.381,NC,COFORGE,1225.7,1271.0,1272.0,1213.0,1264.9,3834997,1227.54,1225.5,1156,1225.7,244,
2026-04-10T15:14:44.086,NC,COFORGE,1225.7,1271.0,1272.0,1213.0,1264.9,3835628,1227.54,1225.6,814,1225.8,576,
2026-04-10T15:14:50.694,NC,COFORGE,1225.8,1271.0,1272.0,1213.0,1264.9,3836074,1227.54,1225.7,405,1225.8,325,
2026-04-10T15:14:57.208,NC,COFORGE,1225.6,1271.0,1272.0,1213.0,1264.9,3837291,1227.54,1225.6,157,1225.7,59,
2026-04-10T15:15:04.618,NC,COFORGE,1226.0,1271.0,1272.0,1213.0,1264.9,3838645,1227.54,1225.5,1647,1225.8,110,
2026-04-10T15:15:13.243,NC,COFORGE,1225.5,1271.0,1272.0,1213.0,1264.9,3841828,1227.54,1225.0,767,1225.5,112,
2026-04-10T15:15:21.601,NC,COFORGE,1225.2,1271.0,1272.0,1213.0,1264.9,3847312,1227.54,1225.2,4,1225.5,27,
2026-04-10T15:15:29.876,NC,COFORGE,1225.5,1271.0,1272.0,1213.0,1264.9,3848673,1227.54,1225.2,1,1225.5,61,
2026-04-10T15:15:38.174,NC,COFORGE,1225.5,1271.0,1272.0,1213.0,1264.9,3849130,1227.54,1225.1,1001,1225.5,657,
2026-04-10T15:15:46.405,NC,COFORGE,1225.5,1271.0,1272.0,1213.0,1264.9,3850251,1227.54,1225.4,157,1225.5,158,
2026-04-10T15:15:54.633,NC,COFORGE,1225.4,1271.0,1272.0,1213.0,1264.9,3850897,1227.53,1225.2,60,1225.4,76,
2026-04-10T15:16:02.237,NC,COFORGE,1225.5,1271.0,1272.0,1213.0,1264.9,3851868,1227.53,1225.4,45,1225.5,174,
2026-04-10T15:16:09.760,NC,COFORGE,1225.6,1271.0,1272.0,1213.0,1264.9,3854785,1227.53,1225.2,253,1225.6,108,
2026-04-10T15:16:17.262,NC,COFORGE,1225.5,1271.0,1272.0,1213.0,1264.9,3856714,1227.53,1225.0,219,1225.4,93,
2026-04-10T15:16:24.676,NC,COFORGE,1225.4,1271.0,1272.0,1213.0,1264.9,3857212,1227.53,1224.8,399,1225.4,387,
2026-04-10T15:16:32.272,NC,COFORGE,1224.5,1271.0,1272.0,1213.0,1264.9,3859390,1227.53,1224.5,38,1225.1,212,
2026-04-10T15:16:39.587,NC,COFORGE,1224.7,1271.0,1272.0,1213.0,1264.9,3860419,1227.53,1224.7,348,1225.1,86,
2026-04-10T15:16:47.002,NC,COFORGE,1225.1,1271.0,1272.0,1213.0,1264.9,3861145,1227.53,1224.9,7,1225.1,469,
2026-04-10T15:16:54.420,NC,COFORGE,1225.1,1271.0,1272.0,1213.0,1264.9,3861817,1227.53,1224.6,35,1225.1,306,
2026-04-10T15:17:01.971,NC,COFORGE,1225.0,1271.0,1272.0,1213.0,1264.9,3863109,1227.53,1224.7,2,1225.0,2323,
2026-04-10T15:17:09.353,NC,COFORGE,1224.9,1271.0,1272.0,1213.0,1264.9,3865030,1227.53,1224.6,78,1224.9,213,
2026-04-10T15:17:16.578,NC,COFORGE,1224.6,1271.0,1272.0,1213.0,1264.9,3867264,1227.52,1224.1,79,1224.6,5,
2026-04-10T15:17:23.685,NC,COFORGE,1224.6,1271.0,1272.0,1213.0,1264.9,3868687,1227.52,1224.5,61,1224.6,34,
2026-04-10T15:17:30.774,NC,COFORGE,1224.6,1271.0,1272.0,1213.0,1264.9,3869001,1227.52,1224.5,353,1224.6,48,
2026-04-10T15:17:38.088,NC,COFORGE,1224.5,1271.0,1272.0,1213.0,1264.9,3870058,1227.52,1224.5,943,1224.6,39,
2026-04-10T15:17:45.090,NC,COFORGE,1224.9,1271.0,1272.0,1213.0,1264.9,3871458,1227.52,1224.7,491,1224.9,488,
2026-04-10T15:17:52.209,NC,COFORGE,1224.6,1271.0,1272.0,1213.0,1264.9,3872045,1227.52,1224.6,46,1224.8,1,
2026-04-10T15:17:59.611,NC,COFORGE,1224.7,1271.0,1272.0,1213.0,1264.9,3872336,1227.52,1224.6,341,1224.7,196,
2026-04-10T15:18:06.925,NC,COFORGE,1223.7,1271.0,1272.0,1213.0,1264.9,3880341,1227.51,1223.7,63,1224.5,319,
2026-04-10T15:18:14.330,NC,COFORGE,1224.1,1271.0,1272.0,1213.0,1264.9,3889066,1227.5,1224.1,357,1224.5,321,
2026-04-10T15:18:21.633,NC,COFORGE,1224.2,1271.0,1272.0,1213.0,1264.9,3890584,1227.5,1224.2,1,1224.3,146,
2026-04-10T15:18:28.835,NC,COFORGE,1224.0,1271.0,1272.0,1213.0,1264.9,3891313,1227.5,1223.7,114,1224.1,45,
2026-04-10T15:18:36.150,NC,COFORGE,1224.5,1271.0,1272.0,1213.0,1264.9,3895242,1227.5,1224.0,15,1224.5,1053,
2026-04-10T15:18:43.462,NC,COFORGE,1224.5,1271.0,1272.0,1213.0,1264.9,3898311,1227.5,1224.0,12,1224.5,194,
2026-04-10T15:18:50.568,NC,COFORGE,1224.3,1271.0,1272.0,1213.0,1264.9,3902425,1227.49,1224.0,1,1224.3,167,
2026-04-10T15:18:57.480,NC,COFORGE,1223.5,1271.0,1272.0,1213.0,1264.9,3902850,1227.49,1223.5,288,1224.0,156,
2026-04-10T15:19:04.483,NC,COFORGE,1223.9,1271.0,1272.0,1213.0,1264.9,3904846,1227.49,1223.8,100,1224.3,932,
2026-04-10T15:19:11.695,NC,COFORGE,1223.5,1271.0,1272.0,1213.0,1264.9,3905887,1227.49,1223.5,650,1224.0,80,
2026-04-10T15:19:18.904,NC,COFORGE,1223.5,1271.0,1272.0,1213.0,1264.9,3906860,1227.49,1223.5,323,1224.0,81,
2026-04-10T15:19:25.825,NC,COFORGE,1223.9,1271.0,1272.0,1213.0,1264.9,3907138,1227.49,1223.6,1,1223.9,13,
2026-04-10T15:19:33.047,NC,COFORGE,1223.8,1271.0,1272.0,1213.0,1264.9,3907938,1227.49,1223.8,1644,1224.0,12,
2026-04-10T15:19:40.248,NC,COFORGE,1224.3,1271.0,1272.0,1213.0,1264.9,3908772,1227.49,1224.0,1305,1224.3,303,
2026-04-10T15:19:47.253,NC,COFORGE,1224.1,1271.0,1272.0,1213.0,1264.9,3909760,1227.49,1224.2,484,1224.3,499,
2026-04-10T15:19:54.171,NC,COFORGE,1224.3,1271.0,1272.0,1213.0,1264.9,3910571,1227.49,1224.1,178,1224.3,456,
2026-04-10T15:20:01.286,NC,COFORGE,1224.5,1271.0,1272.0,1213.0,1264.9,3912523,1227.48,1223.8,69,1224.5,196,
2026-04-10T15:20:09.185,NC,COFORGE,1224.3,1271.0,1272.0,1213.0,1264.9,3913063,1227.48,1224.0,707,1224.3,235,
2026-04-10T15:20:17.596,NC,COFORGE,1224.3,1271.0,1272.0,1213.0,1264.9,3914776,1227.48,1223.9,736,1224.3,116,
2026-04-10T15:20:25.310,NC,COFORGE,1224.0,1271.0,1272.0,1213.0,1264.9,3915011,1227.48,1224.0,161,1224.1,121,
2026-04-10T15:20:33.227,NC,COFORGE,1224.5,1271.0,1272.0,1213.0,1264.9,3916866,1227.48,1224.0,390,1224.5,529,
2026-04-10T15:20:41.125,NC,COFORGE,1224.5,1271.0,1272.0,1213.0,1264.9,3917424,1227.48,1224.0,428,1224.5,170,
2026-04-10T15:20:48.743,NC,COFORGE,1224.2,1271.0,1272.0,1213.0,1264.9,3917667,1227.48,1224.0,349,1224.2,4,
2026-04-10T15:20:56.037,NC,COFORGE,1224.5,1271.0,1272.0,1213.0,1264.9,3920378,1227.48,1224.0,419,1224.5,979,
2026-04-10T15:21:03.357,NC,COFORGE,1224.5,1271.0,1272.0,1213.0,1264.9,3922083,1227.48,1224.0,287,1224.5,135,
2026-04-10T15:21:11.016,NC,COFORGE,1224.6,1271.0,1272.0,1213.0,1264.9,3922713,1227.48,1224.0,334,1224.6,477,
2026-04-10T15:21:18.368,NC,COFORGE,1223.6,1271.0,1272.0,1213.0,1264.9,3927189,1227.47,1223.5,1023,1224.2,31,
2026-04-10T15:21:26.272,NC,COFORGE,1224.1,1271.0,1272.0,1213.0,1264.9,3928160,1227.47,1223.5,506,1223.6,1,
2026-04-10T15:21:34.081,NC,COFORGE,1223.7,1271.0,1272.0,1213.0,1264.9,3928746,1227.47,1223.7,349,1224.1,3,
2026-04-10T15:21:41.499,NC,COFORGE,1223.7,1271.0,1272.0,1213.0,1264.9,3929466,1227.47,1223.7,281,1224.1,47,
2026-04-10T15:21:48.906,NC,COFORGE,1224.1,1271.0,1272.0,1213.0,1264.9,3930316,1227.47,1223.7,4,1224.1,97,
2026-04-10T15:21:56.318,NC,COFORGE,1224.1,1271.0,1272.0,1213.0,1264.9,3930443,1227.47,1223.6,376,1224.1,103,
2026-04-10T15:22:03.737,NC,COFORGE,1224.0,1271.0,1272.0,1213.0,1264.9,3931347,1227.47,1224.0,439,1224.1,72,
2026-04-10T15:22:11.450,NC,COFORGE,1223.6,1271.0,1272.0,1213.0,1264.9,3933558,1227.47,1223.3,770,1223.9,170,
2026-04-10T15:22:18.971,NC,COFORGE,1223.9,1271.0,1272.0,1213.0,1264.9,3934439,1227.46,1223.7,618,1223.9,29,
2026-04-10T15:22:26.472,NC,COFORGE,1224.0,1271.0,1272.0,1213.0,1264.9,3934576,1227.46,1223.7,607,1224.0,14,
2026-04-10T15:22:33.785,NC,COFORGE,1223.7,1271.0,1272.0,1213.0,1264.9,3935397,1227.46,1223.5,110,1223.7,126,
2026-04-10T15:22:40.892,NC,COFORGE,1223.9,1271.0,1272.0,1213.0,1264.9,3936760,1227.46,1223.7,18,1223.9,85,
2026-04-10T15:22:48.007,NC,COFORGE,1223.9,1271.0,1272.0,1213.0,1264.9,3938510,1227.46,1223.6,4,1223.8,1,
2026-04-10T15:22:55.219,NC,COFORGE,1223.8,1271.0,1272.0,1213.0,1264.9,3938850,1227.46,1223.6,99,1223.8,9,
2026-04-10T15:23:02.431,NC,COFORGE,1223.9,1271.0,1272.0,1213.0,1264.9,3939650,1227.46,1223.8,43,1223.9,369,
2026-04-10T15:23:09.661,NC,COFORGE,1223.6,1271.0,1272.0,1213.0,1264.9,3941116,1227.46,1223.5,132,1223.6,17,
2026-04-10T15:23:17.216,NC,COFORGE,1223.0,1271.0,1272.0,1213.0,1264.9,3942060,1227.46,1223.0,886,1223.6,19,
2026-04-10T15:23:25.125,NC,COFORGE,1223.6,1271.0,1272.0,1213.0,1264.9,3942721,1227.46,1223.0,1205,1223.6,126,
2026-04-10T15:23:32.147,NC,COFORGE,1223.5,1271.0,1272.0,1213.0,1264.9,3943548,1227.46,1223.0,683,1223.5,41,
2026-04-10T15:23:39.154,NC,COFORGE,1223.0,1271.0,1272.0,1213.0,1264.9,3944789,1227.45,1222.7,31,1223.0,5277,
2026-04-10T15:23:46.373,NC,COFORGE,1223.0,1271.0,1272.0,1213.0,1264.9,3945307,1227.45,1222.8,1,1223.0,5085,
2026-04-10T15:23:53.480,NC,COFORGE,1223.0,1271.0,1272.0,1213.0,1264.9,3945719,1227.45,1222.6,207,1223.0,4767,
2026-04-10T15:24:00.575,NC,COFORGE,1222.6,1271.0,1272.0,1213.0,1264.9,3947105,1227.45,1222.6,465,1223.0,4254,
2026-04-10T15:24:07.829,NC,COFORGE,1222.9,1271.0,1272.0,1213.0,1264.9,3952287,1227.44,1222.3,544,1222.9,1047,
2026-04-10T15:24:15.324,NC,COFORGE,1222.3,1271.0,1272.0,1213.0,1264.9,3958392,1227.44,1221.9,38,1222.3,831,
2026-04-10T15:24:22.535,NC,COFORGE,1222.3,1271.0,1272.0,1213.0,1264.9,3959327,1227.43,1222.0,24,1222.3,455,
2026-04-10T15:24:29.953,NC,COFORGE,1221.6,1271.0,1272.0,1213.0,1264.9,3975386,1227.41,1220.9,37,1221.6,47,
2026-04-10T15:24:37.055,NC,COFORGE,1220.7,1271.0,1272.0,1213.0,1264.9,3976764,1227.4,1220.9,15,1221.6,53,
2026-04-10T15:24:43.952,NC,COFORGE,1221.6,1271.0,1272.0,1213.0,1264.9,3978387,1227.4,1221.1,35,1221.6,216,
2026-04-10T15:24:50.763,NC,COFORGE,1221.4,1271.0,1272.0,1213.0,1264.9,3979362,1227.4,1221.0,4,1221.6,478,
2026-04-10T15:24:57.788,NC,COFORGE,1221.6,1271.0,1272.0,1213.0,1264.9,3979679,1227.4,1221.4,3,1221.6,1935,
2026-04-10T15:25:04.993,NC,COFORGE,1221.4,1271.0,1272.0,1213.0,1264.9,3980597,1227.4,1221.1,375,1221.4,30,
2026-04-10T15:25:12.791,NC,COFORGE,1222.0,1271.0,1272.0,1213.0,1264.9,3982256,1227.4,1221.8,74,1222.0,748,
2026-04-10T15:25:20.602,NC,COFORGE,1221.8,1271.0,1272.0,1213.0,1264.9,3982443,1227.4,1221.5,166,1221.8,14,
2026-04-10T15:25:28.027,NC,COFORGE,1221.3,1271.0,1272.0,1213.0,1264.9,3984815,1227.39,1221.8,375,1221.9,60,
2026-04-10T15:25:35.536,NC,COFORGE,1221.4,1271.0,1272.0,1213.0,1264.9,3999904,1227.37,1221.4,740,1221.7,316,
2026-04-10T15:25:42.848,NC,COFORGE,1221.5,1271.0,1272.0,1213.0,1264.9,4002146,1227.37,1221.5,212,1221.6,347,
2026-04-10T15:25:44.044,NC,COFORGE,1222.0,1271.0,1272.0,1213.0,1264.9,4004613,1227.36,1222.0,2547,1222.2,16,
2026-04-10T15:25:45.151,NC,COFORGE,1222.2,1271.0,1272.0,1213.0,1264.9,4005019,1227.36,1222.0,2148,1222.2,16,
2026-04-10T15:25:47.209,NC,COFORGE,1222.0,1271.0,1272.0,1213.0,1264.9,4005034,1227.36,1222.0,2138,1222.2,35,
2026-04-10T15:25:48.252,NC,COFORGE,1222.2,1271.0,1272.0,1213.0,1264.9,4005049,1227.36,1222.0,2133,1222.2,25,
2026-04-10T15:25:50.253,NC,COFORGE,1222.0,1271.0,1272.0,1213.0,1264.9,4005056,1227.36,1222.0,2127,1222.2,23,
2026-04-10T15:25:51.352,NC,COFORGE,1222.2,1271.0,1272.0,1213.0,1264.9,4005089,1227.36,1222.1,197,1222.2,7,
2026-04-10T15:25:52.459,NC,COFORGE,1222.1,1271.0,1272.0,1213.0,1264.9,4005499,1227.36,1222.1,97,1222.3,569,
2026-04-10T15:25:53.562,NC,COFORGE,1222.3,1271.0,1272.0,1213.0,1264.9,4005525,1227.36,1222.1,97,1222.3,543,
2026-04-10T15:25:54.673,NC,COFORGE,1222.1,1271.0,1272.0,1213.0,1264.9,4005566,1227.36,1222.1,70,1222.3,529,
2026-04-10T15:25:55.762,NC,COFORGE,1222.2,1271.0,1272.0,1213.0,1264.9,4005623,1227.36,1222.2,36,1222.3,501,
2026-04-10T15:25:56.865,NC,COFORGE,1222.2,1271.0,1272.0,1213.0,1264.9,4005632,1227.36,1222.2,31,1222.3,497,
2026-04-10T15:25:57.968,NC,COFORGE,1222.3,1271.0,1272.0,1213.0,1264.9,4005669,1227.36,1222.2,94,1222.3,463,
2026-04-10T15:25:59.073,NC,COFORGE,1222.3,1271.0,1272.0,1213.0,1264.9,4005681,1227.36,1222.2,94,1222.3,461,
2026-04-10T15:26:00.073,NC,COFORGE,1222.3,1271.0,1272.0,1213.0,1264.9,4006006,1227.36,1222.2,94,1222.3,139,
2026-04-10T15:26:01.073,NC,COFORGE,1222.2,1271.0,1272.0,1213.0,1264.9,4006032,1227.36,1222.2,98,1222.3,299,
2026-04-10T15:26:02.090,NC,COFORGE,1222.3,1271.0,1272.0,1213.0,1264.9,4006121,1227.36,1222.2,98,1222.3,210,
2026-04-10T15:26:03.074,NC,COFORGE,1222.3,1271.0,1272.0,1213.0,1264.9,4006277,1227.36,1222.2,112,1222.3,98,
2026-04-10T15:26:04.086,NC,COFORGE,1222.3,1271.0,1272.0,1213.0,1264.9,4006280,1227.36,1222.2,112,1222.3,97,
2026-04-10T15:26:05.077,NC,COFORGE,1222.3,1271.0,1272.0,1213.0,1264.9,4006286,1227.36,1222.2,112,1222.3,111,
2026-04-10T15:26:06.085,NC,COFORGE,1222.3,1271.0,1272.0,1213.0,1264.9,4006339,1227.36,1222.2,127,1222.3,261,
2026-04-10T15:26:07.077,NC,COFORGE,1222.3,1271.0,1272.0,1213.0,1264.9,4006341,1227.36,1222.2,127,1222.3,261,
2026-04-10T15:26:08.087,NC,COFORGE,1222.3,1271.0,1272.0,1213.0,1264.9,4006351,1227.36,1222.2,127,1222.3,415,
2026-04-10T15:26:09.093,NC,COFORGE,1222.2,1271.0,1272.0,1213.0,1264.9,4006441,1227.36,1222.2,74,1222.3,868,
2026-04-10T15:26:10.100,NC,COFORGE,1222.3,1271.0,1272.0,1213.0,1264.9,4006470,1227.36,1222.2,74,1222.3,841,
2026-04-10T15:26:11.198,NC,COFORGE,1222.3,1271.0,1272.0,1213.0,1264.9,4007279,1227.36,1222.2,72,1222.3,228,
2026-04-10T15:26:13.199,NC,COFORGE,1222.3,1271.0,1272.0,1213.0,1264.9,4007302,1227.36,1222.2,20,1222.3,527,
2026-04-10T15:26:14.193,NC,COFORGE,1222.3,1271.0,1272.0,1213.0,1264.9,4007424,1227.36,1222.2,20,1222.3,585,
2026-04-10T15:26:15.195,NC,COFORGE,1222.3,1271.0,1272.0,1213.0,1264.9,4007425,1227.36,1222.2,20,1222.3,585,
2026-04-10T15:26:16.209,NC,COFORGE,1222.2,1271.0,1272.0,1213.0,1264.9,4007428,1227.36,1222.2,17,1222.3,610,
2026-04-10T15:26:17.251,NC,COFORGE,1222.3,1271.0,1272.0,1213.0,1264.9,4007541,1227.36,1222.2,17,1222.3,561,
2026-04-10T15:26:18.201,NC,COFORGE,1222.3,1271.0,1272.0,1213.0,1264.9,4007682,1227.36,1222.1,1,1222.3,387,
2026-04-10T15:26:19.304,NC,COFORGE,1222.1,1271.0,1272.0,1213.0,1264.9,4007843,1227.36,1222.0,2368,1222.1,33,
2026-04-10T15:26:20.405,NC,COFORGE,1222.1,1271.0,1272.0,1213.0,1264.9,4007855,1227.36,1222.0,2378,1222.1,32,
2026-04-10T15:26:21.515,NC,COFORGE,1222.0,1271.0,1272.0,1213.0,1264.9,4007868,1227.36,1222.0,2365,1222.1,27,
2026-04-10T15:26:22.513,NC,COFORGE,1222.1,1271.0,1272.0,1213.0,1264.9,4007869,1227.36,1222.0,2365,1222.1,29,
2026-04-10T15:26:23.513,NC,COFORGE,1222.1,1271.0,1272.0,1213.0,1264.9,4007913,1227.36,1222.0,2367,1222.1,3,
2026-04-10T15:26:24.515,NC,COFORGE,1222.1,1271.0,1272.0,1213.0,1264.9,4007943,1227.36,1222.0,2369,1222.1,65,
2026-04-10T15:26:25.619,NC,COFORGE,1222.1,1271.0,1272.0,1213.0,1264.9,4008337,1227.36,1222.0,2371,1222.1,35,
2026-04-10T15:26:26.720,NC,COFORGE,1222.1,1271.0,1272.0,1213.0,1264.9,4008515,1227.36,1222.0,2321,1222.1,24,
2026-04-10T15:26:27.819,NC,COFORGE,1222.2,1271.0,1272.0,1213.0,1264.9,4008582,1227.36,1222.0,2324,1222.2,55,
2026-04-10T15:26:28.839,NC,COFORGE,1222.3,1271.0,1272.0,1213.0,1264.9,4008686,1227.36,1222.0,2322,1222.3,11,
2026-04-10T15:26:29.843,NC,COFORGE,1222.3,1271.0,1272.0,1213.0,1264.9,4008689,1227.36,1222.1,1,1222.3,8,
2026-04-10T15:26:30.826,NC,COFORGE,1222.0,1271.0,1272.0,1213.0,1264.9,4008940,1227.36,1222.1,25,1222.4,84,
2026-04-10T15:26:31.927,NC,COFORGE,1222.3,1271.0,1272.0,1213.0,1264.9,4008978,1227.36,1222.1,16,1222.3,44,
2026-04-10T15:26:32.931,NC,COFORGE,1222.3,1271.0,1272.0,1213.0,1264.9,4009015,1227.36,1222.0,2055,1222.1,4,
2026-04-10T15:26:34.136,NC,COFORGE,1222.3,1271.0,1272.0,1213.0,1264.9,4009053,1227.36,1222.0,2055,1222.3,13,
2026-04-10T15:26:35.133,NC,COFORGE,1222.3,1271.0,1272.0,1213.0,1264.9,4009063,1227.36,1222.0,2055,1222.3,6,
2026-04-10T15:26:36.239,NC,COFORGE,1222.3,1271.0,1272.0,1213.0,1264.9,4009374,1227.36,1222.0,2001,1222.3,105,
2026-04-10T15:26:37.333,NC,COFORGE,1222.3,1271.0,1272.0,1213.0,1264.9,4009413,1227.36,1222.0,1997,1222.3,136,
2026-04-10T15:26:38.251,NC,COFORGE,1222.3,1271.0,1272.0,1213.0,1264.9,4009417,1227.36,1222.0,1997,1222.3,132,
2026-04-10T15:26:39.342,NC,COFORGE,1222.4,1271.0,1272.0,1213.0,1264.9,4009690,1227.36,1222.1,100,1222.4,19,
2026-04-10T15:26:40.348,NC,COFORGE,1222.5,1271.0,1272.0,1213.0,1264.9,4009792,1227.36,1222.3,40,1222.5,68,
2026-04-10T15:26:41.436,NC,COFORGE,1222.4,1271.0,1272.0,1213.0,1264.9,4010153,1227.35,1222.0,1794,1222.3,1,
2026-04-10T15:26:43.644,NC,COFORGE,1222.3,1271.0,1272.0,1213.0,1264.9,4010169,1227.35,1222.0,1794,1222.3,52,
2026-04-10T15:26:49.249,NC,COFORGE,1222.4,1271.0,1272.0,1213.0,1264.9,4010421,1227.35,1222.2,10,1222.4,115,
2026-04-10T15:26:56.360,NC,COFORGE,1222.2,1271.0,1272.0,1213.0,1264.9,4012999,1227.35,1222.0,42,1222.2,2,
2026-04-10T15:27:03.494,NC,COFORGE,1222.0,1271.0,1272.0,1213.0,1264.9,4014026,1227.35,1221.4,129,1222.0,2346,
2026-04-10T15:27:11.296,NC,COFORGE,1221.8,1271.0,1272.0,1213.0,1264.9,4018300,1227.34,1221.6,714,1221.8,610,
2026-04-10T15:27:19.281,NC,COFORGE,1222.2,1271.0,1272.0,1213.0,1264.9,4022730,1227.34,1222.1,54,1222.2,1202,
2026-04-10T15:27:27.301,NC,COFORGE,1221.8,1271.0,1272.0,1213.0,1264.9,4026132,1227.33,1221.8,132,1222.0,632,
2026-04-10T15:27:35.532,NC,COFORGE,1222.2,1271.0,1272.0,1213.0,1264.9,4027880,1227.33,1222.0,48,1222.2,182,
2026-04-10T15:27:43.814,NC,COFORGE,1222.2,1271.0,1272.0,1213.0,1264.9,4028628,1227.33,1221.9,34,1222.1,92,
2026-04-10T15:27:45.110,NC,COFORGE,1222.1,1271.0,1272.0,1213.0,1264.9,4028721,1227.33,1221.9,726,1222.1,59,
2026-04-10T15:27:46.211,NC,COFORGE,1222.0,1271.0,1272.0,1213.0,1264.9,4029602,1227.33,1222.0,250,1222.1,5,
2026-04-10T15:27:47.214,NC,COFORGE,1222.1,1271.0,1272.0,1213.0,1264.9,4029666,1227.33,1222.0,188,1222.1,3,
2026-04-10T15:27:48.319,NC,COFORGE,1222.2,1271.0,1272.0,1213.0,1264.9,4029879,1227.33,1222.1,372,1222.2,514,
2026-04-10T15:27:49.427,NC,COFORGE,1222.1,1271.0,1272.0,1213.0,1264.9,4029913,1227.33,1222.1,338,1222.2,514,
2026-04-10T15:27:50.417,NC,COFORGE,1222.1,1271.0,1272.0,1213.0,1264.9,4030257,1227.33,1221.9,726,1222.1,95,
2026-04-10T15:27:51.525,NC,COFORGE,1222.1,1271.0,1272.0,1213.0,1264.9,4030317,1227.33,1222.0,100,1222.1,64,
2026-04-10T15:27:52.619,NC,COFORGE,1222.2,1271.0,1272.0,1213.0,1264.9,4031392,1227.33,1222.2,143,1222.5,466,
2026-04-10T15:27:53.622,NC,COFORGE,1222.2,1271.0,1272.0,1213.0,1264.9,4031471,1227.33,1222.2,68,1222.4,316,
2026-04-10T15:27:54.632,NC,COFORGE,1222.4,1271.0,1272.0,1213.0,1264.9,4031481,1227.33,1222.2,62,1222.4,4,
2026-04-10T15:27:55.720,NC,COFORGE,1222.5,1271.0,1272.0,1213.0,1264.9,4032003,1227.33,1222.4,2,1222.5,284,
2026-04-10T15:27:56.723,NC,COFORGE,1222.5,1271.0,1272.0,1213.0,1264.9,4032040,1227.33,1222.1,1,1222.5,590,
2026-04-10T15:27:57.821,NC,COFORGE,1222.5,1271.0,1272.0,1213.0,1264.9,4032322,1227.32,1222.5,4,1222.6,123,
2026-04-10T15:27:58.832,NC,COFORGE,1222.4,1271.0,1272.0,1213.0,1264.9,4032341,1227.32,1222.4,285,1222.6,123,
2026-04-10T15:27:59.931,NC,COFORGE,1222.4,1271.0,1272.0,1213.0,1264.9,4032343,1227.32,1222.4,283,1222.6,123,
2026-04-10T15:28:01.032,NC,COFORGE,1222.6,1271.0,1272.0,1213.0,1264.9,4032357,1227.32,1222.4,285,1222.6,157,
2026-04-10T15:28:02.135,NC,COFORGE,1222.4,1271.0,1272.0,1213.0,1264.9,4032359,1227.32,1222.4,285,1222.6,113,
2026-04-10T15:28:03.242,NC,COFORGE,1222.6,1271.0,1272.0,1213.0,1264.9,4032386,1227.32,1222.4,285,1222.6,88,
2026-04-10T15:28:04.242,NC,COFORGE,1222.6,1271.0,1272.0,1213.0,1264.9,4032391,1227.32,1222.4,333,1222.6,83,
2026-04-10T15:28:05.235,NC,COFORGE,1222.6,1271.0,1272.0,1213.0,1264.9,4032436,1227.32,1222.5,17,1222.6,41,
2026-04-10T15:28:06.243,NC,COFORGE,1222.5,1271.0,1272.0,1213.0,1264.9,4032456,1227.32,1222.5,14,1222.6,24,
2026-04-10T15:28:07.239,NC,COFORGE,1222.8,1271.0,1272.0,1213.0,1264.9,4032546,1227.32,1222.6,61,1222.8,356,
2026-04-10T15:28:08.141,NC,COFORGE,1222.4,1271.0,1272.0,1213.0,1264.9,4032685,1227.32,1222.4,223,1222.6,200,
2026-04-10T15:28:09.338,NC,COFORGE,1222.6,1271.0,1272.0,1213.0,1264.9,4032718,1227.32,1222.4,216,1222.6,181,
2026-04-10T15:28:10.443,NC,COFORGE,1222.4,1271.0,1272.0,1213.0,1264.9,4032950,1227.32,1222.4,14,1222.6,151,
2026-04-10T15:28:11.443,NC,COFORGE,1222.8,1271.0,1272.0,1213.0,1264.9,4033494,1227.32,1222.4,470,1222.8,300,
2026-04-10T15:28:12.449,NC,COFORGE,1222.4,1271.0,1272.0,1213.0,1264.9,4033533,1227.32,1222.4,432,1222.6,5,
2026-04-10T15:28:13.446,NC,COFORGE,1222.6,1271.0,1272.0,1213.0,1264.9,4034434,1227.32,1222.5,30,1222.6,6,
2026-04-10T15:28:14.446,NC,COFORGE,1222.8,1271.0,1272.0,1213.0,1264.9,4034485,1227.32,1222.5,29,1222.8,924,
2026-04-10T15:28:15.449,NC,COFORGE,1222.0,1271.0,1272.0,1213.0,1264.9,4034679,1227.32,1222.1,153,1222.7,141,
2026-04-10T15:28:16.449,NC,COFORGE,1222.1,1271.0,1272.0,1213.0,1264.9,4034702,1227.32,1222.1,140,1222.7,131,
2026-04-10T15:28:17.450,NC,COFORGE,1222.8,1271.0,1272.0,1213.0,1264.9,4034765,1227.32,1222.7,87,1222.8,247,
2026-04-10T15:28:18.460,NC,COFORGE,1222.8,1271.0,1272.0,1213.0,1264.9,4034770,1227.32,1222.7,83,1222.8,261,
2026-04-10T15:28:19.452,NC,COFORGE,1222.8,1271.0,1272.0,1213.0,1264.9,4034824,1227.32,1222.7,72,1222.8,250,
2026-04-10T15:28:20.552,NC,COFORGE,1222.8,1271.0,1272.0,1213.0,1264.9,4034933,1227.32,1222.6,5,1222.8,245,
2026-04-10T15:28:21.454,NC,COFORGE,1222.4,1271.0,1272.0,1213.0,1264.9,4034940,1227.32,1222.4,139,1222.8,245,
2026-04-10T15:28:22.661,NC,COFORGE,1222.8,1271.0,1272.0,1213.0,1264.9,4034946,1227.32,1222.4,138,1222.8,251,
2026-04-10T15:28:23.654,NC,COFORGE,1222.8,1271.0,1272.0,1213.0,1264.9,4035067,1227.32,1222.4,138,1222.8,143,
2026-04-10T15:28:24.659,NC,COFORGE,1222.4,1271.0,1272.0,1213.0,1264.9,4035150,1227.32,1222.4,63,1222.8,165,
2026-04-10T15:28:25.665,NC,COFORGE,1222.8,1271.0,1272.0,1213.0,1264.9,4035153,1227.32,1222.4,63,1222.8,395,
2026-04-10T15:28:26.671,NC,COFORGE,1222.4,1271.0,1272.0,1213.0,1264.9,4035223,1227.32,1222.4,149,1222.8,394,
2026-04-10T15:28:27.661,NC,COFORGE,1222.4,1271.0,1272.0,1213.0,1264.9,4035347,1227.32,1222.4,82,1222.8,341,
2026-04-10T15:28:28.662,NC,COFORGE,1222.4,1271.0,1272.0,1213.0,1264.9,4036126,1227.32,1222.3,56,1222.8,363,
2026-04-10T15:28:29.561,NC,COFORGE,1222.2,1271.0,1272.0,1213.0,1264.9,4036181,1227.32,1222.4,1,1222.8,391,
2026-04-10T15:28:30.563,NC,COFORGE,1222.7,1271.0,1272.0,1213.0,1264.9,4036236,1227.32,1222.4,2,1222.7,49,
2026-04-10T15:28:31.564,NC,COFORGE,1222.8,1271.0,1272.0,1213.0,1264.9,4036391,1227.32,1222.4,2,1222.8,870,
2026-04-10T15:28:32.563,NC,COFORGE,1222.4,1271.0,1272.0,1213.0,1264.9,4036402,1227.32,1222.4,2,1222.8,238,
2026-04-10T15:28:33.568,NC,COFORGE,1222.8,1271.0,1272.0,1213.0,1264.9,4036508,1227.32,1222.3,2,1222.8,232,
2026-04-10T15:28:34.584,NC,COFORGE,1222.9,1271.0,1272.0,1213.0,1264.9,4037030,1227.32,1222.2,302,1222.9,393,
2026-04-10T15:28:35.569,NC,COFORGE,1222.9,1271.0,1272.0,1213.0,1264.9,4037260,1227.32,1222.4,118,1222.9,632,
2026-04-10T15:28:36.573,NC,COFORGE,1223.0,1271.0,1272.0,1213.0,1264.9,4042735,1227.31,1222.8,500,1223.0,101,
2026-04-10T15:28:37.571,NC,COFORGE,1223.0,1271.0,1272.0,1213.0,1264.9,4043245,1227.31,1222.8,2,1223.0,93,
2026-04-10T15:28:38.593,NC,COFORGE,1223.0,1271.0,1272.0,1213.0,1264.9,4043303,1227.31,1222.4,462,1223.0,72,
2026-04-10T15:28:39.581,NC,COFORGE,1222.4,1271.0,1272.0,1213.0,1264.9,4043402,1227.31,1222.4,378,1222.6,15,
2026-04-10T15:28:40.575,NC,COFORGE,1222.9,1271.0,1272.0,1213.0,1264.9,4043446,1227.31,1222.8,346,1222.9,632,
2026-04-10T15:28:41.581,NC,COFORGE,1222.8,1271.0,1272.0,1213.0,1264.9,4043499,1227.31,1222.8,343,1223.0,149,
2026-04-10T15:28:42.584,NC,COFORGE,1222.8,1271.0,1272.0,1213.0,1264.9,4043508,1227.31,1222.8,334,1223.0,449,
2026-04-10T15:28:43.589,NC,COFORGE,1222.9,1271.0,1272.0,1213.0,1264.9,4043915,1227.31,1222.4,444,1222.9,29,
2026-04-10T15:28:45.090,NC,COFORGE,1223.0,1271.0,1272.0,1213.0,1264.9,4044020,1227.31,1222.8,1,1223.0,461,
2026-04-10T15:28:46.078,NC,COFORGE,1223.0,1271.0,1272.0,1213.0,1264.9,4044042,1227.31,1222.9,1,1223.0,450,
2026-04-10T15:28:47.093,NC,COFORGE,1223.0,1271.0,1272.0,1213.0,1264.9,4044949,1227.31,1222.9,686,1223.0,442,
2026-04-10T15:28:48.081,NC,COFORGE,1222.9,1271.0,1272.0,1213.0,1264.9,4045037,1227.31,1222.9,620,1223.0,435,
2026-04-10T15:28:49.181,NC,COFORGE,1223.0,1271.0,1272.0,1213.0,1264.9,4045451,1227.31,1222.9,1,1223.0,237,
2026-04-10T15:28:50.085,NC,COFORGE,1223.0,1271.0,1272.0,1213.0,1264.9,4045583,1227.31,1222.8,515,1223.0,195,
2026-04-10T15:28:51.087,NC,COFORGE,1222.8,1271.0,1272.0,1213.0,1264.9,4045594,1227.31,1222.8,505,1223.0,194,
2026-04-10T15:28:52.081,NC,COFORGE,1222.8,1271.0,1272.0,1213.0,1264.9,4045806,1227.31,1222.8,293,1223.0,394,
2026-04-10T15:28:53.083,NC,COFORGE,1223.0,1271.0,1272.0,1213.0,1264.9,4046120,1227.31,1222.8,279,1223.0,245,
2026-04-10T15:28:53.994,NC,COFORGE,1222.8,1271.0,1272.0,1213.0,1264.9,4046199,1227.31,1222.8,278,1223.0,207,
2026-04-10T15:28:54.999,NC,COFORGE,1222.8,1271.0,1272.0,1213.0,1264.9,4046248,1227.31,1222.8,269,1223.0,208,
2026-04-10T15:28:56.002,NC,COFORGE,1222.8,1271.0,1272.0,1213.0,1264.9,4046312,1227.31,1222.8,271,1223.0,397,
2026-04-10T15:28:57.004,NC,COFORGE,1223.0,1271.0,1272.0,1213.0,1264.9,4046689,1227.31,1222.8,271,1223.0,193,
2026-04-10T15:28:57.998,NC,COFORGE,1222.8,1271.0,1272.0,1213.0,1264.9,4046771,1227.31,1222.8,189,1223.0,193,
2026-04-10T15:28:58.996,NC,COFORGE,1223.0,1271.0,1272.0,1213.0,1264.9,4046932,1227.31,1222.8,183,1223.0,139,
2026-04-10T15:28:59.995,NC,COFORGE,1223.0,1271.0,1272.0,1213.0,1264.9,4046971,1227.31,1222.8,171,1223.0,142,
2026-04-10T15:29:00.997,NC,COFORGE,1223.4,1271.0,1272.0,1213.0,1264.9,4048835,1227.31,1223.0,1013,1223.4,378,
2026-04-10T15:29:01.996,NC,COFORGE,1223.4,1271.0,1272.0,1213.0,1264.9,4049028,1227.31,1223.0,878,1223.4,322,
2026-04-10T15:29:03.007,NC,COFORGE,1223.4,1271.0,1272.0,1213.0,1264.9,4049192,1227.31,1223.0,754,1223.4,282,
2026-04-10T15:29:04.018,NC,COFORGE,1223.0,1271.0,1272.0,1213.0,1264.9,4049314,1227.31,1223.0,684,1223.4,232,
2026-04-10T15:29:05.009,NC,COFORGE,1223.4,1271.0,1272.0,1213.0,1264.9,4049418,1227.31,1223.0,586,1223.4,228,
2026-04-10T15:29:06.008,NC,COFORGE,1223.0,1271.0,1272.0,1213.0,1264.9,4049431,1227.31,1223.0,573,1223.4,228,
2026-04-10T15:29:07.005,NC,COFORGE,1223.0,1271.0,1272.0,1213.0,1264.9,4049488,1227.31,1223.0,721,1223.4,487,
2026-04-10T15:29:08.005,NC,COFORGE,1223.0,1271.0,1272.0,1213.0,1264.9,4049967,1227.31,1223.0,742,1223.4,487,
2026-04-10T15:29:09.015,NC,COFORGE,1223.0,1271.0,1272.0,1213.0,1264.9,4050033,1227.31,1223.0,1088,1223.4,482,
2026-04-10T15:29:10.065,NC,COFORGE,1223.0,1271.0,1272.0,1213.0,1264.9,4050270,1227.3,1223.0,851,1223.4,482,
2026-04-10T15:29:11.023,NC,COFORGE,1223.0,1271.0,1272.0,1213.0,1264.9,4050287,1227.3,1223.0,835,1223.3,10,
2026-04-10T15:29:11.911,NC,COFORGE,1223.0,1271.0,1272.0,1213.0,1264.9,4050292,1227.3,1223.0,834,1223.3,7,
2026-04-10T15:29:13.010,NC,COFORGE,1223.2,1271.0,1272.0,1213.0,1264.9,4050693,1227.3,1223.0,347,1223.2,280,
2026-04-10T15:29:14.032,NC,COFORGE,1223.3,1271.0,1272.0,1213.0,1264.9,4050971,1227.3,1223.0,97,1223.3,312,
2026-04-10T15:29:15.013,NC,COFORGE,1223.0,1271.0,1272.0,1213.0,1264.9,4051321,1227.3,1223.0,488,1223.4,590,
2026-04-10T15:29:16.017,NC,COFORGE,1223.0,1271.0,1272.0,1213.0,1264.9,4051349,1227.3,1223.0,460,1223.4,590,
2026-04-10T15:29:17.035,NC,COFORGE,1223.0,1271.0,1272.0,1213.0,1264.9,4052101,1227.3,1222.9,183,1223.3,70,
2026-04-10T15:29:18.022,NC,COFORGE,1223.3,1271.0,1272.0,1213.0,1264.9,4052235,1227.3,1223.0,84,1223.3,462,
2026-04-10T15:29:19.022,NC,COFORGE,1223.3,1271.0,1272.0,1213.0,1264.9,4052639,1227.3,1222.9,14,1223.3,699,
2026-04-10T15:29:20.038,NC,COFORGE,1222.8,1271.0,1272.0,1213.0,1264.9,4052827,1227.3,1222.8,30,1223.2,395,
2026-04-10T15:29:21.025,NC,COFORGE,1223.1,1271.0,1272.0,1213.0,1264.9,4052916,1227.3,1223.0,10,1223.1,387,
2026-04-10T15:29:22.030,NC,COFORGE,1223.1,1271.0,1272.0,1213.0,1264.9,4053038,1227.3,1223.0,1,1223.1,382,
2026-04-10T15:29:22.931,NC,COFORGE,1222.8,1271.0,1272.0,1213.0,1264.9,4053067,1227.3,1222.7,1,1223.1,395,
2026-04-10T15:29:23.939,NC,COFORGE,1222.9,1271.0,1272.0,1213.0,1264.9,4053111,1227.3,1222.5,21,1222.9,1570,
2026-04-10T15:29:24.837,NC,COFORGE,1222.8,1271.0,1272.0,1213.0,1264.9,4053160,1227.3,1222.5,47,1222.8,642,
2026-04-10T15:29:25.839,NC,COFORGE,1222.7,1271.0,1272.0,1213.0,1264.9,4053327,1227.3,1222.4,167,1222.7,663,
2026-04-10T15:29:26.846,NC,COFORGE,1222.7,1271.0,1272.0,1213.0,1264.9,4053597,1227.3,1222.4,155,1222.7,512,
2026-04-10T15:29:27.858,NC,COFORGE,1223.0,1271.0,1272.0,1213.0,1264.9,4057127,1227.3,1222.5,80,1223.0,380,
2026-04-10T15:29:28.852,NC,COFORGE,1222.1,1271.0,1272.0,1213.0,1264.9,4057421,1227.3,1222.8,5,1223.0,344,
2026-04-10T15:29:29.858,NC,COFORGE,1222.9,1271.0,1272.0,1213.0,1264.9,4058747,1227.3,1222.8,18,1223.0,349,
2026-04-10T15:29:30.755,NC,COFORGE,1222.2,1271.0,1272.0,1213.0,1264.9,4059264,1227.29,1222.7,415,1223.0,480,
2026-04-10T15:29:31.854,NC,COFORGE,1223.0,1271.0,1272.0,1213.0,1264.9,4059400,1227.29,1222.8,150,1223.0,472,
2026-04-10T15:29:32.854,NC,COFORGE,1223.0,1271.0,1272.0,1213.0,1264.9,4059611,1227.29,1222.9,90,1223.0,311,
2026-04-10T15:29:33.854,NC,COFORGE,1222.9,1271.0,1272.0,1213.0,1264.9,4059652,1227.29,1222.9,55,1223.0,471,
2026-04-10T15:29:34.855,NC,COFORGE,1222.1,1271.0,1272.0,1213.0,1264.9,4060668,1227.29,1222.0,4347,1222.1,10,
2026-04-10T15:29:35.858,NC,COFORGE,1223.0,1271.0,1272.0,1213.0,1264.9,4060770,1227.29,1222.0,4333,1222.9,3,
2026-04-10T15:29:36.855,NC,COFORGE,1223.0,1271.0,1272.0,1213.0,1264.9,4060896,1227.29,1222.0,4214,1222.9,3,
2026-04-10T15:29:37.857,NC,COFORGE,1223.0,1271.0,1272.0,1213.0,1264.9,4061186,1227.29,1222.3,375,1223.0,308,
2026-04-10T15:29:38.755,NC,COFORGE,1223.0,1271.0,1272.0,1213.0,1264.9,4061395,1227.29,1222.0,4090,1222.9,2,
2026-04-10T15:29:39.774,NC,COFORGE,1223.0,1271.0,1272.0,1213.0,1264.9,4061597,1227.29,1222.9,25,1223.0,1014,
2026-04-10T15:29:40.658,NC,COFORGE,1223.0,1271.0,1272.0,1213.0,1264.9,4061678,1227.29,1222.9,10,1223.0,948,
2026-04-10T15:29:41.786,NC,COFORGE,1222.9,1271.0,1272.0,1213.0,1264.9,4063293,1227.29,1222.0,2662,1222.9,36,
2026-04-10T15:29:42.671,NC,COFORGE,1222.0,1271.0,1272.0,1213.0,1264.9,4063438,1227.29,1222.0,2535,1222.7,23,
2026-04-10T15:29:43.675,NC,COFORGE,1222.8,1271.0,1272.0,1213.0,1264.9,4063536,1227.29,1222.1,4,1222.8,3,
2026-04-10T15:29:44.863,NC,COFORGE,1222.9,1271.0,1272.0,1213.0,1264.9,4063705,1227.29,1222.1,3,1222.9,3,
2026-04-10T15:29:45.866,NC,COFORGE,1223.0,1271.0,1272.0,1213.0,1264.9,4063838,1227.29,1222.1,3,1222.9,3,
2026-04-10T15:29:46.981,NC,COFORGE,1222.9,1271.0,1272.0,1213.0,1264.9,4063997,1227.29,1222.1,5,1222.9,32,
2026-04-10T15:29:48.073,NC,COFORGE,1222.9,1271.0,1272.0,1213.0,1264.9,4064124,1227.29,1222.1,9,1222.9,101,
2026-04-10T15:29:49.175,NC,COFORGE,1222.9,1271.0,1272.0,1213.0,1264.9,4064161,1227.29,1222.1,8,1222.9,77,
2026-04-10T15:29:50.275,NC,COFORGE,1222.1,1271.0,1272.0,1213.0,1264.9,4064235,1227.29,1222.1,11,1222.9,74,
2026-04-10T15:29:51.380,NC,COFORGE,1223.0,1271.0,1272.0,1213.0,1264.9,4064570,1227.29,1222.0,2738,1223.0,1682,
2026-04-10T15:29:52.487,NC,COFORGE,1223.0,1271.0,1272.0,1213.0,1264.9,4064634,1227.29,1222.0,2719,1223.0,1672,
2026-04-10T15:29:53.586,NC,COFORGE,1222.0,1271.0,1272.0,1213.0,1264.9,4064906,1227.29,1222.0,3071,1222.8,40,
2026-04-10T15:29:54.687,NC,COFORGE,1223.0,1271.0,1272.0,1213.0,1264.9,4065127,1227.29,1222.0,3081,1222.9,10,
2026-04-10T15:29:55.782,NC,COFORGE,1222.9,1271.0,1272.0,1213.0,1264.9,4065153,1227.29,1222.9,4,1223.0,1409,
2026-04-10T15:29:56.883,NC,COFORGE,1223.0,1271.0,1272.0,1213.0,1264.9,4065196,1227.29,1222.8,191,1223.0,1400,
2026-04-10T15:29:57.990,NC,COFORGE,1223.0,1271.0,1272.0,1213.0,1264.9,4065288,1227.29,1222.8,182,1223.0,1317,
2026-04-10T15:29:59.089,NC,COFORGE,1223.0,1271.0,1272.0,1213.0,1264.9,4065321,1227.29,1222.8,185,1223.0,1292,
2026-04-10T15:30:00.197,NC,COFORGE,1223.0,1271.0,1272.0,1213.0,1264.9,4065464,1227.29,1222.9,2,1223.0,1152,
2026-04-10T15:31:11.699,NC,COFORGE,1224.3,1271.0,1272.0,1213.0,1264.9,4065464,1227.29,,,,,
2026-04-10T15:31:11.701,NC,COFORGE,1224.3,1271.0,1272.0,1213.0,1264.9,4065464,1227.29,,,,,
2026-04-10T15:40:02.666,NC,COFORGE,1224.3,1271.0,1272.0,1213.0,1264.9,4065476,1227.29,,,1224.3,169,
2026-04-10T15:40:08.079,NC,COFORGE,1224.3,1271.0,1272.0,1213.0,1264.9,4065477,1227.29,,,1224.3,168,
2026-04-10T15:40:12.793,NC,COFORGE,1224.3,1271.0,1272.0,1213.0,1264.9,4065477,1227.29,,,1224.3,178,
2026-04-10T15:40:19.801,NC,COFORGE,1224.3,1271.0,1272.0,1213.0,1264.9,4065477,1227.29,,,1224.3,678,
2026-04-10T15:40:22.390,NC,COFORGE,1224.3,1271.0,1272.0,1213.0,1264.9,4065478,1227.29,,,1224.3,677,
2026-04-10T15:40:26.896,NC,COFORGE,1224.3,1271.0,1272.0,1213.0,1264.9,4065478,1227.29,,,1224.3,679,
2026-04-10T15:40:38.107,NC,COFORGE,1224.3,1271.0,1272.0,1213.0,1264.9,4065483,1227.29,,,1224.3,674,
2026-04-10T15:40:43.611,NC,COFORGE,1224.3,1271.0,1272.0,1213.0,1264.9,4065483,1227.29,,,1224.3,699,
2026-04-10T15:40:44.512,NC,COFORGE,1224.3,1271.0,1272.0,1213.0,1264.9,4065485,1227.29,,,1224.3,697,
2026-04-10T15:40:47.321,NC,COFORGE,1224.3,1271.0,1272.0,1213.0,1264.9,4065485,1227.29,,,1224.3,797,
2026-04-10T15:41:00.730,NC,COFORGE,1224.3,1271.0,1272.0,1213.0,1264.9,4065485,1227.29,,,1224.3,897,
2026-04-10T15:41:03.232,NC,COFORGE,1224.3,1271.0,1272.0,1213.0,1264.9,4065486,1227.29,,,1224.3,896,
2026-04-10T15:41:28.448,NC,COFORGE,1224.3,1271.0,1272.0,1213.0,1264.9,4065486,1227.29,,,1224.3,1036,
2026-04-10T15:41:29.353,NC,COFORGE,1224.3,1271.0,1272.0,1213.0,1264.9,4065487,1227.29,,,1224.3,1035,
2026-04-10T15:41:30.653,NC,COFORGE,1224.3,1271.0,1272.0,1213.0,1264.9,4065488,1227.29,,,1224.3,1034,
2026-04-10T15:41:36.665,NC,COFORGE,1224.3,1271.0,1272.0,1213.0,1264.9,4065489,1227.29,,,1224.3,1033,
2026-04-10T15:41:37.579,NC,COFORGE,1224.3,1271.0,1272.0,1213.0,1264.9,4065489,1227.29,,,1224.3,1034,
2026-04-10T15:41:49.978,NC,COFORGE,1224.3,1271.0,1272.0,1213.0,1264.9,4065494,1227.29,,,1224.3,1029,
2026-04-10T15:41:57.088,NC,COFORGE,1224.3,1271.0,1272.0,1213.0,1264.9,4065495,1227.29,,,1224.3,1028,
2026-04-10T15:42:02.091,NC,COFORGE,1224.3,1271.0,1272.0,1213.0,1264.9,4065495,1227.29,,,1224.3,1128,
2026-04-10T15:42:03.191,NC,COFORGE,1224.3,1271.0,1272.0,1213.0,1264.9,4065495,1227.29,,,1224.3,1228,
2026-04-10T15:42:18.835,NC,COFORGE,1224.3,1271.0,1272.0,1213.0,1264.9,4065496,1227.29,,,1224.3,1227,
2026-04-10T15:42:19.716,NC,COFORGE,1224.3,1271.0,1272.0,1213.0,1264.9,4065496,1227.29,,,1224.3,1277,
2026-04-10T15:42:20.620,NC,COFORGE,1224.3,1271.0,1272.0,1213.0,1264.9,4065498,1227.29,,,1224.3,1275,
2026-04-10T15:42:24.721,NC,COFORGE,1224.3,1271.0,1272.0,1213.0,1264.9,4065499,1227.29,,,1224.3,1274,
2026-04-10T15:42:29.925,NC,COFORGE,1224.3,1271.0,1272.0,1213.0,1264.9,4065499,1227.29,,,1224.3,1299,
2026-04-10T15:42:42.237,NC,COFORGE,1224.3,1271.0,1272.0,1213.0,1264.9,4065508,1227.29,,,1224.3,1290,
2026-04-10T15:42:58.559,NC,COFORGE,1224.3,1271.0,1272.0,1213.0,1264.9,4065509,1227.29,,,1224.3,1289,
2026-04-10T15:43:05.060,NC,COFORGE,1224.3,1271.0,1272.0,1213.0,1264.9,4065519,1227.29,,,1224.3,1279,
2026-04-10T15:43:25.481,NC,COFORGE,1224.3,1271.0,1272.0,1213.0,1264.9,4065519,1227.29,,,1224.3,1284,
2026-04-10T15:43:43.909,NC,COFORGE,1224.3,1271.0,1272.0,1213.0,1264.9,4065522,1227.29,,,1224.3,1281,
2026-04-10T15:44:13.053,NC,COFORGE,1224.3,1271.0,1272.0,1213.0,1264.9,4065522,1227.29,,,1224.3,1301,
2026-04-10T15:44:16.657,NC,COFORGE,1224.3,1271.0,1272.0,1213.0,1264.9,4065532,1227.29,,,1224.3,1291,
2026-04-10T15:44:33.978,NC,COFORGE,1224.3,1271.0,1272.0,1213.0,1264.9,4065537,1227.29,,,1224.3,1286,
2026-04-10T15:44:40.089,NC,COFORGE,1224.3,1271.0,1272.0,1213.0,1264.9,4065537,1227.29,,,1224.3,1293,
2026-04-10T15:45:00.605,NC,COFORGE,1224.3,1271.0,1272.0,1213.0,1264.9,4065537,1227.29,,,1224.3,1343,
2026-04-10T15:45:11.226,NC,COFORGE,1224.3,1271.0,1272.0,1213.0,1264.9,4065538,1227.29,,,1224.3,1342,
2026-04-10T15:45:24.731,NC,COFORGE,1224.3,1271.0,1272.0,1213.0,1264.9,4065539,1227.29,,,1224.3,1341,
2026-04-10T15:45:27.233,NC,COFORGE,1224.3,1271.0,1272.0,1213.0,1264.9,4065540,1227.29,,,1224.3,1340,
2026-04-10T15:45:28.133,NC,COFORGE,1224.3,1271.0,1272.0,1213.0,1264.9,4065565,1227.29,,,1224.3,1315,
2026-04-10T15:45:29.034,NC,COFORGE,1224.3,1271.0,1272.0,1213.0,1264.9,4065566,1227.29,,,1224.3,1314,
2026-04-10T15:45:30.439,NC,COFORGE,1224.3,1271.0,1272.0,1213.0,1264.9,4065567,1227.29,,,1224.3,1313,
2026-04-10T15:45:32.246,NC,COFORGE,1224.3,1271.0,1272.0,1213.0,1264.9,4065568,1227.29,,,1224.3,1312,
2026-04-10T15:45:46.465,NC,COFORGE,1224.3,1271.0,1272.0,1213.0,1264.9,4065572,1227.29,,,1224.3,1308,
2026-04-10T15:45:50.467,NC,COFORGE,1224.3,1271.0,1272.0,1213.0,1264.9,4065573,1227.29,,,1224.3,1307,
2026-04-10T15:45:52.374,NC,COFORGE,1224.3,1271.0,1272.0,1213.0,1264.9,4065574,1227.29,,,1224.3,1306,
2026-04-10T15:45:54.202,NC,COFORGE,1224.3,1271.0,1272.0,1213.0,1264.9,4065575,1227.29,,,1224.3,1305,
2026-04-10T15:46:07.685,NC,COFORGE,1224.3,1271.0,1272.0,1213.0,1264.9,4065775,1227.29,,,1224.3,1105,
2026-04-10T15:46:25.805,NC,COFORGE,1224.3,1271.0,1272.0,1213.0,1264.9,4065785,1227.29,,,1224.3,1095,
2026-04-10T15:46:35.215,NC,COFORGE,1224.3,1271.0,1272.0,1213.0,1264.9,4065810,1227.29,,,1224.3,1070,
2026-04-10T15:46:53.326,NC,COFORGE,1224.3,1271.0,1272.0,1213.0,1264.9,4066010,1227.29,,,1224.3,870,
2026-04-10T15:47:08.836,NC,COFORGE,1224.3,1271.0,1272.0,1213.0,1264.9,4066110,1227.29,,,1224.3,770,
2026-04-10T15:47:24.052,NC,COFORGE,1224.3,1271.0,1272.0,1213.0,1264.9,4066111,1227.29,,,1224.3,769,
2026-04-10T15:47:42.078,NC,COFORGE,1224.3,1271.0,1272.0,1213.0,1264.9,4066111,1227.29,,,1224.3,819,
2026-04-10T15:47:47.985,NC,COFORGE,1224.3,1271.0,1272.0,1213.0,1264.9,4066113,1227.29,,,1224.3,817,
2026-04-10T15:47:49.795,NC,COFORGE,1224.3,1271.0,1272.0,1213.0,1264.9,4066116,1227.29,,,1224.3,814,
2026-04-10T15:48:09.220,NC,COFORGE,1224.3,1271.0,1272.0,1213.0,1264.9,4066118,1227.29,,,1224.3,812,
2026-04-10T15:48:23.323,NC,COFORGE,1224.3,1271.0,1272.0,1213.0,1264.9,4066118,1227.29,,,1224.3,807,
2026-04-10T15:49:34.702,NC,COFORGE,1224.3,1271.0,1272.0,1213.0,1264.9,4066118,1227.29,,,1224.3,857,
2026-04-10T15:50:16.943,NC,COFORGE,1224.3,1271.0,1272.0,1213.0,1264.9,4066122,1227.29,,,1224.3,853,
2026-04-10T15:50:51.581,NC,COFORGE,1224.3,1271.0,1272.0,1213.0,1264.9,4066122,1227.29,,,1224.3,893,
2026-04-10T15:51:01.785,NC,COFORGE,1224.3,1271.0,1272.0,1213.0,1264.9,4066132,1227.29,,,1224.3,883,
2026-04-10T15:51:23.626,NC,COFORGE,1224.3,1271.0,1272.0,1213.0,1264.9,4066132,1227.29,,,1224.3,843,
2026-04-10T15:51:29.830,NC,COFORGE,1224.3,1271.0,1272.0,1213.0,1264.9,4066135,1227.29,,,1224.3,840,
2026-04-10T15:51:38.242,NC,COFORGE,1224.3,1271.0,1272.0,1213.0,1264.9,4066135,1227.29,,,1224.3,850,
2026-04-10T15:51:45.562,NC,COFORGE,1224.3,1271.0,1272.0,1213.0,1264.9,4066395,1227.29,,,1224.3,590,
2026-04-10T15:51:55.971,NC,COFORGE,1224.3,1271.0,1272.0,1213.0,1264.9,4066395,1227.29,,,1224.3,580,
2026-04-10T15:52:13.912,NC,COFORGE,1224.3,1271.0,1272.0,1213.0,1264.9,4066396,1227.29,,,1224.3,579,
2026-04-10T15:53:10.157,NC,COFORGE,1224.3,1271.0,1272.0,1213.0,1264.9,4066656,1227.29,,,1224.3,319,
2026-04-10T15:53:32.794,NC,COFORGE,1224.3,1271.0,1272.0,1213.0,1264.9,4066659,1227.29,,,1224.3,316,
2026-04-10T15:53:44.315,NC,COFORGE,1224.3,1271.0,1272.0,1213.0,1264.9,4066660,1227.29,,,1224.3,315,
2026-04-10T15:53:55.424,NC,COFORGE,1224.3,1271.0,1272.0,1213.0,1264.9,4066690,1227.29,,,1224.3,285,
2026-04-10T15:54:27.262,NC,COFORGE,1224.3,1271.0,1272.0,1213.0,1264.9,4066690,1227.29,,,1224.3,295,
2026-04-10T15:55:20.144,NC,COFORGE,1224.3,1271.0,1272.0,1213.0,1264.9,4066702,1227.29,,,1224.3,283,
2026-04-10T15:55:37.157,NC,COFORGE,1224.3,1271.0,1272.0,1213.0,1264.9,4066703,1227.29,,,1224.3,282,
2026-04-10T15:55:41.657,NC,COFORGE,1224.3,1271.0,1272.0,1213.0,1264.9,4066704,1227.29,,,1224.3,281,
2026-04-10T15:55:43.563,NC,COFORGE,1224.3,1271.0,1272.0,1213.0,1264.9,4066705,1227.29,,,1224.3,280,
2026-04-10T15:56:15.094,NC,COFORGE,1224.3,1271.0,1272.0,1213.0,1264.9,4066905,1227.29,,,1224.3,80,
2026-04-10T15:56:18.399,NC,COFORGE,1224.3,1271.0,1272.0,1213.0,1264.9,4066955,1227.29,,,1224.3,30,
2026-04-10T15:56:34.537,NC,COFORGE,1224.3,1271.0,1272.0,1213.0,1264.9,4066985,1227.29,1224.3,215,,,
2026-04-10T15:56:50.534,NC,COFORGE,1224.3,1271.0,1272.0,1213.0,1264.9,4066985,1227.29,1224.3,259,,,
2026-04-10T15:59:36.931,NC,COFORGE,1224.3,1271.0,1272.0,1213.0,1264.9,4067185,1227.29,1224.3,59,,,
