Timestamp,Exchange,Symbol,LTP,Open,High,Low,Close,Volume,VWAP,Best_Bid,Bid_Qty,Best_Ask,Ask_Qty,OI
2026-04-13T04:24:31.907,NF,NIFTY26MAY2624600CE,386.0,355.05,388.7,340.95,335.45,59475,365.11,383.05,65,386.0,260,85215
2026-04-13T09:15:39.557,NF,NIFTY26MAY2624600CE,268.05,268.7,268.7,268.05,382.35,130,268.37,267.15,65,340.9,65,85215
2026-04-13T09:15:42.367,NF,NIFTY26MAY2624600CE,269.8,268.7,269.8,268.05,382.35,390,269.24,268.3,65,340.65,1040,85215
2026-04-13T09:16:00.604,NF,NIFTY26MAY2624600CE,280.75,268.7,280.75,268.05,382.35,455,270.88,271.45,65,276.95,65,85215
2026-04-13T09:16:05.010,NF,NIFTY26MAY2624600CE,272.5,268.7,280.75,268.05,382.35,845,271.7,268.7,65,274.6,65,85215
2026-04-13T09:16:08.007,NF,NIFTY26MAY2624600CE,273.95,268.7,280.75,268.05,382.35,910,271.86,268.75,65,274.2,65,85280
2026-04-13T09:16:12.480,NF,NIFTY26MAY2624600CE,269.55,268.7,280.75,268.05,382.35,1040,271.6,267.4,65,271.95,65,85280
2026-04-13T09:16:14.024,NF,NIFTY26MAY2624600CE,267.4,268.7,280.75,267.4,382.35,1105,271.36,267.1,780,272.05,65,85280
2026-04-13T09:16:22.829,NF,NIFTY26MAY2624600CE,263.5,268.7,280.75,263.5,382.35,1235,270.57,263.25,65,274.05,65,85280
2026-04-13T09:16:31.444,NF,NIFTY26MAY2624600CE,265.0,268.7,280.75,263.5,382.35,1365,270.03,263.05,845,267.3,65,85280
2026-04-13T09:16:36.049,NF,NIFTY26MAY2624600CE,268.2,268.7,280.75,263.5,382.35,1430,269.95,263.0,65,266.35,65,85280
2026-04-13T09:17:46.380,NF,NIFTY26MAY2624600CE,263.1,268.7,280.75,263.1,382.35,1495,269.65,261.7,130,263.15,845,85280
2026-04-13T09:17:49.365,NF,NIFTY26MAY2624600CE,261.5,268.7,280.75,261.5,382.35,1755,268.46,261.65,130,263.05,780,85280
2026-04-13T09:18:08.003,NF,NIFTY26MAY2624600CE,261.0,268.7,280.75,261.0,382.35,1820,268.19,260.2,130,261.5,65,85280
2026-04-13T09:18:21.018,NF,NIFTY26MAY2624600CE,261.85,268.7,280.75,261.0,382.35,1885,267.97,258.6,65,263.0,260,85280
2026-04-13T09:19:30.729,NF,NIFTY26MAY2624600CE,261.95,268.7,280.75,261.0,382.35,1950,267.77,262.05,130,263.05,65,85475
2026-04-13T09:19:32.152,NF,NIFTY26MAY2624600CE,262.85,268.7,280.75,261.0,382.35,2015,267.61,262.0,130,262.9,130,85475
2026-04-13T09:19:44.151,NF,NIFTY26MAY2624600CE,262.85,268.7,280.75,261.0,382.35,2080,267.46,262.7,130,263.75,65,85475
2026-04-13T09:20:01.979,NF,NIFTY26MAY2624600CE,262.65,268.7,280.75,261.0,382.35,2210,267.18,262.1,65,262.95,65,85475
2026-04-13T09:20:03.582,NF,NIFTY26MAY2624600CE,262.95,268.7,280.75,261.0,382.35,2275,267.06,262.35,195,262.95,65,85475
2026-04-13T09:20:10.795,NF,NIFTY26MAY2624600CE,262.25,268.7,280.75,261.0,382.35,2340,266.93,262.15,130,262.95,65,85475
2026-04-13T09:20:12.250,NF,NIFTY26MAY2624600CE,263.0,268.7,280.75,261.0,382.35,3055,266.0,263.55,65,266.75,65,85475
2026-04-13T09:20:15.205,NF,NIFTY26MAY2624600CE,263.95,268.7,280.75,261.0,382.35,3185,265.92,263.05,65,264.35,130,85475
2026-04-13T09:20:25.816,NF,NIFTY26MAY2624600CE,263.0,268.7,280.75,261.0,382.35,3640,265.56,261.85,195,263.55,65,85475
2026-04-13T09:20:41.050,NF,NIFTY26MAY2624600CE,263.0,268.7,280.75,261.0,382.35,3705,265.51,262.0,195,263.4,65,85475
2026-04-13T09:20:51.061,NF,NIFTY26MAY2624600CE,261.8,268.7,280.75,261.0,382.35,3770,265.45,261.8,65,263.5,130,85475
2026-04-13T09:21:05.674,NF,NIFTY26MAY2624600CE,262.0,268.7,280.75,261.0,382.35,4030,265.22,262.0,130,262.6,65,85475
2026-04-13T09:21:15.291,NF,NIFTY26MAY2624600CE,263.35,268.7,280.75,261.0,382.35,4095,265.2,262.0,130,263.2,260,85475
2026-04-13T09:21:44.339,NF,NIFTY26MAY2624600CE,265.9,268.7,280.75,261.0,382.35,4290,265.2,263.75,65,264.75,65,85475
2026-04-13T09:22:43.233,NF,NIFTY26MAY2624600CE,263.8,268.7,280.75,261.0,382.35,4420,265.15,262.1,195,263.85,195,85085
2026-04-13T09:23:52.536,NF,NIFTY26MAY2624600CE,264.15,268.7,280.75,261.0,382.35,4485,265.14,264.1,65,266.25,65,85085
2026-04-13T09:24:00.748,NF,NIFTY26MAY2624600CE,262.5,268.7,280.75,261.0,382.35,4810,264.99,262.8,130,264.55,130,85085
2026-04-13T09:24:26.783,NF,NIFTY26MAY2624600CE,263.5,268.7,280.75,261.0,382.35,4940,264.95,262.35,130,264.05,260,85085
2026-04-13T09:25:09.852,NF,NIFTY26MAY2624600CE,264.0,268.7,280.75,261.0,382.35,5005,264.94,264.65,130,266.05,130,85085
2026-04-13T09:26:08.952,NF,NIFTY26MAY2624600CE,268.75,268.7,280.75,261.0,382.35,5135,265.03,267.15,65,269.0,130,85280
2026-04-13T09:27:01.839,NF,NIFTY26MAY2624600CE,269.15,268.7,280.75,261.0,382.35,5200,265.08,267.5,65,269.15,65,85280
2026-04-13T09:27:10.054,NF,NIFTY26MAY2624600CE,268.8,268.7,280.75,261.0,382.35,5265,265.13,268.1,260,269.8,195,85280
2026-04-13T09:27:37.505,NF,NIFTY26MAY2624600CE,269.15,268.7,280.75,261.0,382.35,5395,265.23,268.85,195,270.55,195,85280
2026-04-13T09:27:40.892,NF,NIFTY26MAY2624600CE,270.55,268.7,280.75,261.0,382.35,5460,265.29,268.3,65,271.0,260,85280
2026-04-13T09:27:50.920,NF,NIFTY26MAY2624600CE,268.65,268.7,280.75,261.0,382.35,5525,265.33,268.75,65,270.35,195,85280
2026-04-13T09:28:04.330,NF,NIFTY26MAY2624600CE,268.95,268.7,280.75,261.0,382.35,5590,265.37,267.95,65,269.5,130,85280
2026-04-13T09:28:24.166,NF,NIFTY26MAY2624600CE,268.95,268.7,280.75,261.0,382.35,5655,265.41,266.85,65,269.2,130,85410
2026-04-13T09:28:29.180,NF,NIFTY26MAY2624600CE,268.95,268.7,280.75,261.0,382.35,5980,265.59,266.95,65,268.65,130,85410
2026-04-13T09:28:34.194,NF,NIFTY26MAY2624600CE,268.85,268.7,280.75,261.0,382.35,6110,265.66,267.25,65,268.85,65,85410
2026-04-13T09:28:49.001,NF,NIFTY26MAY2624600CE,267.7,268.7,280.75,261.0,382.35,6175,265.68,266.85,65,268.35,195,85410
2026-04-13T09:29:51.516,NF,NIFTY26MAY2624600CE,270.9,268.7,280.75,261.0,382.35,6305,265.8,270.8,65,272.75,65,85410
2026-04-13T09:29:53.136,NF,NIFTY26MAY2624600CE,271.6,268.7,280.75,261.0,382.35,6435,265.9,269.7,195,271.7,130,85410
2026-04-13T09:29:58.108,NF,NIFTY26MAY2624600CE,272.1,268.7,280.75,261.0,382.35,6500,265.97,270.45,65,272.1,65,85410
2026-04-13T09:31:01.623,NF,NIFTY26MAY2624600CE,268.45,268.7,280.75,261.0,382.35,6825,266.09,266.65,65,268.45,260,85410
2026-04-13T09:31:21.250,NF,NIFTY26MAY2624600CE,268.3,268.7,280.75,261.0,382.35,6890,266.11,266.45,65,268.3,260,85410
2026-04-13T09:31:22.845,NF,NIFTY26MAY2624600CE,268.2,268.7,280.75,261.0,382.35,6955,266.13,266.1,65,267.75,195,85410
2026-04-13T09:32:53.778,NF,NIFTY26MAY2624600CE,269.0,268.7,280.75,261.0,382.35,7280,266.3,269.25,65,271.5,65,85410
2026-04-13T09:32:55.372,NF,NIFTY26MAY2624600CE,271.25,268.7,280.75,261.0,382.35,7345,266.34,270.15,130,271.5,65,85410
2026-04-13T09:33:08.395,NF,NIFTY26MAY2624600CE,271.3,268.7,280.75,261.0,382.35,7475,266.43,269.95,130,271.25,65,85410
2026-04-13T09:33:13.215,NF,NIFTY26MAY2624600CE,269.25,268.7,280.75,261.0,382.35,7540,266.45,268.95,65,270.0,260,85410
2026-04-13T09:33:26.016,NF,NIFTY26MAY2624600CE,270.55,268.7,280.75,261.0,382.35,7605,266.49,269.15,65,270.8,195,85410
2026-04-13T09:34:39.542,NF,NIFTY26MAY2624600CE,270.95,268.7,280.75,261.0,382.35,7865,266.64,270.2,65,271.85,130,85345
2026-04-13T09:35:13.996,NF,NIFTY26MAY2624600CE,267.3,268.7,280.75,261.0,382.35,7930,266.64,267.35,65,268.55,195,85345
2026-04-13T09:35:15.594,NF,NIFTY26MAY2624600CE,268.7,268.7,280.75,261.0,382.35,8060,266.67,267.55,65,268.8,130,85345
2026-04-13T09:35:46.042,NF,NIFTY26MAY2624600CE,266.15,268.7,280.75,261.0,382.35,8125,266.67,266.1,65,267.7,130,85345
2026-04-13T09:36:09.304,NF,NIFTY26MAY2624600CE,265.9,268.7,280.75,261.0,382.35,8255,266.65,263.1,130,265.35,130,85345
2026-04-13T09:37:07.771,NF,NIFTY26MAY2624600CE,265.35,268.7,280.75,261.0,382.35,8385,266.63,264.0,195,265.25,130,85345
2026-04-13T09:37:22.591,NF,NIFTY26MAY2624600CE,265.45,268.7,280.75,261.0,382.35,8450,266.62,264.4,65,265.5,130,85085
2026-04-13T09:37:24.198,NF,NIFTY26MAY2624600CE,265.3,268.7,280.75,261.0,382.35,8515,266.61,263.75,195,264.95,130,85085
2026-04-13T09:37:50.237,NF,NIFTY26MAY2624600CE,264.35,268.7,280.75,261.0,382.35,8580,266.59,264.25,65,265.15,130,85085
2026-04-13T09:39:03.362,NF,NIFTY26MAY2624600CE,266.1,268.7,280.75,261.0,382.35,11375,266.67,265.4,195,266.25,130,85085
2026-04-13T09:39:04.959,NF,NIFTY26MAY2624600CE,264.65,268.7,280.75,261.0,382.35,11960,266.58,264.55,65,265.55,65,85085
2026-04-13T09:39:06.579,NF,NIFTY26MAY2624600CE,265.05,268.7,280.75,261.0,382.35,12155,266.55,264.35,65,265.25,130,85085
2026-04-13T09:39:44.223,NF,NIFTY26MAY2624600CE,264.0,268.7,280.75,261.0,382.35,12545,266.47,263.75,390,264.65,130,85085
2026-04-13T09:40:19.082,NF,NIFTY26MAY2624600CE,265.0,268.7,280.75,261.0,382.35,14625,266.53,265.25,715,265.3,65,85020
2026-04-13T09:40:20.968,NF,NIFTY26MAY2624600CE,265.2,268.7,280.75,261.0,382.35,15405,266.46,265.05,195,266.75,65,85020
2026-04-13T09:40:24.087,NF,NIFTY26MAY2624600CE,266.3,268.7,280.75,261.0,382.35,15795,266.44,265.35,65,266.4,65,85020
2026-04-13T09:44:27.045,NF,NIFTY26MAY2624600CE,271.05,268.7,280.75,261.0,382.35,15990,266.5,271.05,260,272.6,65,85215
2026-04-13T09:44:28.449,NF,NIFTY26MAY2624600CE,272.6,268.7,280.75,261.0,382.35,16055,266.53,271.4,65,272.95,130,85215
2026-04-13T09:45:21.344,NF,NIFTY26MAY2624600CE,271.6,268.7,280.75,261.0,382.35,16120,266.55,269.6,130,270.9,130,85215
2026-04-13T09:46:56.697,NF,NIFTY26MAY2624600CE,270.0,268.7,280.75,261.0,382.35,16185,266.56,270.35,65,271.55,130,85475
2026-04-13T09:47:04.914,NF,NIFTY26MAY2624600CE,269.85,268.7,280.75,261.0,382.35,16250,266.57,269.55,65,270.1,260,85475
2026-04-13T09:47:06.511,NF,NIFTY26MAY2624600CE,270.25,268.7,280.75,261.0,382.35,16315,266.59,270.1,65,270.9,130,85475
2026-04-13T09:47:08.119,NF,NIFTY26MAY2624600CE,270.1,268.7,280.75,261.0,382.35,16380,266.6,269.6,65,270.35,130,85475
2026-04-13T09:48:08.425,NF,NIFTY26MAY2624600CE,266.2,268.7,280.75,261.0,382.35,16835,266.6,266.2,195,267.7,130,85475
2026-04-13T09:48:10.026,NF,NIFTY26MAY2624600CE,268.05,268.7,280.75,261.0,382.35,16965,266.61,266.4,65,268.1,130,85475
2026-04-13T09:48:15.036,NF,NIFTY26MAY2624600CE,265.0,268.7,280.75,261.0,382.35,17485,266.58,265.0,130,265.5,65,85475
2026-04-13T09:48:16.631,NF,NIFTY26MAY2624600CE,266.85,268.7,280.75,261.0,382.35,17680,266.57,264.75,65,266.35,65,85475
2026-04-13T09:49:25.340,NF,NIFTY26MAY2624600CE,269.4,268.7,280.75,261.0,382.35,17745,266.58,268.05,130,269.45,130,86450
2026-04-13T09:50:43.679,NF,NIFTY26MAY2624600CE,271.2,268.7,280.75,261.0,382.35,18395,266.7,269.45,65,270.85,130,86450
2026-04-13T09:50:45.320,NF,NIFTY26MAY2624600CE,269.6,268.7,280.75,261.0,382.35,18460,266.71,270.05,65,271.2,130,86450
2026-04-13T09:50:51.878,NF,NIFTY26MAY2624600CE,270.4,268.7,280.75,261.0,382.35,19110,266.84,270.35,325,271.9,65,86450
2026-04-13T09:50:53.478,NF,NIFTY26MAY2624600CE,271.2,268.7,280.75,261.0,382.35,19825,267.0,271.0,260,272.3,65,86450
2026-04-13T09:50:56.685,NF,NIFTY26MAY2624600CE,270.8,268.7,280.75,261.0,382.35,20085,267.05,270.1,65,271.7,65,86450
2026-04-13T09:50:59.887,NF,NIFTY26MAY2624600CE,269.8,268.7,280.75,261.0,382.35,20475,267.1,269.8,260,270.95,65,86450
2026-04-13T09:51:01.496,NF,NIFTY26MAY2624600CE,269.65,268.7,280.75,261.0,382.35,20930,267.16,269.7,65,271.25,65,86450
2026-04-13T09:51:25.926,NF,NIFTY26MAY2624600CE,267.9,268.7,280.75,261.0,382.35,21710,267.19,267.85,195,269.55,65,86450
2026-04-13T09:51:27.527,NF,NIFTY26MAY2624600CE,269.4,268.7,280.75,261.0,382.35,22100,267.23,267.85,65,269.1,65,86450
2026-04-13T09:53:53.768,NF,NIFTY26MAY2624600CE,270.45,268.7,280.75,261.0,382.35,22165,267.24,270.2,65,270.45,65,86450
2026-04-13T09:53:55.366,NF,NIFTY26MAY2624600CE,272.2,268.7,280.75,261.0,382.35,22360,267.27,270.7,65,272.15,65,89765
2026-04-13T09:54:00.178,NF,NIFTY26MAY2624600CE,271.8,268.7,280.75,261.0,382.35,22555,267.31,270.6,65,272.0,325,89765
2026-04-13T09:54:04.978,NF,NIFTY26MAY2624600CE,270.65,268.7,280.75,261.0,382.35,22685,267.33,270.25,65,271.6,130,89765
2026-04-13T09:54:11.432,NF,NIFTY26MAY2624600CE,272.0,268.7,280.75,261.0,382.35,22750,267.34,271.65,65,273.1,65,89765
2026-04-13T09:54:12.998,NF,NIFTY26MAY2624600CE,273.15,268.7,280.75,261.0,382.35,22815,267.36,272.1,65,273.4,130,89765
2026-04-13T09:54:29.232,NF,NIFTY26MAY2624600CE,275.15,268.7,280.75,261.0,382.35,22945,267.4,273.05,130,275.0,260,89765
2026-04-13T09:56:05.784,NF,NIFTY26MAY2624600CE,276.25,268.7,280.75,261.0,382.35,23010,267.43,275.65,65,277.0,260,90350
2026-04-13T09:56:07.371,NF,NIFTY26MAY2624600CE,277.0,268.7,280.75,261.0,382.35,23075,267.45,275.8,65,277.0,260,90350
2026-04-13T09:56:17.171,NF,NIFTY26MAY2624600CE,276.35,268.7,280.75,261.0,382.35,23140,267.48,276.4,65,277.95,65,90350
2026-04-13T09:57:15.470,NF,NIFTY26MAY2624600CE,275.55,268.7,280.75,261.0,382.35,23205,267.5,275.25,65,276.65,65,90350
2026-04-13T09:58:19.368,NF,NIFTY26MAY2624600CE,277.85,268.7,280.75,261.0,382.35,23270,267.53,277.85,65,278.7,130,90350
2026-04-13T09:58:21.179,NF,NIFTY26MAY2624600CE,279.1,268.7,280.75,261.0,382.35,23465,267.62,278.5,65,279.35,65,90285
2026-04-13T09:58:29.398,NF,NIFTY26MAY2624600CE,277.4,268.7,280.75,261.0,382.35,23530,267.65,276.9,65,277.6,130,90285
2026-04-13T09:58:34.387,NF,NIFTY26MAY2624600CE,276.9,268.7,280.75,261.0,382.35,23595,267.68,275.95,65,277.15,130,90285
2026-04-13T09:58:57.632,NF,NIFTY26MAY2624600CE,278.35,268.7,280.75,261.0,382.35,23920,267.8,277.35,130,279.05,130,90285
2026-04-13T09:59:04.244,NF,NIFTY26MAY2624600CE,277.35,268.7,280.75,261.0,382.35,23985,267.83,276.95,65,277.85,65,90285
2026-04-13T10:00:09.546,NF,NIFTY26MAY2624600CE,278.6,268.7,280.75,261.0,382.35,24245,267.93,277.0,65,278.3,130,90285
2026-04-13T10:01:56.896,NF,NIFTY26MAY2624600CE,279.25,268.7,280.75,261.0,382.35,26520,268.78,278.2,130,279.35,65,90870
2026-04-13T10:02:18.329,NF,NIFTY26MAY2624600CE,278.05,268.7,280.75,261.0,382.35,26845,268.89,278.05,130,278.95,65,90870
2026-04-13T10:02:21.346,NF,NIFTY26MAY2624600CE,277.45,268.7,280.75,261.0,382.35,27040,268.95,277.3,195,278.85,325,90870
2026-04-13T10:02:23.163,NF,NIFTY26MAY2624600CE,277.4,268.7,280.75,261.0,382.35,27625,269.13,277.0,65,278.35,65,90870
2026-04-13T10:03:05.398,NF,NIFTY26MAY2624600CE,278.7,268.7,280.75,261.0,382.35,28080,269.29,276.75,130,278.7,195,90870
2026-04-13T10:03:31.634,NF,NIFTY26MAY2624600CE,278.5,268.7,280.75,261.0,382.35,28145,269.31,279.1,65,280.55,65,90870
2026-04-13T10:03:55.890,NF,NIFTY26MAY2624600CE,277.75,268.7,280.75,261.0,382.35,29900,269.73,276.6,130,277.95,65,90870
2026-04-13T10:07:21.761,NF,NIFTY26MAY2624600CE,280.55,268.7,280.75,261.0,382.35,30355,269.88,278.35,65,280.45,65,94445
2026-04-13T10:10:53.841,NF,NIFTY26MAY2624600CE,279.0,268.7,280.75,261.0,382.35,30420,269.9,278.1,195,279.6,65,94445
2026-04-13T10:11:47.323,NF,NIFTY26MAY2624600CE,278.3,268.7,280.75,261.0,382.35,30550,269.93,278.75,65,279.55,65,94445
2026-04-13T10:11:50.528,NF,NIFTY26MAY2624600CE,279.6,268.7,280.75,261.0,382.35,30615,269.95,278.75,65,280.2,65,94445
2026-04-13T10:12:36.194,NF,NIFTY26MAY2624600CE,278.75,268.7,280.75,261.0,382.35,30680,269.97,278.8,130,280.15,130,94445
2026-04-13T10:12:45.220,NF,NIFTY26MAY2624600CE,278.35,268.7,280.75,261.0,382.35,30875,270.02,277.85,130,278.95,65,94445
2026-04-13T10:12:46.813,NF,NIFTY26MAY2624600CE,277.65,268.7,280.75,261.0,382.35,30940,270.04,277.7,130,278.95,65,94445
2026-04-13T10:13:22.269,NF,NIFTY26MAY2624600CE,276.05,268.7,280.75,261.0,382.35,31135,270.08,276.35,130,277.9,65,94445
2026-04-13T10:13:23.876,NF,NIFTY26MAY2624600CE,277.75,268.7,280.75,261.0,382.35,31200,270.09,276.35,130,277.85,130,94445
2026-04-13T10:14:12.345,NF,NIFTY26MAY2624600CE,273.9,268.7,280.75,261.0,382.35,31460,270.13,273.45,65,274.8,65,94900
2026-04-13T10:14:21.960,NF,NIFTY26MAY2624600CE,273.6,268.7,280.75,261.0,382.35,31590,270.15,273.55,130,274.8,65,94900
2026-04-13T10:14:25.175,NF,NIFTY26MAY2624600CE,275.75,268.7,280.75,261.0,382.35,32435,270.26,273.85,130,275.85,65,94900
2026-04-13T10:14:51.000,NF,NIFTY26MAY2624600CE,275.05,268.7,280.75,261.0,382.35,32695,270.3,274.9,65,275.4,260,94900
2026-04-13T10:14:55.810,NF,NIFTY26MAY2624600CE,274.9,268.7,280.75,261.0,382.35,32825,270.32,274.7,65,275.4,130,94900
2026-04-13T10:15:08.830,NF,NIFTY26MAY2624600CE,272.2,268.7,280.75,261.0,382.35,32955,270.32,271.25,130,273.65,260,94900
2026-04-13T10:15:12.241,NF,NIFTY26MAY2624600CE,272.5,268.7,280.75,261.0,382.35,33020,270.33,271.7,65,272.6,130,94900
2026-04-13T10:15:13.843,NF,NIFTY26MAY2624600CE,271.0,268.7,280.75,261.0,382.35,36465,270.43,272.25,260,272.3,195,94900
2026-04-13T10:15:15.444,NF,NIFTY26MAY2624600CE,272.25,268.7,280.75,261.0,382.35,36725,270.44,271.7,130,272.3,130,94900
2026-04-13T10:15:18.853,NF,NIFTY26MAY2624600CE,272.3,268.7,280.75,261.0,382.35,36855,270.45,272.05,195,273.3,65,94900
2026-04-13T10:15:36.477,NF,NIFTY26MAY2624600CE,272.1,268.7,280.75,261.0,382.35,36920,270.45,272.05,65,273.0,65,94900
2026-04-13T10:15:38.884,NF,NIFTY26MAY2624600CE,271.8,268.7,280.75,261.0,382.35,37050,270.46,271.55,65,272.85,65,94900
2026-04-13T10:15:40.689,NF,NIFTY26MAY2624600CE,271.5,268.7,280.75,261.0,382.35,37115,270.46,270.4,65,272.0,65,94900
2026-04-13T10:16:41.805,NF,NIFTY26MAY2624600CE,271.5,268.7,280.75,261.0,382.35,37180,270.46,270.5,65,271.5,65,99515
2026-04-13T10:17:45.280,NF,NIFTY26MAY2624600CE,271.2,268.7,280.75,261.0,382.35,37245,270.46,270.5,130,271.7,65,99515
2026-04-13T10:19:22.227,NF,NIFTY26MAY2624600CE,275.8,268.7,280.75,261.0,382.35,37570,270.51,275.55,65,277.95,65,99515
2026-04-13T10:21:19.819,NF,NIFTY26MAY2624600CE,286.15,268.7,286.15,261.0,382.35,37635,270.54,284.55,65,286.7,195,99515
2026-04-13T10:21:34.621,NF,NIFTY26MAY2624600CE,290.0,268.7,290.0,261.0,382.35,37700,270.57,289.45,65,292.9,65,99515
2026-04-13T10:21:42.844,NF,NIFTY26MAY2624600CE,287.0,268.7,290.0,261.0,382.35,37960,270.68,286.35,65,287.8,130,99515
2026-04-13T10:22:02.878,NF,NIFTY26MAY2624600CE,289.7,268.7,290.0,261.0,382.35,38025,270.72,288.1,65,289.65,65,99515
2026-04-13T10:22:11.074,NF,NIFTY26MAY2624600CE,290.65,268.7,290.65,261.0,382.35,38090,270.75,289.3,65,290.55,195,99515
2026-04-13T10:22:37.716,NF,NIFTY26MAY2624600CE,290.95,268.7,290.95,261.0,382.35,38155,270.78,289.05,65,291.05,195,99645
2026-04-13T10:23:10.367,NF,NIFTY26MAY2624600CE,292.6,268.7,292.6,261.0,382.35,38350,270.89,290.7,195,292.45,65,99645
2026-04-13T10:23:38.609,NF,NIFTY26MAY2624600CE,290.1,268.7,292.6,261.0,382.35,38610,271.02,290.5,65,292.1,130,99645
2026-04-13T10:24:37.095,NF,NIFTY26MAY2624600CE,291.0,268.7,292.6,261.0,382.35,38740,271.09,290.0,260,291.65,65,99645
2026-04-13T10:31:18.523,NF,NIFTY26MAY2624600CE,296.05,268.7,296.1,261.0,382.35,38935,271.21,296.05,65,297.4,195,99840
2026-04-13T10:31:38.967,NF,NIFTY26MAY2624600CE,295.0,268.7,296.1,261.0,382.35,39585,271.6,295.05,65,296.1,65,100035
2026-04-13T10:31:52.977,NF,NIFTY26MAY2624600CE,295.0,268.7,296.1,261.0,382.35,40235,271.98,294.85,65,296.15,65,100035
2026-04-13T10:32:07.193,NF,NIFTY26MAY2624600CE,295.0,268.7,296.1,261.0,382.35,40885,272.35,294.4,195,296.15,130,100035
2026-04-13T10:32:14.607,NF,NIFTY26MAY2624600CE,295.0,268.7,296.1,261.0,382.35,40950,272.38,294.35,195,295.0,65,100035
2026-04-13T10:32:20.818,NF,NIFTY26MAY2624600CE,294.0,268.7,296.1,261.0,382.35,41080,272.45,293.95,65,295.0,65,100035
2026-04-13T10:33:46.400,NF,NIFTY26MAY2624600CE,290.4,268.7,296.1,261.0,382.35,41210,272.51,291.0,260,292.0,65,100035
2026-04-13T10:33:50.987,NF,NIFTY26MAY2624600CE,291.0,268.7,296.1,261.0,382.35,41340,272.57,291.0,130,292.1,65,100035
2026-04-13T10:33:54.181,NF,NIFTY26MAY2624600CE,293.25,268.7,296.1,261.0,382.35,41405,272.6,291.35,65,292.95,65,100035
2026-04-13T10:34:21.814,NF,NIFTY26MAY2624600CE,292.0,268.7,296.1,261.0,382.35,42055,272.9,291.75,325,292.85,195,100035
2026-04-13T10:34:34.034,NF,NIFTY26MAY2624600CE,293.0,268.7,296.1,261.0,382.35,42705,273.2,292.25,585,293.65,130,102895
2026-04-13T10:34:54.277,NF,NIFTY26MAY2624600CE,292.05,268.7,296.1,261.0,382.35,42770,273.23,292.05,260,293.0,650,102895
2026-04-13T10:35:03.881,NF,NIFTY26MAY2624600CE,293.0,268.7,296.1,261.0,382.35,43420,273.53,293.0,260,294.05,65,102895
2026-04-13T10:35:32.340,NF,NIFTY26MAY2624600CE,293.55,268.7,296.1,261.0,382.35,43485,273.56,293.05,65,293.95,130,102895
2026-04-13T10:35:44.554,NF,NIFTY26MAY2624600CE,293.05,268.7,296.1,261.0,382.35,43810,273.7,292.3,65,293.3,195,102895
2026-04-13T10:36:14.398,NF,NIFTY26MAY2624600CE,291.95,268.7,296.1,261.0,382.35,43875,273.73,291.6,65,292.35,65,102895
2026-04-13T10:36:25.414,NF,NIFTY26MAY2624600CE,291.0,268.7,296.1,261.0,382.35,44525,273.98,290.65,65,291.55,130,102895
2026-04-13T10:37:01.864,NF,NIFTY26MAY2624600CE,290.6,268.7,296.1,261.0,382.35,44590,274.01,290.5,65,291.5,195,102895
2026-04-13T10:37:19.892,NF,NIFTY26MAY2624600CE,290.35,268.7,296.1,261.0,382.35,44720,274.06,290.15,195,291.55,195,102895
2026-04-13T10:39:41.107,NF,NIFTY26MAY2624600CE,294.05,268.7,296.1,261.0,382.35,44850,274.11,294.5,130,295.95,65,105040
2026-04-13T10:40:04.136,NF,NIFTY26MAY2624600CE,296.65,268.7,296.65,261.0,382.35,44915,274.15,296.9,130,298.0,65,105040
2026-04-13T10:41:17.049,NF,NIFTY26MAY2624600CE,298.0,268.7,298.0,261.0,382.35,44980,274.18,297.95,130,299.55,65,105170
2026-04-13T10:41:23.670,NF,NIFTY26MAY2624600CE,297.8,268.7,298.0,261.0,382.35,45045,274.21,296.8,975,297.9,195,105170
2026-04-13T10:41:39.084,NF,NIFTY26MAY2624600CE,294.9,268.7,298.0,261.0,382.35,45435,274.39,293.05,520,293.8,130,105170
2026-04-13T10:41:42.321,NF,NIFTY26MAY2624600CE,291.0,268.7,298.0,261.0,382.35,45565,274.44,289.0,455,290.55,65,105170
2026-04-13T10:41:55.706,NF,NIFTY26MAY2624600CE,288.85,268.7,298.0,261.0,382.35,45955,274.56,289.0,260,290.5,65,105170
2026-04-13T10:42:10.728,NF,NIFTY26MAY2624600CE,291.15,268.7,298.0,261.0,382.35,46020,274.59,290.5,130,291.85,65,105170
2026-04-13T10:42:40.368,NF,NIFTY26MAY2624600CE,291.05,268.7,298.0,261.0,382.35,46215,274.66,290.55,325,291.75,195,105170
2026-04-13T10:42:43.777,NF,NIFTY26MAY2624600CE,290.55,268.7,298.0,261.0,382.35,46280,274.68,289.2,130,290.85,390,105170
2026-04-13T10:44:13.900,NF,NIFTY26MAY2624600CE,293.5,268.7,298.0,261.0,382.35,46345,274.7,291.85,520,293.5,65,105430
2026-04-13T10:45:56.053,NF,NIFTY26MAY2624600CE,295.5,268.7,298.0,261.0,382.35,47645,275.28,296.15,260,297.7,65,105430
2026-04-13T10:46:07.467,NF,NIFTY26MAY2624600CE,296.95,268.7,298.0,261.0,382.35,48945,275.86,297.0,65,298.6,65,105430
2026-04-13T10:46:56.953,NF,NIFTY26MAY2624600CE,298.0,268.7,298.25,261.0,382.35,50245,276.43,298.1,130,299.65,65,108030
2026-04-13T10:47:01.972,NF,NIFTY26MAY2624600CE,298.6,268.7,298.6,261.0,382.35,50375,276.49,297.4,65,298.85,130,108030
2026-04-13T10:47:23.196,NF,NIFTY26MAY2624600CE,296.85,268.7,298.6,261.0,382.35,50440,276.51,296.1,325,296.85,130,108030
2026-04-13T10:47:26.401,NF,NIFTY26MAY2624600CE,295.7,268.7,298.6,261.0,382.35,50570,276.56,295.6,325,296.0,650,108030
2026-04-13T10:47:29.805,NF,NIFTY26MAY2624600CE,295.0,268.7,298.6,261.0,382.35,50895,276.68,294.45,325,295.15,65,108030
2026-04-13T10:47:53.066,NF,NIFTY26MAY2624600CE,295.7,268.7,298.6,261.0,382.35,52195,277.16,296.0,455,297.6,65,108030
2026-04-13T10:48:04.668,NF,NIFTY26MAY2624600CE,296.9,268.7,298.6,261.0,382.35,52325,277.21,296.8,65,297.0,585,108030
2026-04-13T10:48:11.294,NF,NIFTY26MAY2624600CE,297.0,268.7,298.6,261.0,382.35,53495,277.64,297.5,195,299.2,65,108030
2026-04-13T10:48:41.156,NF,NIFTY26MAY2624600CE,298.0,268.7,298.6,261.0,382.35,53560,277.66,297.65,585,298.0,585,108030
2026-04-13T10:48:42.730,NF,NIFTY26MAY2624600CE,297.65,268.7,298.6,261.0,382.35,53625,277.69,297.35,65,297.7,65,108030
2026-04-13T10:48:44.338,NF,NIFTY26MAY2624600CE,297.35,268.7,298.6,261.0,382.35,53690,277.71,296.7,325,297.5,195,108030
2026-04-13T10:48:59.345,NF,NIFTY26MAY2624600CE,296.0,268.7,298.6,261.0,382.35,53755,277.73,295.9,65,296.8,65,108030
2026-04-13T10:49:02.568,NF,NIFTY26MAY2624600CE,295.75,268.7,298.6,261.0,382.35,54925,278.12,295.25,1235,296.65,130,108030
2026-04-13T10:49:25.784,NF,NIFTY26MAY2624600CE,294.5,268.7,298.6,261.0,382.35,55055,278.16,294.45,520,295.0,585,108030
2026-04-13T10:49:30.592,NF,NIFTY26MAY2624600CE,294.5,268.7,298.6,261.0,382.35,56225,278.51,294.5,65,296.15,65,108030
2026-04-13T10:49:37.201,NF,NIFTY26MAY2624600CE,294.65,268.7,298.6,261.0,382.35,56290,278.52,294.6,65,296.1,65,114400
2026-04-13T10:49:50.218,NF,NIFTY26MAY2624600CE,295.0,268.7,298.6,261.0,382.35,56940,278.71,295.0,260,296.2,65,114400
2026-04-13T10:49:52.024,NF,NIFTY26MAY2624600CE,295.0,268.7,298.6,261.0,382.35,57590,278.9,294.95,65,296.25,65,114400
2026-04-13T10:51:19.737,NF,NIFTY26MAY2624600CE,296.2,268.7,298.6,261.0,382.35,57720,278.94,296.15,585,296.5,585,114400
2026-04-13T10:51:29.549,NF,NIFTY26MAY2624600CE,296.0,268.7,298.6,261.0,382.35,57850,278.97,295.55,390,296.3,65,114400
2026-04-13T10:51:31.151,NF,NIFTY26MAY2624600CE,295.55,268.7,298.6,261.0,382.35,57915,278.99,295.45,325,295.9,65,114400
2026-04-13T10:51:37.767,NF,NIFTY26MAY2624600CE,295.0,268.7,298.6,261.0,382.35,59085,279.31,295.1,130,296.5,65,114400
2026-04-13T10:51:42.968,NF,NIFTY26MAY2624600CE,294.8,268.7,298.6,261.0,382.35,60385,279.65,294.3,520,295.7,130,114400
2026-04-13T10:51:49.584,NF,NIFTY26MAY2624600CE,294.0,268.7,298.6,261.0,382.35,61685,279.96,294.1,130,295.3,65,114400
2026-04-13T10:51:54.581,NF,NIFTY26MAY2624600CE,294.2,268.7,298.6,261.0,382.35,62855,280.23,294.3,130,296.05,65,114400
2026-04-13T10:51:56.191,NF,NIFTY26MAY2624600CE,294.3,268.7,298.6,261.0,382.35,62985,280.26,294.35,130,295.6,65,114400
2026-04-13T10:52:06.209,NF,NIFTY26MAY2624600CE,294.0,268.7,298.6,261.0,382.35,64285,280.53,294.1,65,295.4,65,114400
2026-04-13T10:52:16.218,NF,NIFTY26MAY2624600CE,294.95,268.7,298.6,261.0,382.35,65585,280.82,295.2,455,296.75,130,114400
2026-04-13T10:52:26.240,NF,NIFTY26MAY2624600CE,295.95,268.7,298.6,261.0,382.35,66885,281.12,296.0,455,297.2,65,114400
2026-04-13T10:52:47.463,NF,NIFTY26MAY2624600CE,296.0,268.7,298.6,261.0,382.35,68055,281.38,296.25,130,297.55,260,124605
2026-04-13T10:52:49.059,NF,NIFTY26MAY2624600CE,296.25,268.7,298.6,261.0,382.35,68185,281.41,297.3,845,297.95,65,124605
2026-04-13T10:52:50.661,NF,NIFTY26MAY2624600CE,297.3,268.7,298.6,261.0,382.35,69030,281.6,296.25,195,297.65,65,124605
2026-04-13T10:53:07.083,NF,NIFTY26MAY2624600CE,299.4,268.7,299.4,261.0,382.35,69420,281.7,298.05,65,299.35,130,124605
2026-04-13T10:53:10.485,NF,NIFTY26MAY2624600CE,298.95,268.7,299.4,261.0,382.35,69485,281.72,298.0,130,298.95,195,124605
2026-04-13T10:53:28.510,NF,NIFTY26MAY2624600CE,298.0,268.7,299.4,261.0,382.35,69615,281.75,297.4,65,298.3,65,124605
2026-04-13T10:53:35.118,NF,NIFTY26MAY2624600CE,297.05,268.7,299.4,261.0,382.35,70915,282.03,297.05,65,298.1,65,124605
2026-04-13T10:53:46.735,NF,NIFTY26MAY2624600CE,297.0,268.7,299.4,261.0,382.35,72215,282.3,296.9,585,298.35,65,124605
2026-04-13T10:53:56.781,NF,NIFTY26MAY2624600CE,295.05,268.7,299.4,261.0,382.35,73385,282.51,295.0,65,295.4,65,124605
2026-04-13T10:53:58.371,NF,NIFTY26MAY2624600CE,295.4,268.7,299.4,261.0,382.35,73515,282.53,295.3,260,296.6,65,124605
2026-04-13T10:54:28.399,NF,NIFTY26MAY2624600CE,296.85,268.7,299.4,261.0,382.35,73905,282.61,296.7,65,296.85,455,124605
2026-04-13T10:54:30.200,NF,NIFTY26MAY2624600CE,296.8,268.7,299.4,261.0,382.35,74035,282.63,296.45,65,296.8,65,124605
2026-04-13T10:54:33.404,NF,NIFTY26MAY2624600CE,296.45,268.7,299.4,261.0,382.35,74100,282.64,295.85,325,296.75,65,124605
2026-04-13T10:54:36.808,NF,NIFTY26MAY2624600CE,295.35,268.7,299.4,261.0,382.35,75790,282.93,295.25,65,296.4,130,124605
2026-04-13T10:54:41.814,NF,NIFTY26MAY2624600CE,296.75,268.7,299.4,261.0,382.35,75920,282.95,295.55,65,296.7,130,124605
2026-04-13T10:54:45.216,NF,NIFTY26MAY2624600CE,297.15,268.7,299.4,261.0,382.35,75985,282.97,295.85,65,297.2,260,124605
2026-04-13T10:55:06.848,NF,NIFTY26MAY2624600CE,296.6,268.7,299.4,261.0,382.35,76050,282.98,296.25,65,297.4,65,124605
2026-04-13T10:55:08.465,NF,NIFTY26MAY2624600CE,296.1,268.7,299.4,261.0,382.35,76765,283.1,296.3,65,297.4,130,124605
2026-04-13T10:55:10.268,NF,NIFTY26MAY2624600CE,297.55,268.7,299.4,261.0,382.35,76830,283.11,296.45,65,297.6,195,124605
2026-04-13T10:55:33.488,NF,NIFTY26MAY2624600CE,299.0,268.7,299.4,261.0,382.35,77090,283.17,299.0,260,299.5,260,124605
2026-04-13T10:55:35.293,NF,NIFTY26MAY2624600CE,299.0,268.7,299.4,261.0,382.35,77155,283.18,298.55,325,299.45,65,124605
2026-04-13T10:55:36.894,NF,NIFTY26MAY2624600CE,299.0,268.7,299.4,261.0,382.35,77350,283.22,298.25,65,299.35,195,124605
2026-04-13T10:55:45.389,NF,NIFTY26MAY2624600CE,297.3,268.7,299.4,261.0,382.35,77545,283.25,296.85,130,297.65,130,131170
2026-04-13T10:56:23.563,NF,NIFTY26MAY2624600CE,297.85,268.7,299.4,261.0,382.35,77610,283.27,297.55,325,298.4,130,131170
2026-04-13T10:57:03.614,NF,NIFTY26MAY2624600CE,300.2,268.7,300.3,261.0,382.35,77805,283.31,299.65,325,300.7,130,131170
2026-04-13T10:58:03.297,NF,NIFTY26MAY2624600CE,299.2,268.7,300.3,261.0,382.35,77870,283.32,298.6,65,299.7,195,131170
2026-04-13T10:58:24.929,NF,NIFTY26MAY2624600CE,297.45,268.7,300.3,261.0,382.35,78195,283.38,296.5,65,297.6,65,131170
2026-04-13T10:58:49.566,NF,NIFTY26MAY2624600CE,297.45,268.7,300.3,261.0,382.35,80795,283.83,296.5,195,297.35,65,131105
2026-04-13T10:59:12.636,NF,NIFTY26MAY2624600CE,295.5,268.7,300.3,261.0,382.35,80860,283.84,294.95,260,295.6,195,131105
2026-04-13T10:59:19.219,NF,NIFTY26MAY2624600CE,296.0,268.7,300.3,261.0,382.35,80925,283.85,295.55,130,296.5,65,131105
2026-04-13T10:59:24.240,NF,NIFTY26MAY2624600CE,294.85,268.7,300.3,261.0,382.35,80990,283.86,294.3,520,294.85,195,131105
2026-04-13T10:59:56.891,NF,NIFTY26MAY2624600CE,296.55,268.7,300.3,261.0,382.35,81055,283.87,296.5,65,297.7,65,131105
2026-04-13T11:00:06.712,NF,NIFTY26MAY2624600CE,296.45,268.7,300.3,261.0,382.35,81120,283.88,295.25,65,296.65,65,131105
2026-04-13T11:01:26.224,NF,NIFTY26MAY2624600CE,296.5,268.7,300.3,261.0,382.35,81250,283.9,296.45,2600,296.85,130,131105
2026-04-13T11:01:28.024,NF,NIFTY26MAY2624600CE,296.45,268.7,300.3,261.0,382.35,81315,283.91,296.45,2535,296.5,325,131105
2026-04-13T11:01:41.451,NF,NIFTY26MAY2624600CE,296.45,268.7,300.3,261.0,382.35,81900,284.0,296.45,1950,296.5,195,131235
2026-04-13T11:01:49.656,NF,NIFTY26MAY2624600CE,296.45,268.7,300.3,261.0,382.35,83850,284.29,295.75,65,296.65,65,131235
2026-04-13T11:02:12.689,NF,NIFTY26MAY2624600CE,296.55,268.7,300.3,261.0,382.35,83980,284.31,296.45,65,297.6,65,131235
2026-04-13T11:03:29.426,NF,NIFTY26MAY2624600CE,295.8,268.7,300.3,261.0,382.35,84695,284.41,295.7,195,297.1,65,131235
2026-04-13T11:04:50.939,NF,NIFTY26MAY2624600CE,294.55,268.7,300.3,261.0,382.35,84955,284.44,294.75,260,296.05,65,131365
2026-04-13T11:05:10.780,NF,NIFTY26MAY2624600CE,296.3,268.7,300.3,261.0,382.35,85020,284.45,297.25,65,298.6,65,131365
2026-04-13T11:05:52.450,NF,NIFTY26MAY2624600CE,298.35,268.7,300.3,261.0,382.35,85150,284.47,298.6,260,299.75,130,131365
2026-04-13T11:06:15.685,NF,NIFTY26MAY2624600CE,297.15,268.7,300.3,261.0,382.35,85670,284.55,297.4,65,298.4,130,131365
2026-04-13T11:06:51.733,NF,NIFTY26MAY2624600CE,296.2,268.7,300.3,261.0,382.35,85735,284.55,295.85,325,296.65,130,131365
2026-04-13T11:10:20.473,NF,NIFTY26MAY2624600CE,298.05,268.7,300.3,261.0,382.35,85800,284.56,297.4,390,298.35,130,131365
2026-04-13T11:10:45.095,NF,NIFTY26MAY2624600CE,297.4,268.7,300.3,261.0,382.35,86125,284.61,295.4,65,296.7,65,131365
2026-04-13T11:10:56.509,NF,NIFTY26MAY2624600CE,295.65,268.7,300.3,261.0,382.35,86255,284.63,295.35,65,296.15,130,131365
2026-04-13T11:10:58.134,NF,NIFTY26MAY2624600CE,295.25,268.7,300.3,261.0,382.35,86385,284.65,294.5,325,295.35,130,131365
2026-04-13T11:11:04.724,NF,NIFTY26MAY2624600CE,294.15,268.7,300.3,261.0,382.35,86450,284.65,293.95,325,295.05,130,131365
2026-04-13T11:11:09.731,NF,NIFTY26MAY2624600CE,293.95,268.7,300.3,261.0,382.35,86775,284.69,293.35,65,294.45,65,131365
2026-04-13T11:11:29.159,NF,NIFTY26MAY2624600CE,294.35,268.7,300.3,261.0,382.35,86905,284.7,294.35,390,295.7,195,131365
2026-04-13T11:11:35.574,NF,NIFTY26MAY2624600CE,294.25,268.7,300.3,261.0,382.35,87295,284.74,294.35,390,295.4,65,131365
2026-04-13T11:11:51.397,NF,NIFTY26MAY2624600CE,295.25,268.7,300.3,261.0,382.35,87360,284.75,294.65,195,295.6,130,131365
2026-04-13T11:12:54.494,NF,NIFTY26MAY2624600CE,297.2,268.7,300.3,261.0,382.35,87425,284.76,297.4,195,298.15,130,131365
2026-04-13T11:13:07.716,NF,NIFTY26MAY2624600CE,297.4,268.7,300.3,261.0,382.35,87555,284.78,296.95,195,297.9,65,131365
2026-04-13T11:14:25.642,NF,NIFTY26MAY2624600CE,295.9,268.7,300.3,261.0,382.35,87685,284.8,295.8,65,296.35,130,131365
2026-04-13T11:15:15.320,NF,NIFTY26MAY2624600CE,297.05,268.7,300.3,261.0,382.35,87750,284.81,297.1,195,298.05,130,131365
2026-04-13T11:16:28.643,NF,NIFTY26MAY2624600CE,296.95,268.7,300.3,261.0,382.35,88270,284.88,297.35,585,298.6,65,131365
2026-04-13T11:16:48.672,NF,NIFTY26MAY2624600CE,297.3,268.7,300.3,261.0,382.35,88400,284.9,297.5,195,298.5,65,131560
2026-04-13T11:17:30.346,NF,NIFTY26MAY2624600CE,299.7,268.7,300.3,261.0,382.35,88920,284.98,297.75,65,299.95,65,131560
2026-04-13T11:18:50.272,NF,NIFTY26MAY2624600CE,297.65,268.7,300.3,261.0,382.35,89115,285.01,297.8,195,299.05,130,131560
2026-04-13T11:19:03.496,NF,NIFTY26MAY2624600CE,297.9,268.7,300.3,261.0,382.35,89505,285.06,297.75,715,299.15,65,131560
2026-04-13T11:19:18.518,NF,NIFTY26MAY2624600CE,297.8,268.7,300.3,261.0,382.35,89570,285.07,297.45,455,298.8,65,131560
2026-04-13T11:20:26.636,NF,NIFTY26MAY2624600CE,298.0,268.7,300.3,261.0,382.35,89635,285.08,296.95,65,298.25,195,131625
2026-04-13T11:21:21.723,NF,NIFTY26MAY2624600CE,295.55,268.7,300.3,261.0,382.35,89830,285.11,294.25,65,295.7,195,131625
2026-04-13T11:21:41.564,NF,NIFTY26MAY2624600CE,295.4,268.7,300.3,261.0,382.35,89895,285.11,294.9,65,296.1,130,131625
2026-04-13T11:21:54.781,NF,NIFTY26MAY2624600CE,294.85,268.7,300.3,261.0,382.35,89960,285.12,294.85,325,295.6,130,131625
2026-04-13T11:21:56.594,NF,NIFTY26MAY2624600CE,294.85,268.7,300.3,261.0,382.35,90285,285.16,294.3,65,295.1,130,131625
2026-04-13T11:22:01.606,NF,NIFTY26MAY2624600CE,294.85,268.7,300.3,261.0,382.35,90610,285.19,293.95,65,295.05,65,131625
2026-04-13T11:22:14.821,NF,NIFTY26MAY2624600CE,298.0,268.7,300.3,261.0,382.35,90805,285.22,297.95,195,298.0,5070,131625
2026-04-13T11:22:16.415,NF,NIFTY26MAY2624600CE,297.95,268.7,300.3,261.0,382.35,91000,285.24,297.75,195,298.0,5070,131625
2026-04-13T11:22:18.018,NF,NIFTY26MAY2624600CE,297.75,268.7,300.3,261.0,382.35,91065,285.25,297.5,195,298.0,5330,131625
2026-04-13T11:22:36.453,NF,NIFTY26MAY2624600CE,298.0,268.7,300.3,261.0,382.35,91130,285.26,297.9,195,298.0,5005,131625
2026-04-13T11:22:39.657,NF,NIFTY26MAY2624600CE,297.6,268.7,300.3,261.0,382.35,91260,285.28,297.5,195,297.95,130,131625
2026-04-13T11:22:46.276,NF,NIFTY26MAY2624600CE,298.0,268.7,300.3,261.0,382.35,92365,285.43,297.95,65,298.0,3900,131365
2026-04-13T11:22:48.069,NF,NIFTY26MAY2624600CE,298.0,268.7,300.3,261.0,382.35,96330,285.95,298.2,65,299.3,65,131365
2026-04-13T11:22:54.482,NF,NIFTY26MAY2624600CE,297.35,268.7,300.3,261.0,382.35,97110,286.04,297.8,130,299.15,260,131365
2026-04-13T11:22:59.491,NF,NIFTY26MAY2624600CE,297.65,268.7,300.3,261.0,382.35,97500,286.09,298.25,65,299.7,65,131365
2026-04-13T11:23:30.540,NF,NIFTY26MAY2624600CE,300.0,268.7,300.3,261.0,382.35,97565,286.1,299.25,65,300.2,130,131365
2026-04-13T11:23:33.939,NF,NIFTY26MAY2624600CE,299.05,268.7,300.3,261.0,382.35,97695,286.12,298.35,65,299.35,65,131365
2026-04-13T11:24:13.603,NF,NIFTY26MAY2624600CE,297.15,268.7,300.3,261.0,382.35,97890,286.14,297.15,195,297.85,130,131365
2026-04-13T11:24:30.439,NF,NIFTY26MAY2624600CE,297.15,268.7,300.3,261.0,382.35,97955,286.14,296.4,325,297.3,65,131365
2026-04-13T11:24:33.634,NF,NIFTY26MAY2624600CE,296.75,268.7,300.3,261.0,382.35,98085,286.16,296.4,325,297.1,65,131365
2026-04-13T11:24:38.447,NF,NIFTY26MAY2624600CE,297.25,268.7,300.3,261.0,382.35,98215,286.17,296.45,65,297.5,130,131365
2026-04-13T11:24:43.447,NF,NIFTY26MAY2624600CE,297.4,268.7,300.3,261.0,382.35,98410,286.2,296.45,65,297.35,260,131365
2026-04-13T11:24:53.460,NF,NIFTY26MAY2624600CE,295.85,268.7,300.3,261.0,382.35,98540,286.21,295.5,325,296.5,65,131365
2026-04-13T11:24:56.667,NF,NIFTY26MAY2624600CE,296.65,268.7,300.3,261.0,382.35,98670,286.22,295.95,65,296.9,65,131365
2026-04-13T11:25:05.079,NF,NIFTY26MAY2624600CE,297.05,268.7,300.3,261.0,382.35,98800,286.24,296.1,65,297.05,65,131365
2026-04-13T11:25:06.695,NF,NIFTY26MAY2624600CE,297.0,268.7,300.3,261.0,382.35,98865,286.24,296.15,65,296.95,130,131365
2026-04-13T11:25:11.694,NF,NIFTY26MAY2624600CE,297.0,268.7,300.3,261.0,382.35,98930,286.25,296.2,65,297.0,130,131365
2026-04-13T11:25:13.296,NF,NIFTY26MAY2624600CE,296.5,268.7,300.3,261.0,382.35,99190,286.28,296.0,65,296.8,130,131365
2026-04-13T11:25:18.303,NF,NIFTY26MAY2624600CE,296.6,268.7,300.3,261.0,382.35,99255,286.28,295.5,130,296.35,130,131365
2026-04-13T11:25:30.116,NF,NIFTY26MAY2624600CE,295.95,268.7,300.3,261.0,382.35,99320,286.29,295.75,65,296.4,130,131365
2026-04-13T11:25:31.719,NF,NIFTY26MAY2624600CE,296.4,268.7,300.3,261.0,382.35,99385,286.3,295.9,65,296.9,65,131365
2026-04-13T11:25:40.138,NF,NIFTY26MAY2624600CE,298.8,268.7,300.3,261.0,382.35,99515,286.31,297.7,65,298.8,195,131365
2026-04-13T11:25:41.734,NF,NIFTY26MAY2624600CE,299.15,268.7,300.3,261.0,382.35,99580,286.32,298.85,130,299.95,130,131365
2026-04-13T11:25:43.546,NF,NIFTY26MAY2624600CE,300.6,268.7,300.6,261.0,382.35,99775,286.35,299.65,195,300.95,130,131365
2026-04-13T11:25:50.239,NF,NIFTY26MAY2624600CE,299.85,268.7,300.6,261.0,382.35,99840,286.36,298.8,390,299.85,130,131365
2026-04-13T11:25:55.019,NF,NIFTY26MAY2624600CE,299.65,268.7,300.6,261.0,382.35,100100,286.39,298.85,65,299.75,65,131365
2026-04-13T11:26:08.383,NF,NIFTY26MAY2624600CE,298.8,268.7,300.6,261.0,382.35,100230,286.41,298.7,65,299.05,325,131365
2026-04-13T11:26:09.981,NF,NIFTY26MAY2624600CE,298.7,268.7,300.6,261.0,382.35,100295,286.42,298.65,65,299.1,130,131365
2026-04-13T11:26:18.192,NF,NIFTY26MAY2624600CE,299.4,268.7,300.6,261.0,382.35,100360,286.43,298.75,65,299.5,130,131365
2026-04-13T11:26:21.596,NF,NIFTY26MAY2624600CE,298.65,268.7,300.6,261.0,382.35,100490,286.44,297.65,65,298.6,130,131365
2026-04-13T11:26:28.217,NF,NIFTY26MAY2624600CE,298.65,268.7,300.6,261.0,382.35,100620,286.46,297.8,65,298.9,130,131365
2026-04-13T11:26:38.226,NF,NIFTY26MAY2624600CE,299.3,268.7,300.6,261.0,382.35,100685,286.47,298.3,65,299.7,65,131365
2026-04-13T11:26:43.045,NF,NIFTY26MAY2624600CE,299.8,268.7,300.6,261.0,382.35,100750,286.47,298.55,65,298.95,130,131365
2026-04-13T11:26:44.844,NF,NIFTY26MAY2624600CE,298.5,268.7,300.6,261.0,382.35,100880,286.49,298.4,65,298.85,130,131365
2026-04-13T11:26:46.438,NF,NIFTY26MAY2624600CE,298.35,268.7,300.6,261.0,382.35,100945,286.5,298.25,65,298.8,130,131365
2026-04-13T11:26:48.041,NF,NIFTY26MAY2624600CE,298.8,268.7,300.6,261.0,382.35,101075,286.51,298.25,65,298.85,130,131365
2026-04-13T11:26:56.254,NF,NIFTY26MAY2624600CE,298.75,268.7,300.6,261.0,382.35,101140,286.52,297.7,65,298.75,130,131365
2026-04-13T11:28:08.385,NF,NIFTY26MAY2624600CE,297.4,268.7,300.6,261.0,382.35,101205,286.53,296.45,65,297.7,65,131365
2026-04-13T11:28:18.182,NF,NIFTY26MAY2624600CE,297.0,268.7,300.6,261.0,382.35,101270,286.53,296.3,65,297.6,195,131365
2026-04-13T11:28:39.420,NF,NIFTY26MAY2624600CE,297.55,268.7,300.6,261.0,382.35,101400,286.55,296.3,65,297.6,65,131365
2026-04-13T11:29:02.247,NF,NIFTY26MAY2624600CE,296.7,268.7,300.6,261.0,382.35,101465,286.55,296.5,65,297.5,130,131430
2026-04-13T11:29:05.646,NF,NIFTY26MAY2624600CE,297.55,268.7,300.6,261.0,382.35,101595,286.57,296.0,65,297.35,65,131430
2026-04-13T11:29:20.279,NF,NIFTY26MAY2624600CE,297.05,268.7,300.6,261.0,382.35,101660,286.58,295.85,65,297.2,195,131430
2026-04-13T11:29:21.896,NF,NIFTY26MAY2624600CE,295.9,268.7,300.6,261.0,382.35,101725,286.58,295.8,65,296.3,65,131430
2026-04-13T11:29:25.287,NF,NIFTY26MAY2624600CE,295.75,268.7,300.6,261.0,382.35,101855,286.59,295.7,65,296.3,65,131430
2026-04-13T11:29:26.888,NF,NIFTY26MAY2624600CE,296.5,268.7,300.6,261.0,382.35,101920,286.6,295.7,65,296.4,65,131430
2026-04-13T11:29:36.705,NF,NIFTY26MAY2624600CE,295.55,268.7,300.6,261.0,382.35,102050,286.61,294.65,195,295.95,65,131430
2026-04-13T11:30:51.818,NF,NIFTY26MAY2624600CE,297.9,268.7,300.6,261.0,382.35,102115,286.62,296.55,65,297.95,65,131430
2026-04-13T11:31:25.255,NF,NIFTY26MAY2624600CE,297.8,268.7,300.6,261.0,382.35,102180,286.63,297.35,130,298.0,390,131430
2026-04-13T11:31:26.859,NF,NIFTY26MAY2624600CE,297.35,268.7,300.6,261.0,382.35,102310,286.64,297.15,65,298.0,260,131430
2026-04-13T11:31:28.472,NF,NIFTY26MAY2624600CE,297.0,268.7,300.6,261.0,382.35,102375,286.65,296.85,65,298.0,260,131430
2026-04-13T11:31:30.262,NF,NIFTY26MAY2624600CE,296.7,268.7,300.6,261.0,382.35,102440,286.65,296.45,195,297.7,65,131430
2026-04-13T11:31:56.706,NF,NIFTY26MAY2624600CE,295.5,268.7,300.6,261.0,382.35,102635,286.67,295.25,65,296.05,65,131430
2026-04-13T11:32:16.731,NF,NIFTY26MAY2624600CE,295.9,268.7,300.6,261.0,382.35,102700,286.67,295.0,65,295.85,65,131430
2026-04-13T11:32:19.938,NF,NIFTY26MAY2624600CE,295.9,268.7,300.6,261.0,382.35,102765,286.68,295.1,65,296.15,195,131430
2026-04-13T11:32:31.762,NF,NIFTY26MAY2624600CE,296.35,268.7,300.6,261.0,382.35,102830,286.69,295.25,65,296.35,65,131430
2026-04-13T11:32:41.376,NF,NIFTY26MAY2624600CE,296.6,268.7,300.6,261.0,382.35,102895,286.69,295.6,65,296.2,130,131430
2026-04-13T11:32:44.787,NF,NIFTY26MAY2624600CE,295.55,268.7,300.6,261.0,382.35,103025,286.7,295.25,65,295.95,65,131430
2026-04-13T11:34:19.127,NF,NIFTY26MAY2624600CE,295.8,268.7,300.6,261.0,382.35,103090,286.71,294.95,65,296.0,260,131430
2026-04-13T11:34:27.550,NF,NIFTY26MAY2624600CE,295.5,268.7,300.6,261.0,382.35,103220,286.72,294.75,130,295.75,65,131430
2026-04-13T11:34:42.386,NF,NIFTY26MAY2624600CE,295.25,268.7,300.6,261.0,382.35,103350,286.73,295.2,195,295.95,65,131430
2026-04-13T11:35:08.413,NF,NIFTY26MAY2624600CE,297.05,268.7,300.6,261.0,382.35,103415,286.74,296.2,65,297.15,65,131495
2026-04-13T11:35:16.422,NF,NIFTY26MAY2624600CE,297.9,268.7,300.6,261.0,382.35,103675,286.77,297.0,65,298.0,260,131495
2026-04-13T11:35:26.440,NF,NIFTY26MAY2624600CE,297.7,268.7,300.6,261.0,382.35,103740,286.77,297.65,130,298.0,260,131495
2026-04-13T11:35:31.248,NF,NIFTY26MAY2624600CE,297.65,268.7,300.6,261.0,382.35,103870,286.79,297.1,65,298.15,130,131495
2026-04-13T11:35:39.465,NF,NIFTY26MAY2624600CE,297.25,268.7,300.6,261.0,382.35,103935,286.79,297.2,65,297.7,130,131495
2026-04-13T11:35:44.479,NF,NIFTY26MAY2624600CE,298.0,268.7,300.6,261.0,382.35,104000,286.8,297.1,65,298.6,195,131495
2026-04-13T11:35:46.091,NF,NIFTY26MAY2624600CE,298.55,268.7,300.6,261.0,382.35,104065,286.81,297.65,65,298.65,195,131495
2026-04-13T11:36:00.903,NF,NIFTY26MAY2624600CE,299.15,268.7,300.6,261.0,382.35,104130,286.82,297.8,65,299.0,260,131495
2026-04-13T11:36:10.753,NF,NIFTY26MAY2624600CE,298.0,268.7,300.6,261.0,382.35,104195,286.82,297.65,65,298.45,130,131495
2026-04-13T11:36:22.331,NF,NIFTY26MAY2624600CE,296.55,268.7,300.6,261.0,382.35,104325,286.83,296.1,65,297.0,260,131495
2026-04-13T11:37:01.814,NF,NIFTY26MAY2624600CE,299.0,268.7,300.6,261.0,382.35,104455,286.85,298.3,130,299.0,260,131495
2026-04-13T11:37:23.240,NF,NIFTY26MAY2624600CE,300.7,268.7,300.85,261.0,382.35,104650,286.88,299.65,130,300.6,195,131495
2026-04-13T11:37:43.271,NF,NIFTY26MAY2624600CE,301.0,268.7,301.0,261.0,382.35,104780,286.89,300.15,130,301.1,130,131495
2026-04-13T11:37:58.096,NF,NIFTY26MAY2624600CE,300.95,268.7,301.7,261.0,382.35,105170,286.95,299.7,260,300.55,195,131560
2026-04-13T11:38:08.163,NF,NIFTY26MAY2624600CE,301.35,268.7,301.85,261.0,382.35,105365,286.97,301.0,130,301.8,195,131560
2026-04-13T11:38:09.717,NF,NIFTY26MAY2624600CE,301.95,268.7,302.05,261.0,382.35,105625,287.01,301.4,195,302.45,325,131560
2026-04-13T11:38:11.523,NF,NIFTY26MAY2624600CE,302.35,268.7,302.35,261.0,382.35,105755,287.03,301.85,130,302.35,455,131560
2026-04-13T11:38:21.538,NF,NIFTY26MAY2624600CE,304.65,268.7,304.65,261.0,382.35,105885,287.05,304.0,65,304.7,65,131560
2026-04-13T11:38:23.139,NF,NIFTY26MAY2624600CE,304.3,268.7,304.65,261.0,382.35,105950,287.06,303.9,65,304.3,260,131560
2026-04-13T11:38:24.748,NF,NIFTY26MAY2624600CE,303.9,268.7,304.65,261.0,382.35,106015,287.07,303.95,65,304.5,325,131560
2026-04-13T11:38:26.345,NF,NIFTY26MAY2624600CE,303.85,268.7,304.65,261.0,382.35,106340,287.12,303.6,65,304.3,65,131560
2026-04-13T11:38:36.493,NF,NIFTY26MAY2624600CE,303.95,268.7,304.65,261.0,382.35,106535,287.15,303.65,65,304.35,195,131560
2026-04-13T11:38:46.191,NF,NIFTY26MAY2624600CE,302.4,268.7,304.65,261.0,382.35,106795,287.19,301.4,130,302.4,195,131560
2026-04-13T11:39:17.426,NF,NIFTY26MAY2624600CE,304.65,268.7,304.65,261.0,382.35,106860,287.2,303.7,65,304.8,390,131560
2026-04-13T11:39:24.034,NF,NIFTY26MAY2624600CE,304.95,268.7,304.95,261.0,382.35,106925,287.21,303.8,65,304.95,65,131560
2026-04-13T11:39:27.239,NF,NIFTY26MAY2624600CE,303.8,268.7,304.95,261.0,382.35,106990,287.22,303.4,195,304.75,65,131560
2026-04-13T11:46:05.877,NF,NIFTY26MAY2624600CE,303.8,268.7,304.95,261.0,382.35,107055,287.23,303.5,65,304.6,65,131560
2026-04-13T11:46:30.913,NF,NIFTY26MAY2624600CE,304.6,268.7,304.95,261.0,382.35,107185,287.25,303.9,130,304.9,195,131560
2026-04-13T11:46:45.798,NF,NIFTY26MAY2624600CE,303.8,268.7,304.95,261.0,382.35,107640,287.32,303.5,130,303.8,130,131560
2026-04-13T11:47:10.171,NF,NIFTY26MAY2624600CE,304.15,268.7,304.95,261.0,382.35,107705,287.33,303.5,130,304.25,130,131560
2026-04-13T11:48:24.692,NF,NIFTY26MAY2624600CE,305.1,268.7,305.1,261.0,382.35,107770,287.34,304.2,195,305.35,325,131560
2026-04-13T11:49:06.958,NF,NIFTY26MAY2624600CE,305.95,268.7,305.95,261.0,382.35,107900,287.37,304.9,65,306.1,325,131560
2026-04-13T11:49:24.988,NF,NIFTY26MAY2624600CE,305.05,268.7,305.95,261.0,382.35,108030,287.39,304.95,65,305.8,455,131560
2026-04-13T11:49:26.590,NF,NIFTY26MAY2624600CE,304.9,268.7,305.95,261.0,382.35,108160,287.41,304.65,65,305.8,455,131560
2026-04-13T11:49:29.803,NF,NIFTY26MAY2624600CE,304.75,268.7,305.95,261.0,382.35,108225,287.42,304.45,65,305.0,260,131560
2026-04-13T11:49:31.397,NF,NIFTY26MAY2624600CE,304.55,268.7,305.95,261.0,382.35,108290,287.43,304.8,65,305.75,65,131560
2026-04-13T11:49:51.024,NF,NIFTY26MAY2624600CE,305.65,268.7,305.95,261.0,382.35,109200,287.58,305.65,65,305.9,260,131560
2026-04-13T11:49:52.827,NF,NIFTY26MAY2624600CE,305.65,268.7,305.95,261.0,382.35,109330,287.6,305.65,130,305.8,65,132210
2026-04-13T11:49:59.242,NF,NIFTY26MAY2624600CE,306.65,268.7,306.65,261.0,382.35,109460,287.63,306.2,65,307.35,390,132210
2026-04-13T11:50:04.245,NF,NIFTY26MAY2624600CE,309.0,268.7,309.3,261.0,382.35,109655,287.67,307.95,65,309.3,65,132210
2026-04-13T11:50:11.054,NF,NIFTY26MAY2624600CE,308.8,268.7,309.3,261.0,382.35,110760,287.88,308.0,65,308.9,130,132210
2026-04-13T11:50:16.064,NF,NIFTY26MAY2624600CE,311.0,268.7,311.0,261.0,382.35,110955,287.92,309.4,195,310.85,520,132210
2026-04-13T11:50:19.285,NF,NIFTY26MAY2624600CE,310.95,268.7,311.0,261.0,382.35,111020,287.93,309.9,65,311.55,195,132210
2026-04-13T11:50:22.673,NF,NIFTY26MAY2624600CE,310.3,268.7,311.0,261.0,382.35,111605,288.05,310.15,130,310.4,65,132210
2026-04-13T11:50:24.277,NF,NIFTY26MAY2624600CE,309.65,268.7,311.0,261.0,382.35,111865,288.1,308.55,65,309.55,130,132210
2026-04-13T11:50:27.701,NF,NIFTY26MAY2624600CE,309.6,268.7,311.0,261.0,382.35,111995,288.12,309.05,65,309.65,195,132210
2026-04-13T11:50:37.699,NF,NIFTY26MAY2624600CE,312.95,268.7,312.95,261.0,382.35,112060,288.14,312.45,65,313.75,65,132210
2026-04-13T11:50:42.318,NF,NIFTY26MAY2624600CE,312.75,268.7,312.95,261.0,382.35,112255,288.18,312.75,195,313.15,65,132210
2026-04-13T11:50:44.118,NF,NIFTY26MAY2624600CE,312.55,268.7,312.95,261.0,382.35,112515,288.24,311.75,65,312.45,65,132210
2026-04-13T11:50:45.718,NF,NIFTY26MAY2624600CE,312.0,268.7,312.95,261.0,382.35,112775,288.29,311.55,65,312.35,65,132210
2026-04-13T11:50:57.337,NF,NIFTY26MAY2624600CE,313.3,268.7,313.3,261.0,382.35,112905,288.32,312.2,65,313.55,130,132210
2026-04-13T11:51:02.340,NF,NIFTY26MAY2624600CE,315.1,268.7,315.1,261.0,382.35,113165,288.38,314.25,65,315.5,520,132210
2026-04-13T11:51:07.372,NF,NIFTY26MAY2624600CE,315.85,268.7,315.85,261.0,382.35,113230,288.4,315.45,65,316.0,325,132210
2026-04-13T11:51:08.963,NF,NIFTY26MAY2624600CE,316.35,268.7,316.35,261.0,382.35,113295,288.41,315.6,65,316.3,130,132210
2026-04-13T11:51:15.553,NF,NIFTY26MAY2624600CE,315.55,268.7,316.35,261.0,382.35,113425,288.44,314.7,130,315.7,325,132210
2026-04-13T11:51:18.760,NF,NIFTY26MAY2624600CE,314.4,268.7,316.35,261.0,382.35,113490,288.46,313.45,65,314.7,130,132210
2026-04-13T11:51:25.380,NF,NIFTY26MAY2624600CE,313.9,268.7,316.35,261.0,382.35,113555,288.47,313.8,65,314.35,195,132210
2026-04-13T11:51:26.970,NF,NIFTY26MAY2624600CE,313.8,268.7,316.35,261.0,382.35,113620,288.49,313.45,65,314.45,455,132210
2026-04-13T11:51:33.586,NF,NIFTY26MAY2624600CE,313.05,268.7,316.35,261.0,382.35,113880,288.54,312.35,65,313.3,325,132210
2026-04-13T11:51:35.180,NF,NIFTY26MAY2624600CE,313.55,268.7,316.35,261.0,382.35,113945,288.56,313.0,65,314.45,325,132210
2026-04-13T11:52:01.838,NF,NIFTY26MAY2624600CE,315.25,268.7,316.35,261.0,382.35,114010,288.57,313.7,65,315.0,260,132210
2026-04-13T11:52:18.498,NF,NIFTY26MAY2624600CE,312.45,268.7,316.35,261.0,382.35,114140,288.6,312.1,195,313.35,65,132210
2026-04-13T11:52:53.317,NF,NIFTY26MAY2624600CE,311.45,268.7,316.35,261.0,382.35,114205,288.61,310.1,65,311.5,65,132210
2026-04-13T11:55:02.120,NF,NIFTY26MAY2624600CE,315.85,268.7,316.35,261.0,382.35,114530,288.69,316.3,65,317.4,65,131820
2026-04-13T12:04:57.252,NF,NIFTY26MAY2624600CE,313.0,268.7,316.35,261.0,382.35,114595,288.7,312.0,130,313.15,65,131625
2026-04-13T12:06:36.805,NF,NIFTY26MAY2624600CE,316.3,268.7,316.35,261.0,382.35,114920,288.78,316.25,65,317.55,65,131625
2026-04-13T12:07:44.311,NF,NIFTY26MAY2624600CE,316.05,268.7,316.35,261.0,382.35,115050,288.81,315.0,65,316.45,130,131625
2026-04-13T12:13:40.815,NF,NIFTY26MAY2624600CE,316.9,268.7,316.9,261.0,382.35,115115,288.83,316.0,65,316.9,260,131625
2026-04-13T12:15:01.744,NF,NIFTY26MAY2624600CE,320.3,268.7,320.3,261.0,382.35,115310,288.88,319.9,65,321.15,130,131625
2026-04-13T12:38:08.130,NF,NIFTY26MAY2624600CE,330.0,268.7,330.0,261.0,382.35,115375,288.9,329.8,65,331.3,325,131625
2026-04-13T12:39:25.661,NF,NIFTY26MAY2624600CE,330.0,268.7,330.0,261.0,382.35,115440,288.93,327.15,195,329.25,130,131625
2026-04-13T12:56:27.895,NF,NIFTY26MAY2624600CE,317.0,268.7,330.0,261.0,382.35,115505,288.94,315.2,65,316.8,65,131690
2026-04-13T12:56:46.330,NF,NIFTY26MAY2624600CE,314.0,268.7,330.0,261.0,382.35,115700,288.99,313.55,65,315.3,65,131690
2026-04-13T12:57:11.372,NF,NIFTY26MAY2624600CE,310.7,268.7,330.0,261.0,382.35,115765,289.0,307.05,65,308.9,65,131690
2026-04-13T13:04:19.062,NF,NIFTY26MAY2624600CE,309.5,268.7,330.0,261.0,382.35,115830,289.01,309.35,65,310.7,65,131625
2026-04-13T13:05:19.427,NF,NIFTY26MAY2624600CE,310.65,268.7,330.0,261.0,382.35,115895,289.02,310.15,130,310.7,975,131625
2026-04-13T13:05:20.945,NF,NIFTY26MAY2624600CE,310.7,268.7,330.0,261.0,382.35,116870,289.2,310.25,65,311.6,130,131625
2026-04-13T13:05:33.569,NF,NIFTY26MAY2624600CE,312.7,268.7,330.0,261.0,382.35,117065,289.24,311.05,195,313.3,65,131625
2026-04-13T13:05:51.395,NF,NIFTY26MAY2624600CE,310.55,268.7,330.0,261.0,382.35,117260,289.28,310.6,130,312.1,130,131625
2026-04-13T13:08:52.081,NF,NIFTY26MAY2624600CE,316.25,268.7,330.0,261.0,382.35,117390,289.31,316.05,65,317.5,65,132600
2026-04-13T13:09:42.766,NF,NIFTY26MAY2624600CE,317.65,268.7,330.0,261.0,382.35,117585,289.35,316.0,260,317.5,130,132600
2026-04-13T13:19:07.834,NF,NIFTY26MAY2624600CE,324.0,268.7,330.0,261.0,382.35,117650,289.37,323.8,65,325.6,195,132730
2026-04-13T13:26:51.788,NF,NIFTY26MAY2624600CE,319.65,268.7,330.0,261.0,382.35,117780,289.41,319.15,65,320.75,65,132730
2026-04-13T13:27:01.803,NF,NIFTY26MAY2624600CE,319.35,268.7,330.0,261.0,382.35,117845,289.42,319.15,65,320.8,65,132730
2026-04-13T13:30:31.353,NF,NIFTY26MAY2624600CE,323.1,268.7,330.0,261.0,382.35,117910,289.44,321.95,65,323.05,260,132925
2026-04-13T13:32:35.159,NF,NIFTY26MAY2624600CE,324.0,268.7,330.0,261.0,382.35,117975,289.46,324.4,195,326.45,65,132990
2026-04-13T13:36:22.722,NF,NIFTY26MAY2624600CE,324.0,268.7,330.0,261.0,382.35,118105,289.5,322.55,65,324.1,65,133055
2026-04-13T13:44:42.539,NF,NIFTY26MAY2624600CE,322.6,268.7,330.0,261.0,382.35,118170,289.52,321.3,130,322.95,65,132990
2026-04-13T13:48:01.063,NF,NIFTY26MAY2624600CE,321.1,268.7,330.0,261.0,382.35,118300,289.55,320.0,260,321.1,65,132990
2026-04-13T13:52:22.060,NF,NIFTY26MAY2624600CE,328.1,268.7,330.0,261.0,382.35,118365,289.57,328.0,65,329.9,65,133055
2026-04-13T13:53:16.554,NF,NIFTY26MAY2624600CE,332.95,268.7,332.95,261.0,382.35,118430,289.6,330.4,195,331.95,65,133055
2026-04-13T13:58:50.281,NF,NIFTY26MAY2624600CE,342.0,268.7,342.0,261.0,382.35,118495,289.63,340.25,130,341.2,65,133055
2026-04-13T13:58:51.894,NF,NIFTY26MAY2624600CE,341.0,268.7,342.0,261.0,382.35,118560,289.65,340.1,195,341.15,260,133055
2026-04-13T13:59:32.937,NF,NIFTY26MAY2624600CE,340.05,268.7,342.0,261.0,382.35,118625,289.68,339.05,195,340.0,65,133055
2026-04-13T14:01:03.087,NF,NIFTY26MAY2624600CE,338.05,268.7,342.0,261.0,382.35,118690,289.71,338.15,65,339.95,65,133055
2026-04-13T14:02:52.270,NF,NIFTY26MAY2624600CE,335.0,268.7,342.0,261.0,382.35,118755,289.73,334.2,65,335.7,65,133055
