Timestamp,Exchange,Symbol,LTP,Open,High,Low,Close,Volume,VWAP,Best_Bid,Bid_Qty,Best_Ask,Ask_Qty,OI
2026-04-13T04:24:31.907,NF,NIFTY28APR2622750PE,78.95,100.05,100.05,74.05,127.0,151905,80.63,77.65,65,79.1,455,168090
2026-04-13T09:15:21.848,NF,NIFTY28APR2622750PE,117.75,117.75,117.75,117.75,76.85,65,117.75,124.25,65,149.5,130,167765
2026-04-13T09:15:37.666,NF,NIFTY28APR2622750PE,131.25,117.75,134.3,117.75,76.85,715,130.62,136.35,455,140.85,65,167765
2026-04-13T09:15:41.129,NF,NIFTY28APR2622750PE,138.2,117.75,138.2,117.75,76.85,780,131.25,136.0,455,139.7,65,167765
2026-04-13T09:15:44.303,NF,NIFTY28APR2622750PE,136.9,117.75,138.2,117.75,76.85,845,131.68,136.45,455,139.7,65,167765
2026-04-13T09:15:49.090,NF,NIFTY28APR2622750PE,140.0,117.75,140.0,117.75,76.85,1365,134.62,138.7,130,143.55,65,167765
2026-04-13T09:15:58.721,NF,NIFTY28APR2622750PE,144.95,117.75,144.95,117.75,76.85,1430,135.09,143.6,65,145.6,65,167765
2026-04-13T09:16:01.956,NF,NIFTY28APR2622750PE,147.2,117.75,147.2,117.75,76.85,1495,135.62,145.55,520,147.45,65,167765
2026-04-13T09:16:06.925,NF,NIFTY28APR2622750PE,150.2,117.75,150.2,117.75,76.85,1560,136.23,148.1,260,152.6,520,167440
2026-04-13T09:16:16.731,NF,NIFTY28APR2622750PE,155.0,117.75,155.0,117.75,76.85,1755,138.31,154.9,65,157.2,65,167440
2026-04-13T09:16:18.552,NF,NIFTY28APR2622750PE,159.65,117.75,159.65,117.75,76.85,2275,143.19,158.4,260,161.4,455,167440
2026-04-13T09:16:21.789,NF,NIFTY28APR2622750PE,164.65,117.75,164.65,117.75,76.85,3250,149.21,159.65,65,162.3,390,167440
2026-04-13T09:16:23.341,NF,NIFTY28APR2622750PE,159.65,117.75,164.65,117.75,76.85,3315,149.41,159.3,65,161.6,65,167440
2026-04-13T09:16:25.151,NF,NIFTY28APR2622750PE,159.65,117.75,164.65,117.75,76.85,3445,149.8,159.0,520,161.5,65,167440
2026-04-13T09:16:31.792,NF,NIFTY28APR2622750PE,156.75,117.75,164.65,117.75,76.85,3510,149.93,156.8,520,158.7,65,167440
2026-04-13T09:16:34.957,NF,NIFTY28APR2622750PE,157.35,117.75,164.65,117.75,76.85,3705,150.32,157.55,65,159.25,65,167440
2026-04-13T09:16:36.593,NF,NIFTY28APR2622750PE,159.6,117.75,164.65,117.75,76.85,3770,150.48,158.55,65,159.6,65,167440
2026-04-13T09:16:39.769,NF,NIFTY28APR2622750PE,159.65,117.75,164.65,117.75,76.85,5525,153.39,159.5,65,159.65,1040,167440
2026-04-13T09:16:41.571,NF,NIFTY28APR2622750PE,159.65,117.75,164.65,117.75,76.85,5850,153.74,159.5,130,159.65,715,167440
2026-04-13T09:16:43.176,NF,NIFTY28APR2622750PE,159.45,117.75,164.65,117.75,76.85,6500,154.32,158.35,585,159.65,520,167440
2026-04-13T09:16:44.780,NF,NIFTY28APR2622750PE,159.5,117.75,164.65,117.75,76.85,6630,154.42,158.35,260,159.65,520,167440
2026-04-13T09:16:52.787,NF,NIFTY28APR2622750PE,157.6,117.75,164.65,117.75,76.85,16315,154.93,157.3,455,158.4,65,167440
2026-04-13T09:16:56.202,NF,NIFTY28APR2622750PE,158.0,117.75,164.65,117.75,76.85,16575,154.98,154.4,65,158.0,65,167440
2026-04-13T09:17:00.998,NF,NIFTY28APR2622750PE,156.1,117.75,164.65,117.75,76.85,16900,154.99,155.25,520,156.7,130,167440
2026-04-13T09:17:09.018,NF,NIFTY28APR2622750PE,156.2,117.75,164.65,117.75,76.85,17355,155.02,155.5,325,157.9,65,167440
2026-04-13T09:17:30.074,NF,NIFTY28APR2622750PE,149.0,117.75,164.65,117.75,76.85,17420,155.0,148.4,520,149.35,130,167440
2026-04-13T09:17:31.656,NF,NIFTY28APR2622750PE,149.35,117.75,164.65,117.75,76.85,17485,154.98,148.9,65,150.25,65,167440
2026-04-13T09:17:33.328,NF,NIFTY28APR2622750PE,150.25,117.75,164.65,117.75,76.85,17550,154.96,150.1,455,151.35,65,167440
2026-04-13T09:17:38.061,NF,NIFTY28APR2622750PE,151.75,117.75,164.65,117.75,76.85,17615,154.95,150.85,65,151.9,65,167440
2026-04-13T09:17:39.681,NF,NIFTY28APR2622750PE,151.95,117.75,164.65,117.75,76.85,17745,154.92,150.8,65,152.0,65,167440
2026-04-13T09:17:41.477,NF,NIFTY28APR2622750PE,152.0,117.75,164.65,117.75,76.85,17875,154.9,151.0,65,151.95,455,167440
2026-04-13T09:18:06.505,NF,NIFTY28APR2622750PE,153.15,117.75,164.65,117.75,76.85,17940,154.9,151.6,65,155.35,65,167440
2026-04-13T09:18:16.124,NF,NIFTY28APR2622750PE,151.95,117.75,164.65,117.75,76.85,18005,154.88,154.15,65,155.2,65,167440
2026-04-13T09:18:17.717,NF,NIFTY28APR2622750PE,153.45,117.75,164.65,117.75,76.85,18070,154.88,154.5,65,156.2,260,167440
2026-04-13T09:18:19.521,NF,NIFTY28APR2622750PE,155.8,117.75,164.65,117.75,76.85,18135,154.88,154.4,195,156.1,65,167440
2026-04-13T09:18:21.122,NF,NIFTY28APR2622750PE,155.3,117.75,164.65,117.75,76.85,18200,154.88,154.95,65,156.15,65,167440
2026-04-13T09:18:22.722,NF,NIFTY28APR2622750PE,156.15,117.75,164.65,117.75,76.85,18265,154.89,155.1,65,157.85,65,167440
2026-04-13T09:18:29.133,NF,NIFTY28APR2622750PE,158.05,117.75,164.65,117.75,76.85,18395,154.91,156.7,65,158.25,130,167440
2026-04-13T09:18:44.021,NF,NIFTY28APR2622750PE,157.65,117.75,164.65,117.75,76.85,18460,154.92,157.25,65,158.35,65,167440
2026-04-13T09:18:58.578,NF,NIFTY28APR2622750PE,158.7,117.75,164.65,117.75,76.85,18525,154.93,156.35,65,158.55,65,167440
2026-04-13T09:19:00.378,NF,NIFTY28APR2622750PE,158.4,117.75,164.65,117.75,76.85,18590,154.95,156.25,65,158.0,65,167440
2026-04-13T09:19:01.994,NF,NIFTY28APR2622750PE,158.45,117.75,164.65,117.75,76.85,18655,154.96,157.15,65,158.6,65,167440
2026-04-13T09:19:06.814,NF,NIFTY28APR2622750PE,156.9,117.75,164.65,117.75,76.85,18720,154.96,154.7,65,157.05,65,162630
2026-04-13T09:19:08.394,NF,NIFTY28APR2622750PE,156.9,117.75,164.65,117.75,76.85,18785,154.97,156.45,65,157.5,130,162630
2026-04-13T09:19:11.835,NF,NIFTY28APR2622750PE,156.2,117.75,164.65,117.75,76.85,18850,154.98,155.7,65,157.35,65,162630
2026-04-13T09:19:20.012,NF,NIFTY28APR2622750PE,157.5,117.75,164.65,117.75,76.85,18915,154.98,156.1,65,157.55,65,162630
2026-04-13T09:19:36.437,NF,NIFTY28APR2622750PE,157.25,117.75,164.65,117.75,76.85,18980,154.99,156.55,65,157.5,390,162630
2026-04-13T09:19:39.838,NF,NIFTY28APR2622750PE,156.0,117.75,164.65,117.75,76.85,19045,155.0,155.2,65,156.2,65,162630
2026-04-13T09:19:59.671,NF,NIFTY28APR2622750PE,156.15,117.75,164.65,117.75,76.85,19110,155.0,156.05,65,156.6,65,162630
2026-04-13T09:20:05.878,NF,NIFTY28APR2622750PE,157.0,117.75,164.65,117.75,76.85,19175,155.01,156.15,65,157.3,65,162630
2026-04-13T09:20:07.487,NF,NIFTY28APR2622750PE,157.5,117.75,164.65,117.75,76.85,19240,155.01,156.65,65,157.7,130,162630
2026-04-13T09:20:12.357,NF,NIFTY28APR2622750PE,157.2,117.75,164.65,117.75,76.85,19305,155.02,154.35,65,156.35,65,162630
2026-04-13T09:20:28.323,NF,NIFTY28APR2622750PE,155.3,117.75,164.65,117.75,76.85,19565,155.03,155.05,130,156.35,65,162630
2026-04-13T09:20:29.930,NF,NIFTY28APR2622750PE,155.0,117.75,164.65,117.75,76.85,19825,155.03,154.6,65,156.1,130,162630
2026-04-13T09:20:38.974,NF,NIFTY28APR2622750PE,155.8,117.75,164.65,117.75,76.85,19890,155.03,154.55,65,155.5,65,162630
2026-04-13T09:20:40.537,NF,NIFTY28APR2622750PE,155.5,117.75,164.65,117.75,76.85,19955,155.03,155.5,65,156.5,260,162630
2026-04-13T09:20:42.148,NF,NIFTY28APR2622750PE,156.5,117.75,164.65,117.75,76.85,20020,155.03,155.3,130,156.4,65,162630
2026-04-13T09:20:51.952,NF,NIFTY28APR2622750PE,156.05,117.75,164.65,117.75,76.85,20085,155.04,155.4,65,156.35,65,162630
2026-04-13T09:21:54.479,NF,NIFTY28APR2622750PE,153.0,117.75,164.65,117.75,76.85,20150,155.03,153.25,65,154.85,65,162630
2026-04-13T09:23:29.597,NF,NIFTY28APR2622750PE,152.7,117.75,164.65,117.75,76.85,20215,155.02,152.7,65,153.6,65,162305
2026-04-13T09:23:36.208,NF,NIFTY28APR2622750PE,152.4,117.75,164.65,117.75,76.85,20280,155.02,152.3,65,153.05,65,162305
2026-04-13T09:23:59.483,NF,NIFTY28APR2622750PE,149.9,117.75,164.65,117.75,76.85,20345,155.0,149.8,65,151.2,65,162305
2026-04-13T09:24:06.060,NF,NIFTY28APR2622750PE,150.15,117.75,164.65,117.75,76.85,20800,154.89,150.4,65,151.35,65,162305
2026-04-13T09:24:22.878,NF,NIFTY28APR2622750PE,152.2,117.75,164.65,117.75,76.85,20930,154.88,151.8,65,152.8,65,162305
2026-04-13T09:24:37.776,NF,NIFTY28APR2622750PE,151.25,117.75,164.65,117.75,76.85,21125,154.84,150.35,650,151.35,65,162305
2026-04-13T09:24:47.530,NF,NIFTY28APR2622750PE,150.5,117.75,164.65,117.75,76.85,21645,154.74,149.35,325,150.25,65,162305
2026-04-13T09:24:52.518,NF,NIFTY28APR2622750PE,149.4,117.75,164.65,117.75,76.85,21710,154.72,149.55,780,150.65,65,162305
2026-04-13T09:25:09.358,NF,NIFTY28APR2622750PE,148.95,117.75,164.65,117.75,76.85,21775,154.7,148.35,65,149.3,65,162760
2026-04-13T09:25:10.949,NF,NIFTY28APR2622750PE,148.0,117.75,164.65,117.75,76.85,21840,154.68,147.35,780,148.4,65,162760
2026-04-13T09:25:15.965,NF,NIFTY28APR2622750PE,147.0,117.75,164.65,117.75,76.85,22685,154.41,146.25,130,147.3,65,162760
2026-04-13T09:25:17.599,NF,NIFTY28APR2622750PE,146.4,117.75,164.65,117.75,76.85,22880,154.34,145.75,65,146.8,65,162760
2026-04-13T09:26:40.912,NF,NIFTY28APR2622750PE,145.05,117.75,164.65,117.75,76.85,22945,154.31,144.6,65,145.25,65,162760
2026-04-13T09:26:44.306,NF,NIFTY28APR2622750PE,145.15,117.75,164.65,117.75,76.85,23140,154.24,145.5,260,146.4,65,162760
2026-04-13T09:26:55.927,NF,NIFTY28APR2622750PE,143.0,117.75,164.65,117.75,76.85,23205,154.2,142.5,65,143.85,65,162760
2026-04-13T09:26:59.353,NF,NIFTY28APR2622750PE,142.8,117.75,164.65,117.75,76.85,23270,154.17,142.5,585,143.6,455,162760
2026-04-13T09:27:17.561,NF,NIFTY28APR2622750PE,142.35,117.75,164.65,117.75,76.85,23335,154.14,141.85,130,142.8,260,162760
2026-04-13T09:27:47.606,NF,NIFTY28APR2622750PE,142.4,117.75,164.65,117.75,76.85,23530,154.04,141.35,65,142.4,65,162760
2026-04-13T09:27:54.216,NF,NIFTY28APR2622750PE,140.75,117.75,164.65,117.75,76.85,24180,153.69,141.55,130,142.45,65,162760
2026-04-13T09:27:57.620,NF,NIFTY28APR2622750PE,141.35,117.75,164.65,117.75,76.85,24245,153.66,141.35,130,142.4,65,162760
2026-04-13T09:28:00.828,NF,NIFTY28APR2622750PE,142.45,117.75,164.65,117.75,76.85,24310,153.63,141.65,130,142.7,65,162760
2026-04-13T09:28:24.277,NF,NIFTY28APR2622750PE,144.25,117.75,164.65,117.75,76.85,24960,153.4,144.65,195,145.9,65,163280
2026-04-13T09:28:25.870,NF,NIFTY28APR2622750PE,144.7,117.75,164.65,117.75,76.85,25220,153.31,145.05,260,146.3,65,163280
2026-04-13T09:28:32.682,NF,NIFTY28APR2622750PE,145.7,117.75,164.65,117.75,76.85,25415,153.25,145.4,65,146.3,65,163280
2026-04-13T09:28:45.704,NF,NIFTY28APR2622750PE,146.25,117.75,164.65,117.75,76.85,25480,153.23,146.25,520,146.75,260,163280
2026-04-13T09:28:53.919,NF,NIFTY28APR2622750PE,146.25,117.75,164.65,117.75,76.85,26000,153.09,145.3,130,146.15,195,163280
2026-04-13T09:29:22.395,NF,NIFTY28APR2622750PE,145.55,117.75,164.65,117.75,76.85,26065,153.07,144.9,130,145.45,130,163280
2026-04-13T09:29:49.014,NF,NIFTY28APR2622750PE,144.25,117.75,164.65,117.75,76.85,26130,153.05,143.6,65,144.15,65,163280
2026-04-13T09:30:05.631,NF,NIFTY28APR2622750PE,146.9,117.75,164.65,117.75,76.85,26325,153.0,145.5,195,146.2,65,163280
2026-04-13T09:30:07.433,NF,NIFTY28APR2622750PE,146.45,117.75,164.65,117.75,76.85,26390,152.99,145.45,195,146.25,65,163280
2026-04-13T09:30:39.105,NF,NIFTY28APR2622750PE,147.45,117.75,164.65,117.75,76.85,26455,152.97,147.35,65,148.1,195,163280
2026-04-13T09:31:12.538,NF,NIFTY28APR2622750PE,149.25,117.75,164.65,117.75,76.85,26520,152.96,148.45,130,149.25,195,162955
2026-04-13T09:31:49.197,NF,NIFTY28APR2622750PE,147.65,117.75,164.65,117.75,76.85,26650,152.94,147.5,130,148.15,195,162955
2026-04-13T09:32:07.620,NF,NIFTY28APR2622750PE,149.5,117.75,164.65,117.75,76.85,26715,152.93,148.75,65,149.5,65,162955
2026-04-13T09:32:17.635,NF,NIFTY28APR2622750PE,147.45,117.75,164.65,117.75,76.85,26975,152.88,146.85,65,147.6,65,162955
2026-04-13T09:32:19.249,NF,NIFTY28APR2622750PE,147.8,117.75,164.65,117.75,76.85,27690,152.74,146.45,65,147.3,65,162955
2026-04-13T09:32:22.450,NF,NIFTY28APR2622750PE,146.6,117.75,164.65,117.75,76.85,27755,152.73,145.55,65,146.55,195,162955
2026-04-13T09:32:30.854,NF,NIFTY28APR2622750PE,145.4,117.75,164.65,117.75,76.85,27950,152.68,145.2,65,145.95,390,162955
2026-04-13T09:32:48.888,NF,NIFTY28APR2622750PE,144.35,117.75,164.65,117.75,76.85,28015,152.66,144.05,65,144.65,65,162955
2026-04-13T09:33:42.557,NF,NIFTY28APR2622750PE,143.0,117.75,164.65,117.75,76.85,28405,152.52,143.05,65,143.8,195,162955
2026-04-13T09:33:49.166,NF,NIFTY28APR2622750PE,142.2,117.75,164.65,117.75,76.85,28600,152.45,142.05,65,142.8,65,162955
2026-04-13T09:33:54.171,NF,NIFTY28APR2622750PE,143.15,117.75,164.65,117.75,76.85,28730,152.41,142.65,130,143.25,65,162955
2026-04-13T09:33:57.376,NF,NIFTY28APR2622750PE,142.7,117.75,164.65,117.75,76.85,28860,152.37,142.45,195,143.05,130,162955
2026-04-13T09:34:00.584,NF,NIFTY28APR2622750PE,142.95,117.75,164.65,117.75,76.85,28925,152.35,142.8,65,143.7,195,162955
2026-04-13T09:34:02.382,NF,NIFTY28APR2622750PE,143.25,117.75,164.65,117.75,76.85,28990,152.32,143.0,65,143.5,65,162955
2026-04-13T09:34:05.588,NF,NIFTY28APR2622750PE,143.1,117.75,164.65,117.75,76.85,29185,152.26,142.35,715,143.05,65,162955
2026-04-13T09:34:15.404,NF,NIFTY28APR2622750PE,143.0,117.75,164.65,117.75,76.85,29250,152.24,143.0,65,143.55,65,161785
2026-04-13T09:34:17.029,NF,NIFTY28APR2622750PE,143.75,117.75,164.65,117.75,76.85,29315,152.22,143.35,65,144.35,130,161785
2026-04-13T09:34:20.413,NF,NIFTY28APR2622750PE,143.4,117.75,164.65,117.75,76.85,29380,152.21,143.25,65,143.8,65,161785
2026-04-13T09:34:39.848,NF,NIFTY28APR2622750PE,143.0,117.75,164.65,117.75,76.85,29510,152.16,142.75,65,143.45,65,161785
2026-04-13T09:34:43.254,NF,NIFTY28APR2622750PE,143.45,117.75,164.65,117.75,76.85,29575,152.15,143.1,130,143.65,260,161785
2026-04-13T09:34:44.872,NF,NIFTY28APR2622750PE,143.1,117.75,164.65,117.75,76.85,29640,152.13,142.6,65,143.2,65,161785
2026-04-13T09:34:54.875,NF,NIFTY28APR2622750PE,143.85,117.75,164.65,117.75,76.85,29770,152.09,142.95,65,143.7,65,161785
2026-04-13T09:35:11.702,NF,NIFTY28APR2622750PE,144.95,117.75,164.65,117.75,76.85,29965,152.04,144.45,65,145.25,65,161785
2026-04-13T09:35:13.313,NF,NIFTY28APR2622750PE,145.6,117.75,164.65,117.75,76.85,30225,151.99,144.7,65,145.7,65,161785
2026-04-13T09:35:14.919,NF,NIFTY28APR2622750PE,145.4,117.75,164.65,117.75,76.85,30615,151.9,144.8,585,145.55,65,161785
2026-04-13T09:35:16.723,NF,NIFTY28APR2622750PE,145.4,117.75,164.65,117.75,76.85,30680,151.89,145.45,65,145.75,390,161785
2026-04-13T09:35:19.931,NF,NIFTY28APR2622750PE,145.9,117.75,164.65,117.75,76.85,30810,151.87,145.45,65,146.0,455,161785
2026-04-13T09:35:21.719,NF,NIFTY28APR2622750PE,145.8,117.75,164.65,117.75,76.85,30875,151.85,145.7,65,146.25,65,161785
2026-04-13T09:35:23.338,NF,NIFTY28APR2622750PE,146.35,117.75,164.65,117.75,76.85,31265,151.78,146.35,130,146.95,130,161785
2026-04-13T09:35:24.928,NF,NIFTY28APR2622750PE,146.6,117.75,164.65,117.75,76.85,31395,151.76,146.35,65,146.95,65,161785
2026-04-13T09:35:56.594,NF,NIFTY28APR2622750PE,146.85,117.75,164.65,117.75,76.85,31460,151.75,147.0,455,147.7,130,161785
2026-04-13T09:37:11.885,NF,NIFTY28APR2622750PE,148.7,117.75,164.65,117.75,76.85,31525,151.74,148.6,65,149.25,65,162955
2026-04-13T09:37:18.538,NF,NIFTY28APR2622750PE,148.25,117.75,164.65,117.75,76.85,31655,151.73,148.25,65,148.35,65,162955
2026-04-13T09:37:43.529,NF,NIFTY28APR2622750PE,148.25,117.75,164.65,117.75,76.85,32305,151.66,147.05,65,148.35,65,162955
2026-04-13T09:37:58.555,NF,NIFTY28APR2622750PE,148.7,117.75,164.65,117.75,76.85,32370,151.65,148.5,65,149.05,65,162955
2026-04-13T09:38:03.562,NF,NIFTY28APR2622750PE,148.55,117.75,164.65,117.75,76.85,32435,151.65,148.2,65,148.8,195,162955
2026-04-13T09:39:07.068,NF,NIFTY28APR2622750PE,147.3,117.75,164.65,117.75,76.85,32565,151.63,147.35,260,147.95,65,162955
2026-04-13T09:39:57.149,NF,NIFTY28APR2622750PE,148.15,117.75,164.65,117.75,76.85,32630,151.62,147.25,65,148.15,65,162955
2026-04-13T09:40:13.780,NF,NIFTY28APR2622750PE,148.55,117.75,164.65,117.75,76.85,32695,151.62,148.3,390,148.8,130,163020
2026-04-13T09:40:32.005,NF,NIFTY28APR2622750PE,148.15,117.75,164.65,117.75,76.85,32760,151.61,147.6,650,148.2,65,163020
2026-04-13T09:40:46.821,NF,NIFTY28APR2622750PE,147.9,117.75,164.65,117.75,76.85,32825,151.6,147.6,585,148.2,325,163020
2026-04-13T09:41:26.880,NF,NIFTY28APR2622750PE,145.0,117.75,164.65,117.75,76.85,32955,151.58,142.95,65,144.05,130,163020
2026-04-13T09:41:47.112,NF,NIFTY28APR2622750PE,141.5,117.75,164.65,117.75,76.85,33085,151.54,141.15,585,141.85,65,163020
2026-04-13T09:42:18.779,NF,NIFTY28APR2622750PE,138.0,117.75,164.65,117.75,76.85,33150,151.51,136.05,65,137.7,65,163020
2026-04-13T09:42:28.782,NF,NIFTY28APR2622750PE,137.0,117.75,164.65,117.75,76.85,33215,151.48,136.15,65,137.2,65,163020
2026-04-13T09:42:55.629,NF,NIFTY28APR2622750PE,138.4,117.75,164.65,117.75,76.85,33280,151.46,137.9,65,139.7,130,163020
2026-04-13T09:44:05.733,NF,NIFTY28APR2622750PE,138.5,117.75,164.65,117.75,76.85,33345,151.43,137.85,715,138.65,65,162890
2026-04-13T09:44:18.954,NF,NIFTY28APR2622750PE,138.95,117.75,164.65,117.75,76.85,33605,151.34,139.15,260,139.55,65,162890
2026-04-13T09:44:50.599,NF,NIFTY28APR2622750PE,138.2,117.75,164.65,117.75,76.85,33670,151.31,137.5,65,138.15,65,162890
2026-04-13T09:45:30.657,NF,NIFTY28APR2622750PE,140.9,117.75,164.65,117.75,76.85,33735,151.29,140.0,780,140.9,65,162890
2026-04-13T09:49:12.809,NF,NIFTY28APR2622750PE,142.9,117.75,164.65,117.75,76.85,33800,151.27,142.45,715,143.45,65,162760
2026-04-13T09:49:27.835,NF,NIFTY28APR2622750PE,141.8,117.75,164.65,117.75,76.85,33865,151.26,141.85,130,142.4,130,162825
2026-04-13T09:50:42.764,NF,NIFTY28APR2622750PE,140.35,117.75,164.65,117.75,76.85,33930,151.23,140.35,325,141.25,65,162825
2026-04-13T09:50:49.398,NF,NIFTY28APR2622750PE,141.1,117.75,164.65,117.75,76.85,33995,151.21,140.25,455,141.0,260,162825
2026-04-13T09:50:55.978,NF,NIFTY28APR2622750PE,140.2,117.75,164.65,117.75,76.85,34125,151.17,139.75,195,140.3,65,162825
2026-04-13T09:51:09.198,NF,NIFTY28APR2622750PE,140.95,117.75,164.65,117.75,76.85,34190,151.15,140.25,65,140.85,260,162825
2026-04-13T09:51:21.013,NF,NIFTY28APR2622750PE,141.35,117.75,164.65,117.75,76.85,34255,151.13,141.25,130,141.85,65,162825
2026-04-13T09:51:27.620,NF,NIFTY28APR2622750PE,141.55,117.75,164.65,117.75,76.85,34450,151.08,141.5,130,142.15,65,162825
2026-04-13T09:51:45.851,NF,NIFTY28APR2622750PE,140.15,117.75,164.65,117.75,76.85,34515,151.06,139.45,195,140.15,65,162825
2026-04-13T09:52:17.495,NF,NIFTY28APR2622750PE,138.8,117.75,164.65,117.75,76.85,34580,151.04,139.1,65,140.05,65,162630
2026-04-13T09:52:37.131,NF,NIFTY28APR2622750PE,139.3,117.75,164.65,117.75,76.85,34645,151.01,139.35,65,140.0,260,162630
2026-04-13T09:52:57.156,NF,NIFTY28APR2622750PE,139.85,117.75,164.65,117.75,76.85,34710,150.99,138.95,65,139.75,65,162630
2026-04-13T09:55:10.954,NF,NIFTY28APR2622750PE,136.6,117.75,164.65,117.75,76.85,34775,150.97,136.6,195,137.45,130,162630
2026-04-13T09:55:39.199,NF,NIFTY28APR2622750PE,133.55,117.75,164.65,117.75,76.85,34840,150.93,133.05,65,134.2,130,162565
2026-04-13T09:58:32.666,NF,NIFTY28APR2622750PE,132.9,117.75,164.65,117.75,76.85,34970,150.87,132.9,520,133.65,65,162630
2026-04-13T09:59:09.322,NF,NIFTY28APR2622750PE,132.6,117.75,164.65,117.75,76.85,35035,150.83,132.65,65,132.85,455,162630
2026-04-13T09:59:17.560,NF,NIFTY28APR2622750PE,132.7,117.75,164.65,117.75,76.85,35295,150.7,132.4,130,132.7,65,162630
2026-04-13T09:59:20.946,NF,NIFTY28APR2622750PE,132.7,117.75,164.65,117.75,76.85,35360,150.67,132.9,65,133.5,65,162630
2026-04-13T09:59:48.992,NF,NIFTY28APR2622750PE,132.75,117.75,164.65,117.75,76.85,35425,150.63,132.2,65,132.75,130,162630
2026-04-13T09:59:55.802,NF,NIFTY28APR2622750PE,132.85,117.75,164.65,117.75,76.85,35555,150.57,132.65,195,133.0,65,162630
2026-04-13T10:00:17.443,NF,NIFTY28APR2622750PE,132.85,117.75,164.65,117.75,76.85,35750,150.47,132.6,585,133.2,65,162630
2026-04-13T10:03:00.701,NF,NIFTY28APR2622750PE,131.1,117.75,164.65,117.75,76.85,35815,150.44,130.3,260,130.85,130,162565
2026-04-13T10:03:22.338,NF,NIFTY28APR2622750PE,130.0,117.75,164.65,117.75,76.85,35945,150.36,130.0,585,130.2,455,162565
2026-04-13T10:03:23.945,NF,NIFTY28APR2622750PE,130.0,117.75,164.65,117.75,76.85,36530,150.04,129.45,195,129.8,260,162565
2026-04-13T10:03:42.168,NF,NIFTY28APR2622750PE,130.0,117.75,164.65,117.75,76.85,36595,150.0,129.75,520,130.35,65,162565
2026-04-13T10:05:03.901,NF,NIFTY28APR2622750PE,129.95,117.75,164.65,117.75,76.85,36790,149.89,129.6,65,130.0,130,163085
2026-04-13T10:06:34.244,NF,NIFTY28APR2622750PE,131.7,117.75,164.65,117.75,76.85,36855,149.86,131.5,130,132.1,130,163085
2026-04-13T10:06:37.451,NF,NIFTY28APR2622750PE,131.9,117.75,164.65,117.75,76.85,36920,149.83,131.55,65,131.7,130,163085
2026-04-13T10:06:39.266,NF,NIFTY28APR2622750PE,131.5,117.75,164.65,117.75,76.85,37375,149.61,131.05,65,131.7,455,163085
2026-04-13T10:06:40.858,NF,NIFTY28APR2622750PE,131.75,117.75,164.65,117.75,76.85,37440,149.58,131.45,65,132.05,65,163085
2026-04-13T10:06:42.459,NF,NIFTY28APR2622750PE,131.75,117.75,164.65,117.75,76.85,37570,149.51,131.25,195,131.95,585,163085
2026-04-13T10:06:50.878,NF,NIFTY28APR2622750PE,131.75,117.75,164.65,117.75,76.85,37635,149.48,131.5,195,132.2,130,163085
2026-04-13T10:07:20.937,NF,NIFTY28APR2622750PE,130.75,117.75,164.65,117.75,76.85,37765,149.42,130.7,455,130.8,65,163670
2026-04-13T10:07:22.529,NF,NIFTY28APR2622750PE,130.7,117.75,164.65,117.75,76.85,38220,149.2,130.4,65,130.95,65,163670
2026-04-13T10:07:24.328,NF,NIFTY28APR2622750PE,130.55,117.75,164.65,117.75,76.85,38285,149.16,130.55,65,130.95,260,163670
2026-04-13T10:07:37.551,NF,NIFTY28APR2622750PE,130.6,117.75,164.65,117.75,76.85,38350,149.13,130.5,195,131.2,65,163670
2026-04-13T10:09:01.078,NF,NIFTY28APR2622750PE,131.3,117.75,164.65,117.75,76.85,38545,149.04,130.75,65,131.4,130,163670
2026-04-13T10:09:02.680,NF,NIFTY28APR2622750PE,131.35,117.75,164.65,117.75,76.85,38675,148.98,131.0,65,131.65,130,163670
2026-04-13T10:09:07.699,NF,NIFTY28APR2622750PE,131.15,117.75,164.65,117.75,76.85,38805,148.92,130.35,130,130.95,65,163670
2026-04-13T10:09:27.717,NF,NIFTY28APR2622750PE,130.0,117.75,164.65,117.75,76.85,38870,148.89,130.0,65,130.6,65,163670
2026-04-13T10:09:39.349,NF,NIFTY28APR2622750PE,130.15,117.75,164.65,117.75,76.85,38935,148.86,129.4,130,130.05,195,163670
2026-04-13T10:10:10.384,NF,NIFTY28APR2622750PE,130.15,117.75,164.65,117.75,76.85,39000,148.83,130.0,65,130.65,260,163670
2026-04-13T10:10:53.260,NF,NIFTY28APR2622750PE,129.15,117.75,164.65,117.75,76.85,39065,148.8,129.05,65,129.55,260,163670
2026-04-13T10:11:00.084,NF,NIFTY28APR2622750PE,129.2,117.75,164.65,117.75,76.85,39260,148.7,128.85,65,129.85,65,163540
2026-04-13T10:12:11.775,NF,NIFTY28APR2622750PE,128.8,117.75,164.65,117.75,76.85,39325,148.67,127.9,130,128.75,65,163540
2026-04-13T10:12:31.813,NF,NIFTY28APR2622750PE,127.55,117.75,164.65,117.75,76.85,39585,148.53,127.6,65,127.95,195,163540
2026-04-13T10:12:33.422,NF,NIFTY28APR2622750PE,127.75,117.75,164.65,117.75,76.85,39715,148.46,127.45,65,128.15,260,163540
2026-04-13T10:12:41.817,NF,NIFTY28APR2622750PE,127.85,117.75,164.65,117.75,76.85,39780,148.43,128.0,65,128.85,65,163540
2026-04-13T10:12:53.439,NF,NIFTY28APR2622750PE,128.05,117.75,164.65,117.75,76.85,39845,148.39,127.75,130,128.35,65,163540
2026-04-13T10:12:58.456,NF,NIFTY28APR2622750PE,127.95,117.75,164.65,117.75,76.85,39910,148.36,127.2,260,128.0,65,163540
2026-04-13T10:13:10.076,NF,NIFTY28APR2622750PE,127.7,117.75,164.65,117.75,76.85,39975,148.33,127.5,65,128.2,65,163540
2026-04-13T10:14:05.149,NF,NIFTY28APR2622750PE,131.7,117.75,164.65,117.75,76.85,40040,148.3,130.85,130,131.65,65,163345
2026-04-13T10:15:03.646,NF,NIFTY28APR2622750PE,133.0,117.75,164.65,117.75,76.85,40105,148.27,132.8,65,133.4,195,163345
2026-04-13T10:15:55.319,NF,NIFTY28APR2622750PE,134.5,117.75,164.65,117.75,76.85,40365,148.18,133.85,65,134.35,65,163345
2026-04-13T10:16:05.335,NF,NIFTY28APR2622750PE,134.85,117.75,164.65,117.75,76.85,40495,148.14,134.15,325,135.2,195,163345
2026-04-13T10:16:15.352,NF,NIFTY28APR2622750PE,134.5,117.75,164.65,117.75,76.85,40625,148.1,133.5,195,134.2,65,163345
2026-04-13T10:16:18.560,NF,NIFTY28APR2622750PE,133.55,117.75,164.65,117.75,76.85,40690,148.07,132.65,65,133.15,195,163345
2026-04-13T10:16:21.964,NF,NIFTY28APR2622750PE,133.2,117.75,164.65,117.75,76.85,40755,148.05,133.15,195,133.85,195,163345
2026-04-13T10:18:26.975,NF,NIFTY28APR2622750PE,133.3,117.75,164.65,117.75,76.85,40885,148.0,133.25,65,133.95,260,163150
2026-04-13T10:20:13.734,NF,NIFTY28APR2622750PE,128.5,117.75,164.65,117.75,76.85,40950,147.97,128.55,130,129.15,65,163150
2026-04-13T10:20:38.773,NF,NIFTY28APR2622750PE,126.55,117.75,164.65,117.75,76.85,41210,147.84,126.3,260,127.25,195,163150
2026-04-13T10:20:53.795,NF,NIFTY28APR2622750PE,126.5,117.75,164.65,117.75,76.85,41340,147.77,126.4,390,127.05,65,163150
2026-04-13T10:21:03.836,NF,NIFTY28APR2622750PE,126.05,117.75,164.65,117.75,76.85,41405,147.74,124.95,130,125.8,65,163150
2026-04-13T10:21:10.427,NF,NIFTY28APR2622750PE,124.0,117.75,164.65,117.75,76.85,41470,147.7,124.35,130,125.3,65,163150
2026-04-13T10:21:27.248,NF,NIFTY28APR2622750PE,123.8,117.75,164.65,117.75,76.85,41730,147.55,123.75,65,124.3,130,163150
2026-04-13T10:21:28.860,NF,NIFTY28APR2622750PE,123.85,117.75,164.65,117.75,76.85,41860,147.48,123.65,130,124.0,260,163150
2026-04-13T10:21:38.876,NF,NIFTY28APR2622750PE,122.45,117.75,164.65,117.75,76.85,42055,147.36,122.55,65,123.55,65,163150
2026-04-13T10:21:50.685,NF,NIFTY28APR2622750PE,123.6,117.75,164.65,117.75,76.85,42120,147.33,123.4,130,124.0,130,163150
2026-04-13T10:22:00.710,NF,NIFTY28APR2622750PE,123.3,117.75,164.65,117.75,76.85,42185,147.29,122.65,65,123.35,65,163150
2026-04-13T10:23:07.012,NF,NIFTY28APR2622750PE,123.05,117.75,164.65,117.75,76.85,42250,147.25,122.3,65,123.0,65,162955
2026-04-13T10:23:52.275,NF,NIFTY28APR2622750PE,124.35,117.75,164.65,117.75,76.85,42380,147.18,123.5,130,124.25,65,162955
2026-04-13T10:24:34.133,NF,NIFTY28APR2622750PE,122.5,117.75,164.65,117.75,76.85,42445,147.14,121.7,130,123.15,195,162955
2026-04-13T10:24:45.947,NF,NIFTY28APR2622750PE,123.25,117.75,164.65,117.75,76.85,42510,147.11,121.8,65,124.15,65,162955
2026-04-13T10:25:02.573,NF,NIFTY28APR2622750PE,123.7,117.75,164.65,117.75,76.85,42575,147.07,123.5,65,124.25,130,162955
2026-04-13T10:25:07.578,NF,NIFTY28APR2622750PE,122.9,117.75,164.65,117.75,76.85,42705,147.0,122.4,65,123.35,195,162955
2026-04-13T10:25:09.193,NF,NIFTY28APR2622750PE,122.9,117.75,164.65,117.75,76.85,42770,146.96,123.0,65,123.55,195,162955
2026-04-13T10:25:19.202,NF,NIFTY28APR2622750PE,123.45,117.75,164.65,117.75,76.85,42835,146.92,123.45,130,124.0,65,162955
2026-04-13T10:25:45.839,NF,NIFTY28APR2622750PE,124.5,117.75,164.65,117.75,76.85,42900,146.89,124.0,65,124.75,65,163150
2026-04-13T10:26:42.514,NF,NIFTY28APR2622750PE,124.3,117.75,164.65,117.75,76.85,43030,146.82,124.2,65,124.75,65,163150
2026-04-13T10:27:42.806,NF,NIFTY28APR2622750PE,120.5,117.75,164.65,117.75,76.85,43095,146.78,120.55,65,121.15,390,163150
2026-04-13T10:28:48.909,NF,NIFTY28APR2622750PE,120.9,117.75,164.65,117.75,76.85,43160,146.74,121.0,65,121.6,130,163020
2026-04-13T10:28:52.109,NF,NIFTY28APR2622750PE,121.55,117.75,164.65,117.75,76.85,43225,146.71,121.2,65,121.8,65,163020
2026-04-13T10:30:03.821,NF,NIFTY28APR2622750PE,121.9,117.75,164.65,117.75,76.85,43290,146.67,121.9,195,121.95,455,163020
2026-04-13T10:30:05.488,NF,NIFTY28APR2622750PE,121.95,117.75,164.65,117.75,76.85,43745,146.41,121.85,130,122.3,65,163020
2026-04-13T10:31:01.509,NF,NIFTY28APR2622750PE,121.85,117.75,164.65,117.75,76.85,43810,146.37,120.95,65,121.85,195,163020
2026-04-13T10:31:55.192,NF,NIFTY28APR2622750PE,121.55,117.75,164.65,117.75,76.85,43875,146.34,121.4,65,122.1,65,163605
2026-04-13T10:31:58.394,NF,NIFTY28APR2622750PE,121.7,117.75,164.65,117.75,76.85,43940,146.3,121.4,65,121.7,65,163605
2026-04-13T10:31:59.996,NF,NIFTY28APR2622750PE,121.65,117.75,164.65,117.75,76.85,44070,146.23,121.1,65,122.0,195,163605
2026-04-13T10:33:34.416,NF,NIFTY28APR2622750PE,122.65,117.75,164.65,117.75,76.85,44200,146.16,122.6,390,123.2,65,163605
2026-04-13T10:34:15.813,NF,NIFTY28APR2622750PE,122.85,117.75,164.65,117.75,76.85,44265,146.13,122.75,130,123.1,65,163605
2026-04-13T10:34:17.615,NF,NIFTY28APR2622750PE,123.05,117.75,164.65,117.75,76.85,44330,146.09,122.85,130,123.2,65,163605
2026-04-13T10:34:27.638,NF,NIFTY28APR2622750PE,122.45,117.75,164.65,117.75,76.85,44525,145.99,122.45,130,122.85,65,163345
2026-04-13T10:34:30.838,NF,NIFTY28APR2622750PE,122.7,117.75,164.65,117.75,76.85,44655,145.92,122.35,130,122.75,260,163345
2026-04-13T10:34:32.640,NF,NIFTY28APR2622750PE,122.7,117.75,164.65,117.75,76.85,44785,145.85,122.2,195,122.7,65,163345
2026-04-13T10:35:12.311,NF,NIFTY28APR2622750PE,121.45,117.75,164.65,117.75,76.85,44850,145.82,121.45,65,122.0,130,163345
2026-04-13T10:35:54.567,NF,NIFTY28APR2622750PE,122.85,117.75,164.65,117.75,76.85,44915,145.79,122.85,65,123.4,65,163345
2026-04-13T10:35:57.574,NF,NIFTY28APR2622750PE,122.95,117.75,164.65,117.75,76.85,44980,145.75,122.95,130,123.5,65,163345
2026-04-13T10:36:10.395,NF,NIFTY28APR2622750PE,123.25,117.75,164.65,117.75,76.85,45045,145.72,123.15,195,123.8,130,163345
2026-04-13T10:37:43.951,NF,NIFTY28APR2622750PE,124.2,117.75,164.65,117.75,76.85,45110,145.69,124.25,130,124.6,65,163280
2026-04-13T10:37:50.564,NF,NIFTY28APR2622750PE,123.45,117.75,164.65,117.75,76.85,45175,145.66,123.4,130,123.85,65,163280
2026-04-13T10:37:53.968,NF,NIFTY28APR2622750PE,123.6,117.75,164.65,117.75,76.85,45305,145.59,123.55,130,124.0,65,163280
2026-04-13T10:38:15.601,NF,NIFTY28APR2622750PE,123.25,117.75,164.65,117.75,76.85,45370,145.56,123.05,130,123.6,65,163280
2026-04-13T10:38:22.225,NF,NIFTY28APR2622750PE,123.15,117.75,164.65,117.75,76.85,45435,145.53,122.9,130,123.7,130,163280
2026-04-13T10:38:49.254,NF,NIFTY28APR2622750PE,123.25,117.75,164.65,117.75,76.85,45500,145.5,123.1,195,123.85,65,163280
2026-04-13T10:39:05.687,NF,NIFTY28APR2622750PE,123.1,117.75,164.65,117.75,76.85,45695,145.4,122.7,65,123.0,65,163280
2026-04-13T10:39:49.154,NF,NIFTY28APR2622750PE,120.35,117.75,164.65,117.75,76.85,45760,145.37,120.45,130,121.05,130,163280
2026-04-13T10:40:02.367,NF,NIFTY28APR2622750PE,120.0,117.75,164.65,117.75,76.85,45825,145.33,119.6,195,120.2,65,163280
2026-04-13T10:40:45.444,NF,NIFTY28APR2622750PE,120.0,117.75,164.65,117.75,76.85,46020,145.22,120.0,260,120.2,65,163215
2026-04-13T10:41:13.687,NF,NIFTY28APR2622750PE,120.0,117.75,164.65,117.75,76.85,46280,145.08,119.25,65,119.9,65,163215
2026-04-13T10:46:07.348,NF,NIFTY28APR2622750PE,120.3,117.75,164.65,117.75,76.85,46345,145.05,120.15,130,120.35,455,163215
2026-04-13T10:46:40.789,NF,NIFTY28APR2622750PE,119.95,117.75,164.65,117.75,76.85,46410,145.01,119.75,130,120.0,455,163150
2026-04-13T10:46:52.405,NF,NIFTY28APR2622750PE,119.3,117.75,164.65,117.75,76.85,46475,144.98,119.3,260,119.55,65,163150
2026-04-13T10:46:54.012,NF,NIFTY28APR2622750PE,119.6,117.75,164.65,117.75,76.85,46540,144.94,119.5,130,119.85,65,163150
2026-04-13T10:48:12.527,NF,NIFTY28APR2622750PE,120.0,117.75,164.65,117.75,76.85,46605,144.91,119.7,130,120.05,455,163150
2026-04-13T10:48:30.759,NF,NIFTY28APR2622750PE,120.15,117.75,164.65,117.75,76.85,46735,144.84,120.0,390,120.35,455,163150
2026-04-13T10:52:40.548,NF,NIFTY28APR2622750PE,121.0,117.75,164.65,117.75,76.85,46930,144.74,121.0,130,121.35,65,163150
2026-04-13T10:53:29.023,NF,NIFTY28APR2622750PE,120.7,117.75,164.65,117.75,76.85,47060,144.67,120.3,130,120.95,65,163150
2026-04-13T10:54:03.873,NF,NIFTY28APR2622750PE,121.45,117.75,164.65,117.75,76.85,47125,144.64,120.6,195,121.3,65,163150
2026-04-13T10:55:27.223,NF,NIFTY28APR2622750PE,120.05,117.75,164.65,117.75,76.85,47190,144.6,119.5,65,120.05,65,163150
2026-04-13T10:55:33.836,NF,NIFTY28APR2622750PE,119.5,117.75,164.65,117.75,76.85,47255,144.57,118.95,65,119.7,65,163150
2026-04-13T10:58:00.073,NF,NIFTY28APR2622750PE,118.2,117.75,164.65,117.75,76.85,47320,144.53,118.2,65,118.7,65,163150
2026-04-13T10:59:23.010,NF,NIFTY28APR2622750PE,121.15,117.75,164.65,117.75,76.85,47385,144.5,120.3,260,121.25,65,163150
2026-04-13T10:59:26.419,NF,NIFTY28APR2622750PE,121.0,117.75,164.65,117.75,76.85,47450,144.47,120.5,130,121.05,65,163150
2026-04-13T10:59:48.056,NF,NIFTY28APR2622750PE,120.2,117.75,164.65,117.75,76.85,47515,144.44,119.8,195,120.55,65,163150
2026-04-13T11:00:41.170,NF,NIFTY28APR2622750PE,120.2,117.75,164.65,117.75,76.85,47775,144.3,119.7,130,120.35,130,163150
2026-04-13T11:04:47.103,NF,NIFTY28APR2622750PE,118.85,117.75,164.65,117.75,76.85,47840,144.27,118.4,130,119.0,65,163540
2026-04-13T11:04:50.315,NF,NIFTY28APR2622750PE,118.65,117.75,164.65,117.75,76.85,47905,144.23,118.05,130,118.8,455,163540
2026-04-13T11:05:02.137,NF,NIFTY28APR2622750PE,118.05,117.75,164.65,117.75,76.85,48100,144.13,117.65,65,118.25,650,163540
2026-04-13T11:05:20.358,NF,NIFTY28APR2622750PE,117.25,117.75,164.65,117.25,76.85,48165,144.09,116.7,65,117.3,65,163540
2026-04-13T11:09:55.196,NF,NIFTY28APR2622750PE,117.0,117.75,164.65,117.0,76.85,48230,144.06,116.55,130,117.05,65,163865
2026-04-13T11:10:58.690,NF,NIFTY28APR2622750PE,119.65,117.75,164.65,117.0,76.85,48295,144.02,118.8,195,120.05,65,163865
2026-04-13T11:12:49.669,NF,NIFTY28APR2622750PE,117.5,117.75,164.65,117.0,76.85,48360,143.99,117.4,195,118.0,65,163865
2026-04-13T11:12:59.279,NF,NIFTY28APR2622750PE,116.75,117.75,164.65,116.75,76.85,48620,143.84,116.8,195,117.4,260,163865
2026-04-13T11:20:27.783,NF,NIFTY28APR2622750PE,117.35,117.75,164.65,116.75,76.85,48685,143.81,116.55,130,117.05,65,163995
2026-04-13T11:22:19.152,NF,NIFTY28APR2622750PE,117.0,117.75,164.65,116.75,76.85,48750,143.77,116.8,65,117.05,65,163995
2026-04-13T11:22:44.796,NF,NIFTY28APR2622750PE,116.3,117.75,164.65,116.3,76.85,48815,143.73,116.3,65,116.65,65,164125
2026-04-13T11:22:56.412,NF,NIFTY28APR2622750PE,115.05,117.75,164.65,115.05,76.85,48945,143.66,115.05,130,115.75,65,164125
2026-04-13T11:22:59.816,NF,NIFTY28APR2622750PE,115.0,117.75,164.65,115.0,76.85,49465,143.36,115.0,65,115.2,65,164125
2026-04-13T11:23:01.424,NF,NIFTY28APR2622750PE,115.0,117.75,164.65,115.0,76.85,49530,143.32,114.7,260,115.4,130,164125
2026-04-13T11:24:05.938,NF,NIFTY28APR2622750PE,115.35,117.75,164.65,115.0,76.85,49595,143.28,114.9,130,115.45,130,164125
2026-04-13T11:27:02.994,NF,NIFTY28APR2622750PE,116.7,117.75,164.65,115.0,76.85,49725,143.21,116.5,130,116.75,455,164190
2026-04-13T11:31:54.002,NF,NIFTY28APR2622750PE,117.9,117.75,164.65,115.0,76.85,49855,143.15,117.95,130,118.3,65,164255
2026-04-13T11:32:34.663,NF,NIFTY28APR2622750PE,118.9,117.75,164.65,115.0,76.85,49920,143.12,118.75,195,118.95,455,164255
2026-04-13T11:34:07.028,NF,NIFTY28APR2622750PE,119.5,117.75,164.65,115.0,76.85,49985,143.09,119.35,195,119.65,455,164255
2026-04-13T11:36:59.693,NF,NIFTY28APR2622750PE,116.7,117.75,164.65,115.0,76.85,50050,143.05,116.1,130,116.7,65,164515
2026-04-13T11:39:38.151,NF,NIFTY28APR2622750PE,113.75,117.75,164.65,113.75,76.85,50245,142.94,114.15,65,114.45,455,164580
2026-04-13T11:45:08.666,NF,NIFTY28APR2622750PE,115.5,117.75,164.65,113.75,76.85,50310,142.9,115.2,130,115.75,65,164515
2026-04-13T11:50:06.931,NF,NIFTY28APR2622750PE,110.6,117.75,164.65,110.6,76.85,50375,142.86,111.05,130,111.2,65,164450
2026-04-13T11:50:08.534,NF,NIFTY28APR2622750PE,110.85,117.75,164.65,110.6,76.85,50830,142.57,110.6,130,111.05,65,164450
2026-04-13T11:51:01.022,NF,NIFTY28APR2622750PE,108.0,117.75,164.65,108.0,76.85,51025,142.44,107.55,130,108.05,195,164450
2026-04-13T11:51:09.234,NF,NIFTY28APR2622750PE,108.35,117.75,164.65,108.0,76.85,51545,142.1,108.3,65,108.7,520,164450
2026-04-13T11:51:18.861,NF,NIFTY28APR2622750PE,109.85,117.75,164.65,108.0,76.85,51610,142.06,109.1,195,109.7,130,164450
2026-04-13T11:53:15.632,NF,NIFTY28APR2622750PE,111.0,117.75,164.65,108.0,76.85,51675,142.02,111.0,520,111.55,65,164450
2026-04-13T11:53:46.679,NF,NIFTY28APR2622750PE,110.55,117.75,164.65,108.0,76.85,51805,141.94,110.6,260,111.15,65,165035
2026-04-13T11:55:01.790,NF,NIFTY28APR2622750PE,108.2,117.75,164.65,108.0,76.85,51870,141.9,107.85,130,108.15,65,165035
2026-04-13T11:56:14.311,NF,NIFTY28APR2622750PE,106.45,117.75,164.65,106.45,76.85,51935,141.85,106.45,65,106.8,65,164970
2026-04-13T12:04:08.660,NF,NIFTY28APR2622750PE,107.5,117.75,164.65,106.45,76.85,52000,141.81,107.5,130,107.8,65,165035
2026-04-13T12:06:10.448,NF,NIFTY28APR2622750PE,106.15,117.75,164.65,106.15,76.85,52130,141.72,105.45,195,106.05,130,165035
2026-04-13T12:06:33.085,NF,NIFTY28APR2622750PE,105.0,117.75,164.65,105.0,76.85,52195,141.68,104.45,130,105.0,65,165035
2026-04-13T12:07:47.994,NF,NIFTY28APR2622750PE,104.75,117.75,164.65,104.75,76.85,52390,141.54,104.4,130,104.7,65,165035
2026-04-13T12:07:53.002,NF,NIFTY28APR2622750PE,104.35,117.75,164.65,104.35,76.85,52650,141.35,104.3,130,104.45,65,165035
2026-04-13T12:08:19.454,NF,NIFTY28APR2622750PE,104.3,117.75,164.65,104.3,76.85,52715,141.31,104.3,65,104.75,65,165360
2026-04-13T12:08:50.892,NF,NIFTY28APR2622750PE,105.1,117.75,164.65,104.3,76.85,52845,141.22,104.95,195,105.35,65,165360
2026-04-13T12:10:51.901,NF,NIFTY28APR2622750PE,103.0,117.75,164.65,103.0,76.85,52975,141.13,102.6,130,103.0,130,165360
2026-04-13T12:14:35.859,NF,NIFTY28APR2622750PE,103.0,117.75,164.65,103.0,76.85,53040,141.08,102.7,325,103.3,65,165555
2026-04-13T12:14:58.093,NF,NIFTY28APR2622750PE,102.8,117.75,164.65,102.8,76.85,53105,141.03,102.35,130,102.75,130,165555
2026-04-13T12:20:42.220,NF,NIFTY28APR2622750PE,104.0,117.75,164.65,102.8,76.85,53235,140.94,104.0,130,104.4,65,165555
2026-04-13T12:23:11.453,NF,NIFTY28APR2622750PE,106.15,117.75,164.65,102.8,76.85,53365,140.86,105.9,65,106.3,65,165555
2026-04-13T12:23:52.515,NF,NIFTY28APR2622750PE,106.05,117.75,164.65,102.8,76.85,53495,140.77,106.0,390,106.25,65,165555
2026-04-13T12:23:54.120,NF,NIFTY28APR2622750PE,106.0,117.75,164.65,102.8,76.85,53885,140.52,105.4,130,106.0,130,165555
2026-04-13T12:24:24.367,NF,NIFTY28APR2622750PE,106.15,117.75,164.65,102.8,76.85,53950,140.48,105.95,130,106.45,65,165555
2026-04-13T12:26:55.605,NF,NIFTY28APR2622750PE,102.95,117.75,164.65,102.8,76.85,54015,140.43,102.0,65,102.75,130,166140
2026-04-13T12:28:23.947,NF,NIFTY28APR2622750PE,102.55,117.75,164.65,102.55,76.85,54080,140.39,102.15,195,102.55,65,166140
2026-04-13T12:29:29.252,NF,NIFTY28APR2622750PE,101.5,117.75,164.65,101.5,76.85,54405,140.16,101.75,65,102.3,65,166140
2026-04-13T12:31:16.450,NF,NIFTY28APR2622750PE,103.05,117.75,164.65,101.5,76.85,54470,140.11,102.6,65,103.05,130,166140
2026-04-13T12:32:02.950,NF,NIFTY28APR2622750PE,102.45,117.75,164.65,101.5,76.85,54860,139.84,102.65,130,103.2,65,166140
2026-04-13T12:33:20.016,NF,NIFTY28APR2622750PE,102.8,117.75,164.65,101.5,76.85,55380,139.5,103.0,585,104.05,130,166335
2026-04-13T12:35:59.272,NF,NIFTY28APR2622750PE,105.35,117.75,164.65,101.5,76.85,55445,139.46,104.95,65,105.45,130,166660
2026-04-13T12:37:22.411,NF,NIFTY28APR2622750PE,105.4,117.75,164.65,101.5,76.85,56420,138.87,104.55,130,105.25,65,166660
2026-04-13T12:38:45.743,NF,NIFTY28APR2622750PE,103.45,117.75,164.65,101.5,76.85,56485,138.83,103.35,65,103.8,260,166205
2026-04-13T12:39:15.985,NF,NIFTY28APR2622750PE,102.55,117.75,164.65,101.5,76.85,56550,138.79,102.4,130,103.1,715,166205
2026-04-13T12:39:24.202,NF,NIFTY28APR2622750PE,103.1,117.75,164.65,101.5,76.85,56680,138.7,103.65,65,104.0,65,166205
2026-04-13T12:39:59.859,NF,NIFTY28APR2622750PE,104.2,117.75,164.65,101.5,76.85,56745,138.67,104.1,65,104.7,65,166205
2026-04-13T12:41:43.419,NF,NIFTY28APR2622750PE,104.05,117.75,164.65,101.5,76.85,56810,138.63,103.75,65,104.1,130,166205
2026-04-13T12:42:07.476,NF,NIFTY28APR2622750PE,103.4,117.75,164.65,101.5,76.85,56875,138.59,103.4,65,103.95,390,165945
2026-04-13T12:42:34.711,NF,NIFTY28APR2622750PE,103.1,117.75,164.65,101.5,76.85,56940,138.54,102.9,65,103.4,325,165945
2026-04-13T12:50:11.032,NF,NIFTY28APR2622750PE,102.8,117.75,164.65,101.5,76.85,57265,138.34,102.9,390,103.5,65,165880
2026-04-13T12:54:24.431,NF,NIFTY28APR2622750PE,104.65,117.75,164.65,101.5,76.85,57720,138.08,104.5,65,105.1,130,165880
2026-04-13T12:56:44.454,NF,NIFTY28APR2622750PE,109.0,117.75,164.65,101.5,76.85,57850,138.01,108.85,65,109.4,65,165880
2026-04-13T12:56:58.875,NF,NIFTY28APR2622750PE,109.5,117.75,164.65,101.5,76.85,57915,137.98,109.5,65,110.2,65,165880
2026-04-13T12:57:10.108,NF,NIFTY28APR2622750PE,111.2,117.75,164.65,101.5,76.85,58175,137.86,110.55,65,113.9,130,165880
2026-04-13T12:57:57.770,NF,NIFTY28APR2622750PE,109.8,117.75,164.65,101.5,76.85,58370,137.76,109.0,65,109.7,65,165880
2026-04-13T12:58:27.825,NF,NIFTY28APR2622750PE,107.45,117.75,164.65,101.5,76.85,58435,137.73,107.45,65,108.2,585,165880
2026-04-13T13:00:59.857,NF,NIFTY28APR2622750PE,110.0,117.75,164.65,101.5,76.85,58500,137.7,109.25,65,109.85,130,165620
2026-04-13T13:01:57.748,NF,NIFTY28APR2622750PE,109.35,117.75,164.65,101.5,76.85,58565,137.67,109.25,65,109.7,65,165620
2026-04-13T13:03:09.467,NF,NIFTY28APR2622750PE,113.05,117.75,164.65,101.5,76.85,58630,137.64,113.7,130,114.55,65,165750
2026-04-13T13:04:49.822,NF,NIFTY28APR2622750PE,112.35,117.75,164.65,101.5,76.85,58695,137.61,112.05,130,112.5,65,165750
2026-04-13T13:06:22.567,NF,NIFTY28APR2622750PE,109.65,117.75,164.65,101.5,76.85,58760,137.58,109.05,65,109.7,130,165685
2026-04-13T13:08:31.575,NF,NIFTY28APR2622750PE,109.45,117.75,164.65,101.5,76.85,58825,137.55,108.55,65,109.1,65,165620
2026-04-13T13:08:52.608,NF,NIFTY28APR2622750PE,109.15,117.75,164.65,101.5,76.85,58890,137.52,108.6,130,109.15,65,165620
2026-04-13T13:11:20.862,NF,NIFTY28APR2622750PE,109.75,117.75,164.65,101.5,76.85,58955,137.49,109.2,65,109.7,65,165620
2026-04-13T13:31:48.113,NF,NIFTY28APR2622750PE,107.45,117.75,164.65,101.5,76.85,59020,137.46,106.35,130,107.15,195,165685
2026-04-13T13:32:54.416,NF,NIFTY28APR2622750PE,105.1,117.75,164.65,101.5,76.85,59085,137.42,104.95,65,105.3,260,165750
2026-04-13T13:34:21.982,NF,NIFTY28APR2622750PE,103.0,117.75,164.65,101.5,76.85,59150,137.38,102.7,65,103.2,650,165750
2026-04-13T13:34:51.245,NF,NIFTY28APR2622750PE,103.4,117.75,164.65,101.5,76.85,59345,137.27,103.35,65,103.85,65,165750
2026-04-13T13:36:28.969,NF,NIFTY28APR2622750PE,104.6,117.75,164.65,101.5,76.85,59410,137.24,104.55,130,105.05,65,165815
2026-04-13T13:37:35.072,NF,NIFTY28APR2622750PE,103.0,117.75,164.65,101.5,76.85,59475,137.2,102.8,65,103.3,65,165815
2026-04-13T13:38:03.544,NF,NIFTY28APR2622750PE,102.5,117.75,164.65,101.5,76.85,59735,137.05,102.35,130,103.1,260,165815
2026-04-13T13:39:24.858,NF,NIFTY28APR2622750PE,104.25,117.75,164.65,101.5,76.85,59800,137.01,104.4,65,105.0,65,165750
2026-04-13T13:39:44.075,NF,NIFTY28APR2622750PE,104.35,117.75,164.65,101.5,76.85,59865,136.98,104.1,65,104.6,65,165750
2026-04-13T13:40:32.362,NF,NIFTY28APR2622750PE,104.25,117.75,164.65,101.5,76.85,59930,136.94,104.2,65,104.5,65,165750
2026-04-13T13:41:48.074,NF,NIFTY28APR2622750PE,105.95,117.75,164.65,101.5,76.85,59995,136.91,105.7,65,106.0,390,165945
2026-04-13T13:42:16.116,NF,NIFTY28APR2622750PE,104.4,117.75,164.65,101.5,76.85,60060,136.87,103.75,65,104.45,195,165945
2026-04-13T13:43:34.434,NF,NIFTY28APR2622750PE,105.75,117.75,164.65,101.5,76.85,60385,136.7,104.95,65,105.65,65,165945
2026-04-13T13:50:20.891,NF,NIFTY28APR2622750PE,104.55,117.75,164.65,101.5,76.85,60450,136.67,103.85,65,104.55,65,165880
2026-04-13T13:50:30.679,NF,NIFTY28APR2622750PE,104.0,117.75,164.65,101.5,76.85,60580,136.6,103.95,65,104.45,195,165945
2026-04-13T13:50:48.711,NF,NIFTY28APR2622750PE,104.1,117.75,164.65,101.5,76.85,60645,136.56,103.65,520,104.25,65,165945
2026-04-13T13:51:59.837,NF,NIFTY28APR2622750PE,103.45,117.75,164.65,101.5,76.85,60710,136.53,103.3,65,103.65,260,165945
2026-04-13T13:52:04.837,NF,NIFTY28APR2622750PE,103.15,117.75,164.65,101.5,76.85,60905,136.42,103.0,65,103.35,195,165945
2026-04-13T13:52:19.884,NF,NIFTY28APR2622750PE,102.65,117.75,164.65,101.5,76.85,61620,136.03,102.05,65,102.5,195,165945
2026-04-13T13:52:38.090,NF,NIFTY28APR2622750PE,101.1,117.75,164.65,101.0,76.85,62140,135.74,100.95,130,101.65,65,165945
2026-04-13T13:52:55.915,NF,NIFTY28APR2622750PE,99.9,117.75,164.65,99.9,76.85,62400,135.59,98.95,65,99.65,65,165945
2026-04-13T13:52:57.523,NF,NIFTY28APR2622750PE,99.5,117.75,164.65,99.5,76.85,62465,135.55,99.1,65,99.95,65,165945
2026-04-13T13:53:17.365,NF,NIFTY28APR2622750PE,98.35,117.75,164.65,98.35,76.85,62530,135.51,98.3,650,98.5,195,165945
2026-04-13T13:54:11.037,NF,NIFTY28APR2622750PE,99.0,117.75,164.65,98.35,76.85,62595,135.47,98.6,65,98.95,260,166725
2026-04-13T13:54:23.661,NF,NIFTY28APR2622750PE,98.4,117.75,164.65,98.35,76.85,62660,135.44,97.95,130,98.4,650,166725
2026-04-13T13:54:27.066,NF,NIFTY28APR2622750PE,98.15,117.75,164.65,98.15,76.85,62725,135.4,97.85,130,98.4,520,166725
2026-04-13T13:54:59.317,NF,NIFTY28APR2622750PE,97.25,117.75,164.65,97.25,76.85,62855,135.32,96.9,130,97.6,260,166725
2026-04-13T13:55:01.132,NF,NIFTY28APR2622750PE,97.6,117.75,164.65,97.25,76.85,62920,135.28,97.25,260,97.8,65,166725
2026-04-13T13:55:07.719,NF,NIFTY28APR2622750PE,98.1,117.75,164.65,97.25,76.85,62985,135.24,97.45,65,98.0,65,166725
2026-04-13T13:55:12.524,NF,NIFTY28APR2622750PE,98.15,117.75,164.65,97.25,76.85,63050,135.2,97.7,130,98.25,65,166725
2026-04-13T13:55:14.326,NF,NIFTY28APR2622750PE,98.2,117.75,164.65,97.25,76.85,63180,135.13,97.55,65,98.25,195,166725
2026-04-13T13:55:35.776,NF,NIFTY28APR2622750PE,97.15,117.75,164.65,97.15,76.85,63245,135.09,97.1,260,97.7,650,166725
2026-04-13T13:55:45.392,NF,NIFTY28APR2622750PE,97.9,117.75,164.65,97.15,76.85,63310,135.05,97.3,65,97.9,1040,166725
2026-04-13T13:55:48.823,NF,NIFTY28APR2622750PE,97.3,117.75,164.65,97.15,76.85,63440,134.97,96.45,65,97.4,715,166725
2026-04-13T13:55:51.993,NF,NIFTY28APR2622750PE,97.35,117.75,164.65,97.15,76.85,63505,134.93,96.6,130,97.35,130,166725
2026-04-13T13:56:47.892,NF,NIFTY28APR2622750PE,95.5,117.75,164.65,95.5,76.85,63700,134.81,95.15,65,95.9,650,166595
2026-04-13T13:57:00.911,NF,NIFTY28APR2622750PE,95.5,117.75,164.65,95.5,76.85,63895,134.69,95.15,65,95.65,390,166595
2026-04-13T13:57:09.308,NF,NIFTY28APR2622750PE,95.05,117.75,164.65,95.05,76.85,63960,134.65,95.0,65,95.15,260,166595
2026-04-13T13:57:10.909,NF,NIFTY28APR2622750PE,95.0,117.75,164.65,95.0,76.85,64025,134.61,94.5,195,94.9,65,166595
2026-04-13T13:57:12.509,NF,NIFTY28APR2622750PE,94.9,117.75,164.65,94.9,76.85,64090,134.57,94.4,195,94.95,195,166595
2026-04-13T13:57:14.313,NF,NIFTY28APR2622750PE,94.7,117.75,164.65,94.7,76.85,64155,134.53,94.25,65,94.6,195,166595
2026-04-13T13:57:15.921,NF,NIFTY28APR2622750PE,94.65,117.75,164.65,94.6,76.85,65065,133.97,94.2,65,94.7,195,166595
2026-04-13T13:57:27.339,NF,NIFTY28APR2622750PE,94.25,117.75,164.65,94.25,76.85,65325,133.81,93.9,65,94.3,585,166595
2026-04-13T13:57:32.337,NF,NIFTY28APR2622750PE,93.75,117.75,164.65,93.75,76.85,65910,133.46,93.7,65,94.0,455,166595
2026-04-13T13:57:41.810,NF,NIFTY28APR2622750PE,93.75,117.75,164.65,93.75,76.85,65975,133.42,93.4,195,93.8,260,166595
2026-04-13T13:57:43.358,NF,NIFTY28APR2622750PE,93.8,117.75,164.65,93.75,76.85,66170,133.3,93.5,65,93.9,455,166595
2026-04-13T13:57:48.165,NF,NIFTY28APR2622750PE,93.5,117.75,164.65,93.5,76.85,66560,133.07,93.25,520,93.55,1235,166595
2026-04-13T13:57:53.172,NF,NIFTY28APR2622750PE,93.55,117.75,164.65,93.5,76.85,66755,132.95,93.65,260,93.95,650,166595
2026-04-13T13:57:59.583,NF,NIFTY28APR2622750PE,93.6,117.75,164.65,93.5,76.85,67535,132.5,93.3,715,93.55,780,166595
2026-04-13T13:58:01.187,NF,NIFTY28APR2622750PE,93.55,117.75,164.65,93.5,76.85,68315,132.06,93.15,65,93.55,520,166595
2026-04-13T13:58:02.800,NF,NIFTY28APR2622750PE,93.4,117.75,164.65,93.35,76.85,69030,131.65,93.1,130,93.4,390,166595
2026-04-13T13:58:14.239,NF,NIFTY28APR2622750PE,92.55,117.75,164.65,92.55,76.85,69095,131.62,92.3,1365,92.7,65,166595
2026-04-13T13:58:22.421,NF,NIFTY28APR2622750PE,92.35,117.75,164.65,92.3,76.85,69875,131.18,92.2,650,92.4,650,166595
2026-04-13T13:58:28.876,NF,NIFTY28APR2622750PE,92.25,117.75,164.65,92.25,76.85,70070,131.07,92.05,65,92.4,1105,166595
2026-04-13T13:59:04.287,NF,NIFTY28APR2622750PE,93.25,117.75,164.65,92.25,76.85,70395,130.9,93.2,130,93.6,1365,166595
2026-04-13T13:59:04.287,NF,NIFTY28APR2622750PE,93.25,117.75,164.65,92.25,76.85,70395,130.9,93.2,130,93.6,1365,166595
2026-04-13T13:59:29.133,NF,NIFTY28APR2622750PE,93.25,117.75,164.65,92.25,76.85,70590,130.79,93.0,65,93.35,65,169845
2026-04-13T14:01:15.493,NF,NIFTY28APR2622750PE,94.5,117.75,164.65,92.25,76.85,70655,130.76,94.4,130,94.85,455,169845
2026-04-13T14:01:23.719,NF,NIFTY28APR2622750PE,94.4,117.75,164.65,92.25,76.85,70785,130.69,94.2,65,94.65,65,169845
