Timestamp,Exchange,Symbol,LTP,Open,High,Low,Close,Volume,VWAP,Best_Bid,Bid_Qty,Best_Ask,Ask_Qty,OI
2026-04-13T04:24:31.906,NF,NIFTY13APR2624200CE,75.55,60.0,85.8,42.5,51.75,226054595,67.0,75.2,195,75.55,520,4957160
2026-04-13T09:15:00.099,NF,NIFTY13APR2624200CE,4.8,3.7,7.05,3.3,76.7,6240,4.91,3.1,1040,4.8,390,
2026-04-13T09:15:01.287,NF,NIFTY13APR2624200CE,2.8,3.7,7.05,2.15,76.7,176995,2.96,2.55,585,2.8,325,4503590
2026-04-13T09:15:02.692,NF,NIFTY13APR2624200CE,2.25,3.7,7.05,2.05,76.7,359580,2.66,2.25,6565,2.3,195,4503590
2026-04-13T09:15:04.286,NF,NIFTY13APR2624200CE,2.55,3.7,7.05,2.05,76.7,648440,2.59,2.55,455,2.65,715,4503590
2026-04-13T09:15:05.890,NF,NIFTY13APR2624200CE,2.45,3.7,7.05,2.05,76.7,866125,2.57,2.45,2730,2.55,2145,4503590
2026-04-13T09:15:07.490,NF,NIFTY13APR2624200CE,2.5,3.7,7.05,2.05,76.7,1082770,2.54,2.5,975,2.6,975,4503590
2026-04-13T09:15:09.094,NF,NIFTY13APR2624200CE,2.35,3.7,7.05,2.05,76.7,1326910,2.51,2.35,1755,2.4,455,4503590
2026-04-13T09:15:10.696,NF,NIFTY13APR2624200CE,2.25,3.7,7.05,2.05,76.7,1560260,2.47,2.25,1495,2.3,3185,4503590
2026-04-13T09:15:12.296,NF,NIFTY13APR2624200CE,2.3,3.7,7.05,2.05,76.7,1806675,2.45,2.25,1950,2.35,4355,4503590
2026-04-13T09:15:13.911,NF,NIFTY13APR2624200CE,2.1,3.7,7.05,2.05,76.7,2106650,2.42,2.1,58240,2.2,4355,4503590
2026-04-13T09:15:15.504,NF,NIFTY13APR2624200CE,2.15,3.7,7.05,2.05,76.7,2383225,2.39,2.1,10725,2.2,11115,4503590
2026-04-13T09:15:17.106,NF,NIFTY13APR2624200CE,1.95,3.7,7.05,1.95,76.7,2887430,2.34,1.95,65715,2.0,780,4503590
2026-04-13T09:15:18.705,NF,NIFTY13APR2624200CE,1.95,3.7,7.05,1.95,76.7,3070535,2.32,1.95,41340,2.0,10660,4503590
2026-04-13T09:15:20.513,NF,NIFTY13APR2624200CE,1.95,3.7,7.05,1.9,76.7,3330730,2.29,1.95,13975,2.0,12350,4503590
2026-04-13T09:15:22.107,NF,NIFTY13APR2624200CE,1.95,3.7,7.05,1.9,76.7,3613545,2.27,1.95,7800,2.0,23595,4503590
2026-04-13T09:15:23.711,NF,NIFTY13APR2624200CE,2.0,3.7,7.05,1.9,76.7,3821220,2.25,1.95,52520,2.0,15925,4503590
2026-04-13T09:15:25.313,NF,NIFTY13APR2624200CE,2.05,3.7,7.05,1.9,76.7,4060680,2.24,2.0,23855,2.05,101205,4503590
2026-04-13T09:15:26.919,NF,NIFTY13APR2624200CE,2.05,3.7,7.05,1.9,76.7,4298125,2.23,2.05,111930,2.1,7345,4503590
2026-04-13T09:15:28.541,NF,NIFTY13APR2624200CE,2.2,3.7,7.05,1.9,76.7,4625530,2.22,2.2,11050,2.25,42250,4503590
2026-04-13T09:15:30.120,NF,NIFTY13APR2624200CE,2.0,3.7,7.05,1.9,76.7,4883385,2.21,2.0,362375,2.05,7475,4503590
2026-04-13T09:15:31.722,NF,NIFTY13APR2624200CE,2.05,3.7,7.05,1.9,76.7,5143515,2.2,2.0,597220,2.05,20020,4503590
2026-04-13T09:15:33.522,NF,NIFTY13APR2624200CE,1.95,3.7,7.05,1.9,76.7,5924425,2.17,1.95,88205,2.0,9555,4503590
2026-04-13T09:15:35.131,NF,NIFTY13APR2624200CE,1.9,3.7,7.05,1.9,76.7,6166160,2.17,1.9,241410,2.0,90220,4503590
2026-04-13T09:15:36.728,NF,NIFTY13APR2624200CE,1.9,3.7,7.05,1.85,76.7,6414265,2.16,1.9,202605,1.95,3705,4503590
2026-04-13T09:15:38.331,NF,NIFTY13APR2624200CE,1.8,3.7,7.05,1.8,76.7,6698445,2.15,1.8,390195,1.85,25090,4503590
2026-04-13T09:15:40.153,NF,NIFTY13APR2624200CE,1.85,3.7,7.05,1.8,76.7,6996340,2.13,1.85,125385,1.9,133120,4503590
2026-04-13T09:15:41.733,NF,NIFTY13APR2624200CE,1.85,3.7,7.05,1.8,76.7,7419360,2.12,1.85,11245,1.9,157625,4503590
2026-04-13T09:15:43.341,NF,NIFTY13APR2624200CE,1.85,3.7,7.05,1.8,76.7,7703735,2.11,1.8,293735,1.85,133835,4503590
2026-04-13T09:15:44.939,NF,NIFTY13APR2624200CE,1.85,3.7,7.05,1.75,76.7,7935265,2.1,1.8,302770,1.85,75400,4503590
2026-04-13T09:15:46.555,NF,NIFTY13APR2624200CE,1.8,3.7,7.05,1.75,76.7,8253180,2.09,1.75,468910,1.8,7020,4503590
2026-04-13T09:15:48.362,NF,NIFTY13APR2624200CE,1.8,3.7,7.05,1.7,76.7,8577075,2.08,1.75,452335,1.8,7215,4503590
2026-04-13T09:15:49.998,NF,NIFTY13APR2624200CE,1.65,3.7,7.05,1.65,76.7,8785985,2.07,1.65,545610,1.7,9750,4503590
2026-04-13T09:15:51.568,NF,NIFTY13APR2624200CE,1.65,3.7,7.05,1.6,76.7,8965125,2.06,1.6,338130,1.65,221520,4503590
2026-04-13T09:15:53.153,NF,NIFTY13APR2624200CE,1.6,3.7,7.05,1.6,76.7,9138740,2.05,1.6,463255,1.65,264160,4503590
2026-04-13T09:15:54.755,NF,NIFTY13APR2624200CE,1.6,3.7,7.05,1.55,76.7,9460230,2.04,1.6,278525,1.65,5980,4503590
2026-04-13T09:15:56.357,NF,NIFTY13APR2624200CE,1.55,3.7,7.05,1.55,76.7,9643790,2.03,1.55,461890,1.6,371540,4503590
2026-04-13T09:15:57.960,NF,NIFTY13APR2624200CE,1.55,3.7,7.05,1.55,76.7,9699495,2.03,1.55,365755,1.6,379015,4503590
2026-04-13T09:15:59.762,NF,NIFTY13APR2624200CE,1.5,3.7,7.05,1.5,76.7,9828975,2.02,1.5,779610,1.55,519220,4503590
2026-04-13T09:16:01.380,NF,NIFTY13APR2624200CE,1.55,3.7,7.05,1.5,76.7,10026965,2.01,1.5,575965,1.6,398320,4503590
2026-04-13T09:16:02.988,NF,NIFTY13APR2624200CE,1.6,3.7,7.05,1.5,76.7,10314655,2.0,1.55,146900,1.6,382785,4503590
2026-04-13T09:16:04.571,NF,NIFTY13APR2624200CE,1.55,3.7,7.05,1.5,76.7,10583625,1.99,1.55,190125,1.6,378560,4503590
2026-04-13T09:16:06.194,NF,NIFTY13APR2624200CE,1.6,3.7,7.05,1.5,76.7,10638810,1.98,1.55,509925,1.6,358605,4651595
2026-04-13T09:16:07.777,NF,NIFTY13APR2624200CE,1.65,3.7,7.05,1.5,76.7,10794875,1.98,1.6,563030,1.65,143585,4651595
2026-04-13T09:16:09.380,NF,NIFTY13APR2624200CE,1.65,3.7,7.05,1.5,76.7,10981035,1.97,1.65,326365,1.7,288275,4651595
2026-04-13T09:16:11.179,NF,NIFTY13APR2624200CE,1.6,3.7,7.05,1.5,76.7,11213475,1.97,1.6,360035,1.65,333840,4651595
2026-04-13T09:16:12.859,NF,NIFTY13APR2624200CE,1.7,3.7,7.05,1.5,76.7,11412115,1.96,1.65,320320,1.7,317720,4651595
2026-04-13T09:16:14.385,NF,NIFTY13APR2624200CE,1.65,3.7,7.05,1.5,76.7,11637990,1.95,1.65,796445,1.7,156715,4651595
2026-04-13T09:16:16.002,NF,NIFTY13APR2624200CE,1.65,3.7,7.05,1.5,76.7,11847745,1.95,1.65,735410,1.7,182130,4651595
2026-04-13T09:16:17.588,NF,NIFTY13APR2624200CE,1.7,3.7,7.05,1.5,76.7,11897665,1.95,1.65,759070,1.7,161980,4651595
2026-04-13T09:16:19.211,NF,NIFTY13APR2624200CE,1.65,3.7,7.05,1.5,76.7,12054120,1.94,1.65,643500,1.7,166010,4651595
2026-04-13T09:16:20.996,NF,NIFTY13APR2624200CE,1.65,3.7,7.05,1.5,76.7,12234755,1.94,1.65,771940,1.7,116675,4651595
2026-04-13T09:16:22.593,NF,NIFTY13APR2624200CE,1.7,3.7,7.05,1.5,76.7,12313795,1.94,1.65,665275,1.7,183235,4651595
2026-04-13T09:16:24.197,NF,NIFTY13APR2624200CE,1.65,3.7,7.05,1.5,76.7,12365990,1.94,1.65,645710,1.7,160615,4651595
2026-04-13T09:16:25.809,NF,NIFTY13APR2624200CE,1.7,3.7,7.05,1.5,76.7,12436775,1.94,1.65,734630,1.7,126230,4651595
2026-04-13T09:16:27.404,NF,NIFTY13APR2624200CE,1.7,3.7,7.05,1.5,76.7,12474345,1.94,1.65,630565,1.7,147095,4651595
2026-04-13T09:16:29.007,NF,NIFTY13APR2624200CE,1.7,3.7,7.05,1.5,76.7,12561770,1.93,1.65,597545,1.7,169975,4651595
2026-04-13T09:16:30.805,NF,NIFTY13APR2624200CE,1.7,3.7,7.05,1.5,76.7,12694110,1.93,1.7,62335,1.75,329160,4651595
2026-04-13T09:16:32.539,NF,NIFTY13APR2624200CE,1.75,3.7,7.05,1.5,76.7,12735190,1.93,1.7,731575,1.75,304720,4651595
2026-04-13T09:16:34.016,NF,NIFTY13APR2624200CE,1.7,3.7,7.05,1.5,76.7,12798955,1.93,1.7,733460,1.75,240240,4651595
2026-04-13T09:16:35.619,NF,NIFTY13APR2624200CE,1.7,3.7,7.05,1.5,76.7,12901265,1.93,1.7,629785,1.75,137930,4651595
2026-04-13T09:16:37.219,NF,NIFTY13APR2624200CE,1.75,3.7,7.05,1.5,76.7,12973415,1.93,1.7,591500,1.75,159900,4651595
2026-04-13T09:16:38.841,NF,NIFTY13APR2624200CE,1.7,3.7,7.05,1.5,76.7,13057265,1.93,1.7,483860,1.75,164190,4651595
2026-04-13T09:16:40.429,NF,NIFTY13APR2624200CE,1.7,3.7,7.05,1.5,76.7,13131430,1.92,1.7,292110,1.75,202865,4651595
2026-04-13T09:16:42.033,NF,NIFTY13APR2624200CE,1.65,3.7,7.05,1.5,76.7,13213655,1.92,1.65,569075,1.7,732355,4651595
2026-04-13T09:16:43.631,NF,NIFTY13APR2624200CE,1.6,3.7,7.05,1.5,76.7,13296855,1.92,1.6,597805,1.65,227825,4651595
2026-04-13T09:16:45.233,NF,NIFTY13APR2624200CE,1.65,3.7,7.05,1.5,76.7,13317070,1.92,1.6,554450,1.65,318305,4651595
2026-04-13T09:16:46.868,NF,NIFTY13APR2624200CE,1.65,3.7,7.05,1.5,76.7,13349440,1.92,1.6,491465,1.65,402805,4651595
2026-04-13T09:16:48.640,NF,NIFTY13APR2624200CE,1.6,3.7,7.05,1.5,76.7,13403390,1.92,1.6,458770,1.65,434850,4651595
2026-04-13T09:16:50.246,NF,NIFTY13APR2624200CE,1.6,3.7,7.05,1.5,76.7,13460200,1.92,1.55,608660,1.6,379600,4651595
2026-04-13T09:16:51.847,NF,NIFTY13APR2624200CE,1.6,3.7,7.05,1.5,76.7,13523575,1.92,1.55,573040,1.6,631735,4651595
2026-04-13T09:16:53.450,NF,NIFTY13APR2624200CE,1.65,3.7,7.05,1.5,76.7,13685425,1.91,1.6,373685,1.65,497185,4651595
2026-04-13T09:16:55.046,NF,NIFTY13APR2624200CE,1.65,3.7,7.05,1.5,76.7,13769730,1.91,1.65,299325,1.7,673205,4651595
2026-04-13T09:16:56.655,NF,NIFTY13APR2624200CE,1.65,3.7,7.05,1.5,76.7,13852800,1.91,1.6,538850,1.65,192725,4651595
2026-04-13T09:16:58.252,NF,NIFTY13APR2624200CE,1.6,3.7,7.05,1.5,76.7,13965705,1.91,1.6,609375,1.65,331175,4651595
2026-04-13T09:16:59.856,NF,NIFTY13APR2624200CE,1.6,3.7,7.05,1.5,76.7,14026480,1.91,1.6,619775,1.65,287690,4651595
2026-04-13T09:17:01.462,NF,NIFTY13APR2624200CE,1.6,3.7,7.05,1.5,76.7,14112475,1.9,1.6,621790,1.65,314730,4651595
2026-04-13T09:17:03.294,NF,NIFTY13APR2624200CE,1.6,3.7,7.05,1.5,76.7,14187745,1.9,1.6,572585,1.65,331435,4651595
2026-04-13T09:17:04.860,NF,NIFTY13APR2624200CE,1.6,3.7,7.05,1.5,76.7,14241955,1.9,1.6,644020,1.65,357890,4651595
2026-04-13T09:17:06.463,NF,NIFTY13APR2624200CE,1.6,3.7,7.05,1.5,76.7,14349985,1.9,1.55,734240,1.6,264940,4651595
2026-04-13T09:17:08.087,NF,NIFTY13APR2624200CE,1.55,3.7,7.05,1.5,76.7,14374230,1.9,1.55,630305,1.6,338000,4651595
2026-04-13T09:17:09.673,NF,NIFTY13APR2624200CE,1.6,3.7,7.05,1.5,76.7,14416155,1.9,1.55,601055,1.6,459615,4651595
2026-04-13T09:17:11.278,NF,NIFTY13APR2624200CE,1.6,3.7,7.05,1.5,76.7,14512420,1.89,1.55,575315,1.6,600600,4651595
2026-04-13T09:17:13.073,NF,NIFTY13APR2624200CE,1.6,3.7,7.05,1.5,76.7,14551550,1.89,1.55,620750,1.6,597025,4651595
2026-04-13T09:17:14.685,NF,NIFTY13APR2624200CE,1.55,3.7,7.05,1.5,76.7,14595100,1.89,1.5,1081990,1.55,484510,4651595
2026-04-13T09:17:16.283,NF,NIFTY13APR2624200CE,1.55,3.7,7.05,1.5,76.7,14650155,1.89,1.5,1077440,1.55,445120,4651595
2026-04-13T09:17:17.896,NF,NIFTY13APR2624200CE,1.5,3.7,7.05,1.5,76.7,14740180,1.89,1.5,1063660,1.55,323050,4651595
2026-04-13T09:17:19.486,NF,NIFTY13APR2624200CE,1.5,3.7,7.05,1.5,76.7,14835405,1.89,1.5,930280,1.55,480935,4651595
2026-04-13T09:17:21.098,NF,NIFTY13APR2624200CE,1.5,3.7,7.05,1.5,76.7,14883765,1.89,1.5,1035580,1.55,556140,4651595
2026-04-13T09:17:22.898,NF,NIFTY13APR2624200CE,1.55,3.7,7.05,1.5,76.7,14904435,1.88,1.5,970320,1.55,546585,4651595
2026-04-13T09:17:24.491,NF,NIFTY13APR2624200CE,1.55,3.7,7.05,1.5,76.7,14954095,1.88,1.5,1038310,1.55,535990,4651595
2026-04-13T09:17:26.096,NF,NIFTY13APR2624200CE,1.55,3.7,7.05,1.5,76.7,14991665,1.88,1.5,1054170,1.55,521820,4651595
2026-04-13T09:17:27.698,NF,NIFTY13APR2624200CE,1.5,3.7,7.05,1.5,76.7,15027415,1.88,1.5,983385,1.55,553540,4651595
2026-04-13T09:17:29.301,NF,NIFTY13APR2624200CE,1.5,3.7,7.05,1.5,76.7,15062970,1.88,1.5,959140,1.55,578110,4651595
2026-04-13T09:17:30.916,NF,NIFTY13APR2624200CE,1.55,3.7,7.05,1.5,76.7,15104050,1.88,1.5,1043835,1.55,663715,4651595
2026-04-13T09:17:32.504,NF,NIFTY13APR2624200CE,1.45,3.7,7.05,1.45,76.7,15187250,1.88,1.45,979160,1.5,492440,4651595
2026-04-13T09:17:34.131,NF,NIFTY13APR2624200CE,1.5,3.7,7.05,1.45,76.7,15238470,1.88,1.45,1021735,1.5,573495,4651595
2026-04-13T09:17:35.709,NF,NIFTY13APR2624200CE,1.5,3.7,7.05,1.45,76.7,15258815,1.88,1.45,1017315,1.5,580060,4651595
2026-04-13T09:17:37.322,NF,NIFTY13APR2624200CE,1.5,3.7,7.05,1.45,76.7,15292745,1.88,1.45,1018355,1.5,588120,4651595
2026-04-13T09:17:38.919,NF,NIFTY13APR2624200CE,1.5,3.7,7.05,1.45,76.7,15318290,1.87,1.45,1021410,1.5,591500,4651595
2026-04-13T09:17:40.519,NF,NIFTY13APR2624200CE,1.5,3.7,7.05,1.45,76.7,15356510,1.87,1.45,1018160,1.5,613600,4651595
2026-04-13T09:17:42.119,NF,NIFTY13APR2624200CE,1.45,3.7,7.05,1.45,76.7,15407015,1.87,1.45,1004380,1.5,652015,4651595
2026-04-13T09:17:43.722,NF,NIFTY13APR2624200CE,1.5,3.7,7.05,1.45,76.7,15438540,1.87,1.45,1023620,1.5,658775,4651595
2026-04-13T09:17:45.325,NF,NIFTY13APR2624200CE,1.5,3.7,7.05,1.45,76.7,15493790,1.87,1.45,946530,1.5,634205,4651595
2026-04-13T09:17:46.927,NF,NIFTY13APR2624200CE,1.5,3.7,7.05,1.45,76.7,15553135,1.87,1.45,1036295,1.5,550940,4651595
2026-04-13T09:17:48.529,NF,NIFTY13APR2624200CE,1.5,3.7,7.05,1.45,76.7,15583750,1.87,1.45,1143350,1.5,540930,4651595
2026-04-13T09:17:50.139,NF,NIFTY13APR2624200CE,1.5,3.7,7.05,1.45,76.7,15625545,1.87,1.45,1124175,1.5,541645,4651595
2026-04-13T09:17:51.735,NF,NIFTY13APR2624200CE,1.4,3.7,7.05,1.4,76.7,15709590,1.86,1.4,982995,1.45,547950,4651595
2026-04-13T09:17:53.337,NF,NIFTY13APR2624200CE,1.4,3.7,7.05,1.4,76.7,15745600,1.86,1.4,982605,1.45,569530,4651595
2026-04-13T09:17:54.940,NF,NIFTY13APR2624200CE,1.45,3.7,7.05,1.4,76.7,15764580,1.86,1.4,920595,1.45,601315,4651595
2026-04-13T09:17:56.543,NF,NIFTY13APR2624200CE,1.4,3.7,7.05,1.4,76.7,15798770,1.86,1.4,988520,1.45,588510,4651595
2026-04-13T09:17:58.148,NF,NIFTY13APR2624200CE,1.4,3.7,7.05,1.4,76.7,15860585,1.86,1.4,1068860,1.45,570180,4651595
2026-04-13T09:17:59.754,NF,NIFTY13APR2624200CE,1.4,3.7,7.05,1.4,76.7,15915250,1.86,1.4,1159730,1.45,514410,4651595
2026-04-13T09:18:01.355,NF,NIFTY13APR2624200CE,1.45,3.7,7.05,1.4,76.7,15986620,1.86,1.4,1202760,1.45,499720,4651595
2026-04-13T09:18:02.954,NF,NIFTY13APR2624200CE,1.4,3.7,7.05,1.4,76.7,16040180,1.86,1.4,1216150,1.45,490425,4651595
2026-04-13T09:18:04.763,NF,NIFTY13APR2624200CE,1.4,3.7,7.05,1.4,76.7,16124290,1.85,1.4,1188590,1.45,502775,4651595
2026-04-13T09:18:06.359,NF,NIFTY13APR2624200CE,1.45,3.7,7.05,1.4,76.7,16187015,1.85,1.4,1138670,1.45,519285,4651595
2026-04-13T09:18:07.964,NF,NIFTY13APR2624200CE,1.4,3.7,7.05,1.4,76.7,16251690,1.85,1.4,1042665,1.45,552175,4651595
2026-04-13T09:18:09.771,NF,NIFTY13APR2624200CE,1.45,3.7,7.05,1.4,76.7,16301935,1.85,1.4,1042210,1.45,546130,4651595
2026-04-13T09:18:11.368,NF,NIFTY13APR2624200CE,1.45,3.7,7.05,1.4,76.7,16368235,1.85,1.4,1014845,1.45,651755,4651595
2026-04-13T09:18:13.646,NF,NIFTY13APR2624200CE,1.35,3.7,7.05,1.35,76.7,16531970,1.84,1.35,1033890,1.4,701805,4651595
2026-04-13T09:18:14.578,NF,NIFTY13APR2624200CE,1.35,3.7,7.05,1.35,76.7,16741335,1.84,1.35,1092650,1.4,1323205,4651595
2026-04-13T09:18:16.178,NF,NIFTY13APR2624200CE,1.35,3.7,7.05,1.35,76.7,16767595,1.84,1.35,1021670,1.4,1346345,4651595
2026-04-13T09:18:17.987,NF,NIFTY13APR2624200CE,1.35,3.7,7.05,1.3,76.7,16872830,1.83,1.3,1171755,1.35,791895,4651595
2026-04-13T09:18:19.594,NF,NIFTY13APR2624200CE,1.3,3.7,7.05,1.25,76.7,16991520,1.83,1.25,1259830,1.3,411125,4651595
2026-04-13T09:18:21.186,NF,NIFTY13APR2624200CE,1.3,3.7,7.05,1.25,76.7,17081935,1.83,1.25,1316185,1.3,883350,4651595
2026-04-13T09:18:22.787,NF,NIFTY13APR2624200CE,1.3,3.7,7.05,1.25,76.7,17139720,1.82,1.25,1276145,1.3,900380,4651595
2026-04-13T09:18:24.390,NF,NIFTY13APR2624200CE,1.25,3.7,7.05,1.25,76.7,17254835,1.82,1.25,804115,1.3,902915,4651595
2026-04-13T09:18:25.994,NF,NIFTY13APR2624200CE,1.25,3.7,7.05,1.25,76.7,17285255,1.82,1.25,1001650,1.3,908180,4651595
2026-04-13T09:18:27.598,NF,NIFTY13APR2624200CE,1.25,3.7,7.05,1.25,76.7,17309240,1.82,1.25,1007565,1.3,908635,4651595
2026-04-13T09:18:29.407,NF,NIFTY13APR2624200CE,1.3,3.7,7.05,1.25,76.7,17352530,1.82,1.25,999700,1.3,957775,4651595
2026-04-13T09:18:30.808,NF,NIFTY13APR2624200CE,1.25,3.7,7.05,1.25,76.7,17458025,1.81,1.25,1170455,1.3,898365,4651595
2026-04-13T09:18:32.602,NF,NIFTY13APR2624200CE,1.25,3.7,7.05,1.25,76.7,17485910,1.81,1.25,1151605,1.3,929240,4651595
2026-04-13T09:18:34.204,NF,NIFTY13APR2624200CE,1.25,3.7,7.05,1.2,76.7,17560010,1.81,1.2,1075295,1.25,1443325,4651595
2026-04-13T09:18:35.815,NF,NIFTY13APR2624200CE,1.25,3.7,7.05,1.2,76.7,17612660,1.81,1.2,1119560,1.25,1424345,4651595
2026-04-13T09:18:37.417,NF,NIFTY13APR2624200CE,1.25,3.7,7.05,1.2,76.7,17650100,1.81,1.2,1137240,1.25,1418365,4651595
2026-04-13T09:18:39.015,NF,NIFTY13APR2624200CE,1.25,3.7,7.05,1.2,76.7,17688190,1.81,1.2,1136005,1.25,1411995,4651595
2026-04-13T09:18:40.617,NF,NIFTY13APR2624200CE,1.2,3.7,7.05,1.2,76.7,17718025,1.81,1.2,1034540,1.25,1421160,4651595
2026-04-13T09:18:42.221,NF,NIFTY13APR2624200CE,1.25,3.7,7.05,1.2,76.7,17746040,1.8,1.2,1087580,1.25,1409330,4651595
2026-04-13T09:18:44.035,NF,NIFTY13APR2624200CE,1.25,3.7,7.05,1.2,76.7,17812925,1.8,1.2,1130805,1.25,1398215,4651595
2026-04-13T09:18:45.623,NF,NIFTY13APR2624200CE,1.25,3.7,7.05,1.2,76.7,17847635,1.8,1.2,1013480,1.25,1538095,4651595
2026-04-13T09:18:47.239,NF,NIFTY13APR2624200CE,1.25,3.7,7.05,1.2,76.7,17924335,1.8,1.2,1144910,1.25,1545960,4651595
2026-04-13T09:18:48.831,NF,NIFTY13APR2624200CE,1.25,3.7,7.05,1.2,76.7,17964440,1.8,1.2,1090505,1.25,1580150,4651595
2026-04-13T09:18:50.433,NF,NIFTY13APR2624200CE,1.25,3.7,7.05,1.2,76.7,18001425,1.8,1.2,1034215,1.25,1593410,4651595
2026-04-13T09:18:52.036,NF,NIFTY13APR2624200CE,1.25,3.7,7.05,1.2,76.7,18038020,1.8,1.2,1068600,1.25,1596595,4651595
2026-04-13T09:18:53.673,NF,NIFTY13APR2624200CE,1.25,3.7,7.05,1.2,76.7,18088590,1.79,1.2,1018095,1.25,1590290,4651595
2026-04-13T09:18:55.242,NF,NIFTY13APR2624200CE,1.25,3.7,7.05,1.2,76.7,18134545,1.79,1.2,1136980,1.25,1583920,4651595
2026-04-13T09:18:57.042,NF,NIFTY13APR2624200CE,1.2,3.7,7.05,1.2,76.7,18155540,1.79,1.2,1207700,1.25,1599715,4651595
2026-04-13T09:18:58.646,NF,NIFTY13APR2624200CE,1.25,3.7,7.05,1.2,76.7,18230550,1.79,1.2,1182350,1.25,1577095,4651595
2026-04-13T09:19:00.251,NF,NIFTY13APR2624200CE,1.25,3.7,7.05,1.2,76.7,18264675,1.79,1.2,1216930,1.25,1558700,4651595
2026-04-13T09:19:02.051,NF,NIFTY13APR2624200CE,1.25,3.7,7.05,1.2,76.7,18298800,1.79,1.2,1156090,1.25,1562665,4651595
2026-04-13T09:19:03.654,NF,NIFTY13APR2624200CE,1.25,3.7,7.05,1.2,76.7,18348980,1.79,1.2,1135810,1.25,1573260,4651595
2026-04-13T09:19:05.257,NF,NIFTY13APR2624200CE,1.2,3.7,7.05,1.15,76.7,18640375,1.78,1.15,1425840,1.2,1059890,4651595
2026-04-13T09:19:06.900,NF,NIFTY13APR2624200CE,1.2,3.7,7.05,1.15,76.7,18677100,1.77,1.15,1540045,1.2,1092910,5230095
2026-04-13T09:19:08.659,NF,NIFTY13APR2624200CE,1.2,3.7,7.05,1.15,76.7,18703360,1.77,1.15,1532830,1.2,1069640,5230095
2026-04-13T09:19:10.266,NF,NIFTY13APR2624200CE,1.2,3.7,7.05,1.15,76.7,18737550,1.77,1.15,1426750,1.2,1057745,5230095
2026-04-13T09:19:11.865,NF,NIFTY13APR2624200CE,1.2,3.7,7.05,1.15,76.7,18764980,1.77,1.15,1411280,1.2,1051180,5230095
2026-04-13T09:19:13.470,NF,NIFTY13APR2624200CE,1.2,3.7,7.05,1.15,76.7,18790980,1.77,1.15,1295645,1.2,1061970,5230095
2026-04-13T09:19:15.270,NF,NIFTY13APR2624200CE,1.15,3.7,7.05,1.15,76.7,18850260,1.77,1.15,1262170,1.2,1058135,5230095
2026-04-13T09:19:16.882,NF,NIFTY13APR2624200CE,1.15,3.7,7.05,1.1,76.7,18954520,1.77,1.1,1284920,1.15,769665,5230095
2026-04-13T09:19:18.476,NF,NIFTY13APR2624200CE,1.15,3.7,7.05,1.1,76.7,19013215,1.76,1.1,1337440,1.15,855270,5230095
2026-04-13T09:19:20.079,NF,NIFTY13APR2624200CE,1.15,3.7,7.05,1.1,76.7,19048705,1.76,1.1,1332240,1.15,845390,5230095
2026-04-13T09:19:21.888,NF,NIFTY13APR2624200CE,1.1,3.7,7.05,1.1,76.7,19058650,1.76,1.1,1335425,1.15,842270,5230095
2026-04-13T09:19:23.483,NF,NIFTY13APR2624200CE,1.15,3.7,7.05,1.1,76.7,19075290,1.76,1.1,1357070,1.15,911560,5230095
2026-04-13T09:19:25.086,NF,NIFTY13APR2624200CE,1.15,3.7,7.05,1.1,76.7,19144320,1.76,1.1,1385280,1.15,936975,5230095
2026-04-13T09:19:26.898,NF,NIFTY13APR2624200CE,1.15,3.7,7.05,1.1,76.7,19156410,1.76,1.1,1374360,1.15,944775,5230095
2026-04-13T09:19:29.025,NF,NIFTY13APR2624200CE,1.15,3.7,7.05,1.1,76.7,19223555,1.76,1.1,1396460,1.15,986635,5230095
2026-04-13T09:19:30.091,NF,NIFTY13APR2624200CE,1.15,3.7,7.05,1.1,76.7,19330155,1.75,1.15,550940,1.2,1148680,5230095
2026-04-13T09:19:31.694,NF,NIFTY13APR2624200CE,1.15,3.7,7.05,1.1,76.7,19403345,1.75,1.15,1410955,1.2,1204905,5230095
2026-04-13T09:19:33.344,NF,NIFTY13APR2624200CE,1.15,3.7,7.05,1.1,76.7,19458075,1.75,1.15,1387035,1.2,1194115,5230095
2026-04-13T09:19:34.899,NF,NIFTY13APR2624200CE,1.15,3.7,7.05,1.1,76.7,19514820,1.75,1.15,1335945,1.2,1191775,5230095
2026-04-13T09:19:36.501,NF,NIFTY13APR2624200CE,1.2,3.7,7.05,1.1,76.7,19539000,1.75,1.15,1445925,1.2,1171690,5230095
2026-04-13T09:19:38.301,NF,NIFTY13APR2624200CE,1.15,3.7,7.05,1.1,76.7,19557590,1.75,1.15,1352195,1.2,1158105,5230095
2026-04-13T09:19:39.905,NF,NIFTY13APR2624200CE,1.15,3.7,7.05,1.1,76.7,19574100,1.75,1.15,1342640,1.2,1145560,5230095
2026-04-13T09:19:41.509,NF,NIFTY13APR2624200CE,1.2,3.7,7.05,1.1,76.7,19636630,1.74,1.15,1299025,1.2,1141205,5230095
2026-04-13T09:19:43.110,NF,NIFTY13APR2624200CE,1.15,3.7,7.05,1.1,76.7,19672185,1.74,1.15,1293825,1.2,1116440,5230095
2026-04-13T09:19:44.714,NF,NIFTY13APR2624200CE,1.2,3.7,7.05,1.1,76.7,19718920,1.74,1.15,1311180,1.2,1080560,5230095
2026-04-13T09:19:46.320,NF,NIFTY13APR2624200CE,1.15,3.7,7.05,1.1,76.7,19754280,1.74,1.15,1227330,1.2,1077115,5230095
2026-04-13T09:19:48.117,NF,NIFTY13APR2624200CE,1.2,3.7,7.05,1.1,76.7,19772480,1.74,1.15,1217580,1.2,1080495,5230095
2026-04-13T09:19:49.718,NF,NIFTY13APR2624200CE,1.2,3.7,7.05,1.1,76.7,19846840,1.74,1.15,1339975,1.2,1078025,5230095
2026-04-13T09:19:51.334,NF,NIFTY13APR2624200CE,1.2,3.7,7.05,1.1,76.7,19859645,1.74,1.15,1259115,1.2,1083745,5230095
2026-04-13T09:19:52.925,NF,NIFTY13APR2624200CE,1.2,3.7,7.05,1.1,76.7,19877910,1.74,1.15,1291290,1.2,1070225,5230095
2026-04-13T09:19:54.527,NF,NIFTY13APR2624200CE,1.2,3.7,7.05,1.1,76.7,19952010,1.74,1.2,920205,1.25,1617785,5230095
2026-04-13T09:19:56.338,NF,NIFTY13APR2624200CE,1.25,3.7,7.05,1.1,76.7,19983275,1.73,1.2,935675,1.25,1594125,5230095
2026-04-13T09:19:57.930,NF,NIFTY13APR2624200CE,1.25,3.7,7.05,1.1,76.7,20058415,1.73,1.2,1047540,1.25,1235455,5230095
2026-04-13T09:19:59.534,NF,NIFTY13APR2624200CE,1.25,3.7,7.05,1.1,76.7,20168655,1.73,1.2,1066130,1.25,971360,5230095
2026-04-13T09:20:01.145,NF,NIFTY13APR2624200CE,1.3,3.7,7.05,1.1,76.7,20376265,1.73,1.25,938665,1.3,1016925,5230095
2026-04-13T09:20:02.743,NF,NIFTY13APR2624200CE,1.3,3.7,7.05,1.1,76.7,20406165,1.72,1.25,835445,1.3,943995,5230095
2026-04-13T09:20:04.349,NF,NIFTY13APR2624200CE,1.25,3.7,7.05,1.1,76.7,20460765,1.72,1.2,1081145,1.25,1085370,5230095
2026-04-13T09:20:05.948,NF,NIFTY13APR2624200CE,1.2,3.7,7.05,1.1,76.7,20486505,1.72,1.2,1105130,1.25,566865,5230095
2026-04-13T09:20:07.557,NF,NIFTY13APR2624200CE,1.25,3.7,7.05,1.1,76.7,20520045,1.72,1.2,1095120,1.25,929500,5230095
2026-04-13T09:20:09.150,NF,NIFTY13APR2624200CE,1.25,3.7,7.05,1.1,76.7,20539090,1.72,1.2,1102725,1.25,939640,5230095
2026-04-13T09:20:10.754,NF,NIFTY13APR2624200CE,1.25,3.7,7.05,1.1,76.7,20546955,1.72,1.2,1128855,1.25,937885,5230095
2026-04-13T09:20:12.357,NF,NIFTY13APR2624200CE,1.25,3.7,7.05,1.1,76.7,20562100,1.72,1.2,1194505,1.25,975910,5230095
2026-04-13T09:20:14.159,NF,NIFTY13APR2624200CE,1.25,3.7,7.05,1.1,76.7,20618975,1.72,1.2,1151215,1.25,968630,5230095
2026-04-13T09:20:15.762,NF,NIFTY13APR2624200CE,1.3,3.7,7.05,1.1,76.7,20745205,1.72,1.25,949845,1.3,829725,5230095
2026-04-13T09:20:17.365,NF,NIFTY13APR2624200CE,1.25,3.7,7.05,1.1,76.7,20805395,1.72,1.25,1026090,1.3,837330,5230095
2026-04-13T09:20:19.170,NF,NIFTY13APR2624200CE,1.3,3.7,7.05,1.1,76.7,20831590,1.71,1.25,1058005,1.3,743275,5230095
2026-04-13T09:20:20.770,NF,NIFTY13APR2624200CE,1.35,3.7,7.05,1.1,76.7,20901465,1.71,1.3,1125345,1.35,980850,5230095
2026-04-13T09:20:22.372,NF,NIFTY13APR2624200CE,1.35,3.7,7.05,1.1,76.7,20928115,1.71,1.3,1030770,1.35,985270,5230095
2026-04-13T09:20:24.017,NF,NIFTY13APR2624200CE,1.3,3.7,7.05,1.1,76.7,20965880,1.71,1.3,1026155,1.35,986180,5230095
2026-04-13T09:20:25.778,NF,NIFTY13APR2624200CE,1.25,3.7,7.05,1.1,76.7,21036665,1.71,1.25,1213485,1.3,507390,5230095
2026-04-13T09:20:27.380,NF,NIFTY13APR2624200CE,1.3,3.7,7.05,1.1,76.7,21046090,1.71,1.25,1212640,1.3,910065,5230095
2026-04-13T09:20:28.983,NF,NIFTY13APR2624200CE,1.3,3.7,7.05,1.1,76.7,21064485,1.71,1.25,1313845,1.3,1032395,5230095
2026-04-13T09:20:30.589,NF,NIFTY13APR2624200CE,1.25,3.7,7.05,1.1,76.7,21079305,1.71,1.25,1323335,1.3,1096420,5230095
2026-04-13T09:20:32.189,NF,NIFTY13APR2624200CE,1.25,3.7,7.05,1.1,76.7,21091005,1.71,1.25,1346995,1.3,1085825,5230095
2026-04-13T09:20:33.807,NF,NIFTY13APR2624200CE,1.35,3.7,7.05,1.1,76.7,21208070,1.71,1.3,942435,1.35,995085,5230095
2026-04-13T09:20:35.608,NF,NIFTY13APR2624200CE,1.35,3.7,7.05,1.1,76.7,21231470,1.71,1.3,948805,1.35,979355,5230095
2026-04-13T09:20:37.200,NF,NIFTY13APR2624200CE,1.35,3.7,7.05,1.1,76.7,21246485,1.71,1.3,941980,1.35,988715,5230095
2026-04-13T09:20:39.000,NF,NIFTY13APR2624200CE,1.35,3.7,7.05,1.1,76.7,21284055,1.71,1.3,1022060,1.35,988910,5230095
2026-04-13T09:20:40.604,NF,NIFTY13APR2624200CE,1.3,3.7,7.05,1.1,76.7,21383505,1.7,1.25,1393665,1.3,1250210,5230095
2026-04-13T09:20:42.208,NF,NIFTY13APR2624200CE,1.25,3.7,7.05,1.1,76.7,21430890,1.7,1.25,1383785,1.3,1240265,5230095
2026-04-13T09:20:43.810,NF,NIFTY13APR2624200CE,1.25,3.7,7.05,1.1,76.7,21470605,1.7,1.25,1381055,1.3,1241890,5230095
2026-04-13T09:20:45.618,NF,NIFTY13APR2624200CE,1.25,3.7,7.05,1.1,76.7,21483085,1.7,1.25,1359930,1.3,1237210,5230095
2026-04-13T09:20:47.224,NF,NIFTY13APR2624200CE,1.25,3.7,7.05,1.1,76.7,21503495,1.7,1.25,1361555,1.3,1249950,5230095
2026-04-13T09:20:48.822,NF,NIFTY13APR2624200CE,1.25,3.7,7.05,1.1,76.7,21512010,1.7,1.25,1355185,1.3,1250795,5230095
2026-04-13T09:20:50.625,NF,NIFTY13APR2624200CE,1.2,3.7,7.05,1.1,76.7,21631935,1.7,1.2,1479920,1.25,1277770,5230095
2026-04-13T09:20:52.224,NF,NIFTY13APR2624200CE,1.25,3.7,7.05,1.1,76.7,21642790,1.7,1.2,1480375,1.25,1275495,5230095
2026-04-13T09:20:53.826,NF,NIFTY13APR2624200CE,1.25,3.7,7.05,1.1,76.7,21652670,1.7,1.2,1490255,1.25,1279850,5230095
2026-04-13T09:20:55.429,NF,NIFTY13APR2624200CE,1.2,3.7,7.05,1.1,76.7,21676070,1.7,1.2,1403610,1.25,1343810,5230095
2026-04-13T09:20:57.230,NF,NIFTY13APR2624200CE,1.2,3.7,7.05,1.1,76.7,21718580,1.7,1.2,1406275,1.25,1337960,5230095
2026-04-13T09:20:58.841,NF,NIFTY13APR2624200CE,1.25,3.7,7.05,1.1,76.7,21755760,1.7,1.2,1478555,1.25,1334515,5230095
2026-04-13T09:21:00.443,NF,NIFTY13APR2624200CE,1.25,3.7,7.05,1.1,76.7,21772725,1.7,1.2,1515085,1.25,1320475,5230095
2026-04-13T09:21:02.043,NF,NIFTY13APR2624200CE,1.3,3.7,7.05,1.1,76.7,21945560,1.69,1.25,1218490,1.3,1288885,5230095
2026-04-13T09:21:03.852,NF,NIFTY13APR2624200CE,1.3,3.7,7.05,1.1,76.7,21989890,1.69,1.25,1202305,1.3,1268345,5230095
2026-04-13T09:21:05.449,NF,NIFTY13APR2624200CE,1.25,3.7,7.05,1.1,76.7,22048000,1.69,1.25,1133210,1.3,1284920,5230095
2026-04-13T09:21:07.059,NF,NIFTY13APR2624200CE,1.25,3.7,7.05,1.1,76.7,22056255,1.69,1.25,1127035,1.3,1287455,5230095
2026-04-13T09:21:08.651,NF,NIFTY13APR2624200CE,1.25,3.7,7.05,1.1,76.7,22082450,1.69,1.25,1113450,1.3,1294670,5230095
2026-04-13T09:21:10.473,NF,NIFTY13APR2624200CE,1.25,3.7,7.05,1.1,76.7,22100910,1.69,1.25,1097850,1.3,1319760,5230095
2026-04-13T09:21:12.065,NF,NIFTY13APR2624200CE,1.3,3.7,7.05,1.1,76.7,22125610,1.69,1.25,1094015,1.3,1299610,5230095
2026-04-13T09:21:13.660,NF,NIFTY13APR2624200CE,1.25,3.7,7.05,1.1,76.7,22135295,1.69,1.25,1094210,1.3,1313260,5230095
2026-04-13T09:21:15.464,NF,NIFTY13APR2624200CE,1.3,3.7,7.05,1.1,76.7,22147255,1.69,1.25,1099020,1.3,1304745,5230095
2026-04-13T09:21:17.065,NF,NIFTY13APR2624200CE,1.25,3.7,7.05,1.1,76.7,22159215,1.69,1.25,1090050,1.3,1304810,5230095
2026-04-13T09:21:18.669,NF,NIFTY13APR2624200CE,1.25,3.7,7.05,1.1,76.7,22175465,1.69,1.25,1118260,1.3,1328925,5230095
2026-04-13T09:21:20.472,NF,NIFTY13APR2624200CE,1.25,3.7,7.05,1.1,76.7,22327370,1.68,1.2,1420575,1.25,1536925,5230095
2026-04-13T09:21:22.075,NF,NIFTY13APR2624200CE,1.25,3.7,7.05,1.1,76.7,22339655,1.68,1.2,1449695,1.25,1535495,5230095
2026-04-13T09:21:23.705,NF,NIFTY13APR2624200CE,1.25,3.7,7.05,1.1,76.7,22353045,1.68,1.2,1400295,1.25,1596400,5230095
2026-04-13T09:21:25.485,NF,NIFTY13APR2624200CE,1.2,3.7,7.05,1.1,76.7,22487855,1.68,1.15,1641835,1.2,1170975,5230095
2026-04-13T09:21:27.083,NF,NIFTY13APR2624200CE,1.2,3.7,7.05,1.1,76.7,22494355,1.68,1.15,1641185,1.2,1198860,5230095
2026-04-13T09:21:28.687,NF,NIFTY13APR2624200CE,1.2,3.7,7.05,1.1,76.7,22501245,1.68,1.15,1643850,1.2,1197560,5230095
2026-04-13T09:21:30.493,NF,NIFTY13APR2624200CE,1.15,3.7,7.05,1.1,76.7,22514505,1.68,1.15,1643200,1.2,1206855,5230095
2026-04-13T09:21:32.092,NF,NIFTY13APR2624200CE,1.2,3.7,7.05,1.1,76.7,22541805,1.68,1.15,1689415,1.2,1156675,5230095
2026-04-13T09:21:33.810,NF,NIFTY13APR2624200CE,1.2,3.7,7.05,1.1,76.7,22547590,1.68,1.15,1685320,1.2,1237405,5230095
2026-04-13T09:21:35.495,NF,NIFTY13APR2624200CE,1.15,3.7,7.05,1.1,76.7,22607260,1.68,1.15,1550640,1.2,1255670,5230095
2026-04-13T09:21:37.104,NF,NIFTY13APR2624200CE,1.2,3.7,7.05,1.1,76.7,22612135,1.68,1.15,1548950,1.2,1269125,5230095
2026-04-13T09:21:38.703,NF,NIFTY13APR2624200CE,1.15,3.7,7.05,1.1,76.7,22654710,1.68,1.15,1636570,1.2,1170780,5230095
2026-04-13T09:21:40.504,NF,NIFTY13APR2624200CE,1.15,3.7,7.05,1.1,76.7,22679410,1.68,1.15,1629875,1.2,1859520,5230095
2026-04-13T09:21:42.106,NF,NIFTY13APR2624200CE,1.2,3.7,7.05,1.1,76.7,22689420,1.68,1.15,1622465,1.2,1954615,5230095
2026-04-13T09:21:43.714,NF,NIFTY13APR2624200CE,1.2,3.7,7.05,1.1,76.7,22713730,1.68,1.15,1611480,1.2,1966575,5230095
2026-04-13T09:21:45.516,NF,NIFTY13APR2624200CE,1.2,3.7,7.05,1.1,76.7,22731020,1.68,1.15,1531725,1.2,1984255,5230095
2026-04-13T09:21:47.113,NF,NIFTY13APR2624200CE,1.2,3.7,7.05,1.1,76.7,22779185,1.67,1.15,1638000,1.2,2006420,5230095
2026-04-13T09:21:48.718,NF,NIFTY13APR2624200CE,1.15,3.7,7.05,1.1,76.7,22786010,1.67,1.15,1627145,1.2,2002325,5230095
2026-04-13T09:21:50.519,NF,NIFTY13APR2624200CE,1.15,3.7,7.05,1.1,76.7,22812465,1.67,1.15,1636440,1.2,2005315,5230095
2026-04-13T09:21:52.123,NF,NIFTY13APR2624200CE,1.2,3.7,7.05,1.1,76.7,22922705,1.67,1.15,1066065,1.2,1979640,5230095
2026-04-13T09:21:53.727,NF,NIFTY13APR2624200CE,1.15,3.7,7.05,1.1,76.7,22931870,1.67,1.15,1104480,1.2,2001740,5230095
2026-04-13T09:21:55.526,NF,NIFTY13APR2624200CE,1.15,3.7,7.05,1.1,76.7,22994790,1.67,1.15,1109680,1.2,1997905,5230095
2026-04-13T09:21:57.130,NF,NIFTY13APR2624200CE,1.2,3.7,7.05,1.1,76.7,23006620,1.67,1.15,1178060,1.2,1991275,5230095
2026-04-13T09:21:58.734,NF,NIFTY13APR2624200CE,1.2,3.7,7.05,1.1,76.7,23030995,1.67,1.15,1200355,1.2,1992900,5230095
2026-04-13T09:22:00.337,NF,NIFTY13APR2624200CE,1.15,3.7,7.05,1.1,76.7,23101130,1.67,1.15,1054300,1.2,1989455,5230095
2026-04-13T09:22:02.145,NF,NIFTY13APR2624200CE,1.2,3.7,7.05,1.1,76.7,23175815,1.67,1.15,1241825,1.2,2019615,5230095
2026-04-13T09:22:03.744,NF,NIFTY13APR2624200CE,1.15,3.7,7.05,1.1,76.7,23188230,1.67,1.15,1295905,1.2,2028195,5230095
2026-04-13T09:22:05.351,NF,NIFTY13APR2624200CE,1.15,3.7,7.05,1.1,76.7,23193755,1.67,1.15,1251705,1.2,2025400,5230095
2026-04-13T09:22:07.146,NF,NIFTY13APR2624200CE,1.2,3.7,7.05,1.1,76.7,23211435,1.67,1.15,1247415,1.2,2021370,5230095
2026-04-13T09:22:08.754,NF,NIFTY13APR2624200CE,1.2,3.7,7.05,1.1,76.7,23262070,1.66,1.15,1250015,1.2,2140255,6249555
2026-04-13T09:22:10.372,NF,NIFTY13APR2624200CE,1.15,3.7,7.05,1.1,76.7,23282545,1.66,1.15,1245595,1.2,2123355,6249555
2026-04-13T09:22:12.179,NF,NIFTY13APR2624200CE,1.2,3.7,7.05,1.1,76.7,23323690,1.66,1.15,1297530,1.2,2098005,6249555
2026-04-13T09:22:13.770,NF,NIFTY13APR2624200CE,1.2,3.7,7.05,1.1,76.7,23329215,1.66,1.15,1292200,1.2,2094105,6249555
2026-04-13T09:22:15.374,NF,NIFTY13APR2624200CE,1.2,3.7,7.05,1.1,76.7,23375365,1.66,1.15,1324570,1.2,2085980,6249555
2026-04-13T09:22:17.160,NF,NIFTY13APR2624200CE,1.15,3.7,7.05,1.1,76.7,23431135,1.66,1.15,1399580,1.2,2165085,6249555
2026-04-13T09:22:18.764,NF,NIFTY13APR2624200CE,1.15,3.7,7.05,1.1,76.7,23451155,1.66,1.15,1310530,1.2,2165475,6249555
2026-04-13T09:22:20.371,NF,NIFTY13APR2624200CE,1.15,3.7,7.05,1.1,76.7,23466495,1.66,1.15,1292720,1.2,2162745,6249555
2026-04-13T09:22:22.186,NF,NIFTY13APR2624200CE,1.15,3.7,7.05,1.1,76.7,23509720,1.66,1.1,1610440,1.15,1043965,6249555
2026-04-13T09:22:23.776,NF,NIFTY13APR2624200CE,1.15,3.7,7.05,1.1,76.7,23518885,1.66,1.1,1613560,1.15,1094340,6249555
2026-04-13T09:22:25.376,NF,NIFTY13APR2624200CE,1.15,3.7,7.05,1.1,76.7,23528570,1.66,1.1,1625585,1.15,1092520,6249555
2026-04-13T09:22:27.178,NF,NIFTY13APR2624200CE,1.15,3.7,7.05,1.1,76.7,23629125,1.66,1.15,1184365,1.2,2212535,6249555
2026-04-13T09:22:28.782,NF,NIFTY13APR2624200CE,1.15,3.7,7.05,1.1,76.7,23643360,1.66,1.15,1153295,1.2,2232880,6249555
2026-04-13T09:22:30.383,NF,NIFTY13APR2624200CE,1.15,3.7,7.05,1.1,76.7,23695100,1.65,1.1,1666015,1.15,1336855,6249555
2026-04-13T09:22:32.186,NF,NIFTY13APR2624200CE,1.1,3.7,7.05,1.1,76.7,23826270,1.65,1.1,1561560,1.15,1291355,6249555
2026-04-13T09:22:33.792,NF,NIFTY13APR2624200CE,1.15,3.7,7.05,1.1,76.7,23875280,1.65,1.1,1506765,1.15,1289990,6249555
2026-04-13T09:22:35.393,NF,NIFTY13APR2624200CE,1.15,3.7,7.05,1.1,76.7,23879765,1.65,1.1,1514565,1.15,1307540,6249555
2026-04-13T09:22:37.196,NF,NIFTY13APR2624200CE,1.15,3.7,7.05,1.1,76.7,23888605,1.65,1.1,1598740,1.15,1299090,6249555
2026-04-13T09:22:38.811,NF,NIFTY13APR2624200CE,1.1,3.7,7.05,1.1,76.7,23893025,1.65,1.1,1582620,1.15,1300260,6249555
2026-04-13T09:22:40.399,NF,NIFTY13APR2624200CE,1.1,3.7,7.05,1.1,76.7,23894845,1.65,1.1,1580085,1.15,1304030,6249555
2026-04-13T09:22:42.005,NF,NIFTY13APR2624200CE,1.1,3.7,7.05,1.1,76.7,23911030,1.65,1.1,1489670,1.15,1300975,6249555
2026-04-13T09:22:43.823,NF,NIFTY13APR2624200CE,1.1,3.7,7.05,1.1,76.7,23916620,1.65,1.1,1493440,1.15,1297400,6249555
2026-04-13T09:22:45.409,NF,NIFTY13APR2624200CE,1.1,3.7,7.05,1.1,76.7,23923770,1.65,1.1,1485835,1.15,1291355,6249555
2026-04-13T09:22:47.014,NF,NIFTY13APR2624200CE,1.15,3.7,7.05,1.1,76.7,23936965,1.65,1.1,1477060,1.15,1294475,6249555
2026-04-13T09:22:48.824,NF,NIFTY13APR2624200CE,1.1,3.7,7.05,1.1,76.7,23950680,1.65,1.1,1466855,1.15,1288820,6249555
2026-04-13T09:22:50.420,NF,NIFTY13APR2624200CE,1.1,3.7,7.05,1.1,76.7,23956920,1.65,1.1,1466920,1.15,1289730,6249555
2026-04-13T09:22:52.038,NF,NIFTY13APR2624200CE,1.1,3.7,7.05,1.05,76.7,24096085,1.65,1.05,1465685,1.1,1161420,6249555
2026-04-13T09:22:53.823,NF,NIFTY13APR2624200CE,1.05,3.7,7.05,1.05,76.7,24100765,1.65,1.05,1468025,1.1,1172730,6249555
2026-04-13T09:22:55.426,NF,NIFTY13APR2624200CE,1.1,3.7,7.05,1.05,76.7,24104535,1.65,1.05,1467310,1.1,1169025,6249555
2026-04-13T09:22:57.039,NF,NIFTY13APR2624200CE,1.05,3.7,7.05,1.05,76.7,24110645,1.65,1.05,1468415,1.1,1171235,6249555
2026-04-13T09:22:58.834,NF,NIFTY13APR2624200CE,1.1,3.7,7.05,1.05,76.7,24245455,1.64,1.1,1350440,1.15,1336595,6249555
2026-04-13T09:23:00.435,NF,NIFTY13APR2624200CE,1.15,3.7,7.05,1.05,76.7,24256635,1.64,1.1,1598870,1.15,1332370,6249555
2026-04-13T09:23:02.054,NF,NIFTY13APR2624200CE,1.15,3.7,7.05,1.05,76.7,24277630,1.64,1.1,1553370,1.15,1330485,6249555
2026-04-13T09:23:03.841,NF,NIFTY13APR2624200CE,1.1,3.7,7.05,1.05,76.7,24301940,1.64,1.1,1519440,1.15,1324245,6249555
2026-04-13T09:23:05.450,NF,NIFTY13APR2624200CE,1.15,3.7,7.05,1.05,76.7,24305255,1.64,1.1,1522365,1.15,1319240,6249555
2026-04-13T09:23:07.047,NF,NIFTY13APR2624200CE,1.15,3.7,7.05,1.05,76.7,24311235,1.64,1.1,1532245,1.15,1312220,6249555
2026-04-13T09:23:08.849,NF,NIFTY13APR2624200CE,1.1,3.7,7.05,1.05,76.7,24324170,1.64,1.1,1545700,1.15,1303705,6249555
2026-04-13T09:23:10.453,NF,NIFTY13APR2624200CE,1.1,3.7,7.05,1.05,76.7,24339120,1.64,1.1,1536990,1.15,1313325,6249555
2026-04-13T09:23:12.064,NF,NIFTY13APR2624200CE,1.15,3.7,7.05,1.05,76.7,24349650,1.64,1.1,1526785,1.15,1310205,6249555
2026-04-13T09:23:13.858,NF,NIFTY13APR2624200CE,1.1,3.7,7.05,1.05,76.7,24374350,1.64,1.1,1573325,1.15,1351740,6249555
2026-04-13T09:23:15.459,NF,NIFTY13APR2624200CE,1.1,3.7,7.05,1.05,76.7,24391640,1.64,1.1,1501240,1.15,1386190,6249555
2026-04-13T09:23:17.064,NF,NIFTY13APR2624200CE,1.15,3.7,7.05,1.05,76.7,24418550,1.64,1.1,1534000,1.15,1433640,6249555
2026-04-13T09:23:18.870,NF,NIFTY13APR2624200CE,1.1,3.7,7.05,1.05,76.7,24430770,1.64,1.1,1642550,1.15,1447095,6249555
2026-04-13T09:23:20.467,NF,NIFTY13APR2624200CE,1.1,3.7,7.05,1.05,76.7,24444875,1.64,1.1,1634035,1.15,1432925,6249555
2026-04-13T09:23:22.073,NF,NIFTY13APR2624200CE,1.15,3.7,7.05,1.05,76.7,24460215,1.64,1.1,1652495,1.15,1430260,6249555
2026-04-13T09:23:23.871,NF,NIFTY13APR2624200CE,1.15,3.7,7.05,1.05,76.7,24466130,1.64,1.1,1649050,1.15,1441375,6249555
2026-04-13T09:23:25.479,NF,NIFTY13APR2624200CE,1.1,3.7,7.05,1.05,76.7,24482445,1.64,1.1,1662050,1.15,1465490,6249555
2026-04-13T09:23:27.090,NF,NIFTY13APR2624200CE,1.15,3.7,7.05,1.05,76.7,24499410,1.64,1.1,1566240,1.15,1472380,6249555
2026-04-13T09:23:28.888,NF,NIFTY13APR2624200CE,1.1,3.7,7.05,1.05,76.7,24506300,1.64,1.1,1587950,1.15,1489475,6249555
2026-04-13T09:23:30.488,NF,NIFTY13APR2624200CE,1.1,3.7,7.05,1.05,76.7,24512995,1.64,1.1,1677455,1.15,1506960,6249555
2026-04-13T09:23:32.087,NF,NIFTY13APR2624200CE,1.15,3.7,7.05,1.05,76.7,24521120,1.64,1.1,1679340,1.15,1698775,6249555
2026-04-13T09:23:33.886,NF,NIFTY13APR2624200CE,1.15,3.7,7.05,1.05,76.7,24532625,1.64,1.1,1709045,1.15,1687205,6249555
2026-04-13T09:23:35.488,NF,NIFTY13APR2624200CE,1.15,3.7,7.05,1.05,76.7,24568050,1.64,1.1,1693445,1.15,1726270,6249555
2026-04-13T09:23:37.092,NF,NIFTY13APR2624200CE,1.1,3.7,7.05,1.05,76.7,24584495,1.63,1.1,1694875,1.15,1726595,6249555
2026-04-13T09:23:38.901,NF,NIFTY13APR2624200CE,1.15,3.7,7.05,1.05,76.7,24595545,1.63,1.1,1692340,1.15,1722825,6249555
2026-04-13T09:23:40.505,NF,NIFTY13APR2624200CE,1.15,3.7,7.05,1.05,76.7,24607960,1.63,1.1,1681680,1.15,1726920,6249555
2026-04-13T09:23:42.297,NF,NIFTY13APR2624200CE,1.15,3.7,7.05,1.05,76.7,24612380,1.63,1.1,1683110,1.15,1723410,6249555
2026-04-13T09:23:43.900,NF,NIFTY13APR2624200CE,1.15,3.7,7.05,1.05,76.7,24620570,1.63,1.1,1695720,1.15,1741155,6249555
2026-04-13T09:23:45.503,NF,NIFTY13APR2624200CE,1.15,3.7,7.05,1.05,76.7,24630710,1.63,1.1,1696890,1.15,1727245,6249555
2026-04-13T09:23:47.308,NF,NIFTY13APR2624200CE,1.15,3.7,7.05,1.05,76.7,24653980,1.63,1.1,1693705,1.15,1713725,6249555
2026-04-13T09:23:48.911,NF,NIFTY13APR2624200CE,1.15,3.7,7.05,1.05,76.7,24660285,1.63,1.1,1696955,1.15,1704820,6249555
2026-04-13T09:23:50.510,NF,NIFTY13APR2624200CE,1.1,3.7,7.05,1.05,76.7,24673155,1.63,1.1,1690715,1.15,1703910,6249555
2026-04-13T09:23:52.118,NF,NIFTY13APR2624200CE,1.1,3.7,7.05,1.05,76.7,24685960,1.63,1.1,1619215,1.15,1715675,6249555
2026-04-13T09:23:53.915,NF,NIFTY13APR2624200CE,1.15,3.7,7.05,1.05,76.7,24690510,1.63,1.1,1627275,1.15,1731860,6249555
2026-04-13T09:23:55.522,NF,NIFTY13APR2624200CE,1.1,3.7,7.05,1.05,76.7,24696035,1.63,1.1,1617590,1.15,1729975,6249555
2026-04-13T09:23:57.121,NF,NIFTY13APR2624200CE,1.15,3.7,7.05,1.05,76.7,24706045,1.63,1.1,1634035,1.15,1727050,6249555
2026-04-13T09:23:58.724,NF,NIFTY13APR2624200CE,1.15,3.7,7.05,1.05,76.7,24735230,1.63,1.1,1735045,1.15,1714375,6249555
2026-04-13T09:24:00.524,NF,NIFTY13APR2624200CE,1.15,3.7,7.05,1.05,76.7,24768250,1.63,1.1,1726075,1.15,1700725,6249555
2026-04-13T09:24:02.128,NF,NIFTY13APR2624200CE,1.15,3.7,7.05,1.05,76.7,24805950,1.63,1.1,1749995,1.15,1661595,6249555
2026-04-13T09:24:03.731,NF,NIFTY13APR2624200CE,1.1,3.7,7.05,1.05,76.7,24817390,1.63,1.1,1757600,1.15,1682785,6249555
2026-04-13T09:24:05.546,NF,NIFTY13APR2624200CE,1.1,3.7,7.05,1.05,76.7,24822850,1.63,1.1,1746745,1.15,1681810,6249555
2026-04-13T09:24:07.136,NF,NIFTY13APR2624200CE,1.2,3.7,7.05,1.05,76.7,24934715,1.63,1.15,1612390,1.2,2301715,6249555
2026-04-13T09:24:08.738,NF,NIFTY13APR2624200CE,1.15,3.7,7.05,1.05,76.7,24941020,1.63,1.15,1580410,1.2,2111070,6249555
2026-04-13T09:24:10.541,NF,NIFTY13APR2624200CE,1.2,3.7,7.05,1.05,76.7,24948560,1.63,1.15,1574170,1.2,2096445,6249555
2026-04-13T09:24:12.148,NF,NIFTY13APR2624200CE,1.2,3.7,7.05,1.05,76.7,24998025,1.63,1.15,1671605,1.2,2105415,6249555
2026-04-13T09:24:13.748,NF,NIFTY13APR2624200CE,1.15,3.7,7.05,1.05,76.7,25006345,1.63,1.15,1579045,1.2,2134275,6249555
2026-04-13T09:24:15.545,NF,NIFTY13APR2624200CE,1.2,3.7,7.05,1.05,76.7,25029745,1.63,1.15,1559935,1.2,2132585,6249555
2026-04-13T09:24:17.155,NF,NIFTY13APR2624200CE,1.2,3.7,7.05,1.05,76.7,25048075,1.63,1.15,1638520,1.2,2111785,6249555
2026-04-13T09:24:18.752,NF,NIFTY13APR2624200CE,1.15,3.7,7.05,1.05,76.7,25049310,1.63,1.15,1557725,1.2,2110615,6249555
2026-04-13T09:24:20.553,NF,NIFTY13APR2624200CE,1.2,3.7,7.05,1.05,76.7,25067445,1.63,1.15,1609660,1.2,1951170,6249555
2026-04-13T09:24:22.154,NF,NIFTY13APR2624200CE,1.2,3.7,7.05,1.05,76.7,25080900,1.63,1.15,1567280,1.2,1998685,6249555
2026-04-13T09:24:23.757,NF,NIFTY13APR2624200CE,1.2,3.7,7.05,1.05,76.7,25095200,1.62,1.15,1564355,1.2,2006290,6249555
2026-04-13T09:24:25.559,NF,NIFTY13APR2624200CE,1.15,3.7,7.05,1.05,76.7,25115610,1.62,1.15,1650350,1.2,2002390,6249555
2026-04-13T09:24:27.165,NF,NIFTY13APR2624200CE,1.2,3.7,7.05,1.05,76.7,25139660,1.62,1.15,1550445,1.2,2001610,6249555
2026-04-13T09:24:28.775,NF,NIFTY13APR2624200CE,1.15,3.7,7.05,1.05,76.7,25145705,1.62,1.15,1574495,1.2,1997385,6249555
2026-04-13T09:24:30.566,NF,NIFTY13APR2624200CE,1.2,3.7,7.05,1.05,76.7,25157860,1.62,1.15,1649245,1.2,1441895,6249555
2026-04-13T09:24:32.168,NF,NIFTY13APR2624200CE,1.15,3.7,7.05,1.05,76.7,25166050,1.62,1.15,1644630,1.2,1437020,6249555
2026-04-13T09:24:33.777,NF,NIFTY13APR2624200CE,1.15,3.7,7.05,1.05,76.7,25175800,1.62,1.15,1556945,1.2,1451125,6249555
2026-04-13T09:24:35.574,NF,NIFTY13APR2624200CE,1.15,3.7,7.05,1.05,76.7,25183470,1.62,1.15,1552330,1.2,1454440,6249555
2026-04-13T09:24:37.182,NF,NIFTY13APR2624200CE,1.15,3.7,7.05,1.05,76.7,25200955,1.62,1.15,1565330,1.2,1442805,6249555
2026-04-13T09:24:38.981,NF,NIFTY13APR2624200CE,1.15,3.7,7.05,1.05,76.7,25208950,1.62,1.15,1559285,1.2,1448525,6249555
2026-04-13T09:24:40.592,NF,NIFTY13APR2624200CE,1.15,3.7,7.05,1.05,76.7,25425335,1.62,1.1,1863615,1.15,1252810,6249555
2026-04-13T09:24:42.187,NF,NIFTY13APR2624200CE,1.1,3.7,7.05,1.05,76.7,25441910,1.62,1.1,1875380,1.15,1295190,6249555
2026-04-13T09:24:43.986,NF,NIFTY13APR2624200CE,1.1,3.7,7.05,1.05,76.7,25454975,1.62,1.1,1861990,1.15,1285960,6249555
2026-04-13T09:24:45.594,NF,NIFTY13APR2624200CE,1.15,3.7,7.05,1.05,76.7,25461735,1.62,1.1,1853410,1.15,1283360,6249555
2026-04-13T09:24:47.194,NF,NIFTY13APR2624200CE,1.1,3.7,7.05,1.05,76.7,25465505,1.62,1.1,1859390,1.15,1280110,6249555
2026-04-13T09:24:48.994,NF,NIFTY13APR2624200CE,1.1,3.7,7.05,1.05,76.7,25474605,1.62,1.1,1759095,1.15,1280175,6249555
2026-04-13T09:24:50.599,NF,NIFTY13APR2624200CE,1.15,3.7,7.05,1.05,76.7,25482015,1.62,1.1,1838265,1.15,1281800,6249555
2026-04-13T09:24:52.198,NF,NIFTY13APR2624200CE,1.15,3.7,7.05,1.05,76.7,25489945,1.62,1.1,1831440,1.15,1293500,6249555
2026-04-13T09:24:53.801,NF,NIFTY13APR2624200CE,1.1,3.7,7.05,1.05,76.7,25497160,1.62,1.1,1823965,1.15,1308515,6249555
2026-04-13T09:24:55.605,NF,NIFTY13APR2624200CE,1.1,3.7,7.05,1.05,76.7,25506065,1.62,1.1,1829035,1.15,1301300,6249555
2026-04-13T09:24:57.207,NF,NIFTY13APR2624200CE,1.15,3.7,7.05,1.05,76.7,25519325,1.62,1.1,1830465,1.15,1303705,6249555
2026-04-13T09:24:58.820,NF,NIFTY13APR2624200CE,1.15,3.7,7.05,1.05,76.7,25524590,1.62,1.1,1825655,1.15,1305460,6249555
2026-04-13T09:25:00.611,NF,NIFTY13APR2624200CE,1.1,3.7,7.05,1.05,76.7,25570415,1.62,1.1,1816490,1.15,1280695,6249555
2026-04-13T09:25:02.216,NF,NIFTY13APR2624200CE,1.15,3.7,7.05,1.05,76.7,25576655,1.62,1.1,1809080,1.15,1287130,6249555
2026-04-13T09:25:03.823,NF,NIFTY13APR2624200CE,1.15,3.7,7.05,1.05,76.7,25581985,1.62,1.1,1809925,1.15,1279135,6249555
2026-04-13T09:25:05.621,NF,NIFTY13APR2624200CE,1.1,3.7,7.05,1.05,76.7,25594465,1.62,1.1,1717690,1.15,1278225,6249555
2026-04-13T09:25:07.224,NF,NIFTY13APR2624200CE,1.1,3.7,7.05,1.05,76.7,25617735,1.62,1.1,1807260,1.15,1033370,6249555
2026-04-13T09:25:08.838,NF,NIFTY13APR2624200CE,1.15,3.7,7.05,1.05,76.7,25622805,1.61,1.1,1801735,1.15,1123720,6474195
2026-04-13T09:25:10.630,NF,NIFTY13APR2624200CE,1.15,3.7,7.05,1.05,76.7,25638470,1.61,1.1,1795105,1.15,1167205,6474195
2026-04-13T09:25:12.286,NF,NIFTY13APR2624200CE,1.15,3.7,7.05,1.05,76.7,25647245,1.61,1.1,1800565,1.15,1164085,6474195
2026-04-13T09:25:13.912,NF,NIFTY13APR2624200CE,1.15,3.7,7.05,1.05,76.7,25652185,1.61,1.1,1715805,1.15,1162785,6474195
2026-04-13T09:25:17.241,NF,NIFTY13APR2624200CE,1.15,3.7,7.05,1.05,76.7,25685075,1.61,1.1,1753245,1.15,1161680,6474195
2026-04-13T09:25:18.846,NF,NIFTY13APR2624200CE,1.1,3.7,7.05,1.05,76.7,25719330,1.61,1.1,1818830,1.15,1116895,6474195
2026-04-13T09:25:20.661,NF,NIFTY13APR2624200CE,1.15,3.7,7.05,1.05,76.7,25827425,1.61,1.15,1284985,1.2,1429675,6474195
2026-04-13T09:25:22.254,NF,NIFTY13APR2624200CE,1.2,3.7,7.05,1.05,76.7,25839775,1.61,1.15,1246115,1.2,1433185,6474195
2026-04-13T09:25:23.856,NF,NIFTY13APR2624200CE,1.15,3.7,7.05,1.05,76.7,25847250,1.61,1.15,1249430,1.2,1327950,6474195
2026-04-13T09:25:25.653,NF,NIFTY13APR2624200CE,1.15,3.7,7.05,1.05,76.7,25881115,1.61,1.15,1227915,1.2,1315730,6474195
2026-04-13T09:25:27.257,NF,NIFTY13APR2624200CE,1.2,3.7,7.05,1.05,76.7,25890930,1.61,1.15,1222065,1.2,1318135,6474195
2026-04-13T09:25:28.860,NF,NIFTY13APR2624200CE,1.2,3.7,7.05,1.05,76.7,25895025,1.61,1.15,1215110,1.2,1329380,6474195
2026-04-13T09:25:30.664,NF,NIFTY13APR2624200CE,1.2,3.7,7.05,1.05,76.7,25899510,1.61,1.15,1308905,1.2,1335490,6474195
2026-04-13T09:25:32.270,NF,NIFTY13APR2624200CE,1.15,3.7,7.05,1.05,76.7,25908350,1.61,1.15,1305590,1.2,1344525,6474195
2026-04-13T09:25:33.869,NF,NIFTY13APR2624200CE,1.15,3.7,7.05,1.05,76.7,25923625,1.61,1.15,1240005,1.2,1342250,6474195
2026-04-13T09:25:35.671,NF,NIFTY13APR2624200CE,1.2,3.7,7.05,1.05,76.7,25947805,1.61,1.15,1280695,1.2,1352390,6474195
2026-04-13T09:25:37.277,NF,NIFTY13APR2624200CE,1.15,3.7,7.05,1.05,76.7,25958270,1.61,1.15,1461460,1.2,1343745,6474195
2026-04-13T09:25:37.474,NF,NIFTY13APR2624200CE,1.2,3.7,7.05,1.05,76.7,25958660,1.61,1.15,1617460,1.2,1338805,6474195
2026-04-13T09:25:39.278,NF,NIFTY13APR2624200CE,1.15,3.7,7.05,1.05,76.7,25977510,1.61,1.15,1809340,1.2,1321775,6474195
2026-04-13T09:25:40.878,NF,NIFTY13APR2624200CE,1.2,3.7,7.05,1.05,76.7,25997075,1.61,1.15,1616680,1.2,1316315,6474195
2026-04-13T09:25:42.483,NF,NIFTY13APR2624200CE,1.15,3.7,7.05,1.05,76.7,26002535,1.61,1.15,1531920,1.2,1310595,6474195
2026-04-13T09:25:44.286,NF,NIFTY13APR2624200CE,1.15,3.7,7.05,1.05,76.7,26018655,1.61,1.15,1528150,1.2,1261065,6474195
2026-04-13T09:25:45.885,NF,NIFTY13APR2624200CE,1.15,3.7,7.05,1.05,76.7,26034580,1.61,1.15,1525550,1.2,1248260,6474195
2026-04-13T09:25:47.490,NF,NIFTY13APR2624200CE,1.2,3.7,7.05,1.05,76.7,26042900,1.61,1.15,1513525,1.2,1249170,6474195
2026-04-13T09:25:49.291,NF,NIFTY13APR2624200CE,1.15,3.7,7.05,1.05,76.7,26065585,1.61,1.15,1511965,1.2,1244685,6474195
2026-04-13T09:25:50.894,NF,NIFTY13APR2624200CE,1.2,3.7,7.05,1.05,76.7,26071045,1.61,1.15,1605890,1.2,1246960,6474195
2026-04-13T09:25:52.499,NF,NIFTY13APR2624200CE,1.2,3.7,7.05,1.05,76.7,26098345,1.61,1.15,1583335,1.2,1246765,6474195
2026-04-13T09:25:54.299,NF,NIFTY13APR2624200CE,1.15,3.7,7.05,1.05,76.7,26134875,1.61,1.15,1555710,1.2,1258010,6474195
2026-04-13T09:25:55.903,NF,NIFTY13APR2624200CE,1.2,3.7,7.05,1.05,76.7,26153270,1.61,1.15,1562340,1.2,1253785,6474195
2026-04-13T09:25:57.507,NF,NIFTY13APR2624200CE,1.2,3.7,7.05,1.05,76.7,26162305,1.61,1.15,1574105,1.2,1248520,6474195
2026-04-13T09:25:59.313,NF,NIFTY13APR2624200CE,1.2,3.7,7.05,1.05,76.7,26169065,1.61,1.15,1573325,1.2,1253720,6474195
2026-04-13T09:26:00.912,NF,NIFTY13APR2624200CE,1.2,3.7,7.05,1.05,76.7,26192725,1.6,1.15,1595750,1.2,1241240,6474195
2026-04-13T09:26:02.516,NF,NIFTY13APR2624200CE,1.2,3.7,7.05,1.05,76.7,26219700,1.6,1.15,1609270,1.2,1238315,6474195
2026-04-13T09:26:04.329,NF,NIFTY13APR2624200CE,1.2,3.7,7.05,1.05,76.7,26234065,1.6,1.15,1622335,1.2,1250015,6474195
2026-04-13T09:26:05.927,NF,NIFTY13APR2624200CE,1.15,3.7,7.05,1.05,76.7,26250250,1.6,1.15,1515540,1.2,1250080,6474195
2026-04-13T09:26:07.523,NF,NIFTY13APR2624200CE,1.2,3.7,7.05,1.05,76.7,26254475,1.6,1.15,1503905,1.2,1243060,6474195
2026-04-13T09:26:09.325,NF,NIFTY13APR2624200CE,1.15,3.7,7.05,1.05,76.7,26285870,1.6,1.15,1491555,1.2,1228305,6474195
2026-04-13T09:26:10.927,NF,NIFTY13APR2624200CE,1.15,3.7,7.05,1.05,76.7,26304980,1.6,1.15,1569685,1.2,1215630,6474195
2026-04-13T09:26:12.543,NF,NIFTY13APR2624200CE,1.15,3.7,7.05,1.05,76.7,26322205,1.6,1.15,1471665,1.2,1216215,6474195
2026-04-13T09:26:14.334,NF,NIFTY13APR2624200CE,1.2,3.7,7.05,1.05,76.7,26329095,1.6,1.15,1472445,1.2,1212120,6474195
2026-04-13T09:26:15.944,NF,NIFTY13APR2624200CE,1.15,3.7,7.05,1.05,76.7,26342095,1.6,1.15,1453075,1.2,1217190,6474195
2026-04-13T09:26:17.539,NF,NIFTY13APR2624200CE,1.15,3.7,7.05,1.05,76.7,26358345,1.6,1.15,1517945,1.2,1214785,6474195
2026-04-13T09:26:19.365,NF,NIFTY13APR2624200CE,1.2,3.7,7.05,1.05,76.7,26384020,1.6,1.15,1515540,1.2,1194570,6474195
2026-04-13T09:26:20.944,NF,NIFTY13APR2624200CE,1.2,3.7,7.05,1.05,76.7,26408980,1.6,1.15,1509690,1.2,1186185,6474195
2026-04-13T09:26:22.562,NF,NIFTY13APR2624200CE,1.15,3.7,7.05,1.05,76.7,26419250,1.6,1.15,1495975,1.2,1184690,6474195
2026-04-13T09:26:24.348,NF,NIFTY13APR2624200CE,1.15,3.7,7.05,1.05,76.7,26426790,1.6,1.15,1504100,1.2,1181505,6474195
2026-04-13T09:26:25.950,NF,NIFTY13APR2624200CE,1.15,3.7,7.05,1.05,76.7,26439010,1.6,1.15,1499550,1.2,1174420,6474195
2026-04-13T09:26:27.555,NF,NIFTY13APR2624200CE,1.2,3.7,7.05,1.05,76.7,26451035,1.6,1.15,1499875,1.2,1172080,6474195
2026-04-13T09:26:29.162,NF,NIFTY13APR2624200CE,1.2,3.7,7.05,1.05,76.7,26467155,1.6,1.15,1409135,1.2,1169025,6474195
2026-04-13T09:26:30.960,NF,NIFTY13APR2624200CE,1.15,3.7,7.05,1.05,76.7,26482235,1.6,1.15,1408550,1.2,1166750,6474195
2026-04-13T09:26:32.562,NF,NIFTY13APR2624200CE,1.2,3.7,7.05,1.05,76.7,26541385,1.6,1.15,1369095,1.2,1183910,6474195
2026-04-13T09:26:34.166,NF,NIFTY13APR2624200CE,1.15,3.7,7.05,1.05,76.7,26554580,1.6,1.15,1344590,1.2,1207050,6474195
2026-04-13T09:26:35.966,NF,NIFTY13APR2624200CE,1.2,3.7,7.05,1.05,76.7,26576550,1.6,1.15,1424215,1.2,1222845,6474195
2026-04-13T09:26:37.571,NF,NIFTY13APR2624200CE,1.15,3.7,7.05,1.05,76.7,26591370,1.6,1.15,1333150,1.2,1246895,6474195
2026-04-13T09:26:39.186,NF,NIFTY13APR2624200CE,1.15,3.7,7.05,1.05,76.7,26602550,1.6,1.15,1326520,1.2,1267695,6474195
2026-04-13T09:26:40.983,NF,NIFTY13APR2624200CE,1.2,3.7,7.05,1.05,76.7,26621530,1.6,1.15,1325870,1.2,1251835,6474195
2026-04-13T09:26:42.586,NF,NIFTY13APR2624200CE,1.15,3.7,7.05,1.05,76.7,26626145,1.6,1.15,1325805,1.2,1280305,6474195
2026-04-13T09:26:44.195,NF,NIFTY13APR2624200CE,1.15,3.7,7.05,1.05,76.7,26630825,1.6,1.15,1322230,1.2,1278550,6474195
2026-04-13T09:26:45.983,NF,NIFTY13APR2624200CE,1.15,3.7,7.05,1.05,76.7,26664170,1.6,1.15,1293110,1.2,1303250,6474195
2026-04-13T09:26:47.599,NF,NIFTY13APR2624200CE,1.2,3.7,7.05,1.05,76.7,26673205,1.6,1.15,1284595,1.2,1315665,6474195
2026-04-13T09:26:49.191,NF,NIFTY13APR2624200CE,1.15,3.7,7.05,1.05,76.7,26677625,1.6,1.15,1285505,1.2,1323270,6474195
2026-04-13T09:26:50.997,NF,NIFTY13APR2624200CE,1.15,3.7,7.05,1.05,76.7,26696800,1.6,1.15,1249625,1.2,1413750,6474195
2026-04-13T09:26:52.594,NF,NIFTY13APR2624200CE,1.15,3.7,7.05,1.05,76.7,26711295,1.6,1.15,1304810,1.2,1431365,6474195
2026-04-13T09:26:54.202,NF,NIFTY13APR2624200CE,1.15,3.7,7.05,1.05,76.7,26722930,1.6,1.15,1265485,1.2,1471730,6474195
2026-04-13T09:26:56.009,NF,NIFTY13APR2624200CE,1.15,3.7,7.05,1.05,76.7,26742885,1.6,1.15,1316835,1.2,1466010,6474195
2026-04-13T09:26:57.604,NF,NIFTY13APR2624200CE,1.15,3.7,7.05,1.05,76.7,26754585,1.6,1.15,1302340,1.2,1464645,6474195
2026-04-13T09:26:59.207,NF,NIFTY13APR2624200CE,1.2,3.7,7.05,1.05,76.7,26770120,1.6,1.15,1284790,1.2,1464515,6474195
2026-04-13T09:27:01.008,NF,NIFTY13APR2624200CE,1.15,3.7,7.05,1.05,76.7,26808860,1.59,1.15,1311050,1.2,1507090,6474195
2026-04-13T09:27:02.622,NF,NIFTY13APR2624200CE,1.15,3.7,7.05,1.05,76.7,26824070,1.59,1.15,1341665,1.2,1480050,6474195
2026-04-13T09:27:04.220,NF,NIFTY13APR2624200CE,1.2,3.7,7.05,1.05,76.7,26835640,1.59,1.15,1394705,1.2,1476865,6474195
2026-04-13T09:27:06.018,NF,NIFTY13APR2624200CE,1.2,3.7,7.05,1.05,76.7,26873925,1.59,1.15,1502865,1.2,1463475,6474195
2026-04-13T09:27:07.620,NF,NIFTY13APR2624200CE,1.15,3.7,7.05,1.05,76.7,26878735,1.59,1.15,1533220,1.2,1477385,6474195
2026-04-13T09:27:09.228,NF,NIFTY13APR2624200CE,1.2,3.7,7.05,1.05,76.7,26882830,1.59,1.15,1550120,1.2,1481285,6474195
2026-04-13T09:27:11.025,NF,NIFTY13APR2624200CE,1.2,3.7,7.05,1.05,76.7,26926445,1.59,1.15,1572675,1.2,1472120,6474195
2026-04-13T09:27:12.629,NF,NIFTY13APR2624200CE,1.2,3.7,7.05,1.05,76.7,26930475,1.59,1.15,1571440,1.2,1476345,6474195
2026-04-13T09:27:14.232,NF,NIFTY13APR2624200CE,1.2,3.7,7.05,1.05,76.7,26949455,1.59,1.15,1611870,1.2,1499550,6474195
2026-04-13T09:27:16.034,NF,NIFTY13APR2624200CE,1.2,3.7,7.05,1.05,76.7,26956345,1.59,1.15,1603745,1.2,1500460,6474195
2026-04-13T09:27:17.647,NF,NIFTY13APR2624200CE,1.2,3.7,7.05,1.05,76.7,26979875,1.59,1.15,1681745,1.2,1492465,6474195
2026-04-13T09:27:19.246,NF,NIFTY13APR2624200CE,1.2,3.7,7.05,1.05,76.7,26998790,1.59,1.15,1668875,1.2,1486550,6474195
2026-04-13T09:27:21.042,NF,NIFTY13APR2624200CE,1.2,3.7,7.05,1.05,76.7,27015625,1.59,1.15,1663740,1.2,1473875,6474195
2026-04-13T09:27:22.647,NF,NIFTY13APR2624200CE,1.2,3.7,7.05,1.05,76.7,27038505,1.59,1.15,1561365,1.2,1512485,6474195
2026-04-13T09:27:24.248,NF,NIFTY13APR2624200CE,1.2,3.7,7.05,1.05,76.7,27046305,1.59,1.15,1588405,1.2,1527760,6474195
2026-04-13T09:27:26.048,NF,NIFTY13APR2624200CE,1.15,3.7,7.05,1.05,76.7,27057160,1.59,1.15,1643525,1.2,1525290,6474195
2026-04-13T09:27:27.653,NF,NIFTY13APR2624200CE,1.2,3.7,7.05,1.05,76.7,27064830,1.59,1.15,1660490,1.2,1564225,6474195
2026-04-13T09:27:29.265,NF,NIFTY13APR2624200CE,1.15,3.7,7.05,1.05,76.7,27068405,1.59,1.15,1659710,1.2,1571830,6474195
2026-04-13T09:27:31.055,NF,NIFTY13APR2624200CE,1.15,3.7,7.05,1.05,76.7,27088100,1.59,1.15,1567800,1.2,1586000,6474195
2026-04-13T09:27:32.660,NF,NIFTY13APR2624200CE,1.2,3.7,7.05,1.05,76.7,27095705,1.59,1.15,1585545,1.2,1596855,6474195
2026-04-13T09:27:34.268,NF,NIFTY13APR2624200CE,1.2,3.7,7.05,1.05,76.7,27112800,1.59,1.15,1632345,1.2,1597700,6474195
2026-04-13T09:27:36.063,NF,NIFTY13APR2624200CE,1.15,3.7,7.05,1.05,76.7,27129375,1.59,1.15,1638780,1.2,1590355,6474195
2026-04-13T09:27:37.466,NF,NIFTY13APR2624200CE,1.15,3.7,7.05,1.05,76.7,27140815,1.59,1.15,1642550,1.2,1579955,6474195
2026-04-13T09:27:39.073,NF,NIFTY13APR2624200CE,1.2,3.7,7.05,1.05,76.7,27141660,1.59,1.15,1640275,1.2,1579695,6474195
2026-04-13T09:27:40.877,NF,NIFTY13APR2624200CE,1.15,3.7,7.05,1.05,76.7,27153295,1.59,1.15,1644045,1.2,1577225,6474195
2026-04-13T09:27:42.489,NF,NIFTY13APR2624200CE,1.2,3.7,7.05,1.05,76.7,27177020,1.59,1.15,1636050,1.2,1562340,6474195
2026-04-13T09:27:44.084,NF,NIFTY13APR2624200CE,1.2,3.7,7.05,1.05,76.7,27198665,1.59,1.15,1638000,1.2,1493245,6474195
2026-04-13T09:27:45.881,NF,NIFTY13APR2624200CE,1.2,3.7,7.05,1.05,76.7,27237080,1.59,1.15,1647100,1.2,1510990,6474195
2026-04-13T09:27:47.487,NF,NIFTY13APR2624200CE,1.2,3.7,7.05,1.05,76.7,27258530,1.59,1.15,1663675,1.2,1505660,6474195
2026-04-13T09:27:49.088,NF,NIFTY13APR2624200CE,1.15,3.7,7.05,1.05,76.7,27263405,1.59,1.15,1687530,1.2,1551550,6474195
2026-04-13T09:27:50.885,NF,NIFTY13APR2624200CE,1.2,3.7,7.05,1.05,76.7,27281735,1.59,1.15,1681810,1.2,1556035,6474195
2026-04-13T09:27:52.490,NF,NIFTY13APR2624200CE,1.15,3.7,7.05,1.05,76.7,27284205,1.59,1.15,1696760,1.2,1554215,6474195
2026-04-13T09:27:54.092,NF,NIFTY13APR2624200CE,1.2,3.7,7.05,1.05,76.7,27292980,1.59,1.15,1697670,1.2,1543035,6474195
2026-04-13T09:27:55.894,NF,NIFTY13APR2624200CE,1.15,3.7,7.05,1.05,76.7,27301950,1.59,1.15,1722565,1.2,1552200,6474195
2026-04-13T09:27:57.542,NF,NIFTY13APR2624200CE,1.2,3.7,7.05,1.05,76.7,27306955,1.59,1.15,1718925,1.2,1552460,6474195
2026-04-13T09:27:59.100,NF,NIFTY13APR2624200CE,1.15,3.7,7.05,1.05,76.7,27316575,1.59,1.15,1716780,1.2,1552655,6474195
2026-04-13T09:28:00.902,NF,NIFTY13APR2624200CE,1.15,3.7,7.05,1.05,76.7,27381640,1.59,1.15,1744925,1.2,1515475,6474195
2026-04-13T09:28:02.506,NF,NIFTY13APR2624200CE,1.2,3.7,7.05,1.05,76.7,27400685,1.59,1.15,1750905,1.2,1205620,6474195
2026-04-13T09:28:04.108,NF,NIFTY13APR2624200CE,1.15,3.7,7.05,1.05,76.7,27403675,1.59,1.15,1764490,1.2,1526395,6474195
2026-04-13T09:28:05.909,NF,NIFTY13APR2624200CE,1.15,3.7,7.05,1.05,76.7,27451840,1.59,1.15,1666340,1.2,1524250,6474195
2026-04-13T09:28:07.516,NF,NIFTY13APR2624200CE,1.2,3.7,7.05,1.05,76.7,27485640,1.58,1.15,1771445,1.2,1515085,6474195
2026-04-13T09:28:09.116,NF,NIFTY13APR2624200CE,1.15,3.7,7.05,1.05,76.7,27508910,1.58,1.15,1673230,1.2,1528345,6834230
2026-04-13T09:28:10.918,NF,NIFTY13APR2624200CE,1.15,3.7,7.05,1.05,76.7,27520870,1.58,1.15,1767415,1.2,1522365,6834230
2026-04-13T09:28:12.521,NF,NIFTY13APR2624200CE,1.15,3.7,7.05,1.05,76.7,27532635,1.58,1.15,1678950,1.2,1519310,6834230
2026-04-13T09:28:14.124,NF,NIFTY13APR2624200CE,1.2,3.7,7.05,1.05,76.7,27549600,1.58,1.15,1657110,1.2,1488370,6834230
2026-04-13T09:28:15.949,NF,NIFTY13APR2624200CE,1.15,3.7,7.05,1.05,76.7,27570335,1.58,1.15,1641055,1.2,1490645,6834230
2026-04-13T09:28:17.526,NF,NIFTY13APR2624200CE,1.2,3.7,7.05,1.05,76.7,27593150,1.58,1.15,1754155,1.2,1365975,6834230
2026-04-13T09:28:19.137,NF,NIFTY13APR2624200CE,1.15,3.7,7.05,1.05,76.7,27610375,1.58,1.15,1686035,1.2,1484405,6834230
2026-04-13T09:28:20.734,NF,NIFTY13APR2624200CE,1.2,3.7,7.05,1.05,76.7,27614600,1.58,1.15,1673165,1.2,1487265,6834230
2026-04-13T09:28:22.540,NF,NIFTY13APR2624200CE,1.15,3.7,7.05,1.05,76.7,27628510,1.58,1.15,1671215,1.2,1592435,6834230
2026-04-13T09:28:24.139,NF,NIFTY13APR2624200CE,1.2,3.7,7.05,1.05,76.7,27638130,1.58,1.15,1675440,1.2,1583465,6834230
2026-04-13T09:28:25.746,NF,NIFTY13APR2624200CE,1.15,3.7,7.05,1.05,76.7,27649505,1.58,1.15,1664455,1.2,1584765,6834230
2026-04-13T09:28:27.542,NF,NIFTY13APR2624200CE,1.2,3.7,7.05,1.05,76.7,27658020,1.58,1.15,1749930,1.2,1578980,6834230
2026-04-13T09:28:29.146,NF,NIFTY13APR2624200CE,1.15,3.7,7.05,1.05,76.7,27701440,1.58,1.15,1615380,1.2,1580215,6834230
2026-04-13T09:28:30.750,NF,NIFTY13APR2624200CE,1.15,3.7,7.05,1.05,76.7,27716715,1.58,1.15,1653860,1.2,1581255,6834230
2026-04-13T09:28:32.551,NF,NIFTY13APR2624200CE,1.2,3.7,7.05,1.05,76.7,27780285,1.58,1.15,1695395,1.2,1534065,6834230
2026-04-13T09:28:34.160,NF,NIFTY13APR2624200CE,1.15,3.7,7.05,1.05,76.7,27782885,1.58,1.15,1690845,1.2,1540955,6834230
2026-04-13T09:28:35.757,NF,NIFTY13APR2624200CE,1.15,3.7,7.05,1.05,76.7,27792765,1.58,1.15,1682395,1.2,1549080,6834230
2026-04-13T09:28:38.766,NF,NIFTY13APR2624200CE,1.2,3.7,7.05,1.05,76.7,27805440,1.58,1.15,1676285,1.2,1552590,6834230
2026-04-13T09:28:40.563,NF,NIFTY13APR2624200CE,1.2,3.7,7.05,1.05,76.7,27817205,1.58,1.15,1595035,1.2,1565720,6834230
2026-04-13T09:28:42.166,NF,NIFTY13APR2624200CE,1.15,3.7,7.05,1.05,76.7,27827735,1.58,1.15,1531985,1.2,1564355,6834230
2026-04-13T09:28:43.771,NF,NIFTY13APR2624200CE,1.2,3.7,7.05,1.05,76.7,27832610,1.58,1.15,1532960,1.2,1577810,6834230
2026-04-13T09:28:45.572,NF,NIFTY13APR2624200CE,1.2,3.7,7.05,1.05,76.7,27837550,1.58,1.15,1551550,1.2,1572090,6834230
2026-04-13T09:28:47.182,NF,NIFTY13APR2624200CE,1.15,3.7,7.05,1.05,76.7,27859455,1.58,1.15,1557335,1.2,1580605,6834230
2026-04-13T09:28:48.779,NF,NIFTY13APR2624200CE,1.15,3.7,7.05,1.05,76.7,27861795,1.58,1.15,1561495,1.2,1582750,6834230
2026-04-13T09:28:50.581,NF,NIFTY13APR2624200CE,1.15,3.7,7.05,1.05,76.7,27886430,1.58,1.15,1526915,1.2,1577355,6834230
2026-04-13T09:28:52.184,NF,NIFTY13APR2624200CE,1.15,3.7,7.05,1.05,76.7,27892735,1.58,1.15,1530880,1.2,1567540,6834230
2026-04-13T09:28:53.794,NF,NIFTY13APR2624200CE,1.2,3.7,7.05,1.05,76.7,27895530,1.58,1.15,1534000,1.2,1571245,6834230
2026-04-13T09:28:55.588,NF,NIFTY13APR2624200CE,1.2,3.7,7.05,1.05,76.7,27907490,1.58,1.15,1607190,1.2,1567020,6834230
2026-04-13T09:28:57.192,NF,NIFTY13APR2624200CE,1.15,3.7,7.05,1.05,76.7,27909830,1.58,1.15,1606865,1.2,1563185,6834230
2026-04-13T09:28:58.800,NF,NIFTY13APR2624200CE,1.15,3.7,7.05,1.05,76.7,27911845,1.58,1.15,1604850,1.2,1561235,6834230
2026-04-13T09:29:00.601,NF,NIFTY13APR2624200CE,1.15,3.7,7.05,1.05,76.7,27921400,1.58,1.15,1600755,1.2,1559740,6834230
2026-04-13T09:29:02.203,NF,NIFTY13APR2624200CE,1.15,3.7,7.05,1.05,76.7,27932125,1.58,1.15,1590225,1.2,1554085,6834230
2026-04-13T09:29:03.806,NF,NIFTY13APR2624200CE,1.2,3.7,7.05,1.05,76.7,27934140,1.58,1.15,1587430,1.2,1557270,6834230
2026-04-13T09:29:05.612,NF,NIFTY13APR2624200CE,1.2,3.7,7.05,1.05,76.7,27945255,1.58,1.15,1494415,1.2,1556230,6834230
2026-04-13T09:29:07.215,NF,NIFTY13APR2624200CE,1.15,3.7,7.05,1.05,76.7,27947790,1.58,1.15,1491945,1.2,1555255,6834230
2026-04-13T09:29:08.825,NF,NIFTY13APR2624200CE,1.2,3.7,7.05,1.05,76.7,27965795,1.58,1.15,1473940,1.2,1554020,6834230
2026-04-13T09:29:10.646,NF,NIFTY13APR2624200CE,1.2,3.7,7.05,1.05,76.7,27980355,1.58,1.15,1476605,1.2,1548300,6834230
2026-04-13T09:29:12.220,NF,NIFTY13APR2624200CE,1.2,3.7,7.05,1.05,76.7,27993485,1.58,1.15,1476670,1.2,1540955,6834230
2026-04-13T09:29:13.822,NF,NIFTY13APR2624200CE,1.15,3.7,7.05,1.05,76.7,27999270,1.58,1.15,1468415,1.2,1541345,6834230
2026-04-13T09:29:15.622,NF,NIFTY13APR2624200CE,1.2,3.7,7.05,1.05,76.7,28025335,1.58,1.15,1453725,1.2,1528150,6834230
2026-04-13T09:29:17.225,NF,NIFTY13APR2624200CE,1.15,3.7,7.05,1.05,76.7,28033850,1.58,1.15,1449500,1.2,1522300,6834230
2026-04-13T09:29:18.827,NF,NIFTY13APR2624200CE,1.15,3.7,7.05,1.05,76.7,28038335,1.58,1.15,1448785,1.2,1531075,6834230
2026-04-13T09:29:20.629,NF,NIFTY13APR2624200CE,1.15,3.7,7.05,1.05,76.7,28047500,1.58,1.15,1442610,1.2,1533935,6834230
2026-04-13T09:29:22.238,NF,NIFTY13APR2624200CE,1.15,3.7,7.05,1.05,76.7,28050685,1.58,1.15,1437280,1.2,1552200,6834230
2026-04-13T09:29:23.834,NF,NIFTY13APR2624200CE,1.2,3.7,7.05,1.05,76.7,28053415,1.58,1.15,1437930,1.2,1555060,6834230
2026-04-13T09:29:25.635,NF,NIFTY13APR2624200CE,1.15,3.7,7.05,1.05,76.7,28131610,1.57,1.1,1831050,1.15,843570,6834230
2026-04-13T09:29:27.242,NF,NIFTY13APR2624200CE,1.1,3.7,7.05,1.05,76.7,28141360,1.57,1.1,1852565,1.15,1223755,6834230
2026-04-13T09:29:28.842,NF,NIFTY13APR2624200CE,1.1,3.7,7.05,1.05,76.7,28146625,1.57,1.1,1849510,1.15,1245075,6834230
2026-04-13T09:29:30.643,NF,NIFTY13APR2624200CE,1.1,3.7,7.05,1.05,76.7,28149030,1.57,1.1,1849120,1.15,1242410,6834230
2026-04-13T09:29:32.245,NF,NIFTY13APR2624200CE,1.15,3.7,7.05,1.05,76.7,28159430,1.57,1.1,1845285,1.15,1247935,6834230
2026-04-13T09:29:33.850,NF,NIFTY13APR2624200CE,1.15,3.7,7.05,1.05,76.7,28163330,1.57,1.1,1849445,1.15,1263340,6834230
2026-04-13T09:29:35.661,NF,NIFTY13APR2624200CE,1.15,3.7,7.05,1.05,76.7,28169895,1.57,1.1,1843725,1.15,1264055,6834230
2026-04-13T09:29:37.252,NF,NIFTY13APR2624200CE,1.15,3.7,7.05,1.05,76.7,28190565,1.57,1.1,1846390,1.15,1251770,6834230
2026-04-13T09:29:39.055,NF,NIFTY13APR2624200CE,1.15,3.7,7.05,1.05,76.7,28369250,1.57,1.15,1051375,1.2,1619800,6834230
2026-04-13T09:29:40.661,NF,NIFTY13APR2624200CE,1.15,3.7,7.05,1.05,76.7,28400710,1.57,1.1,1841970,1.15,1312740,6834230
2026-04-13T09:29:42.260,NF,NIFTY13APR2624200CE,1.15,3.7,7.05,1.05,76.7,28401815,1.57,1.1,1847365,1.15,1319630,6834230
2026-04-13T09:29:43.868,NF,NIFTY13APR2624200CE,1.1,3.7,7.05,1.05,76.7,28424370,1.57,1.1,1787500,1.15,1323595,6834230
2026-04-13T09:29:45.467,NF,NIFTY13APR2624200CE,1.15,3.7,7.05,1.05,76.7,28453490,1.57,1.1,1784250,1.15,1379560,6834230
2026-04-13T09:29:47.067,NF,NIFTY13APR2624200CE,1.1,3.7,7.05,1.05,76.7,28456480,1.57,1.1,1787305,1.15,1383200,6834230
2026-04-13T09:29:48.870,NF,NIFTY13APR2624200CE,1.1,3.7,7.05,1.05,76.7,28464020,1.57,1.1,1780545,1.15,1377935,6834230
2026-04-13T09:29:50.471,NF,NIFTY13APR2624200CE,1.15,3.7,7.05,1.05,76.7,28466100,1.57,1.1,1784770,1.15,1375985,6834230
2026-04-13T09:29:52.075,NF,NIFTY13APR2624200CE,1.15,3.7,7.05,1.05,76.7,28482025,1.57,1.1,1787370,1.15,1376050,6834230
2026-04-13T09:29:53.689,NF,NIFTY13APR2624200CE,1.15,3.7,7.05,1.05,76.7,28485795,1.57,1.1,1786915,1.15,1442740,6834230
2026-04-13T09:29:55.289,NF,NIFTY13APR2624200CE,1.15,3.7,7.05,1.05,76.7,28492360,1.57,1.1,1786200,1.15,1441245,6834230
2026-04-13T09:29:56.885,NF,NIFTY13APR2624200CE,1.15,3.7,7.05,1.05,76.7,28500355,1.57,1.1,1794325,1.15,1440530,6834230
2026-04-13T09:29:58.691,NF,NIFTY13APR2624200CE,1.15,3.7,7.05,1.05,76.7,28503670,1.57,1.1,1793675,1.15,1443195,6834230
2026-04-13T09:30:00.288,NF,NIFTY13APR2624200CE,1.15,3.7,7.05,1.05,76.7,28525380,1.57,1.1,1792440,1.15,1444560,6834230
2026-04-13T09:30:01.892,NF,NIFTY13APR2624200CE,1.1,3.7,7.05,1.05,76.7,28560870,1.57,1.1,1810705,1.15,1418820,6834230
2026-04-13T09:30:03.500,NF,NIFTY13APR2624200CE,1.15,3.7,7.05,1.05,76.7,28609490,1.57,1.1,1834885,1.15,1383915,6834230
2026-04-13T09:30:05.313,NF,NIFTY13APR2624200CE,1.2,3.7,7.05,1.05,76.7,28741440,1.57,1.15,830765,1.2,1566955,6834230
2026-04-13T09:30:06.900,NF,NIFTY13APR2624200CE,1.2,3.7,7.05,1.05,76.7,28770300,1.57,1.15,759005,1.2,1544985,6834230
2026-04-13T09:30:08.519,NF,NIFTY13APR2624200CE,1.2,3.7,7.05,1.05,76.7,28775890,1.57,1.15,747110,1.2,1545180,6834230
2026-04-13T09:30:10.120,NF,NIFTY13APR2624200CE,1.15,3.7,7.05,1.05,76.7,28804555,1.56,1.15,874575,1.2,1531790,6834230
2026-04-13T09:30:11.710,NF,NIFTY13APR2624200CE,1.15,3.7,7.05,1.05,76.7,28814240,1.56,1.15,873730,1.2,1528930,6834230
2026-04-13T09:30:13.326,NF,NIFTY13APR2624200CE,1.2,3.7,7.05,1.05,76.7,28820805,1.56,1.15,861445,1.2,1530685,6834230
2026-04-13T09:30:15.131,NF,NIFTY13APR2624200CE,1.15,3.7,7.05,1.05,76.7,28830490,1.56,1.15,936845,1.2,1528670,6834230
2026-04-13T09:30:16.718,NF,NIFTY13APR2624200CE,1.15,3.7,7.05,1.05,76.7,28838355,1.56,1.15,933335,1.2,1519765,6834230
2026-04-13T09:30:18.358,NF,NIFTY13APR2624200CE,1.15,3.7,7.05,1.05,76.7,28868320,1.56,1.15,1264315,1.2,1511250,6834230
2026-04-13T09:30:19.924,NF,NIFTY13APR2624200CE,1.15,3.7,7.05,1.05,76.7,28880020,1.56,1.15,1259635,1.2,1529320,6834230
2026-04-13T09:30:21.546,NF,NIFTY13APR2624200CE,1.15,3.7,7.05,1.05,76.7,28894905,1.56,1.15,1353430,1.2,1528800,6834230
2026-04-13T09:30:23.137,NF,NIFTY13APR2624200CE,1.2,3.7,7.05,1.05,76.7,28903225,1.56,1.15,1344070,1.2,1545895,6834230
2026-04-13T09:30:24.932,NF,NIFTY13APR2624200CE,1.2,3.7,7.05,1.05,76.7,28913625,1.56,1.15,1343745,1.2,1545440,6834230
2026-04-13T09:30:26.536,NF,NIFTY13APR2624200CE,1.2,3.7,7.05,1.05,76.7,28921685,1.56,1.15,1344460,1.2,1538095,6834230
2026-04-13T09:30:28.138,NF,NIFTY13APR2624200CE,1.2,3.7,7.05,1.05,76.7,28932865,1.56,1.15,1397435,1.2,1561560,6834230
2026-04-13T09:30:29.759,NF,NIFTY13APR2624200CE,1.15,3.7,7.05,1.05,76.7,28936440,1.56,1.15,1270815,1.2,1570205,6834230
2026-04-13T09:30:31.361,NF,NIFTY13APR2624200CE,1.2,3.7,7.05,1.05,76.7,28938520,1.56,1.15,1272115,1.2,1568840,6834230
2026-04-13T09:30:32.977,NF,NIFTY13APR2624200CE,1.15,3.7,7.05,1.05,76.7,28940340,1.56,1.15,1268800,1.2,1575925,6834230
2026-04-13T09:30:34.764,NF,NIFTY13APR2624200CE,1.2,3.7,7.05,1.05,76.7,28957565,1.56,1.15,1245920,1.2,1569230,6834230
2026-04-13T09:30:36.374,NF,NIFTY13APR2624200CE,1.15,3.7,7.05,1.05,76.7,28963545,1.56,1.15,1238445,1.2,1592045,6834230
2026-04-13T09:30:37.970,NF,NIFTY13APR2624200CE,1.15,3.7,7.05,1.05,76.7,28994290,1.56,1.15,1204125,1.2,1597180,6834230
2026-04-13T09:30:39.573,NF,NIFTY13APR2624200CE,1.2,3.7,7.05,1.05,76.7,28995980,1.56,1.15,1205360,1.2,1596205,6834230
2026-04-13T09:30:41.419,NF,NIFTY13APR2624200CE,1.2,3.7,7.05,1.05,76.7,28998710,1.56,1.15,1204450,1.2,1596010,6834230
2026-04-13T09:30:42.968,NF,NIFTY13APR2624200CE,1.15,3.7,7.05,1.05,76.7,29003390,1.56,1.15,1201135,1.2,1599975,6834230
2026-04-13T09:30:44.634,NF,NIFTY13APR2624200CE,1.2,3.7,7.05,1.05,76.7,29006705,1.56,1.15,1199250,1.2,1599325,6834230
2026-04-13T09:30:46.381,NF,NIFTY13APR2624200CE,1.2,3.7,7.05,1.05,76.7,29008655,1.56,1.15,1195740,1.2,1607060,6834230
2026-04-13T09:30:47.981,NF,NIFTY13APR2624200CE,1.15,3.7,7.05,1.05,76.7,29014635,1.56,1.15,1195870,1.2,1611740,6834230
2026-04-13T09:30:49.591,NF,NIFTY13APR2624200CE,1.2,3.7,7.05,1.05,76.7,29018015,1.56,1.15,1195870,1.2,1605370,6834230
2026-04-13T09:30:51.383,NF,NIFTY13APR2624200CE,1.2,3.7,7.05,1.05,76.7,29028805,1.56,1.15,1219920,1.2,1592435,6834230
2026-04-13T09:30:53.014,NF,NIFTY13APR2624200CE,1.2,3.7,7.05,1.05,76.7,29030560,1.56,1.15,1220245,1.2,1590745,6834230
2026-04-13T09:30:54.596,NF,NIFTY13APR2624200CE,1.2,3.7,7.05,1.05,76.7,29033875,1.56,1.15,1221870,1.2,1597310,6834230
2026-04-13T09:30:56.398,NF,NIFTY13APR2624200CE,1.15,3.7,7.05,1.05,76.7,29037970,1.56,1.15,1218815,1.2,1597960,6834230
2026-04-13T09:30:57.998,NF,NIFTY13APR2624200CE,1.2,3.7,7.05,1.05,76.7,29066765,1.56,1.15,1215110,1.2,1576445,6834230
2026-04-13T09:30:59.595,NF,NIFTY13APR2624200CE,1.15,3.7,7.05,1.05,76.7,29078530,1.56,1.15,1206140,1.2,1567540,6834230
2026-04-13T09:31:01.403,NF,NIFTY13APR2624200CE,1.2,3.7,7.05,1.05,76.7,29084705,1.56,1.15,1206790,1.2,1565980,6834230
2026-04-13T09:31:03.009,NF,NIFTY13APR2624200CE,1.15,3.7,7.05,1.05,76.7,29088605,1.56,1.15,1203410,1.2,1563315,6834230
2026-04-13T09:31:04.617,NF,NIFTY13APR2624200CE,1.15,3.7,7.05,1.05,76.7,29095625,1.56,1.15,1198665,1.2,1563965,6834230
2026-04-13T09:31:06.428,NF,NIFTY13APR2624200CE,1.2,3.7,7.05,1.05,76.7,29118570,1.56,1.15,1199250,1.2,1575080,6834230
2026-04-13T09:31:08.025,NF,NIFTY13APR2624200CE,1.15,3.7,7.05,1.05,76.7,29121365,1.56,1.15,1198015,1.2,1581840,6834230
2026-04-13T09:31:09.614,NF,NIFTY13APR2624200CE,1.2,3.7,7.05,1.05,76.7,29125395,1.56,1.15,1190345,1.2,1586390,6834230
2026-04-13T09:31:11.415,NF,NIFTY13APR2624200CE,1.15,3.7,7.05,1.05,76.7,29158350,1.56,1.15,1200225,1.2,1585610,7071545
2026-04-13T09:31:13.020,NF,NIFTY13APR2624200CE,1.2,3.7,7.05,1.05,76.7,29185195,1.56,1.15,1185990,1.2,1576900,7071545
2026-04-13T09:31:14.688,NF,NIFTY13APR2624200CE,1.2,3.7,7.05,1.05,76.7,29186885,1.56,1.15,1182350,1.2,1587365,7071545
2026-04-13T09:31:16.427,NF,NIFTY13APR2624200CE,1.15,3.7,7.05,1.05,76.7,29189225,1.56,1.15,1185860,1.2,1584635,7071545
2026-04-13T09:31:18.048,NF,NIFTY13APR2624200CE,1.2,3.7,7.05,1.05,76.7,29217890,1.56,1.15,1160185,1.2,1578135,7071545
2026-04-13T09:31:19.648,NF,NIFTY13APR2624200CE,1.15,3.7,7.05,1.05,76.7,29227835,1.56,1.15,1152580,1.2,1580280,7071545
2026-04-13T09:31:21.455,NF,NIFTY13APR2624200CE,1.15,3.7,7.05,1.05,76.7,29242330,1.56,1.15,1144715,1.2,1575860,7071545
2026-04-13T09:31:23.044,NF,NIFTY13APR2624200CE,1.2,3.7,7.05,1.05,76.7,29250650,1.56,1.15,1146535,1.2,1584895,7071545
2026-04-13T09:31:24.638,NF,NIFTY13APR2624200CE,1.2,3.7,7.05,1.05,76.7,29278210,1.56,1.15,1142960,1.2,1553695,7071545
2026-04-13T09:31:26.477,NF,NIFTY13APR2624200CE,1.2,3.7,7.05,1.05,76.7,29298815,1.56,1.15,1143415,1.2,1534910,7071545
2026-04-13T09:31:28.061,NF,NIFTY13APR2624200CE,1.2,3.7,7.05,1.05,76.7,29330990,1.56,1.15,1113125,1.2,1567800,7071545
2026-04-13T09:31:29.654,NF,NIFTY13APR2624200CE,1.15,3.7,7.05,1.05,76.7,29334955,1.56,1.15,1110980,1.2,1584440,7071545
2026-04-13T09:31:31.445,NF,NIFTY13APR2624200CE,1.15,3.7,7.05,1.05,76.7,29353675,1.56,1.15,1098695,1.2,1584700,7071545
2026-04-13T09:31:33.053,NF,NIFTY13APR2624200CE,1.15,3.7,7.05,1.05,76.7,29369080,1.56,1.15,1090375,1.2,1583140,7071545
2026-04-13T09:31:34.652,NF,NIFTY13APR2624200CE,1.2,3.7,7.05,1.05,76.7,29376555,1.56,1.15,1086865,1.2,1591850,7071545
2026-04-13T09:31:36.476,NF,NIFTY13APR2624200CE,1.2,3.7,7.05,1.05,76.7,29381495,1.56,1.15,1083615,1.2,1594905,7071545
2026-04-13T09:31:38.270,NF,NIFTY13APR2624200CE,1.15,3.7,7.05,1.05,76.7,29383380,1.56,1.15,1084720,1.2,1591850,7071545
2026-04-13T09:31:39.859,NF,NIFTY13APR2624200CE,1.15,3.7,7.05,1.05,76.7,29394690,1.56,1.15,1082640,1.2,1587495,7071545
2026-04-13T09:31:41.483,NF,NIFTY13APR2624200CE,1.15,3.7,7.05,1.05,76.7,29404050,1.56,1.15,1075165,1.2,1591395,7071545
2026-04-13T09:31:43.265,NF,NIFTY13APR2624200CE,1.15,3.7,7.05,1.05,76.7,29423615,1.56,1.15,1059370,1.2,1591525,7071545
2026-04-13T09:31:44.879,NF,NIFTY13APR2624200CE,1.2,3.7,7.05,1.05,76.7,29433690,1.56,1.15,1049750,1.2,1598025,7071545
2026-04-13T09:31:46.472,NF,NIFTY13APR2624200CE,1.2,3.7,7.05,1.05,76.7,29438240,1.56,1.15,1043770,1.2,1596920,7071545
2026-04-13T09:31:48.272,NF,NIFTY13APR2624200CE,1.2,3.7,7.05,1.05,76.7,29471520,1.56,1.15,1061255,1.2,1567215,7071545
2026-04-13T09:31:49.877,NF,NIFTY13APR2624200CE,1.15,3.7,7.05,1.05,76.7,29477370,1.56,1.15,988780,1.2,1572155,7071545
2026-04-13T09:31:51.482,NF,NIFTY13APR2624200CE,1.15,3.7,7.05,1.05,76.7,29482440,1.56,1.15,1040715,1.2,1576705,7071545
2026-04-13T09:31:53.287,NF,NIFTY13APR2624200CE,1.15,3.7,7.05,1.05,76.7,29494595,1.56,1.15,1037205,1.2,1638715,7071545
2026-04-13T09:31:54.889,NF,NIFTY13APR2624200CE,1.15,3.7,7.05,1.05,76.7,29506490,1.56,1.15,1025505,1.2,1637090,7071545
2026-04-13T09:31:56.492,NF,NIFTY13APR2624200CE,1.15,3.7,7.05,1.05,76.7,29507920,1.56,1.15,1028235,1.2,1713725,7071545
2026-04-13T09:31:59.046,NF,NIFTY13APR2624200CE,1.15,3.7,7.05,1.05,76.7,29518710,1.56,1.15,1019070,1.2,1716000,7071545
2026-04-13T09:31:59.892,NF,NIFTY13APR2624200CE,1.15,3.7,7.05,1.05,76.7,29522090,1.56,1.15,1014520,1.2,1722695,7071545
2026-04-13T09:32:01.503,NF,NIFTY13APR2624200CE,1.2,3.7,7.05,1.05,76.7,29528070,1.56,1.15,1011920,1.2,1718405,7071545
2026-04-13T09:32:03.296,NF,NIFTY13APR2624200CE,1.15,3.7,7.05,1.05,76.7,29539120,1.55,1.15,1006720,1.2,1715415,7071545
2026-04-13T09:32:04.900,NF,NIFTY13APR2624200CE,1.15,3.7,7.05,1.05,76.7,29543995,1.55,1.15,1007760,1.2,1709825,7071545
2026-04-13T09:32:06.502,NF,NIFTY13APR2624200CE,1.2,3.7,7.05,1.05,76.7,29570970,1.55,1.15,1150045,1.2,1670565,7071545
2026-04-13T09:32:08.302,NF,NIFTY13APR2624200CE,1.15,3.7,7.05,1.05,76.7,29596385,1.55,1.15,1066975,1.2,1642550,7071545
2026-04-13T09:32:09.907,NF,NIFTY13APR2624200CE,1.2,3.7,7.05,1.05,76.7,29606330,1.55,1.15,1051830,1.2,1653080,7071545
2026-04-13T09:32:11.519,NF,NIFTY13APR2624200CE,1.15,3.7,7.05,1.05,76.7,29608930,1.55,1.15,1051830,1.2,1654770,7071545
2026-04-13T09:32:13.320,NF,NIFTY13APR2624200CE,1.15,3.7,7.05,1.05,76.7,29614000,1.55,1.15,1048905,1.2,1649310,7071545
2026-04-13T09:32:14.912,NF,NIFTY13APR2624200CE,1.2,3.7,7.05,1.05,76.7,29620240,1.55,1.15,1048970,1.2,1682785,7071545
2026-04-13T09:32:16.524,NF,NIFTY13APR2624200CE,1.15,3.7,7.05,1.05,76.7,29621540,1.55,1.15,1048775,1.2,1673490,7071545
2026-04-13T09:32:18.347,NF,NIFTY13APR2624200CE,1.15,3.7,7.05,1.05,76.7,29628690,1.55,1.15,1043640,1.2,1615055,7071545
2026-04-13T09:32:19.923,NF,NIFTY13APR2624200CE,1.15,3.7,7.05,1.05,76.7,29630185,1.55,1.15,953680,1.2,1659125,7071545
2026-04-13T09:32:21.528,NF,NIFTY13APR2624200CE,1.15,3.7,7.05,1.05,76.7,29637530,1.55,1.15,1039675,1.2,1660555,7071545
2026-04-13T09:32:23.328,NF,NIFTY13APR2624200CE,1.15,3.7,7.05,1.05,76.7,29649360,1.55,1.15,1045980,1.2,1656200,7071545
2026-04-13T09:32:24.937,NF,NIFTY13APR2624200CE,1.15,3.7,7.05,1.05,76.7,29649685,1.55,1.15,1047800,1.2,1664065,7071545
2026-04-13T09:32:26.535,NF,NIFTY13APR2624200CE,1.15,3.7,7.05,1.05,76.7,29650465,1.55,1.15,1044810,1.2,1663545,7071545
2026-04-13T09:32:28.348,NF,NIFTY13APR2624200CE,1.2,3.7,7.05,1.05,76.7,29655990,1.55,1.15,1041105,1.2,1661725,7071545
2026-04-13T09:32:29.939,NF,NIFTY13APR2624200CE,1.2,3.7,7.05,1.05,76.7,29725995,1.55,1.15,1012115,1.2,1661010,7071545
2026-04-13T09:32:31.565,NF,NIFTY13APR2624200CE,1.15,3.7,7.05,1.05,76.7,29773380,1.55,1.1,1717495,1.15,1107015,7071545
2026-04-13T09:32:33.345,NF,NIFTY13APR2624200CE,1.15,3.7,7.05,1.05,76.7,29779750,1.55,1.1,1721460,1.15,1189110,7071545
2026-04-13T09:32:34.945,NF,NIFTY13APR2624200CE,1.15,3.7,7.05,1.05,76.7,29784365,1.55,1.1,1719120,1.15,1264185,7071545
2026-04-13T09:32:36.550,NF,NIFTY13APR2624200CE,1.1,3.7,7.05,1.05,76.7,29818165,1.55,1.1,1718405,1.15,1259310,7071545
2026-04-13T09:32:37.977,NF,NIFTY13APR2624200CE,1.15,3.7,7.05,1.05,76.7,29822390,1.55,1.1,1720875,1.15,1283945,7071545
2026-04-13T09:32:39.754,NF,NIFTY13APR2624200CE,1.1,3.7,7.05,1.05,76.7,29829670,1.55,1.1,1722695,1.15,1276015,7071545
2026-04-13T09:32:41.368,NF,NIFTY13APR2624200CE,1.15,3.7,7.05,1.05,76.7,29830710,1.55,1.1,1719120,1.15,1305005,7071545
2026-04-13T09:32:42.968,NF,NIFTY13APR2624200CE,1.15,3.7,7.05,1.05,76.7,29836625,1.55,1.1,1718860,1.15,1299220,7071545
2026-04-13T09:32:44.780,NF,NIFTY13APR2624200CE,1.15,3.7,7.05,1.05,76.7,29846570,1.55,1.1,1714180,1.15,1299480,7071545
2026-04-13T09:32:46.363,NF,NIFTY13APR2624200CE,1.15,3.7,7.05,1.05,76.7,30047940,1.55,1.15,1047995,1.2,1760330,7071545
2026-04-13T09:32:47.977,NF,NIFTY13APR2624200CE,1.2,3.7,7.05,1.05,76.7,30050540,1.55,1.15,1054885,1.2,1761955,7071545
2026-04-13T09:32:49.783,NF,NIFTY13APR2624200CE,1.15,3.7,7.05,1.05,76.7,30053075,1.55,1.15,1053195,1.2,1764035,7071545
2026-04-13T09:32:51.404,NF,NIFTY13APR2624200CE,1.15,3.7,7.05,1.05,76.7,30058990,1.55,1.15,974675,1.2,1764165,7071545
2026-04-13T09:32:52.981,NF,NIFTY13APR2624200CE,1.15,3.7,7.05,1.05,76.7,30064775,1.55,1.15,964535,1.2,1764165,7071545
2026-04-13T09:32:54.785,NF,NIFTY13APR2624200CE,1.2,3.7,7.05,1.05,76.7,30074980,1.55,1.15,1049035,1.2,1760915,7071545
2026-04-13T09:32:56.383,NF,NIFTY13APR2624200CE,1.15,3.7,7.05,1.05,76.7,30086615,1.55,1.15,999830,1.2,1755390,7071545
2026-04-13T09:32:57.982,NF,NIFTY13APR2624200CE,1.2,3.7,7.05,1.05,76.7,30141280,1.55,1.15,964405,1.2,1746095,7071545
2026-04-13T09:32:59.788,NF,NIFTY13APR2624200CE,1.2,3.7,7.05,1.05,76.7,30146350,1.55,1.15,1049880,1.2,1761045,7071545
2026-04-13T09:33:01.394,NF,NIFTY13APR2624200CE,1.15,3.7,7.05,1.05,76.7,30150575,1.55,1.15,1062555,1.2,1758640,7071545
2026-04-13T09:33:03.008,NF,NIFTY13APR2624200CE,1.15,3.7,7.05,1.05,76.7,30154540,1.55,1.15,1059630,1.2,1756105,7071545
2026-04-13T09:33:04.809,NF,NIFTY13APR2624200CE,1.2,3.7,7.05,1.05,76.7,30162080,1.55,1.15,1101685,1.2,1735045,7071545
2026-04-13T09:33:06.414,NF,NIFTY13APR2624200CE,1.15,3.7,7.05,1.05,76.7,30195685,1.55,1.15,1105845,1.2,1713985,7071545
2026-04-13T09:33:07.998,NF,NIFTY13APR2624200CE,1.2,3.7,7.05,1.05,76.7,30209920,1.55,1.15,1094015,1.2,1741090,7071545
2026-04-13T09:33:09.607,NF,NIFTY13APR2624200CE,1.2,3.7,7.05,1.05,76.7,30217135,1.55,1.15,1093690,1.2,1742845,7071545
2026-04-13T09:33:11.201,NF,NIFTY13APR2624200CE,1.2,3.7,7.05,1.05,76.7,30240990,1.55,1.15,1088490,1.2,1745575,7071545
2026-04-13T09:33:13.003,NF,NIFTY13APR2624200CE,1.2,3.7,7.05,1.05,76.7,30249375,1.55,1.15,1091415,1.2,1750710,7071545
2026-04-13T09:33:14.601,NF,NIFTY13APR2624200CE,1.2,3.7,7.05,1.05,76.7,30254965,1.55,1.15,1091480,1.2,1741285,7071545
2026-04-13T09:33:16.214,NF,NIFTY13APR2624200CE,1.2,3.7,7.05,1.05,76.7,30265755,1.55,1.15,1098435,1.2,1723020,7071545
2026-04-13T09:33:18.006,NF,NIFTY13APR2624200CE,1.2,3.7,7.05,1.05,76.7,30267705,1.55,1.15,1109225,1.2,1721850,7071545
2026-04-13T09:33:19.611,NF,NIFTY13APR2624200CE,1.15,3.7,7.05,1.05,76.7,30268160,1.55,1.15,1038440,1.2,1721655,7071545
2026-04-13T09:33:21.222,NF,NIFTY13APR2624200CE,1.15,3.7,7.05,1.05,76.7,30279990,1.55,1.15,1032395,1.2,1712880,7071545
2026-04-13T09:33:23.015,NF,NIFTY13APR2624200CE,1.15,3.7,7.05,1.05,76.7,30292080,1.55,1.15,1034475,1.2,1719705,7071545
2026-04-13T09:33:24.618,NF,NIFTY13APR2624200CE,1.15,3.7,7.05,1.05,76.7,30301960,1.54,1.15,1151605,1.2,1711125,7071545
2026-04-13T09:33:26.231,NF,NIFTY13APR2624200CE,1.2,3.7,7.05,1.05,76.7,30312100,1.54,1.15,1151605,1.2,1703065,7071545
2026-04-13T09:33:27.826,NF,NIFTY13APR2624200CE,1.15,3.7,7.05,1.05,76.7,30325425,1.54,1.15,1153620,1.2,1729845,7071545
2026-04-13T09:33:29.627,NF,NIFTY13APR2624200CE,1.15,3.7,7.05,1.05,76.7,30345445,1.54,1.15,1156935,1.2,1723540,7071545
2026-04-13T09:33:31.242,NF,NIFTY13APR2624200CE,1.2,3.7,7.05,1.05,76.7,30360460,1.54,1.15,1159925,1.2,1713790,7071545
2026-04-13T09:33:32.843,NF,NIFTY13APR2624200CE,1.2,3.7,7.05,1.05,76.7,30363775,1.54,1.15,1163110,1.2,1699685,7071545
2026-04-13T09:33:34.638,NF,NIFTY13APR2624200CE,1.15,3.7,7.05,1.05,76.7,30377425,1.54,1.15,1151475,1.2,1715285,7071545
2026-04-13T09:33:36.238,NF,NIFTY13APR2624200CE,1.15,3.7,7.05,1.05,76.7,30388020,1.54,1.15,1171690,1.2,1680185,7071545
2026-04-13T09:33:38.037,NF,NIFTY13APR2624200CE,1.2,3.7,7.05,1.05,76.7,30391530,1.54,1.15,1168830,1.2,1678235,7071545
2026-04-13T09:33:39.642,NF,NIFTY13APR2624200CE,1.2,3.7,7.05,1.05,76.7,30418830,1.54,1.15,1174875,1.2,1630720,7071545
2026-04-13T09:33:41.288,NF,NIFTY13APR2624200CE,1.2,3.7,7.05,1.05,76.7,30442815,1.54,1.15,1187615,1.2,1635920,7071545
2026-04-13T09:33:43.047,NF,NIFTY13APR2624200CE,1.2,3.7,7.05,1.05,76.7,30480385,1.54,1.15,1227720,1.2,1475370,7071545
2026-04-13T09:33:44.650,NF,NIFTY13APR2624200CE,1.2,3.7,7.05,1.05,76.7,30491825,1.54,1.15,1235585,1.2,1492595,7071545
2026-04-13T09:33:46.261,NF,NIFTY13APR2624200CE,1.2,3.7,7.05,1.05,76.7,30531345,1.54,1.15,1290835,1.2,1419210,7071545
2026-04-13T09:33:48.077,NF,NIFTY13APR2624200CE,1.2,3.7,7.05,1.05,76.7,30545710,1.54,1.15,1322035,1.2,1454440,7071545
2026-04-13T09:33:49.665,NF,NIFTY13APR2624200CE,1.2,3.7,7.05,1.05,76.7,30550000,1.54,1.15,1317485,1.2,1478620,7071545
2026-04-13T09:33:51.272,NF,NIFTY13APR2624200CE,1.2,3.7,7.05,1.05,76.7,30560855,1.54,1.15,1309230,1.2,1464450,7071545
2026-04-13T09:33:53.065,NF,NIFTY13APR2624200CE,1.15,3.7,7.05,1.05,76.7,30580615,1.54,1.15,1336920,1.2,1438515,7071545
2026-04-13T09:33:54.661,NF,NIFTY13APR2624200CE,1.2,3.7,7.05,1.05,76.7,30582890,1.54,1.15,1320150,1.2,1437800,7071545
2026-04-13T09:33:56.275,NF,NIFTY13APR2624200CE,1.15,3.7,7.05,1.05,76.7,30595630,1.54,1.15,1337765,1.2,1466205,7071545
2026-04-13T09:33:58.082,NF,NIFTY13APR2624200CE,1.15,3.7,7.05,1.05,76.7,30599010,1.54,1.15,1337310,1.2,1467245,7071545
2026-04-13T09:33:59.671,NF,NIFTY13APR2624200CE,1.2,3.7,7.05,1.05,76.7,30601480,1.54,1.15,1242995,1.2,1472965,7071545
2026-04-13T09:34:01.297,NF,NIFTY13APR2624200CE,1.15,3.7,7.05,1.05,76.7,30603430,1.54,1.15,1244490,1.2,1463020,7071545
2026-04-13T09:34:03.078,NF,NIFTY13APR2624200CE,1.2,3.7,7.05,1.05,76.7,30621565,1.54,1.15,1306695,1.2,1460485,7071545
2026-04-13T09:34:04.675,NF,NIFTY13APR2624200CE,1.2,3.7,7.05,1.05,76.7,30627805,1.54,1.15,1304745,1.2,1458405,7071545
2026-04-13T09:34:06.280,NF,NIFTY13APR2624200CE,1.2,3.7,7.05,1.05,76.7,30630860,1.54,1.15,1302860,1.2,1457950,7071545
2026-04-13T09:34:08.079,NF,NIFTY13APR2624200CE,1.2,3.7,7.05,1.05,76.7,30633655,1.54,1.15,1296295,1.2,1457430,7071545
2026-04-13T09:34:09.685,NF,NIFTY13APR2624200CE,1.15,3.7,7.05,1.05,76.7,30640610,1.54,1.15,1294605,1.2,1453465,7071545
2026-04-13T09:34:11.293,NF,NIFTY13APR2624200CE,1.2,3.7,7.05,1.05,76.7,30664075,1.54,1.15,1304095,1.2,1411605,7182500
2026-04-13T09:34:13.087,NF,NIFTY13APR2624200CE,1.2,3.7,7.05,1.05,76.7,30667455,1.54,1.15,1302535,1.2,1417390,7182500
2026-04-13T09:34:14.690,NF,NIFTY13APR2624200CE,1.15,3.7,7.05,1.05,76.7,30670705,1.54,1.15,1301625,1.2,1404780,7182500
2026-04-13T09:34:17.922,NF,NIFTY13APR2624200CE,1.2,3.7,7.05,1.05,76.7,30700215,1.54,1.15,1300065,1.2,1369485,7182500
2026-04-13T09:34:19.700,NF,NIFTY13APR2624200CE,1.15,3.7,7.05,1.05,76.7,30719455,1.54,1.15,1222845,1.2,1367145,7182500
2026-04-13T09:34:21.303,NF,NIFTY13APR2624200CE,1.15,3.7,7.05,1.05,76.7,30729465,1.54,1.15,1297140,1.2,1355445,7182500
2026-04-13T09:34:22.918,NF,NIFTY13APR2624200CE,1.2,3.7,7.05,1.05,76.7,30732390,1.54,1.15,1292915,1.2,1352975,7182500
2026-04-13T09:34:24.707,NF,NIFTY13APR2624200CE,1.2,3.7,7.05,1.05,76.7,30737395,1.54,1.15,1291875,1.2,1327560,7182500
2026-04-13T09:34:26.308,NF,NIFTY13APR2624200CE,1.2,3.7,7.05,1.05,76.7,30748120,1.54,1.15,1288690,1.2,1304680,7182500
2026-04-13T09:34:27.919,NF,NIFTY13APR2624200CE,1.2,3.7,7.05,1.05,76.7,30750590,1.54,1.15,1290315,1.2,1507090,7182500
2026-04-13T09:34:29.514,NF,NIFTY13APR2624200CE,1.2,3.7,7.05,1.05,76.7,30756830,1.54,1.15,1285375,1.2,1512810,7182500
2026-04-13T09:34:31.317,NF,NIFTY13APR2624200CE,1.2,3.7,7.05,1.05,76.7,30760470,1.54,1.15,1282320,1.2,1509885,7182500
2026-04-13T09:34:32.934,NF,NIFTY13APR2624200CE,1.2,3.7,7.05,1.05,76.7,30761445,1.54,1.15,1285245,1.2,1509040,7182500
2026-04-13T09:34:34.525,NF,NIFTY13APR2624200CE,1.15,3.7,7.05,1.05,76.7,30783415,1.54,1.15,1305915,1.2,1566760,7182500
2026-04-13T09:34:36.321,NF,NIFTY13APR2624200CE,1.2,3.7,7.05,1.05,76.7,30794855,1.54,1.15,1415700,1.2,1555060,7182500
2026-04-13T09:34:37.934,NF,NIFTY13APR2624200CE,1.15,3.7,7.05,1.05,76.7,30797390,1.54,1.15,1417390,1.2,1554605,7182500
2026-04-13T09:34:39.531,NF,NIFTY13APR2624200CE,1.2,3.7,7.05,1.05,76.7,30807855,1.54,1.15,1414010,1.2,1539980,7182500
2026-04-13T09:34:41.155,NF,NIFTY13APR2624200CE,1.15,3.7,7.05,1.05,76.7,30818450,1.54,1.15,1411930,1.2,1505855,7182500
2026-04-13T09:34:42.930,NF,NIFTY13APR2624200CE,1.15,3.7,7.05,1.05,76.7,30819425,1.54,1.15,1403740,1.2,1523015,7182500
2026-04-13T09:34:44.557,NF,NIFTY13APR2624200CE,1.15,3.7,7.05,1.05,76.7,30824300,1.54,1.15,1320605,1.2,1527890,7182500
2026-04-13T09:34:46.144,NF,NIFTY13APR2624200CE,1.2,3.7,7.05,1.05,76.7,30838795,1.54,1.15,1327300,1.2,1510340,7182500
2026-04-13T09:34:47.940,NF,NIFTY13APR2624200CE,1.2,3.7,7.05,1.05,76.7,30844190,1.54,1.15,1319110,1.2,1537250,7182500
2026-04-13T09:34:49.552,NF,NIFTY13APR2624200CE,1.2,3.7,7.05,1.05,76.7,30845165,1.54,1.15,1318915,1.2,1539005,7182500
2026-04-13T09:34:51.151,NF,NIFTY13APR2624200CE,1.2,3.7,7.05,1.05,76.7,30855435,1.54,1.15,1412385,1.2,1555840,7182500
2026-04-13T09:34:52.945,NF,NIFTY13APR2624200CE,1.2,3.7,7.05,1.05,76.7,30856345,1.54,1.15,1424475,1.2,1553825,7182500
2026-04-13T09:34:54.570,NF,NIFTY13APR2624200CE,1.2,3.7,7.05,1.05,76.7,30867005,1.54,1.15,1425255,1.2,1497405,7182500
2026-04-13T09:34:56.156,NF,NIFTY13APR2624200CE,1.2,3.7,7.05,1.05,76.7,30901260,1.54,1.15,1431365,1.2,1496690,7182500
2026-04-13T09:34:57.753,NF,NIFTY13APR2624200CE,1.2,3.7,7.05,1.05,76.7,30915560,1.54,1.15,1426035,1.2,1489930,7182500
2026-04-13T09:34:59.552,NF,NIFTY13APR2624200CE,1.2,3.7,7.05,1.05,76.7,30921345,1.54,1.15,1428245,1.2,1484990,7182500
2026-04-13T09:35:01.174,NF,NIFTY13APR2624200CE,1.2,3.7,7.05,1.05,76.7,30926090,1.54,1.15,1451905,1.2,1486810,7182500
2026-04-13T09:35:02.771,NF,NIFTY13APR2624200CE,1.15,3.7,7.05,1.05,76.7,30929665,1.54,1.15,1445535,1.2,1485185,7182500
2026-04-13T09:35:04.563,NF,NIFTY13APR2624200CE,1.2,3.7,7.05,1.05,76.7,30935710,1.54,1.15,1439165,1.2,1478945,7182500
2026-04-13T09:35:06.163,NF,NIFTY13APR2624200CE,1.15,3.7,7.05,1.05,76.7,30939870,1.54,1.15,1451905,1.2,1474395,7182500
2026-04-13T09:35:07.767,NF,NIFTY13APR2624200CE,1.2,3.7,7.05,1.05,76.7,30952870,1.54,1.15,1443390,1.2,1463215,7182500
2026-04-13T09:35:09.367,NF,NIFTY13APR2624200CE,1.15,3.7,7.05,1.05,76.7,30954820,1.54,1.15,1434225,1.2,1482715,7182500
2026-04-13T09:35:10.976,NF,NIFTY13APR2624200CE,1.2,3.7,7.05,1.05,76.7,30969835,1.54,1.15,1375205,1.2,1460355,7182500
2026-04-13T09:35:12.771,NF,NIFTY13APR2624200CE,1.2,3.7,7.05,1.05,76.7,30984590,1.54,1.15,1453660,1.2,1450345,7182500
2026-04-13T09:35:14.387,NF,NIFTY13APR2624200CE,1.15,3.7,7.05,1.05,76.7,30992780,1.54,1.15,1473745,1.2,1334710,7182500
2026-04-13T09:35:15.984,NF,NIFTY13APR2624200CE,1.2,3.7,7.05,1.05,76.7,31033600,1.54,1.15,1514045,1.2,845520,7182500
2026-04-13T09:35:17.586,NF,NIFTY13APR2624200CE,1.15,3.7,7.05,1.05,76.7,31058820,1.54,1.15,1428895,1.2,877825,7182500
2026-04-13T09:35:19.189,NF,NIFTY13APR2624200CE,1.15,3.7,7.05,1.05,76.7,31079685,1.54,1.15,1389180,1.2,888485,7182500
2026-04-13T09:35:21.001,NF,NIFTY13APR2624200CE,1.2,3.7,7.05,1.05,76.7,31098470,1.54,1.15,1440205,1.2,872820,7182500
2026-04-13T09:35:22.590,NF,NIFTY13APR2624200CE,1.2,3.7,7.05,1.05,76.7,31103995,1.54,1.15,1442025,1.2,864630,7182500
2026-04-13T09:35:24.206,NF,NIFTY13APR2624200CE,1.2,3.7,7.05,1.05,76.7,31180435,1.53,1.15,1437995,1.2,309595,7182500
2026-04-13T09:35:26.008,NF,NIFTY13APR2624200CE,1.2,3.7,7.05,1.05,76.7,31202535,1.53,1.15,1453725,1.2,820690,7182500
2026-04-13T09:35:27.592,NF,NIFTY13APR2624200CE,1.2,3.7,7.05,1.05,76.7,31219825,1.53,1.15,1342185,1.2,834990,7182500
2026-04-13T09:35:29.198,NF,NIFTY13APR2624200CE,1.2,3.7,7.05,1.05,76.7,31221840,1.53,1.15,1330095,1.2,834210,7182500
2026-04-13T09:35:31.020,NF,NIFTY13APR2624200CE,1.2,3.7,7.05,1.05,76.7,31235360,1.53,1.15,1425255,1.2,854880,7182500
2026-04-13T09:35:32.600,NF,NIFTY13APR2624200CE,1.15,3.7,7.05,1.05,76.7,31241860,1.53,1.15,1349205,1.2,863070,7182500
2026-04-13T09:35:34.204,NF,NIFTY13APR2624200CE,1.15,3.7,7.05,1.05,76.7,31246475,1.53,1.15,1337960,1.2,860925,7182500
2026-04-13T09:35:35.811,NF,NIFTY13APR2624200CE,1.2,3.7,7.05,1.05,76.7,31257915,1.53,1.15,1380535,1.2,860145,7182500
2026-04-13T09:35:37.415,NF,NIFTY13APR2624200CE,1.2,3.7,7.05,1.05,76.7,31265650,1.53,1.15,1290445,1.2,1028105,7182500
2026-04-13T09:35:39.210,NF,NIFTY13APR2624200CE,1.15,3.7,7.05,1.05,76.7,31279625,1.53,1.15,1343615,1.2,1361360,7182500
2026-04-13T09:35:40.813,NF,NIFTY13APR2624200CE,1.2,3.7,7.05,1.05,76.7,31300360,1.53,1.15,1405040,1.2,1416740,7182500
2026-04-13T09:35:42.418,NF,NIFTY13APR2624200CE,1.15,3.7,7.05,1.05,76.7,31328050,1.53,1.15,1498120,1.2,1431105,7182500
2026-04-13T09:35:44.223,NF,NIFTY13APR2624200CE,1.15,3.7,7.05,1.05,76.7,31332795,1.53,1.15,1413945,1.2,1431495,7182500
2026-04-13T09:35:45.820,NF,NIFTY13APR2624200CE,1.15,3.7,7.05,1.05,76.7,31454605,1.53,1.15,1100775,1.2,1491815,7182500
2026-04-13T09:35:47.430,NF,NIFTY13APR2624200CE,1.15,3.7,7.05,1.05,76.7,31476120,1.53,1.15,1160445,1.2,1489540,7182500
2026-04-13T09:35:49.043,NF,NIFTY13APR2624200CE,1.15,3.7,7.05,1.05,76.7,31541900,1.53,1.1,1819870,1.15,1140295,7182500
2026-04-13T09:35:50.828,NF,NIFTY13APR2624200CE,1.1,3.7,7.05,1.05,76.7,31542940,1.53,1.1,1818895,1.15,1137955,7182500
2026-04-13T09:35:52.431,NF,NIFTY13APR2624200CE,1.1,3.7,7.05,1.05,76.7,31550025,1.53,1.1,1830400,1.15,1130350,7182500
2026-04-13T09:35:54.037,NF,NIFTY13APR2624200CE,1.1,3.7,7.05,1.05,76.7,31557955,1.53,1.1,1832610,1.15,1125410,7182500
2026-04-13T09:35:55.644,NF,NIFTY13APR2624200CE,1.1,3.7,7.05,1.05,76.7,31562310,1.53,1.1,1760070,1.15,1125020,7182500
2026-04-13T09:35:57.436,NF,NIFTY13APR2624200CE,1.1,3.7,7.05,1.05,76.7,31564585,1.53,1.1,1764035,1.15,1126580,7182500
2026-04-13T09:35:59.043,NF,NIFTY13APR2624200CE,1.1,3.7,7.05,1.05,76.7,31567185,1.53,1.1,1835405,1.15,1125280,7182500
2026-04-13T09:36:00.664,NF,NIFTY13APR2624200CE,1.1,3.7,7.05,1.05,76.7,31569655,1.53,1.1,1829100,1.15,1128920,7182500
2026-04-13T09:36:02.245,NF,NIFTY13APR2624200CE,1.15,3.7,7.05,1.05,76.7,31584670,1.53,1.1,1757795,1.15,1146275,7182500
2026-04-13T09:36:04.057,NF,NIFTY13APR2624200CE,1.1,3.7,7.05,1.05,76.7,31595525,1.53,1.1,1851785,1.15,1136395,7182500
2026-04-13T09:36:05.695,NF,NIFTY13APR2624200CE,1.1,3.7,7.05,1.05,76.7,31597995,1.53,1.1,1853995,1.15,1134965,7182500
2026-04-13T09:36:07.254,NF,NIFTY13APR2624200CE,1.1,3.7,7.05,1.05,76.7,31601700,1.53,1.1,1841125,1.15,1132690,7182500
2026-04-13T09:36:08.869,NF,NIFTY13APR2624200CE,1.1,3.7,7.05,1.05,76.7,31604365,1.53,1.1,1780545,1.15,917800,7182500
2026-04-13T09:36:10.676,NF,NIFTY13APR2624200CE,1.15,3.7,7.05,1.05,76.7,31621915,1.53,1.1,1764945,1.15,1054495,7182500
2026-04-13T09:36:12.258,NF,NIFTY13APR2624200CE,1.1,3.7,7.05,1.05,76.7,31624450,1.53,1.1,1748435,1.15,1090570,7182500
2026-04-13T09:36:13.877,NF,NIFTY13APR2624200CE,1.1,3.7,7.05,1.05,76.7,31632965,1.53,1.1,1736020,1.15,1089530,7182500
2026-04-13T09:36:15.675,NF,NIFTY13APR2624200CE,1.1,3.7,7.05,1.05,76.7,31633680,1.53,1.1,1742780,1.15,1104545,7182500
2026-04-13T09:36:17.269,NF,NIFTY13APR2624200CE,1.1,3.7,7.05,1.05,76.7,31644925,1.53,1.1,1724190,1.15,1032135,7182500
2026-04-13T09:36:18.869,NF,NIFTY13APR2624200CE,1.15,3.7,7.05,1.05,76.7,31654740,1.53,1.1,1726270,1.15,1029860,7182500
2026-04-13T09:36:20.713,NF,NIFTY13APR2624200CE,1.1,3.7,7.05,1.05,76.7,31657015,1.53,1.1,1728610,1.15,1064960,7182500
2026-04-13T09:36:22.273,NF,NIFTY13APR2624200CE,1.15,3.7,7.05,1.05,76.7,31661890,1.53,1.1,1741220,1.15,1062035,7182500
2026-04-13T09:36:23.876,NF,NIFTY13APR2624200CE,1.15,3.7,7.05,1.05,76.7,31668845,1.53,1.1,1746420,1.15,1091090,7182500
2026-04-13T09:36:25.686,NF,NIFTY13APR2624200CE,1.1,3.7,7.05,1.05,76.7,31676905,1.53,1.1,1731730,1.15,1146795,7182500
2026-04-13T09:36:27.281,NF,NIFTY13APR2624200CE,1.15,3.7,7.05,1.05,76.7,31685420,1.53,1.1,1725555,1.15,1168505,7182500
2026-04-13T09:36:28.887,NF,NIFTY13APR2624200CE,1.1,3.7,7.05,1.05,76.7,31692375,1.53,1.1,1687725,1.15,1169740,7182500
2026-04-13T09:36:30.682,NF,NIFTY13APR2624200CE,1.15,3.7,7.05,1.05,76.7,31698030,1.53,1.1,1722630,1.15,1165190,7182500
2026-04-13T09:36:32.288,NF,NIFTY13APR2624200CE,1.15,3.7,7.05,1.05,76.7,31701410,1.53,1.1,1596335,1.15,1178125,7182500
2026-04-13T09:36:33.891,NF,NIFTY13APR2624200CE,1.15,3.7,7.05,1.05,76.7,31704400,1.53,1.1,1595360,1.15,1177410,7182500
2026-04-13T09:36:35.711,NF,NIFTY13APR2624200CE,1.1,3.7,7.05,1.05,76.7,31707390,1.53,1.1,1596790,1.15,1172535,7182500
2026-04-13T09:36:37.293,NF,NIFTY13APR2624200CE,1.15,3.7,7.05,1.05,76.7,31712070,1.53,1.1,1596205,1.15,1170520,7182500
2026-04-13T09:36:38.901,NF,NIFTY13APR2624200CE,1.15,3.7,7.05,1.05,76.7,31719480,1.53,1.1,1593540,1.15,1166945,7182500
2026-04-13T09:36:40.697,NF,NIFTY13APR2624200CE,1.15,3.7,7.05,1.05,76.7,31729490,1.53,1.1,1674985,1.15,1171170,7182500
2026-04-13T09:36:42.316,NF,NIFTY13APR2624200CE,1.15,3.7,7.05,1.05,76.7,31733910,1.53,1.1,1676415,1.15,1165775,7182500
2026-04-13T09:36:43.908,NF,NIFTY13APR2624200CE,1.15,3.7,7.05,1.05,76.7,31736250,1.53,1.1,1675115,1.15,1165125,7182500
2026-04-13T09:36:45.709,NF,NIFTY13APR2624200CE,1.15,3.7,7.05,1.05,76.7,31744115,1.53,1.1,1671865,1.15,1159275,7182500
2026-04-13T09:36:47.306,NF,NIFTY13APR2624200CE,1.15,3.7,7.05,1.05,76.7,31749250,1.53,1.1,1668095,1.15,1173315,7182500
2026-04-13T09:36:48.935,NF,NIFTY13APR2624200CE,1.15,3.7,7.05,1.05,76.7,31753345,1.53,1.1,1666600,1.15,1170455,7182500
2026-04-13T09:36:50.527,NF,NIFTY13APR2624200CE,1.1,3.7,7.05,1.05,76.7,31763355,1.53,1.1,1659645,1.15,1164735,7182500
2026-04-13T09:36:52.117,NF,NIFTY13APR2624200CE,1.15,3.7,7.05,1.05,76.7,31769985,1.53,1.1,1658605,1.15,1176240,7182500
2026-04-13T09:36:53.927,NF,NIFTY13APR2624200CE,1.15,3.7,7.05,1.05,76.7,31773430,1.53,1.1,1659905,1.15,1171365,7182500
2026-04-13T09:36:55.522,NF,NIFTY13APR2624200CE,1.15,3.7,7.05,1.05,76.7,31808205,1.53,1.1,1650935,1.15,1147900,7182500
2026-04-13T09:36:57.135,NF,NIFTY13APR2624200CE,1.15,3.7,7.05,1.05,76.7,31828940,1.53,1.1,1662050,1.15,1123785,7182500
2026-04-13T09:36:58.921,NF,NIFTY13APR2624200CE,1.15,3.7,7.05,1.05,76.7,31856045,1.53,1.1,1663090,1.15,1118650,7182500
2026-04-13T09:37:00.531,NF,NIFTY13APR2624200CE,1.15,3.7,7.05,1.05,76.7,31859750,1.53,1.1,1669720,1.15,1116180,7182500
2026-04-13T09:37:02.145,NF,NIFTY13APR2624200CE,1.1,3.7,7.05,1.05,76.7,31867030,1.53,1.1,1669135,1.15,1113190,7182500
2026-04-13T09:37:03.930,NF,NIFTY13APR2624200CE,1.15,3.7,7.05,1.05,76.7,31876195,1.53,1.1,1678040,1.15,1111110,7182500
2026-04-13T09:37:05.539,NF,NIFTY13APR2624200CE,1.15,3.7,7.05,1.05,76.7,31878210,1.53,1.1,1688830,1.15,1116505,7182500
2026-04-13T09:37:07.144,NF,NIFTY13APR2624200CE,1.1,3.7,7.05,1.05,76.7,31881850,1.53,1.1,1686035,1.15,1117285,7182500
2026-04-13T09:37:08.934,NF,NIFTY13APR2624200CE,1.15,3.7,7.05,1.05,76.7,31969990,1.52,1.1,1504035,1.15,1115660,7182500
2026-04-13T09:37:10.543,NF,NIFTY13APR2624200CE,1.1,3.7,7.05,1.05,76.7,31985005,1.52,1.1,1468155,1.15,1118065,7182500
2026-04-13T09:37:12.152,NF,NIFTY13APR2624200CE,1.1,3.7,7.05,1.05,76.7,31993195,1.52,1.1,1465100,1.15,1115595,7339020
2026-04-13T09:37:13.943,NF,NIFTY13APR2624200CE,1.1,3.7,7.05,1.05,76.7,32008080,1.52,1.1,1454570,1.15,1119820,7339020
2026-04-13T09:37:15.544,NF,NIFTY13APR2624200CE,1.1,3.7,7.05,1.05,76.7,32011070,1.52,1.1,1441310,1.15,1119105,7339020
2026-04-13T09:37:17.171,NF,NIFTY13APR2624200CE,1.1,3.7,7.05,1.05,76.7,32029595,1.52,1.1,1426815,1.15,1118780,7339020
2026-04-13T09:37:18.985,NF,NIFTY13APR2624200CE,1.15,3.7,7.05,1.05,76.7,32046820,1.52,1.1,1520090,1.15,1073670,7339020
2026-04-13T09:37:20.555,NF,NIFTY13APR2624200CE,1.1,3.7,7.05,1.05,76.7,32057285,1.52,1.1,1432600,1.15,1147120,7339020
2026-04-13T09:37:22.178,NF,NIFTY13APR2624200CE,1.15,3.7,7.05,1.05,76.7,32061510,1.52,1.1,1433380,1.15,1154530,7339020
2026-04-13T09:37:23.958,NF,NIFTY13APR2624200CE,1.1,3.7,7.05,1.05,76.7,32064630,1.52,1.1,1428505,1.15,1151475,7339020
2026-04-13T09:37:25.560,NF,NIFTY13APR2624200CE,1.15,3.7,7.05,1.05,76.7,32068920,1.52,1.1,1457885,1.15,1065220,7339020
2026-04-13T09:37:27.163,NF,NIFTY13APR2624200CE,1.1,3.7,7.05,1.05,76.7,32139900,1.52,1.1,1511250,1.15,1015365,7339020
2026-04-13T09:37:28.966,NF,NIFTY13APR2624200CE,1.15,3.7,7.05,1.05,76.7,32214975,1.52,1.1,1441050,1.15,1126515,7339020
2026-04-13T09:37:30.576,NF,NIFTY13APR2624200CE,1.1,3.7,7.05,1.05,76.7,32222125,1.52,1.1,1421030,1.15,1123850,7339020
2026-04-13T09:37:32.185,NF,NIFTY13APR2624200CE,1.15,3.7,7.05,1.05,76.7,32228560,1.52,1.1,1408550,1.15,1116570,7339020
2026-04-13T09:37:33.972,NF,NIFTY13APR2624200CE,1.15,3.7,7.05,1.05,76.7,32234215,1.52,1.1,1427920,1.15,1044940,7339020
2026-04-13T09:37:35.578,NF,NIFTY13APR2624200CE,1.15,3.7,7.05,1.05,76.7,32333210,1.52,1.15,816725,1.2,1482845,7339020
2026-04-13T09:37:37.293,NF,NIFTY13APR2624200CE,1.15,3.7,7.05,1.05,76.7,32351800,1.52,1.15,883935,1.2,1486355,7339020
2026-04-13T09:37:38.796,NF,NIFTY13APR2624200CE,1.15,3.7,7.05,1.05,76.7,32372340,1.52,1.15,871520,1.2,1531140,7339020
2026-04-13T09:37:40.382,NF,NIFTY13APR2624200CE,1.1,3.7,7.05,1.05,76.7,32422390,1.52,1.1,1409070,1.15,1045460,7339020
2026-04-13T09:37:41.993,NF,NIFTY13APR2624200CE,1.15,3.7,7.05,1.05,76.7,32428500,1.52,1.1,1455415,1.15,1047605,7339020
2026-04-13T09:37:43.785,NF,NIFTY13APR2624200CE,1.15,3.7,7.05,1.05,76.7,32432595,1.52,1.1,1478620,1.15,1088620,7339020
2026-04-13T09:37:45.392,NF,NIFTY13APR2624200CE,1.1,3.7,7.05,1.05,76.7,32433830,1.52,1.1,1417520,1.15,1110005,7339020
2026-04-13T09:37:47.001,NF,NIFTY13APR2624200CE,1.1,3.7,7.05,1.05,76.7,32451510,1.52,1.1,1372865,1.15,1110135,7339020
2026-04-13T09:37:48.803,NF,NIFTY13APR2624200CE,1.15,3.7,7.05,1.05,76.7,32455930,1.52,1.1,1452490,1.15,1120730,7339020
2026-04-13T09:37:50.395,NF,NIFTY13APR2624200CE,1.15,3.7,7.05,1.05,76.7,32461130,1.52,1.1,1353560,1.15,1153555,7339020
2026-04-13T09:37:52.035,NF,NIFTY13APR2624200CE,1.15,3.7,7.05,1.05,76.7,32466915,1.52,1.1,1440790,1.15,1143415,7339020
2026-04-13T09:37:53.807,NF,NIFTY13APR2624200CE,1.15,3.7,7.05,1.05,76.7,32493370,1.52,1.1,1138995,1.15,1136330,7339020
2026-04-13T09:37:55.418,NF,NIFTY13APR2624200CE,1.15,3.7,7.05,1.05,76.7,32504355,1.52,1.1,1400555,1.15,1128855,7339020
2026-04-13T09:37:57.004,NF,NIFTY13APR2624200CE,1.1,3.7,7.05,1.05,76.7,32509100,1.52,1.1,1428960,1.15,1129180,7339020
2026-04-13T09:37:58.804,NF,NIFTY13APR2624200CE,1.15,3.7,7.05,1.05,76.7,32512415,1.52,1.1,1432340,1.15,1126710,7339020
2026-04-13T09:38:00.408,NF,NIFTY13APR2624200CE,1.1,3.7,7.05,1.05,76.7,32515015,1.52,1.1,1438970,1.15,1128725,7339020
2026-04-13T09:38:02.017,NF,NIFTY13APR2624200CE,1.1,3.7,7.05,1.05,76.7,32517875,1.52,1.1,1437475,1.15,1124175,7339020
2026-04-13T09:38:03.836,NF,NIFTY13APR2624200CE,1.1,3.7,7.05,1.05,76.7,32521515,1.52,1.1,1430910,1.15,1122485,7339020
2026-04-13T09:38:05.416,NF,NIFTY13APR2624200CE,1.1,3.7,7.05,1.05,76.7,32523010,1.52,1.1,1429545,1.15,1119560,7339020
2026-04-13T09:38:07.020,NF,NIFTY13APR2624200CE,1.1,3.7,7.05,1.05,76.7,32528340,1.52,1.1,1445600,1.15,1126515,7339020
2026-04-13T09:38:08.832,NF,NIFTY13APR2624200CE,1.15,3.7,7.05,1.05,76.7,32584175,1.52,1.1,1341210,1.15,1084785,7339020
2026-04-13T09:38:10.424,NF,NIFTY13APR2624200CE,1.1,3.7,7.05,1.05,76.7,32602375,1.52,1.1,1290965,1.15,1086865,7339020
2026-04-13T09:38:12.030,NF,NIFTY13APR2624200CE,1.1,3.7,7.05,1.05,76.7,32626035,1.52,1.1,1273740,1.15,1099735,7339020
2026-04-13T09:38:13.827,NF,NIFTY13APR2624200CE,1.15,3.7,7.05,1.05,76.7,32658795,1.52,1.1,1446705,1.15,1084525,7339020
2026-04-13T09:38:15.439,NF,NIFTY13APR2624200CE,1.15,3.7,7.05,1.05,76.7,32665035,1.52,1.1,1443390,1.15,1085175,7339020
2026-04-13T09:38:17.035,NF,NIFTY13APR2624200CE,1.15,3.7,7.05,1.05,76.7,32671470,1.52,1.1,1448655,1.15,1070095,7339020
2026-04-13T09:38:18.833,NF,NIFTY13APR2624200CE,1.1,3.7,7.05,1.05,76.7,32675370,1.52,1.1,1442155,1.15,1070290,7339020
2026-04-13T09:38:20.580,NF,NIFTY13APR2624200CE,1.15,3.7,7.05,1.05,76.7,32687980,1.52,1.1,1427985,1.15,1069965,7339020
2026-04-13T09:38:22.040,NF,NIFTY13APR2624200CE,1.15,3.7,7.05,1.05,76.7,32691360,1.52,1.1,1426945,1.15,1064375,7339020
2026-04-13T09:38:23.842,NF,NIFTY13APR2624200CE,1.1,3.7,7.05,1.05,76.7,32714565,1.52,1.1,1430260,1.15,1046045,7339020
2026-04-13T09:38:25.477,NF,NIFTY13APR2624200CE,1.15,3.7,7.05,1.05,76.7,32737445,1.52,1.1,1435070,1.15,1027065,7339020
2026-04-13T09:38:27.047,NF,NIFTY13APR2624200CE,1.15,3.7,7.05,1.05,76.7,32772610,1.52,1.1,1435980,1.15,971165,7339020
2026-04-13T09:38:28.853,NF,NIFTY13APR2624200CE,1.15,3.7,7.05,1.05,76.7,32795165,1.51,1.1,1429025,1.15,971295,7339020
2026-04-13T09:38:30.475,NF,NIFTY13APR2624200CE,1.15,3.7,7.05,1.05,76.7,32810960,1.51,1.1,1425775,1.15,967135,7339020
2026-04-13T09:38:32.054,NF,NIFTY13APR2624200CE,1.15,3.7,7.05,1.05,76.7,32836960,1.51,1.1,1395550,1.15,979225,7339020
2026-04-13T09:38:33.855,NF,NIFTY13APR2624200CE,1.1,3.7,7.05,1.05,76.7,32838000,1.51,1.1,1394640,1.15,990600,7339020
2026-04-13T09:38:35.460,NF,NIFTY13APR2624200CE,1.15,3.7,7.05,1.05,76.7,32839040,1.51,1.1,1393795,1.15,995020,7339020
2026-04-13T09:38:37.061,NF,NIFTY13APR2624200CE,1.1,3.7,7.05,1.05,76.7,32841835,1.51,1.1,1393210,1.15,987675,7339020
2026-04-13T09:38:38.861,NF,NIFTY13APR2624200CE,1.15,3.7,7.05,1.05,76.7,32866535,1.51,1.1,1388400,1.15,981370,7339020
2026-04-13T09:38:40.475,NF,NIFTY13APR2624200CE,1.1,3.7,7.05,1.05,76.7,32872645,1.51,1.1,1380015,1.15,994045,7339020
2026-04-13T09:38:42.068,NF,NIFTY13APR2624200CE,1.1,3.7,7.05,1.05,76.7,32919315,1.51,1.1,1276340,1.15,1012505,7339020
2026-04-13T09:38:43.671,NF,NIFTY13APR2624200CE,1.1,3.7,7.05,1.05,76.7,32943885,1.51,1.1,1280435,1.15,1028365,7339020
2026-04-13T09:38:45.288,NF,NIFTY13APR2624200CE,1.15,3.7,7.05,1.05,76.7,32957665,1.51,1.1,1280565,1.15,1033240,7339020
2026-04-13T09:38:47.089,NF,NIFTY13APR2624200CE,1.1,3.7,7.05,1.05,76.7,32960720,1.51,1.1,1289925,1.15,1031420,7339020
2026-04-13T09:38:48.683,NF,NIFTY13APR2624200CE,1.1,3.7,7.05,1.05,76.7,32972355,1.51,1.1,1281800,1.15,1030510,7339020
2026-04-13T09:38:50.284,NF,NIFTY13APR2624200CE,1.1,3.7,7.05,1.05,76.7,32981065,1.51,1.1,1277250,1.15,1034475,7339020
2026-04-13T09:38:51.883,NF,NIFTY13APR2624200CE,1.1,3.7,7.05,1.05,76.7,32986915,1.51,1.1,1275690,1.15,1039025,7339020
2026-04-13T09:38:53.496,NF,NIFTY13APR2624200CE,1.15,3.7,7.05,1.05,76.7,32993480,1.51,1.1,1270425,1.15,1056705,7339020
2026-04-13T09:38:55.089,NF,NIFTY13APR2624200CE,1.1,3.7,7.05,1.05,76.7,33013565,1.51,1.1,1293825,1.15,1061255,7339020
2026-04-13T09:38:56.693,NF,NIFTY13APR2624200CE,1.1,3.7,7.05,1.05,76.7,33052305,1.51,1.1,1204840,1.15,1176825,7339020
2026-04-13T09:38:58.297,NF,NIFTY13APR2624200CE,1.1,3.7,7.05,1.05,76.7,33110675,1.51,1.1,1193465,1.15,1336790,7339020
2026-04-13T09:39:00.123,NF,NIFTY13APR2624200CE,1.15,3.7,7.05,1.05,76.7,33141940,1.51,1.1,1195090,1.15,1333215,7339020
2026-04-13T09:39:01.699,NF,NIFTY13APR2624200CE,1.1,3.7,7.05,1.05,76.7,33169955,1.51,1.1,1261975,1.15,1341925,7339020
2026-04-13T09:39:03.335,NF,NIFTY13APR2624200CE,1.1,3.7,7.05,1.05,76.7,33221435,1.51,1.1,1262430,1.15,1339260,7339020
2026-04-13T09:39:04.904,NF,NIFTY13APR2624200CE,1.1,3.7,7.05,1.05,76.7,33252700,1.51,1.1,1428180,1.15,1424345,7339020
2026-04-13T09:39:06.510,NF,NIFTY13APR2624200CE,1.15,3.7,7.05,1.05,76.7,33307495,1.51,1.1,1470885,1.15,1454375,7339020
2026-04-13T09:39:08.111,NF,NIFTY13APR2624200CE,1.1,3.7,7.05,1.05,76.7,33313670,1.51,1.1,1487330,1.15,1448785,7339020
2026-04-13T09:39:09.713,NF,NIFTY13APR2624200CE,1.15,3.7,7.05,1.05,76.7,33317635,1.51,1.1,1483755,1.15,1446120,7339020
2026-04-13T09:39:11.518,NF,NIFTY13APR2624200CE,1.1,3.7,7.05,1.05,76.7,33362940,1.51,1.1,1406665,1.15,1466595,7339020
2026-04-13T09:39:13.129,NF,NIFTY13APR2624200CE,1.15,3.7,7.05,1.05,76.7,33393880,1.51,1.1,1335165,1.15,1462370,7339020
2026-04-13T09:39:14.720,NF,NIFTY13APR2624200CE,1.15,3.7,7.05,1.05,76.7,33395570,1.51,1.1,1323010,1.15,1467050,7339020
2026-04-13T09:39:16.322,NF,NIFTY13APR2624200CE,1.15,3.7,7.05,1.05,76.7,33396220,1.51,1.1,1352000,1.15,1460940,7339020
2026-04-13T09:39:17.928,NF,NIFTY13APR2624200CE,1.15,3.7,7.05,1.05,76.7,33403370,1.51,1.1,1354795,1.15,1460225,7339020
2026-04-13T09:39:19.580,NF,NIFTY13APR2624200CE,1.15,3.7,7.05,1.05,76.7,33403760,1.51,1.1,1351480,1.15,1459510,7339020
2026-04-13T09:39:21.332,NF,NIFTY13APR2624200CE,1.1,3.7,7.05,1.05,76.7,33416175,1.51,1.1,1337960,1.15,1461330,7339020
2026-04-13T09:39:22.938,NF,NIFTY13APR2624200CE,1.1,3.7,7.05,1.05,76.7,33423650,1.51,1.1,1331850,1.15,1467115,7339020
2026-04-13T09:39:24.541,NF,NIFTY13APR2624200CE,1.1,3.7,7.05,1.05,76.7,33425470,1.51,1.1,1344915,1.15,1507675,7339020
2026-04-13T09:39:26.162,NF,NIFTY13APR2624200CE,1.15,3.7,7.05,1.05,76.7,33444970,1.51,1.1,1473940,1.15,1518595,7339020
2026-04-13T09:39:27.743,NF,NIFTY13APR2624200CE,1.15,3.7,7.05,1.05,76.7,33449585,1.51,1.1,1472380,1.15,1516515,7339020
2026-04-13T09:39:29.344,NF,NIFTY13APR2624200CE,1.15,3.7,7.05,1.05,76.7,33462520,1.51,1.1,1405950,1.15,1521650,7339020
2026-04-13T09:39:31.146,NF,NIFTY13APR2624200CE,1.1,3.7,7.05,1.05,76.7,33467265,1.51,1.1,1472250,1.15,1523275,7339020
2026-04-13T09:39:32.756,NF,NIFTY13APR2624200CE,1.15,3.7,7.05,1.05,76.7,33470255,1.51,1.1,1466595,1.15,1510535,7339020
2026-04-13T09:39:34.353,NF,NIFTY13APR2624200CE,1.15,3.7,7.05,1.05,76.7,33485140,1.51,1.1,1457430,1.15,1524055,7339020
2026-04-13T09:39:35.957,NF,NIFTY13APR2624200CE,1.15,3.7,7.05,1.05,76.7,33489560,1.51,1.1,1453985,1.15,1528020,7339020
2026-04-13T09:39:38.963,NF,NIFTY13APR2624200CE,1.15,3.7,7.05,1.05,76.7,33494240,1.51,1.1,1451255,1.15,1529970,7339020
2026-04-13T09:39:40.566,NF,NIFTY13APR2624200CE,1.15,3.7,7.05,1.05,76.7,33506590,1.51,1.1,1447290,1.15,1524055,7339020
2026-04-13T09:39:42.172,NF,NIFTY13APR2624200CE,1.15,3.7,7.05,1.05,76.7,33507045,1.51,1.1,1450475,1.15,1526525,7339020
2026-04-13T09:39:43.972,NF,NIFTY13APR2624200CE,1.15,3.7,7.05,1.05,76.7,33513220,1.51,1.1,1442805,1.15,1545115,7339020
2026-04-13T09:39:45.571,NF,NIFTY13APR2624200CE,1.1,3.7,7.05,1.05,76.7,33552870,1.51,1.1,1290315,1.15,1548625,7339020
2026-04-13T09:39:47.174,NF,NIFTY13APR2624200CE,1.1,3.7,7.05,1.05,76.7,33586605,1.51,1.1,1289535,1.15,1552980,7339020
2026-04-13T09:39:48.980,NF,NIFTY13APR2624200CE,1.05,3.7,7.05,1.05,76.7,33667920,1.5,1.05,1531660,1.1,1013870,7339020
2026-04-13T09:39:50.588,NF,NIFTY13APR2624200CE,1.05,3.7,7.05,1.05,76.7,33706790,1.5,1.05,1411215,1.1,1031875,7339020
2026-04-13T09:39:52.187,NF,NIFTY13APR2624200CE,1.1,3.7,7.05,1.05,76.7,33716995,1.5,1.05,1489475,1.1,1031745,7339020
2026-04-13T09:39:53.986,NF,NIFTY13APR2624200CE,1.1,3.7,7.05,1.05,76.7,33724795,1.5,1.05,1489800,1.1,1020110,7339020
2026-04-13T09:39:55.594,NF,NIFTY13APR2624200CE,1.1,3.7,7.05,1.05,76.7,33727330,1.5,1.05,1483690,1.1,1015235,7339020
2026-04-13T09:39:57.198,NF,NIFTY13APR2624200CE,1.05,3.7,7.05,1.05,76.7,33738640,1.5,1.05,1477320,1.1,1014065,7339020
2026-04-13T09:39:58.993,NF,NIFTY13APR2624200CE,1.1,3.7,7.05,1.05,76.7,33751315,1.5,1.05,1466400,1.1,1010100,7339020
2026-04-13T09:40:00.608,NF,NIFTY13APR2624200CE,1.1,3.7,7.05,1.05,76.7,33754175,1.5,1.05,1467895,1.1,1013025,7339020
2026-04-13T09:40:02.209,NF,NIFTY13APR2624200CE,1.05,3.7,7.05,1.05,76.7,33767370,1.5,1.05,1456390,1.1,1011205,7339020
2026-04-13T09:40:04.011,NF,NIFTY13APR2624200CE,1.1,3.7,7.05,1.05,76.7,33770295,1.5,1.05,1465035,1.1,1007565,7339020
2026-04-13T09:40:05.604,NF,NIFTY13APR2624200CE,1.1,3.7,7.05,1.05,76.7,33776795,1.5,1.05,1456715,1.1,1000545,7339020
2026-04-13T09:40:07.210,NF,NIFTY13APR2624200CE,1.1,3.7,7.05,1.05,76.7,33782320,1.5,1.05,1454375,1.1,1001585,7339020
2026-04-13T09:40:09.011,NF,NIFTY13APR2624200CE,1.1,3.7,7.05,1.05,76.7,33785895,1.5,1.05,1452100,1.1,996905,7339020
2026-04-13T09:40:10.617,NF,NIFTY13APR2624200CE,1.05,3.7,7.05,1.05,76.7,33788950,1.5,1.05,1454830,1.1,1000545,7339020
2026-04-13T09:40:12.218,NF,NIFTY13APR2624200CE,1.1,3.7,7.05,1.05,76.7,33796815,1.5,1.05,1454115,1.1,995150,7937085
2026-04-13T09:40:14.018,NF,NIFTY13APR2624200CE,1.1,3.7,7.05,1.05,76.7,33810270,1.5,1.05,1441115,1.1,998335,7937085
2026-04-13T09:40:15.626,NF,NIFTY13APR2624200CE,1.1,3.7,7.05,1.05,76.7,33814560,1.5,1.05,1445145,1.1,990600,7937085
2026-04-13T09:40:17.228,NF,NIFTY13APR2624200CE,1.05,3.7,7.05,1.05,76.7,33820475,1.5,1.05,1461005,1.1,979030,7937085
2026-04-13T09:40:19.041,NF,NIFTY13APR2624200CE,1.1,3.7,7.05,1.05,76.7,33827170,1.5,1.05,1405300,1.1,975195,7937085
2026-04-13T09:40:20.645,NF,NIFTY13APR2624200CE,1.1,3.7,7.05,1.05,76.7,33862790,1.5,1.05,1338740,1.1,971165,7937085
2026-04-13T09:40:22.242,NF,NIFTY13APR2624200CE,1.1,3.7,7.05,1.05,76.7,33867665,1.5,1.05,1340885,1.1,976560,7937085
2026-04-13T09:40:24.053,NF,NIFTY13APR2624200CE,1.1,3.7,7.05,1.05,76.7,33870655,1.5,1.05,1333085,1.1,974350,7937085
2026-04-13T09:40:25.640,NF,NIFTY13APR2624200CE,1.05,3.7,7.05,1.05,76.7,33872865,1.5,1.05,1333605,1.1,981435,7937085
2026-04-13T09:40:27.244,NF,NIFTY13APR2624200CE,1.1,3.7,7.05,1.05,76.7,33873905,1.5,1.05,1330030,1.1,983645,7937085
2026-04-13T09:40:29.044,NF,NIFTY13APR2624200CE,1.1,3.7,7.05,1.05,76.7,33878455,1.5,1.05,1328925,1.1,981825,7937085
2026-04-13T09:40:30.650,NF,NIFTY13APR2624200CE,1.1,3.7,7.05,1.05,76.7,33908225,1.5,1.05,1308775,1.1,1010165,7937085
2026-04-13T09:40:32.268,NF,NIFTY13APR2624200CE,1.1,3.7,7.05,1.05,76.7,33917520,1.5,1.05,1316315,1.1,1007305,7937085
2026-04-13T09:40:34.079,NF,NIFTY13APR2624200CE,1.1,3.7,7.05,1.05,76.7,33927400,1.5,1.05,1319045,1.1,1004250,7937085
2026-04-13T09:40:35.655,NF,NIFTY13APR2624200CE,1.1,3.7,7.05,1.05,76.7,33935915,1.5,1.05,1311375,1.1,1017055,7937085
2026-04-13T09:40:37.256,NF,NIFTY13APR2624200CE,1.1,3.7,7.05,1.05,76.7,33941765,1.5,1.05,1310205,1.1,1015430,7937085
2026-04-13T09:40:39.259,NF,NIFTY13APR2624200CE,1.1,3.7,7.05,1.05,76.7,33945925,1.5,1.05,1336335,1.1,1102790,7937085
2026-04-13T09:40:40.866,NF,NIFTY13APR2624200CE,1.1,3.7,7.05,1.05,76.7,33949825,1.5,1.05,1342900,1.1,1100125,7937085
2026-04-13T09:40:42.469,NF,NIFTY13APR2624200CE,1.1,3.7,7.05,1.05,76.7,33951255,1.5,1.05,1341730,1.1,1118260,7937085
2026-04-13T09:40:44.068,NF,NIFTY13APR2624200CE,1.1,3.7,7.05,1.05,76.7,33956585,1.5,1.05,1339975,1.1,1119755,7937085
2026-04-13T09:40:45.687,NF,NIFTY13APR2624200CE,1.1,3.7,7.05,1.05,76.7,33961005,1.5,1.05,1332370,1.1,1120080,7937085
2026-04-13T09:40:47.271,NF,NIFTY13APR2624200CE,1.05,3.7,7.05,1.05,76.7,33981545,1.5,1.05,1250015,1.1,1154075,7937085
2026-04-13T09:40:48.874,NF,NIFTY13APR2624200CE,1.05,3.7,7.05,1.05,76.7,33991815,1.5,1.05,1239420,1.1,1154400,7937085
2026-04-13T09:40:50.477,NF,NIFTY13APR2624200CE,1.05,3.7,7.05,1.05,76.7,34006375,1.5,1.05,1223365,1.1,1159860,7937085
2026-04-13T09:40:52.079,NF,NIFTY13APR2624200CE,1.1,3.7,7.05,1.05,76.7,34023340,1.5,1.05,1294345,1.1,1156935,7937085
2026-04-13T09:40:53.683,NF,NIFTY13APR2624200CE,1.1,3.7,7.05,1.05,76.7,34025940,1.5,1.05,1296230,1.1,1151605,7937085
2026-04-13T09:40:55.085,NF,NIFTY13APR2624200CE,1.1,3.7,7.05,1.05,76.7,34027825,1.5,1.05,1296100,1.1,1149980,7937085
2026-04-13T09:40:56.887,NF,NIFTY13APR2624200CE,1.1,3.7,7.05,1.05,76.7,34063250,1.5,1.05,1303770,1.1,1225575,7937085
2026-04-13T09:40:58.293,NF,NIFTY13APR2624200CE,1.1,3.7,7.05,1.05,76.7,34066955,1.5,1.05,1306760,1.1,1270620,7937085
2026-04-13T09:41:00.091,NF,NIFTY13APR2624200CE,1.1,3.7,7.05,1.05,76.7,34083855,1.5,1.05,1304225,1.1,1250145,7937085
2026-04-13T09:41:01.702,NF,NIFTY13APR2624200CE,1.1,3.7,7.05,1.05,76.7,34099520,1.5,1.05,1304810,1.1,1235715,7937085
2026-04-13T09:41:03.301,NF,NIFTY13APR2624200CE,1.1,3.7,7.05,1.05,76.7,34103745,1.5,1.05,1304160,1.1,1234480,7937085
2026-04-13T09:41:05.101,NF,NIFTY13APR2624200CE,1.1,3.7,7.05,1.05,76.7,34107645,1.5,1.05,1299480,1.1,1239615,7937085
2026-04-13T09:41:06.714,NF,NIFTY13APR2624200CE,1.1,3.7,7.05,1.05,76.7,34111415,1.5,1.05,1295970,1.1,1250210,7937085
2026-04-13T09:41:08.308,NF,NIFTY13APR2624200CE,1.05,3.7,7.05,1.05,76.7,34124480,1.5,1.05,1304225,1.1,1230060,7937085
2026-04-13T09:41:09.909,NF,NIFTY13APR2624200CE,1.1,3.7,7.05,1.05,76.7,34125520,1.5,1.05,1304420,1.1,1235130,7937085
2026-04-13T09:41:11.711,NF,NIFTY13APR2624200CE,1.05,3.7,7.05,1.05,76.7,34153600,1.5,1.05,1054885,1.1,1356160,7937085
2026-04-13T09:41:13.336,NF,NIFTY13APR2624200CE,1.05,3.7,7.05,1.0,76.7,34307910,1.5,1.05,12285,1.1,1417000,7937085
2026-04-13T09:41:14.919,NF,NIFTY13APR2624200CE,1.1,3.7,7.05,1.0,76.7,34311680,1.5,1.05,779350,1.1,1539265,7937085
2026-04-13T09:41:16.718,NF,NIFTY13APR2624200CE,1.1,3.7,7.05,1.0,76.7,34312655,1.5,1.05,809380,1.1,1542320,7937085
2026-04-13T09:41:18.328,NF,NIFTY13APR2624200CE,1.1,3.7,7.05,1.0,76.7,34316100,1.5,1.05,809445,1.1,1572610,7937085
2026-04-13T09:41:19.953,NF,NIFTY13APR2624200CE,1.05,3.7,7.05,1.0,76.7,34338460,1.5,1.05,777725,1.1,1557140,7937085
2026-04-13T09:41:21.530,NF,NIFTY13APR2624200CE,1.05,3.7,7.05,1.0,76.7,34349705,1.5,1.05,702715,1.1,1559480,7937085
2026-04-13T09:41:23.338,NF,NIFTY13APR2624200CE,1.1,3.7,7.05,1.0,76.7,34351980,1.5,1.05,726830,1.1,1559675,7937085
2026-04-13T09:41:24.934,NF,NIFTY13APR2624200CE,1.05,3.7,7.05,1.0,76.7,34353995,1.5,1.05,722085,1.1,1558115,7937085
2026-04-13T09:41:26.566,NF,NIFTY13APR2624200CE,1.05,3.7,7.05,1.0,76.7,34361730,1.5,1.05,808340,1.1,1574365,7937085
2026-04-13T09:41:28.140,NF,NIFTY13APR2624200CE,1.1,3.7,7.05,1.0,76.7,34370570,1.5,1.05,824070,1.1,1565265,7937085
2026-04-13T09:41:29.941,NF,NIFTY13APR2624200CE,1.05,3.7,7.05,1.0,76.7,34375640,1.49,1.05,842725,1.1,1554085,7937085
2026-04-13T09:41:31.544,NF,NIFTY13APR2624200CE,1.05,3.7,7.05,1.0,76.7,34380060,1.49,1.05,740480,1.1,1557140,7937085
2026-04-13T09:41:33.151,NF,NIFTY13APR2624200CE,1.1,3.7,7.05,1.0,76.7,34384285,1.49,1.05,859430,1.1,1553890,7937085
2026-04-13T09:41:34.751,NF,NIFTY13APR2624200CE,1.1,3.7,7.05,1.0,76.7,34392605,1.49,1.05,855595,1.1,1548495,7937085
2026-04-13T09:41:36.555,NF,NIFTY13APR2624200CE,1.1,3.7,7.05,1.0,76.7,34406450,1.49,1.05,833950,1.1,1544400,7937085
2026-04-13T09:41:37.757,NF,NIFTY13APR2624200CE,1.05,3.7,7.05,1.0,76.7,34486465,1.49,1.0,1971710,1.05,1070160,7937085
2026-04-13T09:41:39.360,NF,NIFTY13APR2624200CE,1.05,3.7,7.05,1.0,76.7,34502130,1.49,1.0,1969370,1.05,1216995,7937085
2026-04-13T09:41:41.167,NF,NIFTY13APR2624200CE,1.0,3.7,7.05,1.0,76.7,34611135,1.49,1.0,1988545,1.05,1337310,7937085
2026-04-13T09:41:42.772,NF,NIFTY13APR2624200CE,1.05,3.7,7.05,1.0,76.7,34643895,1.49,1.0,2003105,1.05,1362400,7937085
2026-04-13T09:41:44.368,NF,NIFTY13APR2624200CE,1.05,3.7,7.05,1.0,76.7,34651890,1.49,1.0,2003365,1.05,1348165,7937085
2026-04-13T09:41:46.169,NF,NIFTY13APR2624200CE,1.0,3.7,7.05,1.0,76.7,34683025,1.49,1.0,1885910,1.05,1365585,7937085
2026-04-13T09:41:47.773,NF,NIFTY13APR2624200CE,1.0,3.7,7.05,1.0,76.7,34700055,1.49,1.0,1934725,1.05,1363115,7937085
2026-04-13T09:41:49.384,NF,NIFTY13APR2624200CE,1.05,3.7,7.05,1.0,76.7,34706620,1.49,1.0,1947465,1.05,1341405,7937085
2026-04-13T09:41:51.177,NF,NIFTY13APR2624200CE,1.05,3.7,7.05,1.0,76.7,34867560,1.49,1.05,942110,1.1,1637935,7937085
2026-04-13T09:41:52.781,NF,NIFTY13APR2624200CE,1.05,3.7,7.05,1.0,76.7,34942505,1.49,1.05,1272960,1.1,1676025,7937085
2026-04-13T09:41:54.395,NF,NIFTY13APR2624200CE,1.1,3.7,7.05,1.0,76.7,34947250,1.49,1.05,1477710,1.1,1672970,7937085
2026-04-13T09:41:56.186,NF,NIFTY13APR2624200CE,1.05,3.7,7.05,1.0,76.7,34953490,1.49,1.05,1642615,1.1,1661985,7937085
2026-04-13T09:41:57.790,NF,NIFTY13APR2624200CE,1.1,3.7,7.05,1.0,76.7,34999185,1.49,1.05,1602510,1.1,1667445,7937085
2026-04-13T09:41:59.400,NF,NIFTY13APR2624200CE,1.05,3.7,7.05,1.0,76.7,35023625,1.49,1.05,1631305,1.1,1665495,7937085
2026-04-13T09:42:01.248,NF,NIFTY13APR2624200CE,1.1,3.7,7.05,1.0,76.7,35044100,1.49,1.05,1760330,1.1,1674790,7937085
2026-04-13T09:42:02.800,NF,NIFTY13APR2624200CE,1.05,3.7,7.05,1.0,76.7,35057295,1.49,1.05,1770080,1.1,1694550,7937085
2026-04-13T09:42:04.402,NF,NIFTY13APR2624200CE,1.1,3.7,7.05,1.0,76.7,35071140,1.49,1.05,1783925,1.1,1688440,7937085
2026-04-13T09:42:06.200,NF,NIFTY13APR2624200CE,1.1,3.7,7.05,1.0,76.7,35080175,1.49,1.05,1795625,1.1,1686035,7937085
2026-04-13T09:42:07.804,NF,NIFTY13APR2624200CE,1.05,3.7,7.05,1.0,76.7,35086025,1.49,1.05,1811030,1.1,1686035,7937085
2026-04-13T09:42:09.406,NF,NIFTY13APR2624200CE,1.1,3.7,7.05,1.0,76.7,35088755,1.49,1.05,1812915,1.1,1684280,7937085
2026-04-13T09:42:11.210,NF,NIFTY13APR2624200CE,1.05,3.7,7.05,1.0,76.7,35091030,1.49,1.05,1829425,1.1,1684540,7937085
2026-04-13T09:42:12.812,NF,NIFTY13APR2624200CE,1.1,3.7,7.05,1.0,76.7,35097855,1.49,1.05,1827735,1.1,1679275,7937085
2026-04-13T09:42:14.415,NF,NIFTY13APR2624200CE,1.1,3.7,7.05,1.0,76.7,35108320,1.49,1.05,1836380,1.1,1676415,7937085
2026-04-13T09:42:16.216,NF,NIFTY13APR2624200CE,1.1,3.7,7.05,1.0,76.7,35113780,1.49,1.05,1841385,1.1,1673425,7937085
2026-04-13T09:42:17.822,NF,NIFTY13APR2624200CE,1.05,3.7,7.05,1.0,76.7,35116900,1.49,1.05,1841580,1.1,1672905,7937085
2026-04-13T09:42:19.431,NF,NIFTY13APR2624200CE,1.1,3.7,7.05,1.0,76.7,35125415,1.49,1.05,1865825,1.1,1639495,7937085
2026-04-13T09:42:21.234,NF,NIFTY13APR2624200CE,1.1,3.7,7.05,1.0,76.7,35421490,1.48,1.1,653120,1.15,1624610,7937085
2026-04-13T09:42:22.839,NF,NIFTY13APR2624200CE,1.1,3.7,7.05,1.0,76.7,35528415,1.48,1.05,1939665,1.1,1365520,7937085
2026-04-13T09:42:24.431,NF,NIFTY13APR2624200CE,1.1,3.7,7.05,1.0,76.7,35557210,1.48,1.05,1937065,1.1,1385865,7937085
2026-04-13T09:42:26.234,NF,NIFTY13APR2624200CE,1.1,3.7,7.05,1.0,76.7,35580155,1.48,1.05,1926470,1.1,1392170,7937085
2026-04-13T09:42:27.835,NF,NIFTY13APR2624200CE,1.05,3.7,7.05,1.0,76.7,35586460,1.48,1.05,1925365,1.1,1388790,7937085
2026-04-13T09:42:29.438,NF,NIFTY13APR2624200CE,1.1,3.7,7.05,1.0,76.7,35588020,1.48,1.05,1921725,1.1,1389310,7937085
2026-04-13T09:42:31.237,NF,NIFTY13APR2624200CE,1.05,3.7,7.05,1.0,76.7,35629035,1.48,1.05,1801085,1.1,1509365,7937085
2026-04-13T09:42:32.841,NF,NIFTY13APR2624200CE,1.05,3.7,7.05,1.0,76.7,35635730,1.48,1.05,1789515,1.1,1532375,7937085
2026-04-13T09:42:34.444,NF,NIFTY13APR2624200CE,1.05,3.7,7.05,1.0,76.7,35640605,1.48,1.05,1847300,1.1,1540890,7937085
2026-04-13T09:42:36.252,NF,NIFTY13APR2624200CE,1.05,3.7,7.05,1.0,76.7,35671350,1.48,1.05,1773785,1.1,1537770,7937085
2026-04-13T09:42:37.654,NF,NIFTY13APR2624200CE,1.05,3.7,7.05,1.0,76.7,35691500,1.48,1.05,1806610,1.1,1573130,7937085
2026-04-13T09:42:39.455,NF,NIFTY13APR2624200CE,1.05,3.7,7.05,1.0,76.7,35714120,1.48,1.05,1790490,1.1,1553240,7937085
2026-04-13T09:42:41.077,NF,NIFTY13APR2624200CE,1.05,3.7,7.05,1.0,76.7,35746230,1.48,1.05,1710930,1.1,1574885,7937085
2026-04-13T09:42:42.659,NF,NIFTY13APR2624200CE,1.1,3.7,7.05,1.0,76.7,35761635,1.48,1.05,1708330,1.1,1576510,7937085
2026-04-13T09:42:44.455,NF,NIFTY13APR2624200CE,1.05,3.7,7.05,1.0,76.7,35769695,1.48,1.05,1703780,1.1,1581255,7937085
2026-04-13T09:42:46.059,NF,NIFTY13APR2624200CE,1.05,3.7,7.05,1.0,76.7,35797385,1.48,1.05,1677650,1.1,1590225,7937085
2026-04-13T09:42:47.666,NF,NIFTY13APR2624200CE,1.05,3.7,7.05,1.0,76.7,35811100,1.48,1.05,1668225,1.1,1608685,7937085
2026-04-13T09:42:49.467,NF,NIFTY13APR2624200CE,1.05,3.7,7.05,1.0,76.7,35813310,1.48,1.05,1666340,1.1,1617460,7937085
2026-04-13T09:42:51.067,NF,NIFTY13APR2624200CE,1.05,3.7,7.05,1.0,76.7,35829300,1.48,1.05,1650805,1.1,1657175,7937085
2026-04-13T09:42:52.687,NF,NIFTY13APR2624200CE,1.05,3.7,7.05,1.0,76.7,35833460,1.48,1.05,1645735,1.1,1672645,7937085
2026-04-13T09:42:54.469,NF,NIFTY13APR2624200CE,1.05,3.7,7.05,1.0,76.7,35844120,1.48,1.05,1626170,1.1,1688050,7937085
2026-04-13T09:42:56.078,NF,NIFTY13APR2624200CE,1.05,3.7,7.05,1.0,76.7,35847305,1.48,1.05,1624740,1.1,1682330,7937085
2026-04-13T09:42:57.676,NF,NIFTY13APR2624200CE,1.05,3.7,7.05,1.0,76.7,35851270,1.48,1.05,1623440,1.1,1678170,7937085
2026-04-13T09:42:59.486,NF,NIFTY13APR2624200CE,1.05,3.7,7.05,1.0,76.7,35862580,1.48,1.05,1620125,1.1,1685840,7937085
2026-04-13T09:43:01.090,NF,NIFTY13APR2624200CE,1.1,3.7,7.05,1.0,76.7,35874345,1.48,1.05,1612000,1.1,1677065,7937085
2026-04-13T09:43:02.694,NF,NIFTY13APR2624200CE,1.1,3.7,7.05,1.0,76.7,35878830,1.48,1.05,1614015,1.1,1854060,7937085
2026-04-13T09:43:04.485,NF,NIFTY13APR2624200CE,1.1,3.7,7.05,1.0,76.7,35887995,1.48,1.05,1610310,1.1,2041585,7937085
2026-04-13T09:43:06.092,NF,NIFTY13APR2624200CE,1.1,3.7,7.05,1.0,76.7,35964110,1.48,1.05,1588990,1.1,2043340,7937085
2026-04-13T09:43:07.712,NF,NIFTY13APR2624200CE,1.1,3.7,7.05,1.0,76.7,35966385,1.48,1.05,1582360,1.1,2043405,7937085
2026-04-13T09:43:09.491,NF,NIFTY13APR2624200CE,1.1,3.7,7.05,1.0,76.7,35971195,1.48,1.05,1582035,1.1,2048865,7937085
2026-04-13T09:43:11.106,NF,NIFTY13APR2624200CE,1.05,3.7,7.05,1.0,76.7,35981335,1.48,1.05,1595750,1.1,2055300,7937085
2026-04-13T09:43:12.697,NF,NIFTY13APR2624200CE,1.05,3.7,7.05,1.0,76.7,36005905,1.48,1.05,1566240,1.1,2050165,7937085
2026-04-13T09:43:14.497,NF,NIFTY13APR2624200CE,1.05,3.7,7.05,1.0,76.7,36013575,1.48,1.05,1563315,1.1,2040220,8024575
2026-04-13T09:43:16.104,NF,NIFTY13APR2624200CE,1.05,3.7,7.05,1.0,76.7,36015720,1.48,1.05,1561885,1.1,2068235,8024575
2026-04-13T09:43:17.733,NF,NIFTY13APR2624200CE,1.1,3.7,7.05,1.0,76.7,36018190,1.48,1.05,1564225,1.1,2067130,8024575
2026-04-13T09:43:21.192,NF,NIFTY13APR2624200CE,1.1,3.7,7.05,1.0,76.7,36060375,1.47,1.05,1607645,1.1,2030730,8024575
2026-04-13T09:43:22.717,NF,NIFTY13APR2624200CE,1.05,3.7,7.05,1.0,76.7,36084555,1.47,1.05,1630785,1.1,1856595,8024575
2026-04-13T09:43:24.516,NF,NIFTY13APR2624200CE,1.05,3.7,7.05,1.0,76.7,36102300,1.47,1.05,1632085,1.1,1882855,8024575
2026-04-13T09:43:26.133,NF,NIFTY13APR2624200CE,1.1,3.7,7.05,1.0,76.7,36105355,1.47,1.05,1626950,1.1,1879215,8024575
2026-04-13T09:43:27.725,NF,NIFTY13APR2624200CE,1.05,3.7,7.05,1.0,76.7,36115950,1.47,1.05,1625715,1.1,1906775,8024575
2026-04-13T09:43:29.544,NF,NIFTY13APR2624200CE,1.05,3.7,7.05,1.0,76.7,36123620,1.47,1.05,1624025,1.1,1902420,8024575
2026-04-13T09:43:31.129,NF,NIFTY13APR2624200CE,1.1,3.7,7.05,1.0,76.7,36128820,1.47,1.05,1626430,1.1,1898195,8024575
2026-04-13T09:43:32.736,NF,NIFTY13APR2624200CE,1.1,3.7,7.05,1.0,76.7,36138960,1.47,1.05,1625325,1.1,1899430,8024575
2026-04-13T09:43:34.535,NF,NIFTY13APR2624200CE,1.05,3.7,7.05,1.0,76.7,36149815,1.47,1.05,1611805,1.1,1915615,8024575
2026-04-13T09:43:36.137,NF,NIFTY13APR2624200CE,1.1,3.7,7.05,1.0,76.7,36159890,1.47,1.05,1612130,1.1,1908855,8024575
2026-04-13T09:43:38.138,NF,NIFTY13APR2624200CE,1.1,3.7,7.05,1.0,76.7,36166520,1.47,1.05,1580085,1.1,1947335,8024575
2026-04-13T09:43:39.742,NF,NIFTY13APR2624200CE,1.1,3.7,7.05,1.0,76.7,36188945,1.47,1.05,1570530,1.1,1939210,8024575
2026-04-13T09:43:41.345,NF,NIFTY13APR2624200CE,1.1,3.7,7.05,1.0,76.7,36208770,1.47,1.05,1607125,1.1,1879475,8024575
2026-04-13T09:43:43.160,NF,NIFTY13APR2624200CE,1.05,3.7,7.05,1.0,76.7,36218260,1.47,1.05,1602965,1.1,1514305,8024575
2026-04-13T09:43:44.753,NF,NIFTY13APR2624200CE,1.05,3.7,7.05,1.0,76.7,36237240,1.47,1.05,1513070,1.1,1534260,8024575
2026-04-13T09:43:46.387,NF,NIFTY13APR2624200CE,1.1,3.7,7.05,1.0,76.7,36243155,1.47,1.05,1564095,1.1,1597050,8024575
2026-04-13T09:43:48.171,NF,NIFTY13APR2624200CE,1.1,3.7,7.05,1.0,76.7,36250825,1.47,1.05,1560845,1.1,1590550,8024575
2026-04-13T09:43:49.756,NF,NIFTY13APR2624200CE,1.05,3.7,7.05,1.0,76.7,36262655,1.47,1.05,1597375,1.1,1825655,8024575
2026-04-13T09:43:51.361,NF,NIFTY13APR2624200CE,1.05,3.7,7.05,1.0,76.7,36269480,1.47,1.05,1513980,1.1,1921075,8024575
2026-04-13T09:43:53.159,NF,NIFTY13APR2624200CE,1.05,3.7,7.05,1.0,76.7,36283390,1.47,1.05,1506895,1.1,1931605,8024575
2026-04-13T09:43:54.766,NF,NIFTY13APR2624200CE,1.05,3.7,7.05,1.0,76.7,36295090,1.47,1.05,1498120,1.1,2029365,8024575
2026-04-13T09:43:56.374,NF,NIFTY13APR2624200CE,1.05,3.7,7.05,1.0,76.7,36456680,1.47,1.0,1809925,1.05,1504555,8024575
2026-04-13T09:43:58.169,NF,NIFTY13APR2624200CE,1.05,3.7,7.05,1.0,76.7,36478715,1.47,1.0,1887860,1.05,1619020,8024575
2026-04-13T09:43:59.787,NF,NIFTY13APR2624200CE,1.05,3.7,7.05,1.0,76.7,36490155,1.47,1.0,1887665,1.05,1611090,8024575
2026-04-13T09:44:01.382,NF,NIFTY13APR2624200CE,1.0,3.7,7.05,1.0,76.7,36506275,1.47,1.0,1879930,1.05,1615965,8024575
2026-04-13T09:44:03.182,NF,NIFTY13APR2624200CE,1.0,3.7,7.05,1.0,76.7,36522265,1.47,1.0,1867775,1.05,1655485,8024575
2026-04-13T09:44:04.794,NF,NIFTY13APR2624200CE,1.05,3.7,7.05,1.0,76.7,36527075,1.47,1.0,1867320,1.05,1652105,8024575
2026-04-13T09:44:06.379,NF,NIFTY13APR2624200CE,1.0,3.7,7.05,1.0,76.7,36534615,1.47,1.0,1860885,1.05,1655810,8024575
2026-04-13T09:44:08.180,NF,NIFTY13APR2624200CE,1.05,3.7,7.05,1.0,76.7,36579595,1.47,1.0,1853020,1.05,1643395,8024575
2026-04-13T09:44:09.783,NF,NIFTY13APR2624200CE,1.05,3.7,7.05,1.0,76.7,36608780,1.47,1.0,1865500,1.05,1641445,8024575
2026-04-13T09:44:11.385,NF,NIFTY13APR2624200CE,1.0,3.7,7.05,1.0,76.7,36610795,1.47,1.0,1784315,1.05,1668420,8024575
2026-04-13T09:44:13.192,NF,NIFTY13APR2624200CE,1.05,3.7,7.05,1.0,76.7,36615735,1.47,1.0,1769625,1.05,1671670,8024575
2026-04-13T09:44:14.793,NF,NIFTY13APR2624200CE,1.0,3.7,7.05,1.0,76.7,36618790,1.47,1.0,1764425,1.05,1671410,8024575
2026-04-13T09:44:16.393,NF,NIFTY13APR2624200CE,1.05,3.7,7.05,1.0,76.7,36621195,1.47,1.0,1817790,1.05,1678625,8024575
2026-04-13T09:44:17.996,NF,NIFTY13APR2624200CE,1.0,3.7,7.05,1.0,76.7,36623860,1.47,1.0,1759875,1.05,1679340,8024575
2026-04-13T09:44:19.804,NF,NIFTY13APR2624200CE,1.05,3.7,7.05,1.0,76.7,36626655,1.47,1.0,1758185,1.05,1680380,8024575
2026-04-13T09:44:21.398,NF,NIFTY13APR2624200CE,1.0,3.7,7.05,1.0,76.7,36631075,1.47,1.0,1754610,1.05,1681030,8024575
2026-04-13T09:44:23.009,NF,NIFTY13APR2624200CE,1.0,3.7,7.05,1.0,76.7,36640240,1.47,1.0,1753700,1.05,1674660,8024575
2026-04-13T09:44:24.814,NF,NIFTY13APR2624200CE,1.0,3.7,7.05,1.0,76.7,36652720,1.47,1.0,1744015,1.05,1674530,8024575
2026-04-13T09:44:26.411,NF,NIFTY13APR2624200CE,1.0,3.7,7.05,1.0,76.7,36656425,1.47,1.0,1746615,1.05,1677975,8024575
2026-04-13T09:44:28.022,NF,NIFTY13APR2624200CE,1.0,3.7,7.05,1.0,76.7,36671505,1.47,1.0,1734265,1.05,1673165,8024575
2026-04-13T09:44:29.832,NF,NIFTY13APR2624200CE,1.05,3.7,7.05,1.0,76.7,36681840,1.47,1.0,1729325,1.05,1672190,8024575
2026-04-13T09:44:31.417,NF,NIFTY13APR2624200CE,1.0,3.7,7.05,1.0,76.7,36698155,1.47,1.0,1717235,1.05,1673295,8024575
2026-04-13T09:44:33.026,NF,NIFTY13APR2624200CE,1.0,3.7,7.05,1.0,76.7,36705240,1.47,1.0,1713530,1.05,1666145,8024575
2026-04-13T09:44:34.626,NF,NIFTY13APR2624200CE,1.05,3.7,7.05,1.0,76.7,36709920,1.47,1.0,1711255,1.05,1665885,8024575
2026-04-13T09:44:36.421,NF,NIFTY13APR2624200CE,1.05,3.7,7.05,1.0,76.7,36714210,1.47,1.0,1708590,1.05,1678365,8024575
2026-04-13T09:44:37.829,NF,NIFTY13APR2624200CE,1.0,3.7,7.05,1.0,76.7,36742420,1.47,1.0,1719900,1.05,1673100,8024575
2026-04-13T09:44:39.425,NF,NIFTY13APR2624200CE,1.0,3.7,7.05,1.0,76.7,36749310,1.47,1.0,1769820,1.05,1337180,8024575
2026-04-13T09:44:41.051,NF,NIFTY13APR2624200CE,1.0,3.7,7.05,1.0,76.7,36761595,1.47,1.0,1752725,1.05,1281215,8024575
2026-04-13T09:44:42.638,NF,NIFTY13APR2624200CE,1.05,3.7,7.05,1.0,76.7,36771150,1.47,1.0,1750710,1.05,1319890,8024575
2026-04-13T09:44:44.438,NF,NIFTY13APR2624200CE,1.05,3.7,7.05,1.0,76.7,36774205,1.47,1.0,1748955,1.05,1318720,8024575
2026-04-13T09:44:46.055,NF,NIFTY13APR2624200CE,1.0,3.7,7.05,1.0,76.7,36782395,1.47,1.0,1692925,1.05,1313000,8024575
2026-04-13T09:44:47.639,NF,NIFTY13APR2624200CE,1.0,3.7,7.05,1.0,76.7,36785515,1.47,1.0,1686425,1.05,1310660,8024575
2026-04-13T09:44:49.241,NF,NIFTY13APR2624200CE,1.0,3.7,7.05,1.0,76.7,36790455,1.47,1.0,1684735,1.05,1980160,8024575
2026-04-13T09:44:50.851,NF,NIFTY13APR2624200CE,1.05,3.7,7.05,1.0,76.7,36792275,1.47,1.0,1682265,1.05,1980940,8024575
2026-04-13T09:44:52.454,NF,NIFTY13APR2624200CE,1.0,3.7,7.05,1.0,76.7,36795200,1.47,1.0,1694680,1.05,1977040,8024575
2026-04-13T09:44:54.249,NF,NIFTY13APR2624200CE,1.05,3.7,7.05,1.0,76.7,36800725,1.47,1.0,1694095,1.05,1978015,8024575
2026-04-13T09:44:55.862,NF,NIFTY13APR2624200CE,1.05,3.7,7.05,1.0,76.7,36802285,1.47,1.0,1703325,1.05,1998815,8024575
2026-04-13T09:44:57.453,NF,NIFTY13APR2624200CE,1.05,3.7,7.05,1.0,76.7,36804820,1.47,1.0,1691885,1.05,1996020,8024575
2026-04-13T09:44:59.054,NF,NIFTY13APR2624200CE,1.05,3.7,7.05,1.0,76.7,36812230,1.47,1.0,1748955,1.05,1988675,8024575
2026-04-13T09:45:00.659,NF,NIFTY13APR2624200CE,1.0,3.7,7.05,1.0,76.7,36816585,1.47,1.0,1748045,1.05,2014415,8024575
2026-04-13T09:45:02.269,NF,NIFTY13APR2624200CE,1.05,3.7,7.05,1.0,76.7,36819900,1.47,1.0,1739140,1.05,2014675,8024575
2026-04-13T09:45:03.886,NF,NIFTY13APR2624200CE,1.0,3.7,7.05,1.0,76.7,36821590,1.47,1.0,1738295,1.05,2014805,8024575
2026-04-13T09:45:05.466,NF,NIFTY13APR2624200CE,1.05,3.7,7.05,1.0,76.7,36827570,1.47,1.0,1735110,1.05,2017535,8024575
2026-04-13T09:45:07.072,NF,NIFTY13APR2624200CE,1.05,3.7,7.05,1.0,76.7,36837775,1.47,1.0,1736345,1.05,2034370,8024575
2026-04-13T09:45:08.673,NF,NIFTY13APR2624200CE,1.05,3.7,7.05,1.0,76.7,36861045,1.47,1.0,1713140,1.05,2033330,8024575
2026-04-13T09:45:10.474,NF,NIFTY13APR2624200CE,1.05,3.7,7.05,1.0,76.7,36868065,1.47,1.0,1657500,1.05,2026635,8024575
2026-04-13T09:45:12.077,NF,NIFTY13APR2624200CE,1.05,3.7,7.05,1.0,76.7,36896405,1.46,1.0,1633580,1.05,2024490,8024575
2026-04-13T09:45:13.680,NF,NIFTY13APR2624200CE,1.0,3.7,7.05,1.0,76.7,36898225,1.46,1.0,1629875,1.05,2024230,8024575
2026-04-13T09:45:15.287,NF,NIFTY13APR2624200CE,1.0,3.7,7.05,1.0,76.7,36901930,1.46,1.0,1632865,1.05,2041130,8024575
2026-04-13T09:45:16.892,NF,NIFTY13APR2624200CE,1.05,3.7,7.05,1.0,76.7,36906090,1.46,1.0,1689870,1.05,2037490,8024575
2026-04-13T09:45:18.684,NF,NIFTY13APR2624200CE,1.05,3.7,7.05,1.0,76.7,36907975,1.46,1.0,1631500,1.05,2037230,8024575
2026-04-13T09:45:20.286,NF,NIFTY13APR2624200CE,1.0,3.7,7.05,1.0,76.7,36911160,1.46,1.0,1624740,1.05,2037815,8024575
2026-04-13T09:45:21.890,NF,NIFTY13APR2624200CE,1.05,3.7,7.05,1.0,76.7,36912200,1.46,1.0,1626820,1.05,2034175,8024575
2026-04-13T09:45:23.497,NF,NIFTY13APR2624200CE,1.0,3.7,7.05,1.0,76.7,36914345,1.46,1.0,1621295,1.05,2046460,8024575
2026-04-13T09:45:25.096,NF,NIFTY13APR2624200CE,0.95,3.7,7.05,0.95,76.7,37040575,1.46,0.95,1695005,1.0,2240810,8024575
2026-04-13T09:45:26.710,NF,NIFTY13APR2624200CE,1.0,3.7,7.05,0.95,76.7,37044605,1.46,0.95,1703715,1.0,2243605,8024575
2026-04-13T09:45:28.312,NF,NIFTY13APR2624200CE,1.0,3.7,7.05,0.95,76.7,37050650,1.46,0.95,1755260,1.0,2297490,8024575
2026-04-13T09:45:30.117,NF,NIFTY13APR2624200CE,0.95,3.7,7.05,0.95,76.7,37056565,1.46,0.95,1686035,1.0,2375360,8024575
2026-04-13T09:45:31.705,NF,NIFTY13APR2624200CE,1.0,3.7,7.05,0.95,76.7,37058775,1.46,0.95,1690520,1.0,2383550,8024575
2026-04-13T09:45:33.314,NF,NIFTY13APR2624200CE,0.95,3.7,7.05,0.95,76.7,37069175,1.46,0.95,1681095,1.0,2507310,8024575
2026-04-13T09:45:34.918,NF,NIFTY13APR2624200CE,0.95,3.7,7.05,0.95,76.7,37071840,1.46,0.95,1681550,1.0,2513095,8024575
2026-04-13T09:45:36.535,NF,NIFTY13APR2624200CE,1.0,3.7,7.05,0.95,76.7,37073075,1.46,0.95,1699490,1.0,2548000,8024575
2026-04-13T09:45:38.319,NF,NIFTY13APR2624200CE,1.0,3.7,7.05,0.95,76.7,37077885,1.46,0.95,1733940,1.0,2544360,8024575
2026-04-13T09:45:39.926,NF,NIFTY13APR2624200CE,1.0,3.7,7.05,0.95,76.7,37078925,1.46,0.95,1713595,1.0,2542085,8024575
2026-04-13T09:45:41.738,NF,NIFTY13APR2624200CE,0.95,3.7,7.05,0.95,76.7,37078990,1.46,0.95,1729845,1.0,2545465,8024575
2026-04-13T09:45:43.331,NF,NIFTY13APR2624200CE,0.95,3.7,7.05,0.95,76.7,37082955,1.46,0.95,1652495,1.0,2572505,8024575
2026-04-13T09:45:44.930,NF,NIFTY13APR2624200CE,0.95,3.7,7.05,0.95,76.7,37095825,1.46,0.95,1697085,1.0,2563730,8024575
2026-04-13T09:45:46.729,NF,NIFTY13APR2624200CE,0.95,3.7,7.05,0.95,76.7,37097970,1.46,0.95,1700075,1.0,2571335,8024575
2026-04-13T09:45:48.332,NF,NIFTY13APR2624200CE,0.95,3.7,7.05,0.95,76.7,37103430,1.46,0.95,1696955,1.0,2567760,8024575
2026-04-13T09:45:49.953,NF,NIFTY13APR2624200CE,0.95,3.7,7.05,0.95,76.7,37112270,1.46,0.95,1687010,1.0,2588690,8024575
2026-04-13T09:45:51.738,NF,NIFTY13APR2624200CE,0.95,3.7,7.05,0.95,76.7,37114740,1.46,0.95,1680900,1.0,2599935,8024575
2026-04-13T09:45:53.352,NF,NIFTY13APR2624200CE,0.95,3.7,7.05,0.95,76.7,37117665,1.46,0.95,1677195,1.0,2597465,8024575
2026-04-13T09:45:54.944,NF,NIFTY13APR2624200CE,1.0,3.7,7.05,0.95,76.7,37126310,1.46,0.95,1672190,1.0,2608515,8024575
2026-04-13T09:45:56.762,NF,NIFTY13APR2624200CE,0.95,3.7,7.05,0.95,76.7,37135215,1.46,0.95,1665430,1.0,2609035,8024575
2026-04-13T09:45:58.351,NF,NIFTY13APR2624200CE,1.0,3.7,7.05,0.95,76.7,37139245,1.46,0.95,1630785,1.0,2605395,8024575
2026-04-13T09:45:59.955,NF,NIFTY13APR2624200CE,0.95,3.7,7.05,0.95,76.7,37146980,1.46,0.95,1628250,1.0,2600065,8024575
2026-04-13T09:46:01.755,NF,NIFTY13APR2624200CE,0.95,3.7,7.05,0.95,76.7,37150620,1.46,0.95,1625000,1.0,2602145,8024575
2026-04-13T09:46:03.357,NF,NIFTY13APR2624200CE,0.95,3.7,7.05,0.95,76.7,37162905,1.46,0.95,1612845,1.0,2596685,8024575
2026-04-13T09:46:04.962,NF,NIFTY13APR2624200CE,0.95,3.7,7.05,0.95,76.7,37180325,1.46,0.95,1599195,1.0,2586090,8024575
2026-04-13T09:46:06.768,NF,NIFTY13APR2624200CE,0.95,3.7,7.05,0.95,76.7,37191310,1.46,0.95,1592175,1.0,2591160,8024575
2026-04-13T09:46:08.364,NF,NIFTY13APR2624200CE,0.95,3.7,7.05,0.95,76.7,37207300,1.46,0.95,1581385,1.0,2592525,8024575
2026-04-13T09:46:09.967,NF,NIFTY13APR2624200CE,1.0,3.7,7.05,0.95,76.7,37234795,1.46,0.95,1568255,1.0,2604290,8024575
2026-04-13T09:46:11.772,NF,NIFTY13APR2624200CE,0.95,3.7,7.05,0.95,76.7,37248185,1.46,0.95,1562340,1.0,2595645,8024575
2026-04-13T09:46:13.375,NF,NIFTY13APR2624200CE,1.0,3.7,7.05,0.95,76.7,37253255,1.46,0.95,1591395,1.0,2596165,8024575
2026-04-13T09:46:15.012,NF,NIFTY13APR2624200CE,0.95,3.7,7.05,0.9,76.7,37467300,1.46,0.9,1803685,0.95,1279655,8037835
2026-04-13T09:46:16.776,NF,NIFTY13APR2624200CE,0.95,3.7,7.05,0.9,76.7,37468080,1.46,0.9,1853345,0.95,1870180,8037835
2026-04-13T09:46:18.403,NF,NIFTY13APR2624200CE,0.95,3.7,7.05,0.9,76.7,37470810,1.46,0.9,1854060,0.95,1873885,8037835
2026-04-13T09:46:20.016,NF,NIFTY13APR2624200CE,0.9,3.7,7.05,0.9,76.7,37476855,1.46,0.9,1877395,0.95,1856855,8037835
2026-04-13T09:46:21.867,NF,NIFTY13APR2624200CE,0.95,3.7,7.05,0.9,76.7,37485760,1.46,0.9,1897675,0.95,1870505,8037835
2026-04-13T09:46:23.385,NF,NIFTY13APR2624200CE,0.9,3.7,7.05,0.9,76.7,37500255,1.46,0.9,1919385,0.95,1866020,8037835
2026-04-13T09:46:24.997,NF,NIFTY13APR2624200CE,0.95,3.7,7.05,0.9,76.7,37503895,1.46,0.9,1917630,0.95,1912885,8037835
2026-04-13T09:46:26.597,NF,NIFTY13APR2624200CE,0.9,3.7,7.05,0.9,76.7,37507080,1.46,0.9,1900015,0.95,1945060,8037835
2026-04-13T09:46:28.192,NF,NIFTY13APR2624200CE,0.95,3.7,7.05,0.9,76.7,37509290,1.46,0.9,1904695,0.95,1926145,8037835
2026-04-13T09:46:29.997,NF,NIFTY13APR2624200CE,0.95,3.7,7.05,0.9,76.7,37510915,1.46,0.9,1856985,0.95,1941680,8037835
2026-04-13T09:46:31.597,NF,NIFTY13APR2624200CE,0.95,3.7,7.05,0.9,76.7,37516830,1.46,0.9,1857635,0.95,1956045,8037835
2026-04-13T09:46:33.200,NF,NIFTY13APR2624200CE,0.9,3.7,7.05,0.9,76.7,37526775,1.46,0.9,1848145,0.95,1959425,8037835
2026-04-13T09:46:35.011,NF,NIFTY13APR2624200CE,0.9,3.7,7.05,0.9,76.7,37530675,1.46,0.9,1856205,0.95,1980485,8037835
2026-04-13T09:46:36.603,NF,NIFTY13APR2624200CE,0.9,3.7,7.05,0.9,76.7,37540815,1.46,0.9,1860495,0.95,1974765,8037835
2026-04-13T09:46:38.220,NF,NIFTY13APR2624200CE,0.95,3.7,7.05,0.9,76.7,37541855,1.46,0.9,1873105,0.95,1941355,8037835
2026-04-13T09:46:39.807,NF,NIFTY13APR2624200CE,0.9,3.7,7.05,0.9,76.7,37543220,1.46,0.9,1872520,0.95,1954485,8037835
2026-04-13T09:46:41.426,NF,NIFTY13APR2624200CE,0.95,3.7,7.05,0.9,76.7,37551475,1.46,0.9,1894620,0.95,1950455,8037835
2026-04-13T09:46:43.019,NF,NIFTY13APR2624200CE,0.95,3.7,7.05,0.9,76.7,37552905,1.46,0.9,1893840,0.95,1951430,8037835
2026-04-13T09:46:44.618,NF,NIFTY13APR2624200CE,0.95,3.7,7.05,0.9,76.7,37553425,1.46,0.9,1893515,0.95,1953965,8037835
2026-04-13T09:46:46.421,NF,NIFTY13APR2624200CE,0.95,3.7,7.05,0.9,76.7,37561290,1.46,0.9,1894490,0.95,1942850,8037835
2026-04-13T09:46:48.031,NF,NIFTY13APR2624200CE,0.95,3.7,7.05,0.9,76.7,37580530,1.46,0.9,1943500,0.95,1946230,8037835
2026-04-13T09:46:49.626,NF,NIFTY13APR2624200CE,0.95,3.7,7.05,0.9,76.7,37584300,1.46,0.9,1969695,0.95,1943500,8037835
2026-04-13T09:46:51.424,NF,NIFTY13APR2624200CE,0.9,3.7,7.05,0.9,76.7,37605165,1.46,0.9,1943305,0.95,1950325,8037835
2026-04-13T09:46:53.070,NF,NIFTY13APR2624200CE,0.95,3.7,7.05,0.9,76.7,37607830,1.46,0.9,1957150,0.95,1947335,8037835
2026-04-13T09:46:54.644,NF,NIFTY13APR2624200CE,0.95,3.7,7.05,0.9,76.7,37612445,1.46,0.9,1924975,0.95,1956825,8037835
2026-04-13T09:46:56.432,NF,NIFTY13APR2624200CE,0.95,3.7,7.05,0.9,76.7,37622065,1.46,0.9,1922830,0.95,1941160,8037835
2026-04-13T09:46:58.065,NF,NIFTY13APR2624200CE,0.95,3.7,7.05,0.9,76.7,37626095,1.45,0.9,1927120,0.95,1948570,8037835
2026-04-13T09:46:59.649,NF,NIFTY13APR2624200CE,0.9,3.7,7.05,0.9,76.7,37646310,1.45,0.9,1890265,0.95,2004470,8037835
2026-04-13T09:47:01.444,NF,NIFTY13APR2624200CE,0.95,3.7,7.05,0.9,76.7,37688235,1.45,0.9,1886755,0.95,1874535,8037835
2026-04-13T09:47:03.082,NF,NIFTY13APR2624200CE,0.95,3.7,7.05,0.9,76.7,37691615,1.45,0.9,1893060,0.95,1873365,8037835
2026-04-13T09:47:04.648,NF,NIFTY13APR2624200CE,0.95,3.7,7.05,0.9,76.7,37704030,1.45,0.9,1880905,0.95,1900925,8037835
2026-04-13T09:47:06.262,NF,NIFTY13APR2624200CE,0.95,3.7,7.05,0.9,76.7,37714495,1.45,0.9,1878045,0.95,1895075,8037835
2026-04-13T09:47:08.058,NF,NIFTY13APR2624200CE,0.9,3.7,7.05,0.9,76.7,37715405,1.45,0.9,1888770,0.95,1894425,8037835
2026-04-13T09:47:09.657,NF,NIFTY13APR2624200CE,0.95,3.7,7.05,0.9,76.7,37719565,1.45,0.9,1905020,0.95,1900860,8037835
2026-04-13T09:47:11.259,NF,NIFTY13APR2624200CE,0.9,3.7,7.05,0.9,76.7,37740430,1.45,0.9,1930890,0.95,1874015,8037835
2026-04-13T09:47:13.058,NF,NIFTY13APR2624200CE,0.95,3.7,7.05,0.9,76.7,37749075,1.45,0.9,1957670,0.95,1867450,8037835
2026-04-13T09:47:14.662,NF,NIFTY13APR2624200CE,0.9,3.7,7.05,0.9,76.7,37760060,1.45,0.9,1990235,0.95,1862055,8037835
2026-04-13T09:47:16.266,NF,NIFTY13APR2624200CE,0.95,3.7,7.05,0.9,76.7,37770525,1.45,0.9,1958840,0.95,1858610,8037835
2026-04-13T09:47:19.478,NF,NIFTY13APR2624200CE,0.95,3.7,7.05,0.9,76.7,37773515,1.45,0.9,1903785,0.95,1877135,8037835
2026-04-13T09:47:21.314,NF,NIFTY13APR2624200CE,0.95,3.7,7.05,0.9,76.7,37781575,1.45,0.9,1925105,0.95,1851850,8037835
2026-04-13T09:47:22.885,NF,NIFTY13APR2624200CE,0.95,3.7,7.05,0.9,76.7,37804455,1.45,0.9,1884155,0.95,1895335,8037835
2026-04-13T09:47:24.478,NF,NIFTY13APR2624200CE,0.95,3.7,7.05,0.9,76.7,37806990,1.45,0.9,1876680,0.95,1897025,8037835
2026-04-13T09:47:26.098,NF,NIFTY13APR2624200CE,0.95,3.7,7.05,0.9,76.7,37814660,1.45,0.9,1901705,0.95,1843725,8037835
2026-04-13T09:47:27.888,NF,NIFTY13APR2624200CE,0.9,3.7,7.05,0.9,76.7,37818755,1.45,0.9,1889420,0.95,1874470,8037835
2026-04-13T09:47:29.489,NF,NIFTY13APR2624200CE,0.95,3.7,7.05,0.9,76.7,37820965,1.45,0.9,1873430,0.95,1967615,8037835
2026-04-13T09:47:31.106,NF,NIFTY13APR2624200CE,0.95,3.7,7.05,0.9,76.7,37829870,1.45,0.9,1882985,0.95,1929785,8037835
2026-04-13T09:47:32.893,NF,NIFTY13APR2624200CE,0.9,3.7,7.05,0.9,76.7,37831170,1.45,0.9,1881165,0.95,1931410,8037835
2026-04-13T09:47:34.507,NF,NIFTY13APR2624200CE,0.95,3.7,7.05,0.9,76.7,37832665,1.45,0.9,1898715,0.95,1928485,8037835
2026-04-13T09:47:36.099,NF,NIFTY13APR2624200CE,0.9,3.7,7.05,0.9,76.7,37840400,1.45,0.9,1887665,0.95,1840995,8037835
2026-04-13T09:47:38.101,NF,NIFTY13APR2624200CE,0.95,3.7,7.05,0.9,76.7,37844885,1.45,0.9,1889810,0.95,1859065,8037835
2026-04-13T09:47:39.704,NF,NIFTY13APR2624200CE,0.9,3.7,7.05,0.9,76.7,37845210,1.45,0.9,1897935,0.95,1854125,8037835
2026-04-13T09:47:41.310,NF,NIFTY13APR2624200CE,0.9,3.7,7.05,0.9,76.7,37851775,1.45,0.9,1887795,0.95,1831115,8037835
2026-04-13T09:47:43.120,NF,NIFTY13APR2624200CE,0.95,3.7,7.05,0.9,76.7,37851970,1.45,0.9,1884740,0.95,1855035,8037835
2026-04-13T09:47:44.714,NF,NIFTY13APR2624200CE,0.95,3.7,7.05,0.9,76.7,37861200,1.45,0.9,1866020,0.95,1846065,8037835
2026-04-13T09:47:46.325,NF,NIFTY13APR2624200CE,0.95,3.7,7.05,0.9,76.7,37871470,1.45,0.9,1791140,0.95,1850290,8037835
2026-04-13T09:47:48.118,NF,NIFTY13APR2624200CE,0.95,3.7,7.05,0.9,76.7,37873355,1.45,0.9,1869790,0.95,1838005,8037835
2026-04-13T09:47:49.722,NF,NIFTY13APR2624200CE,0.95,3.7,7.05,0.9,76.7,37880310,1.45,0.9,1885000,0.95,1817595,8037835
2026-04-13T09:47:51.326,NF,NIFTY13APR2624200CE,0.95,3.7,7.05,0.9,76.7,37886745,1.45,0.9,1884610,0.95,1899690,8037835
2026-04-13T09:47:53.130,NF,NIFTY13APR2624200CE,0.95,3.7,7.05,0.9,76.7,37889410,1.45,0.9,1883050,0.95,1783925,8037835
2026-04-13T09:47:54.731,NF,NIFTY13APR2624200CE,0.95,3.7,7.05,0.9,76.7,37889865,1.45,0.9,1880645,0.95,1818960,8037835
2026-04-13T09:47:56.333,NF,NIFTY13APR2624200CE,0.95,3.7,7.05,0.9,76.7,37910730,1.45,0.9,1877785,0.95,1846065,8037835
2026-04-13T09:47:58.135,NF,NIFTY13APR2624200CE,0.95,3.7,7.05,0.9,76.7,37911315,1.45,0.9,1889095,0.95,1859780,8037835
2026-04-13T09:47:59.753,NF,NIFTY13APR2624200CE,0.9,3.7,7.05,0.9,76.7,37914500,1.45,0.9,1881165,0.95,1884025,8037835
2026-04-13T09:48:01.356,NF,NIFTY13APR2624200CE,0.9,3.7,7.05,0.9,76.7,37928995,1.45,0.9,1892670,0.95,1840215,8037835
2026-04-13T09:48:03.143,NF,NIFTY13APR2624200CE,0.95,3.7,7.05,0.9,76.7,37929320,1.45,0.9,1910675,0.95,1865565,8037835
2026-04-13T09:48:04.746,NF,NIFTY13APR2624200CE,0.95,3.7,7.05,0.9,76.7,37930035,1.45,0.9,1897545,0.95,1867645,8037835
2026-04-13T09:48:06.353,NF,NIFTY13APR2624200CE,0.95,3.7,7.05,0.9,76.7,37932960,1.45,0.9,1895075,0.95,1875055,8037835
2026-04-13T09:48:08.150,NF,NIFTY13APR2624200CE,0.95,3.7,7.05,0.9,76.7,37947845,1.45,0.9,1786265,0.95,1893190,8037835
2026-04-13T09:48:09.765,NF,NIFTY13APR2624200CE,0.95,3.7,7.05,0.9,76.7,37959090,1.45,0.9,1834365,0.95,1893385,8037835
2026-04-13T09:48:11.365,NF,NIFTY13APR2624200CE,0.95,3.7,7.05,0.9,76.7,37971050,1.45,0.9,1854970,0.95,1863745,8037835
2026-04-13T09:48:13.159,NF,NIFTY13APR2624200CE,0.9,3.7,7.05,0.9,76.7,37971440,1.45,0.9,1845480,0.95,1872260,8037835
2026-04-13T09:48:14.762,NF,NIFTY13APR2624200CE,0.95,3.7,7.05,0.9,76.7,37981060,1.45,0.9,1744730,0.95,1901575,8037835
2026-04-13T09:48:16.368,NF,NIFTY13APR2624200CE,0.9,3.7,7.05,0.9,76.7,38039820,1.45,0.9,1732185,0.95,1866865,8037835
2026-04-13T09:48:18.185,NF,NIFTY13APR2624200CE,0.95,3.7,7.05,0.9,76.7,38049375,1.45,0.9,1715155,0.95,1890200,8037835
2026-04-13T09:48:19.772,NF,NIFTY13APR2624200CE,0.9,3.7,7.05,0.9,76.7,38055095,1.45,0.9,1784380,0.95,1888055,8037835
2026-04-13T09:48:21.369,NF,NIFTY13APR2624200CE,0.9,3.7,7.05,0.9,76.7,38062960,1.45,0.9,1783730,0.95,1882920,8037835
2026-04-13T09:48:23.171,NF,NIFTY13APR2624200CE,0.95,3.7,7.05,0.9,76.7,38064650,1.45,0.9,1781975,0.95,1882725,8037835
2026-04-13T09:48:24.773,NF,NIFTY13APR2624200CE,0.95,3.7,7.05,0.9,76.7,38069070,1.45,0.9,1778335,0.95,1877200,8037835
2026-04-13T09:48:26.376,NF,NIFTY13APR2624200CE,0.9,3.7,7.05,0.9,76.7,38088180,1.45,0.9,1696760,0.95,1888965,8037835
2026-04-13T09:48:28.177,NF,NIFTY13APR2624200CE,0.95,3.7,7.05,0.9,76.7,38107160,1.45,0.9,1698970,0.95,1874535,8037835
2026-04-13T09:48:29.780,NF,NIFTY13APR2624200CE,0.9,3.7,7.05,0.9,76.7,38107810,1.45,0.9,1699880,0.95,1879930,8037835
2026-04-13T09:48:31.384,NF,NIFTY13APR2624200CE,0.9,3.7,7.05,0.9,76.7,38116455,1.45,0.9,1708005,0.95,1872780,8037835
2026-04-13T09:48:33.188,NF,NIFTY13APR2624200CE,0.9,3.7,7.05,0.9,76.7,38123995,1.45,0.9,1698710,0.95,1866280,8037835
2026-04-13T09:48:34.788,NF,NIFTY13APR2624200CE,0.9,3.7,7.05,0.9,76.7,38133160,1.45,0.9,1698450,0.95,1861080,8037835
2026-04-13T09:48:36.391,NF,NIFTY13APR2624200CE,0.95,3.7,7.05,0.9,76.7,38144210,1.45,0.9,1769950,0.95,1841580,8037835
2026-04-13T09:48:37.992,NF,NIFTY13APR2624200CE,0.9,3.7,7.05,0.9,76.7,38146420,1.45,0.9,1701700,0.95,1856660,8037835
2026-04-13T09:48:39.600,NF,NIFTY13APR2624200CE,0.9,3.7,7.05,0.9,76.7,38150905,1.45,0.9,1697345,0.95,1844245,8037835
2026-04-13T09:48:41.396,NF,NIFTY13APR2624200CE,0.9,3.7,7.05,0.9,76.7,38165140,1.45,0.9,1757145,0.95,1846780,8037835
2026-04-13T09:48:42.998,NF,NIFTY13APR2624200CE,0.95,3.7,7.05,0.9,76.7,38170470,1.45,0.9,1771900,0.95,1829360,8037835
2026-04-13T09:48:44.603,NF,NIFTY13APR2624200CE,0.9,3.7,7.05,0.9,76.7,38172095,1.45,0.9,1760265,0.95,1837550,8037835
2026-04-13T09:48:46.417,NF,NIFTY13APR2624200CE,0.95,3.7,7.05,0.9,76.7,38183470,1.45,0.9,1773980,0.95,1788735,8037835
2026-04-13T09:48:48.007,NF,NIFTY13APR2624200CE,0.9,3.7,7.05,0.9,76.7,38185355,1.45,0.9,1773980,0.95,1798680,8037835
2026-04-13T09:48:49.608,NF,NIFTY13APR2624200CE,0.9,3.7,7.05,0.9,76.7,38186720,1.45,0.9,1789450,0.95,1689415,8037835
2026-04-13T09:48:51.415,NF,NIFTY13APR2624200CE,0.95,3.7,7.05,0.9,76.7,38259065,1.45,0.9,1699165,0.95,1704300,8037835
2026-04-13T09:48:53.030,NF,NIFTY13APR2624200CE,0.95,3.7,7.05,0.9,76.7,38259585,1.45,0.9,1700530,0.95,1712490,8037835
2026-04-13T09:48:54.615,NF,NIFTY13APR2624200CE,0.9,3.7,7.05,0.9,76.7,38269790,1.45,0.9,1697345,0.95,1707095,8037835
2026-04-13T09:48:56.418,NF,NIFTY13APR2624200CE,0.95,3.7,7.05,0.9,76.7,38289160,1.45,0.9,1687465,0.95,1700595,8037835
2026-04-13T09:48:58.020,NF,NIFTY13APR2624200CE,0.95,3.7,7.05,0.9,76.7,38295595,1.45,0.9,1720420,0.95,1698775,8037835
2026-04-13T09:48:59.624,NF,NIFTY13APR2624200CE,0.9,3.7,7.05,0.9,76.7,38299235,1.45,0.9,1716780,0.95,1696695,8037835
2026-04-13T09:49:01.426,NF,NIFTY13APR2624200CE,0.9,3.7,7.05,0.9,76.7,38301575,1.45,0.9,1714115,0.95,1703130,8037835
2026-04-13T09:49:03.031,NF,NIFTY13APR2624200CE,0.95,3.7,7.05,0.9,76.7,38305410,1.45,0.9,1715805,0.95,1694030,8037835
2026-04-13T09:49:04.634,NF,NIFTY13APR2624200CE,0.95,3.7,7.05,0.9,76.7,38350455,1.44,0.9,1707485,0.95,1753960,8037835
2026-04-13T09:49:06.432,NF,NIFTY13APR2624200CE,0.9,3.7,7.05,0.9,76.7,38358385,1.44,0.9,1699035,0.95,1775995,8037835
2026-04-13T09:49:08.055,NF,NIFTY13APR2624200CE,0.95,3.7,7.05,0.9,76.7,38358580,1.44,0.9,1699425,0.95,1773655,8037835
2026-04-13T09:49:09.640,NF,NIFTY13APR2624200CE,0.9,3.7,7.05,0.9,76.7,38362220,1.44,0.9,1681160,0.95,1784900,8037835
2026-04-13T09:49:11.443,NF,NIFTY13APR2624200CE,0.9,3.7,7.05,0.9,76.7,38379705,1.44,0.9,1709955,0.95,1745575,8037835
2026-04-13T09:49:13.048,NF,NIFTY13APR2624200CE,0.95,3.7,7.05,0.9,76.7,38406225,1.44,0.9,1608230,0.95,1793675,8037835
2026-04-13T09:49:14.648,NF,NIFTY13APR2624200CE,0.9,3.7,7.05,0.9,76.7,38432940,1.44,0.9,1587625,0.95,1782040,8037835
2026-04-13T09:49:16.448,NF,NIFTY13APR2624200CE,0.9,3.7,7.05,0.9,76.7,38458550,1.44,0.9,1558765,0.95,1787370,8153860
2026-04-13T09:49:18.083,NF,NIFTY13APR2624200CE,0.9,3.7,7.05,0.9,76.7,38479025,1.44,0.9,1601665,0.95,1773330,8153860
2026-04-13T09:49:19.654,NF,NIFTY13APR2624200CE,0.9,3.7,7.05,0.9,76.7,38481625,1.44,0.9,1606475,0.95,1771055,8153860
2026-04-13T09:49:21.282,NF,NIFTY13APR2624200CE,0.9,3.7,7.05,0.9,76.7,38489490,1.44,0.9,1635855,0.95,1767610,8153860
2026-04-13T09:49:23.061,NF,NIFTY13APR2624200CE,0.9,3.7,7.05,0.9,76.7,38491635,1.44,0.9,1635725,0.95,1765790,8153860
2026-04-13T09:49:24.698,NF,NIFTY13APR2624200CE,0.95,3.7,7.05,0.9,76.7,38509315,1.44,0.9,1683565,0.95,1745640,8153860
2026-04-13T09:49:26.267,NF,NIFTY13APR2624200CE,0.9,3.7,7.05,0.9,76.7,38514190,1.44,0.9,1684410,0.95,1740960,8153860
2026-04-13T09:49:28.067,NF,NIFTY13APR2624200CE,0.95,3.7,7.05,0.9,76.7,38515685,1.44,0.9,1683370,0.95,1741545,8153860
2026-04-13T09:49:29.671,NF,NIFTY13APR2624200CE,0.9,3.7,7.05,0.9,76.7,38518415,1.44,0.9,1683045,0.95,1741480,8153860
2026-04-13T09:49:31.278,NF,NIFTY13APR2624200CE,0.9,3.7,7.05,0.9,76.7,38533885,1.44,0.9,1663610,0.95,1749410,8153860
2026-04-13T09:49:33.107,NF,NIFTY13APR2624200CE,0.9,3.7,7.05,0.9,76.7,38534015,1.44,0.9,1669460,0.95,1749865,8153860
2026-04-13T09:49:34.694,NF,NIFTY13APR2624200CE,0.9,3.7,7.05,0.9,76.7,38534665,1.44,0.9,1670435,0.95,1747330,8153860
2026-04-13T09:49:36.304,NF,NIFTY13APR2624200CE,0.95,3.7,7.05,0.9,76.7,38542140,1.44,0.9,1699425,0.95,1700270,8153860
2026-04-13T09:49:38.084,NF,NIFTY13APR2624200CE,0.9,3.7,7.05,0.9,76.7,38554620,1.44,0.9,1723020,0.95,1724190,8153860
2026-04-13T09:49:39.718,NF,NIFTY13APR2624200CE,0.9,3.7,7.05,0.9,76.7,38556765,1.44,0.9,1711255,0.95,1723280,8153860
2026-04-13T09:49:41.299,NF,NIFTY13APR2624200CE,0.95,3.7,7.05,0.9,76.7,38562680,1.44,0.9,1718535,0.95,1717300,8153860
2026-04-13T09:49:43.116,NF,NIFTY13APR2624200CE,0.9,3.7,7.05,0.9,76.7,38566580,1.44,0.9,1720030,0.95,1716000,8153860
2026-04-13T09:49:44.709,NF,NIFTY13APR2624200CE,0.95,3.7,7.05,0.9,76.7,38580880,1.44,0.9,1735500,0.95,1724515,8153860
2026-04-13T09:49:46.300,NF,NIFTY13APR2624200CE,0.9,3.7,7.05,0.9,76.7,38590305,1.44,0.9,1759745,0.95,1704820,8153860
2026-04-13T09:49:48.098,NF,NIFTY13APR2624200CE,0.95,3.7,7.05,0.9,76.7,38592255,1.44,0.9,1762475,0.95,1702935,8153860
2026-04-13T09:49:49.705,NF,NIFTY13APR2624200CE,0.9,3.7,7.05,0.9,76.7,38599145,1.44,0.9,1762670,0.95,1704950,8153860
2026-04-13T09:49:51.321,NF,NIFTY13APR2624200CE,0.95,3.7,7.05,0.9,76.7,38613380,1.44,0.9,1764490,0.95,1662830,8153860
2026-04-13T09:49:53.104,NF,NIFTY13APR2624200CE,0.9,3.7,7.05,0.9,76.7,38625275,1.44,0.9,1751620,0.95,1684800,8153860
2026-04-13T09:49:54.707,NF,NIFTY13APR2624200CE,0.9,3.7,7.05,0.9,76.7,38628395,1.44,0.9,1752205,0.95,1685125,8153860
2026-04-13T09:49:56.313,NF,NIFTY13APR2624200CE,0.9,3.7,7.05,0.9,76.7,38637105,1.44,0.9,1750905,0.95,1675765,8153860
2026-04-13T09:49:58.112,NF,NIFTY13APR2624200CE,0.95,3.7,7.05,0.9,76.7,38641005,1.44,0.9,1748565,0.95,1650025,8153860
2026-04-13T09:49:59.715,NF,NIFTY13APR2624200CE,0.9,3.7,7.05,0.9,76.7,38651210,1.44,0.9,1733290,0.95,1656590,8153860
2026-04-13T09:50:01.335,NF,NIFTY13APR2624200CE,0.95,3.7,7.05,0.9,76.7,38653485,1.44,0.9,1734850,0.95,1648010,8153860
2026-04-13T09:50:03.137,NF,NIFTY13APR2624200CE,0.95,3.7,7.05,0.9,76.7,38655760,1.44,0.9,1736865,0.95,1644240,8153860
2026-04-13T09:50:04.725,NF,NIFTY13APR2624200CE,0.9,3.7,7.05,0.9,76.7,38668760,1.44,0.9,1724580,0.95,1674075,8153860
2026-04-13T09:50:06.332,NF,NIFTY13APR2624200CE,0.95,3.7,7.05,0.9,76.7,38671620,1.44,0.9,1722565,0.95,1645020,8153860
2026-04-13T09:50:08.134,NF,NIFTY13APR2624200CE,0.9,3.7,7.05,0.9,76.7,38676365,1.44,0.9,1722565,0.95,1642810,8153860
2026-04-13T09:50:09.757,NF,NIFTY13APR2624200CE,0.95,3.7,7.05,0.9,76.7,38688650,1.44,0.9,1723345,0.95,1627730,8153860
2026-04-13T09:50:11.351,NF,NIFTY13APR2624200CE,0.9,3.7,7.05,0.9,76.7,38710425,1.44,0.9,1716195,0.95,1617200,8153860
2026-04-13T09:50:13.138,NF,NIFTY13APR2624200CE,0.95,3.7,7.05,0.9,76.7,38715430,1.44,0.9,1716065,0.95,1612845,8153860
2026-04-13T09:50:14.744,NF,NIFTY13APR2624200CE,0.9,3.7,7.05,0.9,76.7,38718290,1.44,0.9,1716585,0.95,1610375,8153860
2026-04-13T09:50:16.348,NF,NIFTY13APR2624200CE,0.9,3.7,7.05,0.9,76.7,38721475,1.44,0.9,1715870,0.95,1609010,8153860
2026-04-13T09:50:18.146,NF,NIFTY13APR2624200CE,0.95,3.7,7.05,0.9,76.7,38741560,1.44,0.9,1713920,0.95,1591785,8153860
2026-04-13T09:50:19.751,NF,NIFTY13APR2624200CE,0.9,3.7,7.05,0.9,76.7,38743250,1.44,0.9,1712815,0.95,1591005,8153860
2026-04-13T09:50:21.376,NF,NIFTY13APR2624200CE,0.9,3.7,7.05,0.9,76.7,38744290,1.44,0.9,1720550,0.95,1590875,8153860
2026-04-13T09:50:23.158,NF,NIFTY13APR2624200CE,0.95,3.7,7.05,0.9,76.7,38752025,1.44,0.9,1720225,0.95,1583725,8153860
2026-04-13T09:50:24.759,NF,NIFTY13APR2624200CE,0.95,3.7,7.05,0.9,76.7,38762100,1.44,0.9,1704755,0.95,1613300,8153860
2026-04-13T09:50:26.402,NF,NIFTY13APR2624200CE,0.9,3.7,7.05,0.9,76.7,38766715,1.44,0.9,1701960,0.95,1612260,8153860
2026-04-13T09:50:28.180,NF,NIFTY13APR2624200CE,0.9,3.7,7.05,0.9,76.7,38768535,1.44,0.9,1703390,0.95,1611415,8153860
2026-04-13T09:50:29.768,NF,NIFTY13APR2624200CE,0.9,3.7,7.05,0.9,76.7,38775100,1.44,0.9,1703260,0.95,1605760,8153860
2026-04-13T09:50:31.373,NF,NIFTY13APR2624200CE,0.9,3.7,7.05,0.9,76.7,38779065,1.44,0.9,1700790,0.95,1603550,8153860
2026-04-13T09:50:32.976,NF,NIFTY13APR2624200CE,0.9,3.7,7.05,0.9,76.7,38779585,1.44,0.9,1698060,0.95,1603810,8153860
2026-04-13T09:50:34.774,NF,NIFTY13APR2624200CE,0.9,3.7,7.05,0.9,76.7,38784655,1.44,0.9,1697800,0.95,1600495,8153860
2026-04-13T09:50:36.378,NF,NIFTY13APR2624200CE,0.9,3.7,7.05,0.9,76.7,38785630,1.44,0.9,1685515,0.95,1609010,8153860
2026-04-13T09:50:37.990,NF,NIFTY13APR2624200CE,0.95,3.7,7.05,0.9,76.7,38787775,1.44,0.9,1695525,0.95,1599000,8153860
2026-04-13T09:50:39.890,NF,NIFTY13APR2624200CE,0.9,3.7,7.05,0.9,76.7,38788620,1.44,0.9,1670435,0.95,1624740,8153860
2026-04-13T09:50:41.384,NF,NIFTY13APR2624200CE,0.95,3.7,7.05,0.9,76.7,38795510,1.44,0.9,1668420,0.95,1609920,8153860
2026-04-13T09:50:42.990,NF,NIFTY13APR2624200CE,0.9,3.7,7.05,0.9,76.7,38802075,1.44,0.9,1432470,0.95,1595815,8153860
2026-04-13T09:50:44.787,NF,NIFTY13APR2624200CE,0.95,3.7,7.05,0.9,76.7,38809810,1.44,0.9,1431430,0.95,1562600,8153860
2026-04-13T09:50:46.390,NF,NIFTY13APR2624200CE,0.95,3.7,7.05,0.9,76.7,38817935,1.44,0.9,1422850,0.95,1585155,8153860
2026-04-13T09:50:47.998,NF,NIFTY13APR2624200CE,0.95,3.7,7.05,0.9,76.7,38820860,1.44,0.9,1412450,0.95,1585285,8153860
2026-04-13T09:50:49.796,NF,NIFTY13APR2624200CE,0.9,3.7,7.05,0.9,76.7,38822615,1.44,0.9,1425580,0.95,1582100,8153860
2026-04-13T09:50:51.397,NF,NIFTY13APR2624200CE,0.9,3.7,7.05,0.9,76.7,38834120,1.44,0.9,1414595,0.95,1726595,8153860
2026-04-13T09:50:53.001,NF,NIFTY13APR2624200CE,0.95,3.7,7.05,0.9,76.7,38838670,1.44,0.9,1424020,0.95,1717300,8153860
2026-04-13T09:50:54.604,NF,NIFTY13APR2624200CE,0.95,3.7,7.05,0.9,76.7,38872145,1.44,0.9,1391195,0.95,1737840,8153860
2026-04-13T09:50:56.207,NF,NIFTY13APR2624200CE,0.95,3.7,7.05,0.9,76.7,38878060,1.44,0.9,1404975,0.95,1731535,8153860
2026-04-13T09:50:58.008,NF,NIFTY13APR2624200CE,0.95,3.7,7.05,0.9,76.7,38878710,1.44,0.9,1403285,0.95,1728350,8153860
2026-04-13T09:50:59.609,NF,NIFTY13APR2624200CE,0.9,3.7,7.05,0.9,76.7,38879425,1.44,0.9,1391715,0.95,1730170,8153860
2026-04-13T09:51:01.214,NF,NIFTY13APR2624200CE,0.95,3.7,7.05,0.9,76.7,38883975,1.44,0.9,1436500,0.95,1723735,8153860
2026-04-13T09:51:02.816,NF,NIFTY13APR2624200CE,0.9,3.7,7.05,0.9,76.7,38893270,1.44,0.9,1418625,0.95,1740050,8153860
2026-04-13T09:51:04.618,NF,NIFTY13APR2624200CE,0.85,3.7,7.05,0.85,76.7,39091650,1.43,0.85,2089555,0.9,1673230,8153860
2026-04-13T09:51:06.222,NF,NIFTY13APR2624200CE,0.9,3.7,7.05,0.85,76.7,39094315,1.43,0.85,2088125,0.9,1753765,8153860
2026-04-13T09:51:07.825,NF,NIFTY13APR2624200CE,0.9,3.7,7.05,0.85,76.7,39094965,1.43,0.85,2079675,0.9,1795105,8153860
2026-04-13T09:51:09.433,NF,NIFTY13APR2624200CE,0.9,3.7,7.05,0.85,76.7,39100620,1.43,0.85,2073045,0.9,1792765,8153860
2026-04-13T09:51:11.039,NF,NIFTY13APR2624200CE,0.9,3.7,7.05,0.85,76.7,39111475,1.43,0.85,2073435,0.9,1785875,8153860
2026-04-13T09:51:12.831,NF,NIFTY13APR2624200CE,0.85,3.7,7.05,0.85,76.7,39114140,1.43,0.85,2067975,0.9,1783730,8153860
2026-04-13T09:51:14.434,NF,NIFTY13APR2624200CE,0.9,3.7,7.05,0.85,76.7,39121745,1.43,0.85,2069990,0.9,1785095,8153860
2026-04-13T09:51:16.036,NF,NIFTY13APR2624200CE,0.9,3.7,7.05,0.85,76.7,39123825,1.43,0.85,2067520,0.9,1783925,8153860
2026-04-13T09:51:17.640,NF,NIFTY13APR2624200CE,0.85,3.7,7.05,0.85,76.7,39125580,1.43,0.85,2076100,0.9,1778530,8153860
2026-04-13T09:51:19.439,NF,NIFTY13APR2624200CE,0.85,3.7,7.05,0.85,76.7,39133055,1.43,0.85,2064660,0.9,1795170,8153860
2026-04-13T09:51:21.044,NF,NIFTY13APR2624200CE,0.9,3.7,7.05,0.85,76.7,39141180,1.43,0.85,2073240,0.9,1791660,8153860
2026-04-13T09:51:22.647,NF,NIFTY13APR2624200CE,0.85,3.7,7.05,0.85,76.7,39141310,1.43,0.85,2070120,0.9,1791010,8153860
2026-04-13T09:51:24.447,NF,NIFTY13APR2624200CE,0.85,3.7,7.05,0.85,76.7,39147225,1.43,0.85,2083380,0.9,1794975,8153860
2026-04-13T09:51:26.069,NF,NIFTY13APR2624200CE,0.9,3.7,7.05,0.85,76.7,39152620,1.43,0.85,2086500,0.9,1782235,8153860
2026-04-13T09:51:27.666,NF,NIFTY13APR2624200CE,0.85,3.7,7.05,0.85,76.7,39158340,1.43,0.85,2085720,0.9,1818180,8153860
2026-04-13T09:51:29.454,NF,NIFTY13APR2624200CE,0.85,3.7,7.05,0.85,76.7,39169845,1.43,0.85,2067390,0.9,1819415,8153860
2026-04-13T09:51:31.067,NF,NIFTY13APR2624200CE,0.9,3.7,7.05,0.85,76.7,39176865,1.43,0.85,2069145,0.9,1813565,8153860
2026-04-13T09:51:32.663,NF,NIFTY13APR2624200CE,0.9,3.7,7.05,0.85,76.7,39178035,1.43,0.85,2081755,0.9,1795560,8153860
2026-04-13T09:51:34.461,NF,NIFTY13APR2624200CE,0.95,3.7,7.05,0.85,76.7,39726635,1.43,0.9,1655875,0.95,1971515,8153860
2026-04-13T09:51:36.067,NF,NIFTY13APR2624200CE,0.95,3.7,7.05,0.85,76.7,39735735,1.43,0.9,1650935,0.95,1960465,8153860
2026-04-13T09:51:37.470,NF,NIFTY13APR2624200CE,0.95,3.7,7.05,0.85,76.7,39735995,1.43,0.9,1624480,0.95,1986790,8153860
2026-04-13T09:51:39.075,NF,NIFTY13APR2624200CE,0.9,3.7,7.05,0.85,76.7,39746070,1.43,0.9,1617200,0.95,1975545,8153860
2026-04-13T09:51:40.675,NF,NIFTY13APR2624200CE,0.9,3.7,7.05,0.85,76.7,39763685,1.43,0.9,1645280,0.95,2007850,8153860
2026-04-13T09:51:42.486,NF,NIFTY13APR2624200CE,0.95,3.7,7.05,0.85,76.7,39766090,1.43,0.9,1664910,0.95,2002390,8153860
2026-04-13T09:51:44.090,NF,NIFTY13APR2624200CE,0.95,3.7,7.05,0.85,76.7,39769080,1.43,0.9,1756560,0.95,1946425,8153860
2026-04-13T09:51:45.726,NF,NIFTY13APR2624200CE,0.95,3.7,7.05,0.85,76.7,39775125,1.43,0.9,1756755,0.95,1915940,8153860
2026-04-13T09:51:47.283,NF,NIFTY13APR2624200CE,0.95,3.7,7.05,0.85,76.7,39775190,1.43,0.9,1756625,0.95,1915745,8153860
2026-04-13T09:51:48.886,NF,NIFTY13APR2624200CE,0.9,3.7,7.05,0.85,76.7,39776360,1.43,0.9,1757925,0.95,1939145,8153860
2026-04-13T09:51:50.506,NF,NIFTY13APR2624200CE,0.95,3.7,7.05,0.85,76.7,39807690,1.43,0.9,1758120,0.95,1596010,8153860
2026-04-13T09:51:52.294,NF,NIFTY13APR2624200CE,0.9,3.7,7.05,0.85,76.7,39811330,1.42,0.9,1754090,0.95,1614600,8153860
2026-04-13T09:51:53.895,NF,NIFTY13APR2624200CE,0.9,3.7,7.05,0.85,76.7,39812630,1.42,0.9,1754025,0.95,1614795,8153860
2026-04-13T09:51:55.497,NF,NIFTY13APR2624200CE,0.9,3.7,7.05,0.85,76.7,39815815,1.42,0.9,1751295,0.95,1619605,8153860
2026-04-13T09:51:57.298,NF,NIFTY13APR2624200CE,0.95,3.7,7.05,0.85,76.7,39819195,1.42,0.9,1754415,0.95,1617330,8153860
2026-04-13T09:51:58.902,NF,NIFTY13APR2624200CE,0.95,3.7,7.05,0.85,76.7,39821015,1.42,0.9,1753440,0.95,1616810,8153860
2026-04-13T09:52:00.505,NF,NIFTY13APR2624200CE,0.95,3.7,7.05,0.85,76.7,39826020,1.42,0.9,1754805,0.95,1610960,8153860
2026-04-13T09:52:02.116,NF,NIFTY13APR2624200CE,0.95,3.7,7.05,0.85,76.7,39837720,1.42,0.9,1755195,0.95,1592630,8153860
2026-04-13T09:52:03.935,NF,NIFTY13APR2624200CE,0.95,3.7,7.05,0.85,76.7,39840645,1.42,0.9,1750125,0.95,1599845,8153860
2026-04-13T09:52:05.523,NF,NIFTY13APR2624200CE,0.95,3.7,7.05,0.85,76.7,39844480,1.42,0.9,1747590,0.95,1603420,8153860
2026-04-13T09:52:08.918,NF,NIFTY13APR2624200CE,0.95,3.7,7.05,0.85,76.7,39845650,1.42,0.9,1773460,0.95,1603485,8153860
2026-04-13T09:52:10.530,NF,NIFTY13APR2624200CE,0.95,3.7,7.05,0.85,76.7,39846170,1.42,0.9,1773265,0.95,1601340,8153860
2026-04-13T09:52:12.122,NF,NIFTY13APR2624200CE,0.95,3.7,7.05,0.85,76.7,39847405,1.42,0.9,1774370,0.95,1600820,8153860
2026-04-13T09:52:13.729,NF,NIFTY13APR2624200CE,0.9,3.7,7.05,0.85,76.7,39860665,1.42,0.9,1739270,0.95,1622335,8153860
2026-04-13T09:52:15.354,NF,NIFTY13APR2624200CE,0.95,3.7,7.05,0.85,76.7,39861640,1.42,0.9,1742325,0.95,1621100,8153860
2026-04-13T09:52:17.135,NF,NIFTY13APR2624200CE,0.95,3.7,7.05,0.85,76.7,39865865,1.42,0.9,1742195,0.95,1613625,8110505
2026-04-13T09:52:18.733,NF,NIFTY13APR2624200CE,0.95,3.7,7.05,0.85,76.7,39871390,1.42,0.9,1694290,0.95,1688050,8110505
2026-04-13T09:52:20.375,NF,NIFTY13APR2624200CE,0.95,3.7,7.05,0.85,76.7,39879580,1.42,0.9,1696500,0.95,1671605,8110505
2026-04-13T09:52:22.183,NF,NIFTY13APR2624200CE,0.9,3.7,7.05,0.85,76.7,39887445,1.42,0.9,1686945,0.95,1682005,8110505
2026-04-13T09:52:23.742,NF,NIFTY13APR2624200CE,0.95,3.7,7.05,0.85,76.7,39889915,1.42,0.9,1647165,0.95,1679795,8110505
2026-04-13T09:52:25.381,NF,NIFTY13APR2624200CE,0.95,3.7,7.05,0.85,76.7,39903760,1.42,0.9,1657825,0.95,1659255,8110505
2026-04-13T09:52:27.146,NF,NIFTY13APR2624200CE,0.95,3.7,7.05,0.85,76.7,39908310,1.42,0.9,1658800,0.95,1658670,8110505
2026-04-13T09:52:28.748,NF,NIFTY13APR2624200CE,0.95,3.7,7.05,0.85,76.7,39912015,1.42,0.9,1649310,0.95,1669330,8110505
2026-04-13T09:52:30.354,NF,NIFTY13APR2624200CE,0.95,3.7,7.05,0.85,76.7,39921115,1.42,0.9,1658410,0.95,1649180,8110505
2026-04-13T09:52:32.153,NF,NIFTY13APR2624200CE,0.9,3.7,7.05,0.85,76.7,39925145,1.42,0.9,1618630,0.95,1661920,8110505
2026-04-13T09:52:33.759,NF,NIFTY13APR2624200CE,0.95,3.7,7.05,0.85,76.7,39925210,1.42,0.9,1667770,0.95,1662050,8110505
2026-04-13T09:52:35.362,NF,NIFTY13APR2624200CE,0.95,3.7,7.05,0.85,76.7,39930865,1.42,0.9,1814670,0.95,1641705,8110505
2026-04-13T09:52:36.962,NF,NIFTY13APR2624200CE,0.9,3.7,7.05,0.85,76.7,39932880,1.42,0.9,1781065,0.95,1646320,8110505
2026-04-13T09:52:38.970,NF,NIFTY13APR2624200CE,0.95,3.7,7.05,0.85,76.7,39935610,1.42,0.9,1816165,0.95,1637935,8110505
2026-04-13T09:52:40.765,NF,NIFTY13APR2624200CE,0.95,3.7,7.05,0.85,76.7,39943280,1.42,0.9,1814930,0.95,1633125,8110505
2026-04-13T09:52:42.372,NF,NIFTY13APR2624200CE,0.9,3.7,7.05,0.85,76.7,39947830,1.42,0.9,1812915,0.95,1632995,8110505
2026-04-13T09:52:43.979,NF,NIFTY13APR2624200CE,0.95,3.7,7.05,0.85,76.7,39948025,1.42,0.9,1812850,0.95,1632800,8110505
2026-04-13T09:52:45.772,NF,NIFTY13APR2624200CE,0.95,3.7,7.05,0.85,76.7,39956280,1.42,0.9,1810900,0.95,1623635,8110505
2026-04-13T09:52:47.376,NF,NIFTY13APR2624200CE,0.95,3.7,7.05,0.85,76.7,39975715,1.42,0.9,1874990,0.95,1548885,8110505
2026-04-13T09:52:48.979,NF,NIFTY13APR2624200CE,0.95,3.7,7.05,0.85,76.7,39976820,1.42,0.9,1874080,0.95,1548690,8110505
2026-04-13T09:52:50.783,NF,NIFTY13APR2624200CE,0.9,3.7,7.05,0.85,76.7,39982540,1.42,0.9,1889095,0.95,1513915,8110505
2026-04-13T09:52:52.384,NF,NIFTY13APR2624200CE,0.95,3.7,7.05,0.85,76.7,39983970,1.42,0.9,1895400,0.95,1526200,8110505
2026-04-13T09:52:53.989,NF,NIFTY13APR2624200CE,0.95,3.7,7.05,0.85,76.7,39984945,1.42,0.9,1882465,0.95,1538810,8110505
2026-04-13T09:52:55.788,NF,NIFTY13APR2624200CE,0.95,3.7,7.05,0.85,76.7,39985530,1.42,0.9,1886885,0.95,1537575,8110505
2026-04-13T09:52:57.392,NF,NIFTY13APR2624200CE,0.95,3.7,7.05,0.85,76.7,39988065,1.42,0.9,1813305,0.95,1609010,8110505
2026-04-13T09:52:59.012,NF,NIFTY13APR2624200CE,0.95,3.7,7.05,0.85,76.7,39988455,1.42,0.9,1821950,0.95,1595750,8110505
2026-04-13T09:53:00.798,NF,NIFTY13APR2624200CE,0.95,3.7,7.05,0.85,76.7,39992875,1.42,0.9,1824030,0.95,1590485,8110505
2026-04-13T09:53:02.436,NF,NIFTY13APR2624200CE,0.95,3.7,7.05,0.85,76.7,39993330,1.42,0.9,1831700,0.95,1590875,8110505
2026-04-13T09:53:04.004,NF,NIFTY13APR2624200CE,0.95,3.7,7.05,0.85,76.7,39995670,1.42,0.9,1830205,0.95,1589445,8110505
2026-04-13T09:53:05.806,NF,NIFTY13APR2624200CE,0.95,3.7,7.05,0.85,76.7,39997750,1.42,0.9,1834040,0.95,1589965,8110505
2026-04-13T09:53:07.408,NF,NIFTY13APR2624200CE,0.95,3.7,7.05,0.85,76.7,40002235,1.42,0.9,1865500,0.95,1560650,8110505
2026-04-13T09:53:09.028,NF,NIFTY13APR2624200CE,0.9,3.7,7.05,0.85,76.7,40002300,1.42,0.9,1869010,0.95,1560130,8110505
2026-04-13T09:53:10.812,NF,NIFTY13APR2624200CE,0.95,3.7,7.05,0.85,76.7,40016340,1.42,0.9,1894945,0.95,1491555,8110505
2026-04-13T09:53:12.415,NF,NIFTY13APR2624200CE,0.95,3.7,7.05,0.85,76.7,40016470,1.42,0.9,1895855,0.95,1494675,8110505
2026-04-13T09:53:14.026,NF,NIFTY13APR2624200CE,0.95,3.7,7.05,0.85,76.7,40018290,1.42,0.9,1894425,0.95,1518595,8110505
2026-04-13T09:53:15.820,NF,NIFTY13APR2624200CE,0.9,3.7,7.05,0.85,76.7,40018810,1.42,0.9,1891370,0.95,1519310,8110505
2026-04-13T09:53:17.423,NF,NIFTY13APR2624200CE,0.95,3.7,7.05,0.85,76.7,40024140,1.42,0.9,1860560,0.95,1539720,8110505
2026-04-13T09:53:19.026,NF,NIFTY13APR2624200CE,0.95,3.7,7.05,0.85,76.7,40025765,1.42,0.9,1858805,0.95,1538160,8110505
2026-04-13T09:53:20.832,NF,NIFTY13APR2624200CE,0.95,3.7,7.05,0.85,76.7,40034150,1.42,0.9,1861665,0.95,1526980,8110505
2026-04-13T09:53:22.445,NF,NIFTY13APR2624200CE,0.9,3.7,7.05,0.85,76.7,40036165,1.42,0.9,1857960,0.95,1527435,8110505
2026-04-13T09:53:24.037,NF,NIFTY13APR2624200CE,0.95,3.7,7.05,0.85,76.7,40038375,1.42,0.9,1850875,0.95,1524640,8110505
2026-04-13T09:53:25.839,NF,NIFTY13APR2624200CE,0.95,3.7,7.05,0.85,76.7,40040325,1.42,0.9,1864720,0.95,1521455,8110505
2026-04-13T09:53:27.456,NF,NIFTY13APR2624200CE,0.95,3.7,7.05,0.85,76.7,40044290,1.42,0.9,1884220,0.95,1499160,8110505
2026-04-13T09:53:29.057,NF,NIFTY13APR2624200CE,0.95,3.7,7.05,0.85,76.7,40045980,1.42,0.9,1883960,0.95,1501305,8110505
2026-04-13T09:53:30.844,NF,NIFTY13APR2624200CE,0.9,3.7,7.05,0.85,76.7,40049100,1.42,0.9,1885325,0.95,1471340,8110505
2026-04-13T09:53:34.052,NF,NIFTY13APR2624200CE,0.9,3.7,7.05,0.85,76.7,40051180,1.42,0.9,1839825,0.95,1548560,8110505
2026-04-13T09:53:35.871,NF,NIFTY13APR2624200CE,0.95,3.7,7.05,0.85,76.7,40069185,1.42,0.9,1878370,0.95,1462825,8110505
2026-04-13T09:53:37.465,NF,NIFTY13APR2624200CE,0.95,3.7,7.05,0.85,76.7,40070810,1.42,0.9,1880775,0.95,1458080,8110505
2026-04-13T09:53:39.256,NF,NIFTY13APR2624200CE,0.95,3.7,7.05,0.85,76.7,40073345,1.42,0.9,1879605,0.95,1455090,8110505
2026-04-13T09:53:40.861,NF,NIFTY13APR2624200CE,0.95,3.7,7.05,0.85,76.7,40078935,1.42,0.9,1879865,0.95,1448720,8110505
2026-04-13T09:53:42.464,NF,NIFTY13APR2624200CE,0.9,3.7,7.05,0.85,76.7,40087645,1.42,0.9,1881685,0.95,1468480,8110505
2026-04-13T09:53:44.267,NF,NIFTY13APR2624200CE,0.9,3.7,7.05,0.85,76.7,40088165,1.42,0.9,1880450,0.95,1468090,8110505
2026-04-13T09:53:45.868,NF,NIFTY13APR2624200CE,0.9,3.7,7.05,0.85,76.7,40094990,1.42,0.9,1878370,0.95,1463280,8110505
2026-04-13T09:53:49.273,NF,NIFTY13APR2624200CE,0.9,3.7,7.05,0.85,76.7,40095965,1.42,0.9,1854320,0.95,1472900,8110505
2026-04-13T09:53:50.877,NF,NIFTY13APR2624200CE,0.95,3.7,7.05,0.85,76.7,40106560,1.42,0.9,1820130,0.95,1527110,8110505
2026-04-13T09:53:52.487,NF,NIFTY13APR2624200CE,0.95,3.7,7.05,0.85,76.7,40120730,1.42,0.9,1701115,0.95,1513460,8110505
2026-04-13T09:53:54.282,NF,NIFTY13APR2624200CE,0.9,3.7,7.05,0.85,76.7,40128400,1.42,0.9,1679405,0.95,1536600,8110505
2026-04-13T09:53:55.885,NF,NIFTY13APR2624200CE,0.9,3.7,7.05,0.85,76.7,40139320,1.42,0.9,1683630,0.95,1081730,8110505
2026-04-13T09:53:57.489,NF,NIFTY13APR2624200CE,0.9,3.7,7.05,0.85,76.7,40146340,1.42,0.9,1646125,0.95,1086020,8110505
2026-04-13T09:53:59.290,NF,NIFTY13APR2624200CE,0.9,3.7,7.05,0.85,76.7,40156545,1.42,0.9,1629355,0.95,1171105,8110505
2026-04-13T09:54:00.901,NF,NIFTY13APR2624200CE,0.9,3.7,7.05,0.85,76.7,40164150,1.42,0.9,1622205,0.95,1317875,8110505
2026-04-13T09:54:02.498,NF,NIFTY13APR2624200CE,0.95,3.7,7.05,0.85,76.7,40262170,1.42,0.9,1758835,0.95,1153555,8110505
2026-04-13T09:54:04.300,NF,NIFTY13APR2624200CE,0.9,3.7,7.05,0.85,76.7,40277900,1.42,0.9,1754805,0.95,1168375,8110505
2026-04-13T09:54:05.902,NF,NIFTY13APR2624200CE,0.9,3.7,7.05,0.85,76.7,40278810,1.42,0.9,1761110,0.95,1168180,8110505
2026-04-13T09:54:07.522,NF,NIFTY13APR2624200CE,0.9,3.7,7.05,0.85,76.7,40280435,1.42,0.9,1752920,0.95,1197950,8110505
2026-04-13T09:54:09.111,NF,NIFTY13APR2624200CE,0.9,3.7,7.05,0.85,76.7,40281800,1.42,0.9,1773915,0.95,1193140,8110505
2026-04-13T09:54:10.914,NF,NIFTY13APR2624200CE,0.95,3.7,7.05,0.85,76.7,40295905,1.42,0.9,1785940,0.95,1177670,8110505
2026-04-13T09:54:12.513,NF,NIFTY13APR2624200CE,0.9,3.7,7.05,0.85,76.7,40296750,1.42,0.9,1829425,0.95,1179295,8110505
2026-04-13T09:54:14.122,NF,NIFTY13APR2624200CE,0.95,3.7,7.05,0.85,76.7,40297140,1.42,0.9,1833260,0.95,1178580,8110505
2026-04-13T09:54:15.919,NF,NIFTY13APR2624200CE,0.95,3.7,7.05,0.85,76.7,40297790,1.42,0.9,1825265,0.95,1154920,8110505
2026-04-13T09:54:17.522,NF,NIFTY13APR2624200CE,0.95,3.7,7.05,0.85,76.7,40299610,1.42,0.9,1828450,0.95,1157130,8110505
2026-04-13T09:54:19.131,NF,NIFTY13APR2624200CE,0.95,3.7,7.05,0.85,76.7,40299805,1.42,0.9,1813955,0.95,1179230,8110505
2026-04-13T09:54:20.928,NF,NIFTY13APR2624200CE,0.95,3.7,7.05,0.85,76.7,40308970,1.42,0.9,1785615,0.95,1184430,8110505
2026-04-13T09:54:22.534,NF,NIFTY13APR2624200CE,0.95,3.7,7.05,0.85,76.7,40318785,1.42,0.9,1805245,0.95,1168960,8110505
2026-04-13T09:54:24.134,NF,NIFTY13APR2624200CE,0.9,3.7,7.05,0.85,76.7,40323920,1.42,0.9,1803945,0.95,1172925,8110505
2026-04-13T09:54:25.936,NF,NIFTY13APR2624200CE,0.95,3.7,7.05,0.85,76.7,40339520,1.42,0.9,1799265,0.95,1148160,8110505
2026-04-13T09:54:27.543,NF,NIFTY13APR2624200CE,0.95,3.7,7.05,0.85,76.7,40381705,1.42,0.9,1824810,0.95,1143350,8110505
2026-04-13T09:54:29.143,NF,NIFTY13APR2624200CE,0.9,3.7,7.05,0.85,76.7,40412645,1.42,0.9,1831440,0.95,1152905,8110505
2026-04-13T09:54:30.945,NF,NIFTY13APR2624200CE,0.95,3.7,7.05,0.85,76.7,40418495,1.42,0.9,1816035,0.95,1173315,8110505
2026-04-13T09:54:32.570,NF,NIFTY13APR2624200CE,0.9,3.7,7.05,0.85,76.7,40419795,1.42,0.9,1759745,0.95,1241955,8110505
2026-04-13T09:54:34.155,NF,NIFTY13APR2624200CE,0.9,3.7,7.05,0.85,76.7,40423045,1.42,0.9,1758705,0.95,1240265,8110505
2026-04-13T09:54:35.954,NF,NIFTY13APR2624200CE,0.9,3.7,7.05,0.85,76.7,40431690,1.42,0.9,1755390,0.95,1266330,8110505
2026-04-13T09:54:38.958,NF,NIFTY13APR2624200CE,0.95,3.7,7.05,0.85,76.7,40437670,1.42,0.9,1812330,0.95,1207505,8110505
2026-04-13T09:54:40.673,NF,NIFTY13APR2624200CE,0.95,3.7,7.05,0.85,76.7,40441375,1.42,0.9,1805635,0.95,1215565,8110505
2026-04-13T09:54:42.369,NF,NIFTY13APR2624200CE,0.95,3.7,7.05,0.85,76.7,40447940,1.42,0.9,1824875,0.95,1209975,8110505
2026-04-13T09:54:43.968,NF,NIFTY13APR2624200CE,0.95,3.7,7.05,0.85,76.7,40450020,1.42,0.9,1837030,0.95,1221805,8110505
2026-04-13T09:54:45.606,NF,NIFTY13APR2624200CE,0.9,3.7,7.05,0.85,76.7,40453465,1.42,0.9,1831570,0.95,1225380,8110505
2026-04-13T09:54:47.372,NF,NIFTY13APR2624200CE,0.9,3.7,7.05,0.85,76.7,40454570,1.42,0.9,1837160,0.95,1230190,8110505
2026-04-13T09:54:48.975,NF,NIFTY13APR2624200CE,0.95,3.7,7.05,0.85,76.7,40460875,1.42,0.9,1853800,0.95,1249105,8110505
2026-04-13T09:54:50.582,NF,NIFTY13APR2624200CE,0.95,3.7,7.05,0.85,76.7,40461590,1.42,0.9,1874080,0.95,1263795,8110505
2026-04-13T09:54:52.385,NF,NIFTY13APR2624200CE,0.9,3.7,7.05,0.85,76.7,40464060,1.42,0.9,1874535,0.95,1253850,8110505
2026-04-13T09:54:53.998,NF,NIFTY13APR2624200CE,0.9,3.7,7.05,0.85,76.7,40464320,1.42,0.9,1886105,0.95,1257295,8110505
2026-04-13T09:54:55.600,NF,NIFTY13APR2624200CE,0.95,3.7,7.05,0.85,76.7,40471405,1.42,0.9,1943695,0.95,1216930,8110505
2026-04-13T09:54:57.393,NF,NIFTY13APR2624200CE,0.9,3.7,7.05,0.85,76.7,40482715,1.42,0.9,1942525,0.95,1240460,8110505
2026-04-13T09:54:58.994,NF,NIFTY13APR2624200CE,0.9,3.7,7.05,0.85,76.7,40484145,1.42,0.9,1967355,0.95,1238705,8110505
2026-04-13T09:55:00.602,NF,NIFTY13APR2624200CE,0.95,3.7,7.05,0.85,76.7,40549275,1.42,0.9,1866345,0.95,1291290,8110505
2026-04-13T09:55:02.207,NF,NIFTY13APR2624200CE,0.95,3.7,7.05,0.85,76.7,40552330,1.42,0.9,1886105,0.95,1240785,8110505
2026-04-13T09:55:03.812,NF,NIFTY13APR2624200CE,0.95,3.7,7.05,0.85,76.7,40582100,1.42,0.9,1927250,0.95,1180790,8110505
2026-04-13T09:55:05.408,NF,NIFTY13APR2624200CE,0.95,3.7,7.05,0.85,76.7,40597700,1.42,0.9,1951885,0.95,1170910,8110505
2026-04-13T09:55:07.008,NF,NIFTY13APR2624200CE,0.9,3.7,7.05,0.85,76.7,40601405,1.42,0.9,1966445,0.95,1192555,8110505
2026-04-13T09:55:08.613,NF,NIFTY13APR2624200CE,0.95,3.7,7.05,0.85,76.7,40606605,1.42,0.9,1957995,0.95,1174095,8110505
2026-04-13T09:55:10.415,NF,NIFTY13APR2624200CE,0.95,3.7,7.05,0.85,76.7,40611155,1.42,0.9,1978015,0.95,1160705,8110505
2026-04-13T09:55:12.015,NF,NIFTY13APR2624200CE,0.95,3.7,7.05,0.85,76.7,40618760,1.42,0.9,1998295,0.95,1150370,8110505
2026-04-13T09:55:13.622,NF,NIFTY13APR2624200CE,0.95,3.7,7.05,0.85,76.7,40621165,1.42,0.9,2005770,0.95,1147900,8110505
2026-04-13T09:55:15.234,NF,NIFTY13APR2624200CE,0.95,3.7,7.05,0.85,76.7,40622465,1.42,0.9,2009215,0.95,1146470,8110505
2026-04-13T09:55:16.849,NF,NIFTY13APR2624200CE,0.9,3.7,7.05,0.85,76.7,40625715,1.41,0.9,1970475,0.95,1173705,8156590
2026-04-13T09:55:18.627,NF,NIFTY13APR2624200CE,0.95,3.7,7.05,0.85,76.7,40634035,1.41,0.9,1960920,0.95,1144130,8156590
2026-04-13T09:55:20.346,NF,NIFTY13APR2624200CE,0.95,3.7,7.05,0.85,76.7,40634620,1.41,0.9,1948375,0.95,1169285,8156590
2026-04-13T09:55:21.859,NF,NIFTY13APR2624200CE,0.95,3.7,7.05,0.85,76.7,40637935,1.41,0.9,1946750,0.95,1167660,8156590
2026-04-13T09:55:23.638,NF,NIFTY13APR2624200CE,0.95,3.7,7.05,0.85,76.7,40643200,1.41,0.9,1952795,0.95,1169350,8156590
2026-04-13T09:55:25.251,NF,NIFTY13APR2624200CE,0.95,3.7,7.05,0.85,76.7,40662050,1.41,0.9,1969370,0.95,1151410,8156590
2026-04-13T09:55:26.842,NF,NIFTY13APR2624200CE,0.95,3.7,7.05,0.85,76.7,40673425,1.41,0.9,1988285,0.95,1116830,8156590
2026-04-13T09:55:28.644,NF,NIFTY13APR2624200CE,0.95,3.7,7.05,0.85,76.7,40689415,1.41,0.9,1985035,0.95,1100840,8156590
2026-04-13T09:55:30.248,NF,NIFTY13APR2624200CE,0.95,3.7,7.05,0.85,76.7,40802190,1.41,0.95,31590,1.0,2413385,8156590
2026-04-13T09:55:31.853,NF,NIFTY13APR2624200CE,1.0,3.7,7.05,0.85,76.7,40865630,1.41,0.95,1856465,1.0,2409940,8156590
2026-04-13T09:55:33.482,NF,NIFTY13APR2624200CE,1.0,3.7,7.05,0.85,76.7,40876615,1.41,0.95,1902485,1.0,2413515,8156590
2026-04-13T09:55:35.256,NF,NIFTY13APR2624200CE,1.0,3.7,7.05,0.85,76.7,40887925,1.41,0.95,1894165,1.0,2402985,8156590
2026-04-13T09:55:36.859,NF,NIFTY13APR2624200CE,1.0,3.7,7.05,0.85,76.7,40917305,1.41,0.95,1916135,1.0,2372435,8156590
2026-04-13T09:55:38.280,NF,NIFTY13APR2624200CE,1.0,3.7,7.05,0.85,76.7,40926080,1.41,0.95,1898455,1.0,2399930,8156590
2026-04-13T09:55:39.883,NF,NIFTY13APR2624200CE,1.0,3.7,7.05,0.85,76.7,40934530,1.41,0.95,1894360,1.0,2396225,8156590
2026-04-13T09:55:41.670,NF,NIFTY13APR2624200CE,1.0,3.7,7.05,0.85,76.7,40961570,1.41,0.95,1825720,1.0,2450305,8156590
2026-04-13T09:55:43.299,NF,NIFTY13APR2624200CE,1.0,3.7,7.05,0.85,76.7,40971775,1.41,0.95,1668485,1.0,2245425,8156590
2026-04-13T09:55:44.878,NF,NIFTY13APR2624200CE,1.0,3.7,7.05,0.85,76.7,40977170,1.41,0.95,1682070,1.0,2238860,8156590
2026-04-13T09:55:46.686,NF,NIFTY13APR2624200CE,1.0,3.7,7.05,0.85,76.7,41139735,1.41,0.95,1372670,1.0,2234895,8156590
2026-04-13T09:55:48.283,NF,NIFTY13APR2624200CE,1.0,3.7,7.05,0.85,76.7,41171585,1.41,0.95,1392820,1.0,2240875,8156590
2026-04-13T09:55:49.892,NF,NIFTY13APR2624200CE,1.0,3.7,7.05,0.85,76.7,41199730,1.41,0.95,1389505,1.0,2215395,8156590
2026-04-13T09:55:51.697,NF,NIFTY13APR2624200CE,0.95,3.7,7.05,0.85,76.7,41239315,1.41,0.95,1325740,1.0,2208505,8156590
2026-04-13T09:55:53.290,NF,NIFTY13APR2624200CE,0.95,3.7,7.05,0.85,76.7,41385240,1.41,0.9,2009800,0.95,1449175,8156590
2026-04-13T09:55:54.893,NF,NIFTY13APR2624200CE,0.95,3.7,7.05,0.85,76.7,41386020,1.41,0.9,2020200,0.95,1420575,8156590
2026-04-13T09:55:56.696,NF,NIFTY13APR2624200CE,0.95,3.7,7.05,0.85,76.7,41415530,1.41,0.9,2017470,0.95,1403090,8156590
2026-04-13T09:55:58.299,NF,NIFTY13APR2624200CE,0.95,3.7,7.05,0.85,76.7,41436850,1.41,0.9,2034240,0.95,1391195,8156590
2026-04-13T09:55:59.904,NF,NIFTY13APR2624200CE,0.9,3.7,7.05,0.85,76.7,41515240,1.41,0.9,2067195,0.95,1102010,8156590
2026-04-13T09:56:01.719,NF,NIFTY13APR2624200CE,0.95,3.7,7.05,0.85,76.7,41706860,1.4,0.95,1603680,1.0,2180230,8156590
2026-04-13T09:56:03.320,NF,NIFTY13APR2624200CE,1.0,3.7,7.05,0.85,76.7,41727725,1.4,0.95,1650935,1.0,2157610,8156590
2026-04-13T09:56:04.916,NF,NIFTY13APR2624200CE,1.0,3.7,7.05,0.85,76.7,41730325,1.4,0.95,1657110,1.0,2159755,8156590
2026-04-13T09:56:06.715,NF,NIFTY13APR2624200CE,1.0,3.7,7.05,0.85,76.7,41760550,1.4,0.95,1641055,1.0,2136680,8156590
2026-04-13T09:56:08.314,NF,NIFTY13APR2624200CE,0.95,3.7,7.05,0.85,76.7,41763605,1.4,0.95,1644890,1.0,2138110,8156590
2026-04-13T09:56:09.951,NF,NIFTY13APR2624200CE,0.95,3.7,7.05,0.85,76.7,41767245,1.4,0.95,1675765,1.0,2105350,8156590
2026-04-13T09:56:11.533,NF,NIFTY13APR2624200CE,0.95,3.7,7.05,0.85,76.7,41807870,1.4,0.95,1575860,1.0,2147730,8156590
2026-04-13T09:56:13.320,NF,NIFTY13APR2624200CE,0.95,3.7,7.05,0.85,76.7,41842645,1.4,0.95,1446250,1.0,2158260,8156590
2026-04-13T09:56:14.925,NF,NIFTY13APR2624200CE,1.0,3.7,7.05,0.85,76.7,41852590,1.4,0.95,1439620,1.0,2154815,8156590
2026-04-13T09:56:16.531,NF,NIFTY13APR2624200CE,0.95,3.7,7.05,0.85,76.7,41856815,1.4,0.95,1454180,1.0,2141425,8156590
2026-04-13T09:56:18.348,NF,NIFTY13APR2624200CE,1.0,3.7,7.05,0.85,76.7,41860195,1.4,0.95,1489540,1.0,2139085,8156590
2026-04-13T09:56:19.929,NF,NIFTY13APR2624200CE,1.0,3.7,7.05,0.85,76.7,41867020,1.4,0.95,1632735,1.0,2134535,8156590
2026-04-13T09:56:21.534,NF,NIFTY13APR2624200CE,0.95,3.7,7.05,0.85,76.7,41899065,1.4,0.95,1602055,1.0,2127060,8156590
2026-04-13T09:56:23.342,NF,NIFTY13APR2624200CE,0.95,3.7,7.05,0.85,76.7,41903550,1.4,0.95,1625260,1.0,2127840,8156590
2026-04-13T09:56:24.944,NF,NIFTY13APR2624200CE,0.95,3.7,7.05,0.85,76.7,41908165,1.4,0.95,1580085,1.0,2142400,8156590
2026-04-13T09:56:26.550,NF,NIFTY13APR2624200CE,1.0,3.7,7.05,0.85,76.7,41926040,1.4,0.95,1453270,1.0,2193100,8156590
2026-04-13T09:56:28.344,NF,NIFTY13APR2624200CE,0.95,3.7,7.05,0.85,76.7,41930005,1.4,0.95,1471730,1.0,2179320,8156590
2026-04-13T09:56:29.990,NF,NIFTY13APR2624200CE,1.0,3.7,7.05,0.85,76.7,41936050,1.4,0.95,1474460,1.0,2176265,8156590
2026-04-13T09:56:31.545,NF,NIFTY13APR2624200CE,0.95,3.7,7.05,0.85,76.7,41968940,1.4,0.95,1421290,1.0,2174900,8156590
2026-04-13T09:56:33.343,NF,NIFTY13APR2624200CE,0.95,3.7,7.05,0.85,76.7,41975440,1.4,0.95,1410565,1.0,2179060,8156590
2026-04-13T09:56:34.960,NF,NIFTY13APR2624200CE,1.0,3.7,7.05,0.85,76.7,41980445,1.4,0.95,1439230,1.0,2176980,8156590
2026-04-13T09:56:36.566,NF,NIFTY13APR2624200CE,1.0,3.7,7.05,0.85,76.7,41989935,1.4,0.95,1430455,1.0,2168335,8156590
2026-04-13T09:56:38.158,NF,NIFTY13APR2624200CE,1.0,3.7,7.05,0.85,76.7,41992860,1.4,0.95,1432860,1.0,2175485,8156590
2026-04-13T09:56:39.763,NF,NIFTY13APR2624200CE,0.95,3.7,7.05,0.85,76.7,42006315,1.4,0.95,1447550,1.0,2173665,8156590
2026-04-13T09:56:41.560,NF,NIFTY13APR2624200CE,0.95,3.7,7.05,0.85,76.7,42007420,1.4,0.95,1434030,1.0,2186080,8156590
2026-04-13T09:56:43.176,NF,NIFTY13APR2624200CE,1.0,3.7,7.05,0.85,76.7,42013205,1.4,0.95,1422005,1.0,2101970,8156590
2026-04-13T09:56:44.764,NF,NIFTY13APR2624200CE,1.0,3.7,7.05,0.85,76.7,42021135,1.4,0.95,1466270,1.0,2063490,8156590
2026-04-13T09:56:46.565,NF,NIFTY13APR2624200CE,0.95,3.7,7.05,0.85,76.7,42049410,1.4,0.95,1453920,1.0,2185885,8156590
2026-04-13T09:56:48.171,NF,NIFTY13APR2624200CE,1.0,3.7,7.05,0.85,76.7,42050060,1.4,0.95,1457755,1.0,2183870,8156590
2026-04-13T09:56:49.778,NF,NIFTY13APR2624200CE,0.95,3.7,7.05,0.85,76.7,42080935,1.4,0.95,1414660,1.0,2183935,8156590
2026-04-13T09:56:51.571,NF,NIFTY13APR2624200CE,0.95,3.7,7.05,0.85,76.7,42083470,1.4,0.95,1415115,1.0,2183285,8156590
2026-04-13T09:56:53.175,NF,NIFTY13APR2624200CE,1.0,3.7,7.05,0.85,76.7,42095885,1.4,0.95,1444820,1.0,2049905,8156590
2026-04-13T09:56:54.787,NF,NIFTY13APR2624200CE,1.0,3.7,7.05,0.85,76.7,42113240,1.4,0.95,1451840,1.0,2042755,8156590
2026-04-13T09:56:56.583,NF,NIFTY13APR2624200CE,1.0,3.7,7.05,0.85,76.7,42529695,1.39,1.0,842790,1.05,1990560,8156590
2026-04-13T09:56:58.186,NF,NIFTY13APR2624200CE,1.0,3.7,7.05,0.85,76.7,42635775,1.39,1.0,871780,1.05,2042365,8156590
2026-04-13T09:56:59.792,NF,NIFTY13APR2624200CE,1.0,3.7,7.05,0.85,76.7,42645265,1.39,1.0,850785,1.05,2129855,8156590
2026-04-13T09:57:01.597,NF,NIFTY13APR2624200CE,1.0,3.7,7.05,0.85,76.7,42716635,1.39,1.0,874510,1.05,2270905,8156590
2026-04-13T09:57:03.207,NF,NIFTY13APR2624200CE,1.0,3.7,7.05,0.85,76.7,42730610,1.39,0.95,1492985,1.0,1075035,8156590
2026-04-13T09:57:04.806,NF,NIFTY13APR2624200CE,1.0,3.7,7.05,0.85,76.7,42734900,1.39,0.95,1492140,1.0,1115530,8156590
2026-04-13T09:57:06.405,NF,NIFTY13APR2624200CE,0.95,3.7,7.05,0.85,76.7,42736070,1.39,0.95,1701440,1.0,1173120,8156590
2026-04-13T09:57:08.203,NF,NIFTY13APR2624200CE,0.95,3.7,7.05,0.85,76.7,42741075,1.39,0.95,1759355,1.0,1111240,8156590
2026-04-13T09:57:09.814,NF,NIFTY13APR2624200CE,1.0,3.7,7.05,0.85,76.7,42746730,1.39,0.95,1753115,1.0,1138280,8156590
2026-04-13T09:57:11.404,NF,NIFTY13APR2624200CE,1.0,3.7,7.05,0.85,76.7,42747120,1.39,0.95,1750775,1.0,1140035,8156590
2026-04-13T09:57:13.204,NF,NIFTY13APR2624200CE,1.0,3.7,7.05,0.85,76.7,42749850,1.39,0.95,1751360,1.0,1118195,8156590
2026-04-13T09:57:14.806,NF,NIFTY13APR2624200CE,1.0,3.7,7.05,0.85,76.7,42752060,1.39,0.95,1864265,1.0,1669200,8156590
2026-04-13T09:57:16.410,NF,NIFTY13APR2624200CE,1.0,3.7,7.05,0.85,76.7,42946150,1.39,0.95,1553045,1.0,1765400,8156590
2026-04-13T09:57:18.223,NF,NIFTY13APR2624200CE,0.95,3.7,7.05,0.85,76.7,42946735,1.39,0.95,1557790,1.0,1781715,8156590
2026-04-13T09:57:19.819,NF,NIFTY13APR2624200CE,1.0,3.7,7.05,0.85,76.7,42966690,1.39,0.95,1589250,1.0,1932905,8156590
2026-04-13T09:57:21.460,NF,NIFTY13APR2624200CE,0.95,3.7,7.05,0.85,76.7,42970200,1.39,0.95,1594905,1.0,1907425,8156590
2026-04-13T09:57:23.220,NF,NIFTY13APR2624200CE,0.95,3.7,7.05,0.85,76.7,42982095,1.39,0.95,1571635,1.0,1933685,8156590
2026-04-13T09:57:24.821,NF,NIFTY13APR2624200CE,1.0,3.7,7.05,0.85,76.7,42984240,1.39,0.95,1583855,1.0,1921595,8156590
2026-04-13T09:57:26.425,NF,NIFTY13APR2624200CE,1.0,3.7,7.05,0.85,76.7,42989635,1.39,0.95,1595555,1.0,1915160,8156590
2026-04-13T09:57:28.235,NF,NIFTY13APR2624200CE,1.0,3.7,7.05,0.85,76.7,42993405,1.39,0.95,1586650,1.0,1913795,8156590
2026-04-13T09:57:29.832,NF,NIFTY13APR2624200CE,0.95,3.7,7.05,0.85,76.7,43004455,1.39,0.95,1568450,1.0,1936220,8156590
2026-04-13T09:57:31.446,NF,NIFTY13APR2624200CE,1.0,3.7,7.05,0.85,76.7,43014530,1.39,0.95,1563250,1.0,1939925,8156590
2026-04-13T09:57:33.246,NF,NIFTY13APR2624200CE,1.0,3.7,7.05,0.85,76.7,43057040,1.39,0.95,958165,1.0,1979445,8156590
2026-04-13T09:57:34.854,NF,NIFTY13APR2624200CE,0.95,3.7,7.05,0.85,76.7,43096950,1.39,0.95,1321840,1.0,1979705,8156590
2026-04-13T09:57:36.443,NF,NIFTY13APR2624200CE,0.95,3.7,7.05,0.85,76.7,43225845,1.39,0.95,1419925,1.0,1885845,8156590
2026-04-13T09:57:38.047,NF,NIFTY13APR2624200CE,0.95,3.7,7.05,0.85,76.7,43271020,1.39,0.95,1383980,1.0,1886105,8156590
2026-04-13T09:57:39.849,NF,NIFTY13APR2624200CE,0.95,3.7,7.05,0.85,76.7,43297735,1.39,0.95,1364415,1.0,1890200,8156590
2026-04-13T09:57:41.463,NF,NIFTY13APR2624200CE,0.95,3.7,7.05,0.85,76.7,43299165,1.39,0.95,1358630,1.0,1890655,8156590
2026-04-13T09:57:43.066,NF,NIFTY13APR2624200CE,0.95,3.7,7.05,0.85,76.7,43371055,1.39,0.95,1033955,1.0,1884545,8156590
2026-04-13T09:57:44.862,NF,NIFTY13APR2624200CE,1.0,3.7,7.05,0.85,76.7,43379570,1.39,0.95,1336140,1.0,1877980,8156590
2026-04-13T09:57:46.468,NF,NIFTY13APR2624200CE,1.0,3.7,7.05,0.85,76.7,43386200,1.39,0.95,1392235,1.0,1861730,8156590
2026-04-13T09:57:48.062,NF,NIFTY13APR2624200CE,0.95,3.7,7.05,0.85,76.7,43460235,1.39,0.95,1411800,1.0,1847885,8156590
2026-04-13T09:57:49.861,NF,NIFTY13APR2624200CE,1.0,3.7,7.05,0.85,76.7,43462510,1.39,0.95,1417455,1.0,1849965,8156590
2026-04-13T09:57:51.478,NF,NIFTY13APR2624200CE,1.0,3.7,7.05,0.85,76.7,43463875,1.39,0.95,1422200,1.0,1843400,8156590
2026-04-13T09:57:53.079,NF,NIFTY13APR2624200CE,0.95,3.7,7.05,0.85,76.7,43464785,1.39,0.95,1413750,1.0,1857895,8156590
2026-04-13T09:57:54.874,NF,NIFTY13APR2624200CE,0.95,3.7,7.05,0.85,76.7,43473300,1.39,0.95,1410695,1.0,1865955,8156590
2026-04-13T09:57:56.474,NF,NIFTY13APR2624200CE,0.95,3.7,7.05,0.85,76.7,43477655,1.39,0.95,1406340,1.0,1865370,8156590
2026-04-13T09:57:58.101,NF,NIFTY13APR2624200CE,0.95,3.7,7.05,0.85,76.7,43480645,1.39,0.95,1398085,1.0,1871285,8156590
2026-04-13T09:57:59.891,NF,NIFTY13APR2624200CE,1.0,3.7,7.05,0.85,76.7,43483440,1.39,0.95,1401660,1.0,1866605,8156590
2026-04-13T09:58:01.482,NF,NIFTY13APR2624200CE,0.95,3.7,7.05,0.85,76.7,43486105,1.39,0.95,1404585,1.0,1864135,8156590
2026-04-13T09:58:03.124,NF,NIFTY13APR2624200CE,0.95,3.7,7.05,0.85,76.7,43497285,1.39,0.95,1386060,1.0,1882400,8156590
2026-04-13T09:58:04.907,NF,NIFTY13APR2624200CE,0.95,3.7,7.05,0.85,76.7,43506580,1.39,0.95,1377285,1.0,1876810,8156590
2026-04-13T09:58:06.493,NF,NIFTY13APR2624200CE,0.95,3.7,7.05,0.85,76.7,43514445,1.38,0.95,1389115,1.0,1856075,8156590
2026-04-13T09:58:08.101,NF,NIFTY13APR2624200CE,0.95,3.7,7.05,0.85,76.7,43518605,1.38,0.95,1390610,1.0,1856140,8156590
2026-04-13T09:58:09.906,NF,NIFTY13APR2624200CE,0.95,3.7,7.05,0.85,76.7,43536675,1.38,0.95,1374035,1.0,1850095,8156590
2026-04-13T09:58:11.497,NF,NIFTY13APR2624200CE,0.95,3.7,7.05,0.85,76.7,43539275,1.38,0.95,1370070,1.0,1857505,8156590
2026-04-13T09:58:13.102,NF,NIFTY13APR2624200CE,0.95,3.7,7.05,0.85,76.7,43552925,1.38,0.95,1345500,1.0,1860560,8156590
2026-04-13T09:58:14.900,NF,NIFTY13APR2624200CE,1.0,3.7,7.05,0.85,76.7,43565665,1.38,0.95,1388335,1.0,1829035,8156590
2026-04-13T09:58:16.513,NF,NIFTY13APR2624200CE,1.0,3.7,7.05,0.85,76.7,43609345,1.38,0.95,1369940,1.0,1821300,8156590
2026-04-13T09:58:18.106,NF,NIFTY13APR2624200CE,1.0,3.7,7.05,0.85,76.7,43615195,1.38,0.95,1608880,1.0,1781000,8510840
2026-04-13T09:58:19.906,NF,NIFTY13APR2624200CE,0.95,3.7,7.05,0.85,76.7,43617015,1.38,0.95,1617980,1.0,1776190,8510840
2026-04-13T09:58:21.515,NF,NIFTY13APR2624200CE,0.95,3.7,7.05,0.85,76.7,43624100,1.38,0.95,1600170,1.0,1798940,8510840
2026-04-13T09:58:23.113,NF,NIFTY13APR2624200CE,1.0,3.7,7.05,0.85,76.7,43649905,1.38,0.95,1659580,1.0,1690910,8510840
2026-04-13T09:58:24.914,NF,NIFTY13APR2624200CE,1.0,3.7,7.05,0.85,76.7,43658940,1.38,0.95,1730235,1.0,1707095,8510840
2026-04-13T09:58:26.531,NF,NIFTY13APR2624200CE,1.0,3.7,7.05,0.85,76.7,43674215,1.38,0.95,1721395,1.0,1700855,8510840
2026-04-13T09:58:28.134,NF,NIFTY13APR2624200CE,0.95,3.7,7.05,0.85,76.7,43677920,1.38,0.95,1641510,1.0,1766505,8510840
2026-04-13T09:58:29.922,NF,NIFTY13APR2624200CE,0.95,3.7,7.05,0.85,76.7,43681430,1.38,0.95,1606735,1.0,1800240,8510840
2026-04-13T09:58:31.528,NF,NIFTY13APR2624200CE,0.95,3.7,7.05,0.85,76.7,43690010,1.38,0.95,1599455,1.0,1801475,8510840
2026-04-13T09:58:33.132,NF,NIFTY13APR2624200CE,0.95,3.7,7.05,0.85,76.7,43697290,1.38,0.95,1597310,1.0,1802255,8510840
2026-04-13T09:58:34.936,NF,NIFTY13APR2624200CE,1.0,3.7,7.05,0.85,76.7,43700930,1.38,0.95,1592630,1.0,1823640,8510840
2026-04-13T09:58:36.544,NF,NIFTY13APR2624200CE,0.95,3.7,7.05,0.85,76.7,43704440,1.38,0.95,1611610,1.0,1820910,8510840
2026-04-13T09:58:38.353,NF,NIFTY13APR2624200CE,0.95,3.7,7.05,0.85,76.7,43705220,1.38,0.95,1617590,1.0,1822275,8510840
2026-04-13T09:58:40.143,NF,NIFTY13APR2624200CE,0.95,3.7,7.05,0.85,76.7,43925180,1.38,0.9,1941940,0.95,1455025,8510840
2026-04-13T09:58:41.749,NF,NIFTY13APR2624200CE,0.9,3.7,7.05,0.85,76.7,43947605,1.38,0.9,1917175,0.95,1428310,8510840
2026-04-13T09:58:43.349,NF,NIFTY13APR2624200CE,0.9,3.7,7.05,0.85,76.7,43963725,1.38,0.9,1940640,0.95,1432145,8510840
2026-04-13T09:58:44.949,NF,NIFTY13APR2624200CE,0.9,3.7,7.05,0.85,76.7,43967170,1.38,0.9,1936155,0.95,1432080,8510840
2026-04-13T09:58:46.568,NF,NIFTY13APR2624200CE,0.9,3.7,7.05,0.85,76.7,43993105,1.38,0.9,1913470,0.95,1463215,8510840
2026-04-13T09:58:48.350,NF,NIFTY13APR2624200CE,0.9,3.7,7.05,0.85,76.7,43994470,1.38,0.9,1887210,0.95,1489020,8510840
2026-04-13T09:58:49.954,NF,NIFTY13APR2624200CE,0.9,3.7,7.05,0.85,76.7,44018715,1.38,0.9,1796665,0.95,1858090,8510840
2026-04-13T09:58:51.558,NF,NIFTY13APR2624200CE,0.9,3.7,7.05,0.85,76.7,44022420,1.38,0.9,1851070,0.95,1869400,8510840
2026-04-13T09:58:53.371,NF,NIFTY13APR2624200CE,0.95,3.7,7.05,0.85,76.7,44032105,1.38,0.9,1914705,0.95,1814215,8510840
2026-04-13T09:58:54.980,NF,NIFTY13APR2624200CE,0.95,3.7,7.05,0.85,76.7,44037240,1.38,0.9,1912560,0.95,1811875,8510840
2026-04-13T09:58:56.566,NF,NIFTY13APR2624200CE,0.9,3.7,7.05,0.85,76.7,44041660,1.38,0.9,1908530,0.95,1811615,8510840
2026-04-13T09:58:58.388,NF,NIFTY13APR2624200CE,0.95,3.7,7.05,0.85,76.7,44044975,1.38,0.9,1912625,0.95,1703650,8510840
2026-04-13T09:58:59.975,NF,NIFTY13APR2624200CE,0.9,3.7,7.05,0.85,76.7,44047640,1.38,0.9,1929850,0.95,1680250,8510840
2026-04-13T09:59:01.575,NF,NIFTY13APR2624200CE,0.95,3.7,7.05,0.85,76.7,44056155,1.38,0.9,1939990,0.95,1680120,8510840
2026-04-13T09:59:03.378,NF,NIFTY13APR2624200CE,0.9,3.7,7.05,0.85,76.7,44062135,1.38,0.9,1941485,0.95,1794650,8510840
2026-04-13T09:59:04.984,NF,NIFTY13APR2624200CE,0.9,3.7,7.05,0.85,76.7,44072535,1.38,0.9,1905800,0.95,1818505,8510840
2026-04-13T09:59:06.590,NF,NIFTY13APR2624200CE,0.95,3.7,7.05,0.85,76.7,44078645,1.38,0.9,1907555,0.95,1792375,8510840
2026-04-13T09:59:08.189,NF,NIFTY13APR2624200CE,0.9,3.7,7.05,0.85,76.7,44087160,1.38,0.9,1905735,0.95,1810965,8510840
2026-04-13T09:59:10.007,NF,NIFTY13APR2624200CE,0.9,3.7,7.05,0.85,76.7,44088850,1.38,0.9,1901965,0.95,1691300,8510840
2026-04-13T09:59:11.616,NF,NIFTY13APR2624200CE,0.95,3.7,7.05,0.85,76.7,44090995,1.38,0.9,1918345,0.95,1692730,8510840
2026-04-13T09:59:13.205,NF,NIFTY13APR2624200CE,0.95,3.7,7.05,0.85,76.7,44091255,1.38,0.9,1920100,0.95,1671150,8510840
2026-04-13T09:59:14.804,NF,NIFTY13APR2624200CE,0.9,3.7,7.05,0.85,76.7,44099575,1.38,0.9,1934010,0.95,1697280,8510840
2026-04-13T09:59:16.612,NF,NIFTY13APR2624200CE,0.95,3.7,7.05,0.85,76.7,44209945,1.38,0.95,1543425,1.0,1697865,8510840
2026-04-13T09:59:18.226,NF,NIFTY13APR2624200CE,0.95,3.7,7.05,0.85,76.7,44214365,1.38,0.95,1467635,1.0,1743625,8510840
2026-04-13T09:59:19.809,NF,NIFTY13APR2624200CE,1.0,3.7,7.05,0.85,76.7,44222490,1.38,0.95,1452815,1.0,1740960,8510840
2026-04-13T09:59:21.614,NF,NIFTY13APR2624200CE,0.95,3.7,7.05,0.85,76.7,44225805,1.38,0.95,1448850,1.0,1755130,8510840
2026-04-13T09:59:23.215,NF,NIFTY13APR2624200CE,1.0,3.7,7.05,0.85,76.7,44227040,1.38,0.95,1477840,1.0,1744925,8510840
2026-04-13T09:59:24.812,NF,NIFTY13APR2624200CE,0.95,3.7,7.05,0.85,76.7,44244200,1.38,0.95,1448395,1.0,1741025,8510840
2026-04-13T09:59:26.425,NF,NIFTY13APR2624200CE,0.95,3.7,7.05,0.85,76.7,44245175,1.38,0.95,1434745,1.0,1758965,8510840
2026-04-13T09:59:28.034,NF,NIFTY13APR2624200CE,1.0,3.7,7.05,0.85,76.7,44263635,1.38,0.95,1476215,1.0,1727830,8510840
2026-04-13T09:59:29.818,NF,NIFTY13APR2624200CE,0.95,3.7,7.05,0.85,76.7,44266885,1.38,0.95,1468285,1.0,1724515,8510840
2026-04-13T09:59:31.421,NF,NIFTY13APR2624200CE,1.0,3.7,7.05,0.85,76.7,44275465,1.38,0.95,1469325,1.0,1717105,8510840
2026-04-13T09:59:33.022,NF,NIFTY13APR2624200CE,0.95,3.7,7.05,0.85,76.7,44277740,1.38,0.95,1499420,1.0,1674270,8510840
2026-04-13T09:59:34.626,NF,NIFTY13APR2624200CE,1.0,3.7,7.05,0.85,76.7,44279495,1.38,0.95,1457300,1.0,1717300,8510840
2026-04-13T09:59:36.435,NF,NIFTY13APR2624200CE,1.0,3.7,7.05,0.85,76.7,44287555,1.38,0.95,1429870,1.0,1714765,8510840
2026-04-13T09:59:37.832,NF,NIFTY13APR2624200CE,1.0,3.7,7.05,0.85,76.7,44292625,1.38,0.95,1445665,1.0,1713660,8510840
2026-04-13T09:59:39.631,NF,NIFTY13APR2624200CE,0.95,3.7,7.05,0.85,76.7,44307185,1.38,0.95,1460615,1.0,1704300,8510840
2026-04-13T09:59:41.235,NF,NIFTY13APR2624200CE,0.95,3.7,7.05,0.85,76.7,44316415,1.38,0.95,1451190,1.0,1699490,8510840
2026-04-13T09:59:42.854,NF,NIFTY13APR2624200CE,0.95,3.7,7.05,0.85,76.7,44322525,1.38,0.95,1452945,1.0,1698450,8510840
2026-04-13T09:59:44.450,NF,NIFTY13APR2624200CE,0.95,3.7,7.05,0.85,76.7,44331885,1.38,0.95,1439360,1.0,1707615,8510840
2026-04-13T09:59:46.048,NF,NIFTY13APR2624200CE,1.0,3.7,7.05,0.85,76.7,44345015,1.38,0.95,1414790,1.0,1714115,8510840
2026-04-13T09:59:47.845,NF,NIFTY13APR2624200CE,0.95,3.7,7.05,0.85,76.7,44347940,1.38,0.95,1410630,1.0,1724905,8510840
2026-04-13T09:59:49.451,NF,NIFTY13APR2624200CE,1.0,3.7,7.05,0.85,76.7,44349370,1.38,0.95,1448850,1.0,1712685,8510840
2026-04-13T09:59:51.074,NF,NIFTY13APR2624200CE,0.95,3.7,7.05,0.85,76.7,44354115,1.38,0.95,1437345,1.0,1715220,8510840
2026-04-13T09:59:52.897,NF,NIFTY13APR2624200CE,0.95,3.7,7.05,0.85,76.7,44356585,1.38,0.95,1410370,1.0,1712425,8510840
2026-04-13T09:59:54.461,NF,NIFTY13APR2624200CE,1.0,3.7,7.05,0.85,76.7,44357040,1.38,0.95,1412190,1.0,1714180,8510840
2026-04-13T09:59:56.064,NF,NIFTY13APR2624200CE,0.95,3.7,7.05,0.85,76.7,44600270,1.37,0.9,1740960,0.95,1896830,8510840
2026-04-13T09:59:57.671,NF,NIFTY13APR2624200CE,0.9,3.7,7.05,0.85,76.7,44603065,1.37,0.9,1799720,0.95,1898325,8510840
2026-04-13T09:59:59.478,NF,NIFTY13APR2624200CE,0.9,3.7,7.05,0.85,76.7,44606640,1.37,0.9,1736865,0.95,1903785,8510840
2026-04-13T10:00:01.091,NF,NIFTY13APR2624200CE,0.9,3.7,7.05,0.85,76.7,44616520,1.37,0.9,1725035,0.95,1910480,8510840
2026-04-13T10:00:02.687,NF,NIFTY13APR2624200CE,0.9,3.7,7.05,0.85,76.7,44620030,1.37,0.9,1792115,0.95,1901120,8510840
2026-04-13T10:00:04.496,NF,NIFTY13APR2624200CE,0.95,3.7,7.05,0.85,76.7,44621590,1.37,0.9,1820455,0.95,1880125,8510840
2026-04-13T10:00:06.084,NF,NIFTY13APR2624200CE,0.95,3.7,7.05,0.85,76.7,44622370,1.37,0.9,1817335,0.95,1880320,8510840
2026-04-13T10:00:07.695,NF,NIFTY13APR2624200CE,0.95,3.7,7.05,0.85,76.7,44630040,1.37,0.9,1815125,0.95,1878110,8510840
2026-04-13T10:00:09.490,NF,NIFTY13APR2624200CE,0.95,3.7,7.05,0.85,76.7,44632640,1.37,0.9,1794455,0.95,1899430,8510840
2026-04-13T10:00:11.117,NF,NIFTY13APR2624200CE,0.95,3.7,7.05,0.85,76.7,44639010,1.37,0.9,1803165,0.95,1876225,8510840
2026-04-13T10:00:12.688,NF,NIFTY13APR2624200CE,0.9,3.7,7.05,0.85,76.7,44639595,1.37,0.9,1805505,0.95,1901120,8510840
2026-04-13T10:00:14.292,NF,NIFTY13APR2624200CE,0.95,3.7,7.05,0.85,76.7,44644275,1.37,0.9,1813825,0.95,1912235,8510840
2026-04-13T10:00:16.115,NF,NIFTY13APR2624200CE,0.9,3.7,7.05,0.85,76.7,44647070,1.37,0.9,1802515,0.95,1913470,8510840
2026-04-13T10:00:17.703,NF,NIFTY13APR2624200CE,0.9,3.7,7.05,0.85,76.7,44647850,1.37,0.9,1801410,0.95,1914835,8510840
2026-04-13T10:00:19.300,NF,NIFTY13APR2624200CE,0.95,3.7,7.05,0.85,76.7,44648825,1.37,0.9,1811550,0.95,1914185,8510840
2026-04-13T10:00:21.114,NF,NIFTY13APR2624200CE,0.95,3.7,7.05,0.85,76.7,44657340,1.37,0.9,1814150,0.95,1891630,8510840
2026-04-13T10:00:22.704,NF,NIFTY13APR2624200CE,0.95,3.7,7.05,0.85,76.7,44657665,1.37,0.9,1814865,0.95,1867385,8510840
2026-04-13T10:00:24.305,NF,NIFTY13APR2624200CE,0.9,3.7,7.05,0.85,76.7,44659290,1.37,0.9,1802840,0.95,1902615,8510840
2026-04-13T10:00:26.146,NF,NIFTY13APR2624200CE,0.95,3.7,7.05,0.85,76.7,44670990,1.37,0.9,1814670,0.95,1898260,8510840
2026-04-13T10:00:27.712,NF,NIFTY13APR2624200CE,0.9,3.7,7.05,0.85,76.7,44671445,1.37,0.9,1857245,0.95,1897740,8510840
2026-04-13T10:00:29.335,NF,NIFTY13APR2624200CE,0.95,3.7,7.05,0.85,76.7,44678595,1.37,0.9,1845090,0.95,1911715,8510840
2026-04-13T10:00:31.119,NF,NIFTY13APR2624200CE,0.95,3.7,7.05,0.85,76.7,44691790,1.37,0.9,1853475,0.95,1887340,8510840
2026-04-13T10:00:32.745,NF,NIFTY13APR2624200CE,0.95,3.7,7.05,0.85,76.7,44692505,1.37,0.9,1856595,0.95,1883050,8510840
2026-04-13T10:00:34.334,NF,NIFTY13APR2624200CE,0.9,3.7,7.05,0.85,76.7,44695105,1.37,0.9,1856790,0.95,1907100,8510840
2026-04-13T10:00:36.124,NF,NIFTY13APR2624200CE,0.9,3.7,7.05,0.85,76.7,44700890,1.37,0.9,1858480,0.95,1877005,8510840
2026-04-13T10:00:37.733,NF,NIFTY13APR2624200CE,0.9,3.7,7.05,0.85,76.7,44701280,1.37,0.9,1852045,0.95,1911650,8510840
2026-04-13T10:00:39.331,NF,NIFTY13APR2624200CE,0.9,3.7,7.05,0.85,76.7,44703685,1.37,0.9,1841970,0.95,1921205,8510840
2026-04-13T10:00:41.132,NF,NIFTY13APR2624200CE,0.9,3.7,7.05,0.85,76.7,44715970,1.37,0.9,1803295,0.95,1940250,8510840
2026-04-13T10:00:42.745,NF,NIFTY13APR2624200CE,0.9,3.7,7.05,0.85,76.7,44718505,1.37,0.9,1760785,0.95,1943890,8510840
2026-04-13T10:00:44.341,NF,NIFTY13APR2624200CE,0.9,3.7,7.05,0.85,76.7,44724810,1.37,0.9,1756690,0.95,1946100,8510840
2026-04-13T10:00:46.153,NF,NIFTY13APR2624200CE,0.9,3.7,7.05,0.85,76.7,44725460,1.37,0.9,1721850,0.95,1942005,8510840
2026-04-13T10:00:47.743,NF,NIFTY13APR2624200CE,0.9,3.7,7.05,0.85,76.7,44728580,1.37,0.9,1716455,0.95,1948505,8510840
2026-04-13T10:00:49.373,NF,NIFTY13APR2624200CE,0.9,3.7,7.05,0.85,76.7,44733390,1.37,0.9,1707875,0.95,1950065,8510840
2026-04-13T10:00:50.947,NF,NIFTY13APR2624200CE,0.95,3.7,7.05,0.85,76.7,44733650,1.37,0.9,1727180,0.95,1941940,8510840
2026-04-13T10:00:52.846,NF,NIFTY13APR2624200CE,0.95,3.7,7.05,0.85,76.7,44768620,1.37,0.9,1758770,0.95,1902615,8510840
2026-04-13T10:00:54.371,NF,NIFTY13APR2624200CE,0.9,3.7,7.05,0.85,76.7,44803460,1.37,0.9,1775800,0.95,1856335,8510840
2026-04-13T10:00:55.961,NF,NIFTY13APR2624200CE,0.9,3.7,7.05,0.85,76.7,44810805,1.37,0.9,1772030,0.95,1880710,8510840
2026-04-13T10:00:57.773,NF,NIFTY13APR2624200CE,0.9,3.7,7.05,0.85,76.7,44816720,1.37,0.9,1676805,0.95,1908400,8510840
2026-04-13T10:00:59.380,NF,NIFTY13APR2624200CE,0.9,3.7,7.05,0.85,76.7,44826535,1.37,0.9,1682135,0.95,1899885,8510840
2026-04-13T10:01:00.970,NF,NIFTY13APR2624200CE,0.95,3.7,7.05,0.85,76.7,44830305,1.37,0.9,1742910,0.95,1918085,8510840
2026-04-13T10:01:02.770,NF,NIFTY13APR2624200CE,0.9,3.7,7.05,0.85,76.7,44831670,1.37,0.9,1740700,0.95,1917305,8510840
2026-04-13T10:01:04.365,NF,NIFTY13APR2624200CE,0.95,3.7,7.05,0.85,76.7,44831995,1.37,0.9,1760135,0.95,1916980,8510840
2026-04-13T10:01:05.983,NF,NIFTY13APR2624200CE,0.95,3.7,7.05,0.85,76.7,44832775,1.37,0.9,1759550,0.95,1916460,8510840
2026-04-13T10:01:07.577,NF,NIFTY13APR2624200CE,0.9,3.7,7.05,0.85,76.7,44836805,1.37,0.9,1759030,0.95,1919255,8510840
2026-04-13T10:01:09.374,NF,NIFTY13APR2624200CE,0.9,3.7,7.05,0.85,76.7,44917405,1.37,0.9,1674075,0.95,1916070,8510840
2026-04-13T10:01:10.985,NF,NIFTY13APR2624200CE,0.95,3.7,7.05,0.85,76.7,44928390,1.37,0.9,1747330,0.95,1908595,8510840
2026-04-13T10:01:12.590,NF,NIFTY13APR2624200CE,0.9,3.7,7.05,0.85,76.7,44940480,1.37,0.9,1667510,0.95,1914250,8510840
2026-04-13T10:01:14.191,NF,NIFTY13APR2624200CE,0.9,3.7,7.05,0.85,76.7,44984030,1.37,0.9,1603550,0.95,1919515,8510840
2026-04-13T10:01:15.985,NF,NIFTY13APR2624200CE,0.9,3.7,7.05,0.85,76.7,45284980,1.37,0.85,1936935,0.9,1339715,8510840
2026-04-13T10:01:17.593,NF,NIFTY13APR2624200CE,0.85,3.7,7.05,0.85,76.7,45311110,1.37,0.85,1955720,0.9,1351350,8510840
2026-04-13T10:01:19.211,NF,NIFTY13APR2624200CE,0.95,3.7,7.05,0.85,76.7,45406205,1.37,0.9,1667250,0.95,1900990,8439990
2026-04-13T10:01:20.886,NF,NIFTY13APR2624200CE,0.95,3.7,7.05,0.85,76.7,45409195,1.37,0.9,1683695,0.95,1916785,8439990
2026-04-13T10:01:22.398,NF,NIFTY13APR2624200CE,0.95,3.7,7.05,0.85,76.7,45409715,1.37,0.9,1697930,0.95,1904370,8439990
2026-04-13T10:01:24.216,NF,NIFTY13APR2624200CE,0.95,3.7,7.05,0.85,76.7,45412835,1.37,0.9,1688895,0.95,1910025,8439990
2026-04-13T10:01:25.803,NF,NIFTY13APR2624200CE,0.9,3.7,7.05,0.85,76.7,45420310,1.37,0.9,1692210,0.95,1886820,8439990
2026-04-13T10:01:27.410,NF,NIFTY13APR2624200CE,0.9,3.7,7.05,0.85,76.7,45428045,1.37,0.9,1684150,0.95,1910545,8439990
2026-04-13T10:01:29.033,NF,NIFTY13APR2624200CE,0.95,3.7,7.05,0.85,76.7,45447025,1.37,0.9,1693445,0.95,1787240,8439990
2026-04-13T10:01:30.832,NF,NIFTY13APR2624200CE,0.95,3.7,7.05,0.85,76.7,45457685,1.37,0.9,1692275,0.95,1779050,8439990
2026-04-13T10:01:32.414,NF,NIFTY13APR2624200CE,0.9,3.7,7.05,0.85,76.7,45458205,1.37,0.9,1690130,0.95,1781260,8439990
2026-04-13T10:01:34.034,NF,NIFTY13APR2624200CE,0.9,3.7,7.05,0.85,76.7,45473025,1.37,0.9,1679665,0.95,1777100,8439990
2026-04-13T10:01:35.824,NF,NIFTY13APR2624200CE,0.95,3.7,7.05,0.85,76.7,45489535,1.37,0.9,1677715,0.95,1758965,8439990
2026-04-13T10:01:37.450,NF,NIFTY13APR2624200CE,0.95,3.7,7.05,0.85,76.7,45490055,1.37,0.9,1688960,0.95,1791465,8439990
2026-04-13T10:01:39.047,NF,NIFTY13APR2624200CE,0.95,3.7,7.05,0.85,76.7,45492200,1.37,0.9,1683175,0.95,1761045,8439990
2026-04-13T10:01:40.638,NF,NIFTY13APR2624200CE,0.95,3.7,7.05,0.85,76.7,45498830,1.37,0.9,1681290,0.95,1633255,8439990
2026-04-13T10:01:42.426,NF,NIFTY13APR2624200CE,0.9,3.7,7.05,0.85,76.7,45499740,1.37,0.9,1682720,0.95,1674920,8439990
2026-04-13T10:01:44.066,NF,NIFTY13APR2624200CE,0.95,3.7,7.05,0.85,76.7,45500780,1.37,0.9,1682525,0.95,1674075,8439990
2026-04-13T10:01:45.713,NF,NIFTY13APR2624200CE,0.95,3.7,7.05,0.85,76.7,45513195,1.36,0.9,1695525,0.95,1650675,8439990
2026-04-13T10:01:47.434,NF,NIFTY13APR2624200CE,0.95,3.7,7.05,0.85,76.7,45525415,1.36,0.9,1708915,0.95,1641770,8439990
2026-04-13T10:01:49.046,NF,NIFTY13APR2624200CE,0.95,3.7,7.05,0.85,76.7,45533800,1.36,0.9,1708200,0.95,1637480,8439990
2026-04-13T10:01:50.688,NF,NIFTY13APR2624200CE,0.95,3.7,7.05,0.85,76.7,45536205,1.36,0.9,1703780,0.95,1644110,8439990
2026-04-13T10:01:52.434,NF,NIFTY13APR2624200CE,0.9,3.7,7.05,0.85,76.7,45542900,1.36,0.9,1694225,0.95,1673425,8439990
2026-04-13T10:01:54.036,NF,NIFTY13APR2624200CE,0.95,3.7,7.05,0.85,76.7,45543420,1.36,0.9,1699555,0.95,1669655,8439990
2026-04-13T10:01:55.650,NF,NIFTY13APR2624200CE,0.95,3.7,7.05,0.85,76.7,45551220,1.36,0.9,1710280,0.95,1636635,8439990
2026-04-13T10:01:57.257,NF,NIFTY13APR2624200CE,0.9,3.7,7.05,0.85,76.7,45551675,1.36,0.9,1707355,0.95,1662960,8439990
2026-04-13T10:01:59.051,NF,NIFTY13APR2624200CE,0.95,3.7,7.05,0.85,76.7,45554470,1.36,0.9,1707095,0.95,1685190,8439990
2026-04-13T10:02:00.656,NF,NIFTY13APR2624200CE,0.9,3.7,7.05,0.85,76.7,45557915,1.36,0.9,1706835,0.95,1654055,8439990
2026-04-13T10:02:02.264,NF,NIFTY13APR2624200CE,0.95,3.7,7.05,0.85,76.7,45577415,1.36,0.9,1687010,0.95,1647620,8439990
2026-04-13T10:02:03.870,NF,NIFTY13APR2624200CE,0.95,3.7,7.05,0.85,76.7,45580730,1.36,0.9,1685905,0.95,1673295,8439990
2026-04-13T10:02:05.659,NF,NIFTY13APR2624200CE,0.95,3.7,7.05,0.85,76.7,45593275,1.36,0.9,1679665,0.95,1669265,8439990
2026-04-13T10:02:07.344,NF,NIFTY13APR2624200CE,0.9,3.7,7.05,0.85,76.7,45602245,1.36,0.9,1655355,0.95,1103180,8439990
2026-04-13T10:02:08.878,NF,NIFTY13APR2624200CE,0.9,3.7,7.05,0.85,76.7,45611475,1.36,0.9,1643460,0.95,1197495,8439990
2026-04-13T10:02:10.692,NF,NIFTY13APR2624200CE,0.95,3.7,7.05,0.85,76.7,45625060,1.36,0.9,1648010,0.95,1485510,8439990
2026-04-13T10:02:12.271,NF,NIFTY13APR2624200CE,0.9,3.7,7.05,0.85,76.7,45628765,1.36,0.9,1660490,0.95,1494350,8439990
2026-04-13T10:02:13.874,NF,NIFTY13APR2624200CE,0.9,3.7,7.05,0.85,76.7,45632860,1.36,0.9,1663350,0.95,1520935,8439990
2026-04-13T10:02:15.681,NF,NIFTY13APR2624200CE,0.9,3.7,7.05,0.85,76.7,45636955,1.36,0.9,1667575,0.95,1513135,8439990
2026-04-13T10:02:17.281,NF,NIFTY13APR2624200CE,0.95,3.7,7.05,0.85,76.7,45639100,1.36,0.9,1670565,0.95,1485640,8439990
2026-04-13T10:02:18.886,NF,NIFTY13APR2624200CE,0.95,3.7,7.05,0.85,76.7,45643455,1.36,0.9,1671540,0.95,1469520,8439990
2026-04-13T10:02:20.510,NF,NIFTY13APR2624200CE,0.9,3.7,7.05,0.85,76.7,45653075,1.36,0.9,1677650,0.95,1464125,8439990
2026-04-13T10:02:22.306,NF,NIFTY13APR2624200CE,0.9,3.7,7.05,0.85,76.7,45654830,1.36,0.9,1663155,0.95,1505205,8439990
2026-04-13T10:02:23.889,NF,NIFTY13APR2624200CE,0.95,3.7,7.05,0.85,76.7,45655480,1.36,0.9,1656330,0.95,1504425,8439990
2026-04-13T10:02:25.496,NF,NIFTY13APR2624200CE,0.9,3.7,7.05,0.85,76.7,45668740,1.36,0.9,1651975,0.95,1497925,8439990
2026-04-13T10:02:27.298,NF,NIFTY13APR2624200CE,0.9,3.7,7.05,0.85,76.7,45670560,1.36,0.9,1654315,0.95,1592630,8439990
2026-04-13T10:02:28.901,NF,NIFTY13APR2624200CE,0.95,3.7,7.05,0.85,76.7,45673550,1.36,0.9,1647880,0.95,1592955,8439990
2026-04-13T10:02:30.501,NF,NIFTY13APR2624200CE,0.95,3.7,7.05,0.85,76.7,45682715,1.36,0.9,1661140,0.95,1554215,8439990
2026-04-13T10:02:32.299,NF,NIFTY13APR2624200CE,0.9,3.7,7.05,0.85,76.7,45683950,1.36,0.9,1677845,0.95,1573715,8439990
2026-04-13T10:02:33.903,NF,NIFTY13APR2624200CE,0.9,3.7,7.05,0.85,76.7,45684990,1.36,0.9,1673945,0.95,1578005,8439990
2026-04-13T10:02:35.519,NF,NIFTY13APR2624200CE,0.9,3.7,7.05,0.85,76.7,45691685,1.36,0.9,1686165,0.95,1566825,8439990
2026-04-13T10:02:37.151,NF,NIFTY13APR2624200CE,0.9,3.7,7.05,0.85,76.7,45693830,1.36,0.9,1684735,0.95,1571830,8439990
2026-04-13T10:02:38.912,NF,NIFTY13APR2624200CE,0.9,3.7,7.05,0.85,76.7,45694350,1.36,0.9,1688310,0.95,1566500,8439990
2026-04-13T10:02:40.711,NF,NIFTY13APR2624200CE,0.9,3.7,7.05,0.85,76.7,45701045,1.36,0.9,1690910,0.95,1585415,8439990
2026-04-13T10:02:42.320,NF,NIFTY13APR2624200CE,0.9,3.7,7.05,0.85,76.7,45706960,1.36,0.9,1685970,0.95,1585415,8439990
2026-04-13T10:02:43.936,NF,NIFTY13APR2624200CE,0.9,3.7,7.05,0.85,76.7,45709105,1.36,0.9,1688375,0.95,1583530,8439990
2026-04-13T10:02:45.543,NF,NIFTY13APR2624200CE,0.95,3.7,7.05,0.85,76.7,45719895,1.36,0.9,1703910,0.95,1572090,8439990
2026-04-13T10:02:47.135,NF,NIFTY13APR2624200CE,0.95,3.7,7.05,0.85,76.7,45720870,1.36,0.9,1707550,0.95,1568255,8439990
2026-04-13T10:02:48.736,NF,NIFTY13APR2624200CE,0.9,3.7,7.05,0.85,76.7,45727500,1.36,0.9,1707355,0.95,1572480,8439990
2026-04-13T10:02:50.535,NF,NIFTY13APR2624200CE,0.95,3.7,7.05,0.85,76.7,45745960,1.36,0.9,1725360,0.95,1539525,8439990
2026-04-13T10:02:52.161,NF,NIFTY13APR2624200CE,0.9,3.7,7.05,0.85,76.7,45746935,1.36,0.9,1768195,0.95,1567995,8439990
2026-04-13T10:02:53.741,NF,NIFTY13APR2624200CE,0.9,3.7,7.05,0.85,76.7,45788275,1.36,0.9,1738945,0.95,1601210,8439990
2026-04-13T10:02:55.347,NF,NIFTY13APR2624200CE,0.9,3.7,7.05,0.85,76.7,45792890,1.36,0.9,1705795,0.95,1602315,8439990
2026-04-13T10:02:56.943,NF,NIFTY13APR2624200CE,0.95,3.7,7.05,0.85,76.7,45794580,1.36,0.9,1756365,0.95,1601405,8439990
2026-04-13T10:02:58.556,NF,NIFTY13APR2624200CE,0.95,3.7,7.05,0.85,76.7,45795360,1.36,0.9,1730950,0.95,1620710,8439990
2026-04-13T10:03:00.348,NF,NIFTY13APR2624200CE,0.95,3.7,7.05,0.85,76.7,45796855,1.36,0.9,1726725,0.95,1610180,8439990
2026-04-13T10:03:01.957,NF,NIFTY13APR2624200CE,0.9,3.7,7.05,0.85,76.7,45796920,1.36,0.9,1697345,0.95,1629485,8439990
2026-04-13T10:03:03.575,NF,NIFTY13APR2624200CE,0.95,3.7,7.05,0.85,76.7,45797505,1.36,0.9,1699165,0.95,1627925,8439990
2026-04-13T10:03:05.163,NF,NIFTY13APR2624200CE,0.95,3.7,7.05,0.85,76.7,45800950,1.36,0.9,1693770,0.95,1626950,8439990
2026-04-13T10:03:06.757,NF,NIFTY13APR2624200CE,0.95,3.7,7.05,0.85,76.7,45807255,1.36,0.9,1724645,0.95,1622010,8439990
2026-04-13T10:03:08.567,NF,NIFTY13APR2624200CE,0.95,3.7,7.05,0.85,76.7,45807385,1.36,0.9,1719445,0.95,1616485,8439990
2026-04-13T10:03:10.187,NF,NIFTY13APR2624200CE,0.95,3.7,7.05,0.85,76.7,45812520,1.36,0.9,1713075,0.95,1607255,8439990
2026-04-13T10:03:11.769,NF,NIFTY13APR2624200CE,0.9,3.7,7.05,0.85,76.7,45890000,1.36,0.9,1699945,0.95,1642940,8439990
2026-04-13T10:03:13.370,NF,NIFTY13APR2624200CE,0.95,3.7,7.05,0.85,76.7,45893835,1.36,0.9,1701440,0.95,1641770,8439990
2026-04-13T10:03:14.991,NF,NIFTY13APR2624200CE,0.9,3.7,7.05,0.85,76.7,45905015,1.36,0.9,1684800,0.95,1645085,8439990
2026-04-13T10:03:16.591,NF,NIFTY13APR2624200CE,0.95,3.7,7.05,0.85,76.7,45909110,1.36,0.9,1681420,0.95,1644825,8439990
2026-04-13T10:03:18.399,NF,NIFTY13APR2624200CE,0.95,3.7,7.05,0.85,76.7,45909305,1.36,0.9,1679925,0.95,1646255,8439990
2026-04-13T10:03:19.987,NF,NIFTY13APR2624200CE,0.9,3.7,7.05,0.85,76.7,45910280,1.36,0.9,1680315,0.95,1646515,8439990
2026-04-13T10:03:21.582,NF,NIFTY13APR2624200CE,0.95,3.7,7.05,0.85,76.7,45919380,1.36,0.9,1687205,0.95,1631565,8439990
2026-04-13T10:03:23.191,NF,NIFTY13APR2624200CE,0.95,3.7,7.05,0.85,76.7,45919770,1.36,0.9,1690130,0.95,1633580,8439990
2026-04-13T10:03:24.793,NF,NIFTY13APR2624200CE,0.95,3.7,7.05,0.85,76.7,45924515,1.36,0.9,1686035,0.95,1630070,8439990
2026-04-13T10:03:26.405,NF,NIFTY13APR2624200CE,0.95,3.7,7.05,0.85,76.7,45932770,1.36,0.9,1692145,0.95,1599260,8439990
2026-04-13T10:03:28.190,NF,NIFTY13APR2624200CE,0.95,3.7,7.05,0.85,76.7,45934330,1.36,0.9,1690910,0.95,1597960,8439990
2026-04-13T10:03:29.796,NF,NIFTY13APR2624200CE,0.95,3.7,7.05,0.85,76.7,45944340,1.36,0.9,1679665,0.95,1638130,8439990
2026-04-13T10:03:31.408,NF,NIFTY13APR2624200CE,0.9,3.7,7.05,0.85,76.7,45953635,1.36,0.9,1683825,0.95,1606280,8439990
2026-04-13T10:03:33.031,NF,NIFTY13APR2624200CE,0.9,3.7,7.05,0.85,76.7,45954935,1.36,0.9,1669200,0.95,1636830,8439990
2026-04-13T10:03:34.605,NF,NIFTY13APR2624200CE,0.9,3.7,7.05,0.85,76.7,45955845,1.36,0.9,1675895,0.95,1626430,8439990
2026-04-13T10:03:36.222,NF,NIFTY13APR2624200CE,0.9,3.7,7.05,0.85,76.7,45965660,1.36,0.9,1703650,0.95,1631435,8439990
2026-04-13T10:03:38.018,NF,NIFTY13APR2624200CE,0.95,3.7,7.05,0.85,76.7,45975085,1.36,0.9,1677260,0.95,1646710,8439990
2026-04-13T10:03:39.610,NF,NIFTY13APR2624200CE,0.95,3.7,7.05,0.85,76.7,45975605,1.36,0.9,1693705,0.95,1655680,8439990
2026-04-13T10:03:41.237,NF,NIFTY13APR2624200CE,0.9,3.7,7.05,0.85,76.7,45979115,1.36,0.9,1698710,0.95,1653080,8439990
2026-04-13T10:03:43.020,NF,NIFTY13APR2624200CE,0.9,3.7,7.05,0.85,76.7,45983145,1.36,0.9,1604785,0.95,1686165,8439990
2026-04-13T10:03:44.662,NF,NIFTY13APR2624200CE,0.9,3.7,7.05,0.85,76.7,45984315,1.36,0.9,1600820,0.95,1694615,8439990
2026-04-13T10:03:46.230,NF,NIFTY13APR2624200CE,0.95,3.7,7.05,0.85,76.7,45993675,1.36,0.9,1594320,0.95,1686165,8439990
2026-04-13T10:03:48.046,NF,NIFTY13APR2624200CE,0.9,3.7,7.05,0.85,76.7,45994650,1.36,0.9,1593930,0.95,1685970,8439990
2026-04-13T10:03:49.648,NF,NIFTY13APR2624200CE,0.9,3.7,7.05,0.85,76.7,45997380,1.36,0.9,1597505,0.95,1684540,8439990
2026-04-13T10:03:51.246,NF,NIFTY13APR2624200CE,0.95,3.7,7.05,0.85,76.7,46028385,1.36,0.9,1630460,0.95,1686555,8439990
2026-04-13T10:03:53.036,NF,NIFTY13APR2624200CE,0.95,3.7,7.05,0.85,76.7,46028840,1.36,0.9,1636310,0.95,1686555,8439990
2026-04-13T10:03:54.650,NF,NIFTY13APR2624200CE,0.95,3.7,7.05,0.85,76.7,46032220,1.36,0.9,1627990,0.95,1687790,8439990
2026-04-13T10:03:56.244,NF,NIFTY13APR2624200CE,0.9,3.7,7.05,0.85,76.7,46039045,1.36,0.9,1618890,0.95,1680965,8439990
2026-04-13T10:03:57.841,NF,NIFTY13APR2624200CE,0.9,3.7,7.05,0.85,76.7,46044700,1.36,0.9,1624935,0.95,1691495,8439990
2026-04-13T10:03:59.452,NF,NIFTY13APR2624200CE,0.95,3.7,7.05,0.85,76.7,46044960,1.36,0.9,1637675,0.95,1691235,8439990
2026-04-13T10:04:01.266,NF,NIFTY13APR2624200CE,0.95,3.7,7.05,0.85,76.7,46052630,1.36,0.9,1649375,0.95,1688960,8439990
2026-04-13T10:04:02.887,NF,NIFTY13APR2624200CE,0.95,3.7,7.05,0.85,76.7,46075315,1.36,0.9,1617135,0.95,1686685,8439990
2026-04-13T10:04:04.456,NF,NIFTY13APR2624200CE,0.9,3.7,7.05,0.85,76.7,46084805,1.36,0.9,1613040,0.95,1705080,8439990
2026-04-13T10:04:06.279,NF,NIFTY13APR2624200CE,0.95,3.7,7.05,0.85,76.7,46086950,1.36,0.9,1612975,0.95,1705730,8439990
2026-04-13T10:04:07.869,NF,NIFTY13APR2624200CE,0.95,3.7,7.05,0.85,76.7,46090135,1.36,0.9,1615705,0.95,1705340,8439990
2026-04-13T10:04:09.514,NF,NIFTY13APR2624200CE,0.9,3.7,7.05,0.85,76.7,46097350,1.36,0.9,1612975,0.95,1704820,8439990
2026-04-13T10:04:11.065,NF,NIFTY13APR2624200CE,0.9,3.7,7.05,0.85,76.7,46115940,1.36,0.9,1621230,0.95,1705470,8439990
2026-04-13T10:04:12.867,NF,NIFTY13APR2624200CE,0.9,3.7,7.05,0.85,76.7,46116460,1.36,0.9,1621230,0.95,1711060,8439990
2026-04-13T10:04:14.473,NF,NIFTY13APR2624200CE,0.95,3.7,7.05,0.85,76.7,46117110,1.36,0.9,1631370,0.95,1708850,8439990
2026-04-13T10:04:16.077,NF,NIFTY13APR2624200CE,0.95,3.7,7.05,0.85,76.7,46118410,1.36,0.9,1623245,0.95,1708980,8439990
2026-04-13T10:04:17.884,NF,NIFTY13APR2624200CE,0.9,3.7,7.05,0.85,76.7,46125625,1.36,0.9,1651780,0.95,1718990,8439990
2026-04-13T10:04:19.495,NF,NIFTY13APR2624200CE,0.95,3.7,7.05,0.85,76.7,46132710,1.36,0.9,1617265,0.95,1718080,8439990
2026-04-13T10:04:21.094,NF,NIFTY13APR2624200CE,0.95,3.7,7.05,0.85,76.7,46140640,1.36,0.9,1718470,0.95,1707550,8534110
2026-04-13T10:04:22.886,NF,NIFTY13APR2624200CE,0.9,3.7,7.05,0.85,76.7,46141940,1.36,0.9,1638910,0.95,1709955,8534110
2026-04-13T10:04:24.514,NF,NIFTY13APR2624200CE,0.9,3.7,7.05,0.85,76.7,46142785,1.36,0.9,1615705,0.95,1709175,8534110
2026-04-13T10:04:26.086,NF,NIFTY13APR2624200CE,0.95,3.7,7.05,0.85,76.7,46154745,1.36,0.9,1638845,0.95,1713725,8534110
2026-04-13T10:04:27.931,NF,NIFTY13APR2624200CE,0.95,3.7,7.05,0.85,76.7,46155135,1.36,0.9,1638975,0.95,1713010,8534110
2026-04-13T10:04:29.511,NF,NIFTY13APR2624200CE,0.9,3.7,7.05,0.85,76.7,46156565,1.36,0.9,1631110,0.95,1712425,8534110
2026-04-13T10:04:31.106,NF,NIFTY13APR2624200CE,0.9,3.7,7.05,0.85,76.7,46165015,1.36,0.9,1639105,0.95,1718600,8534110
2026-04-13T10:04:32.912,NF,NIFTY13APR2624200CE,0.9,3.7,7.05,0.85,76.7,46168135,1.36,0.9,1634425,0.95,1750645,8534110
2026-04-13T10:04:34.527,NF,NIFTY13APR2624200CE,0.9,3.7,7.05,0.85,76.7,46170150,1.36,0.9,1649570,0.95,1756885,8534110
2026-04-13T10:04:36.133,NF,NIFTY13APR2624200CE,0.9,3.7,7.05,0.85,76.7,46181135,1.36,0.9,1641250,0.95,1750450,8534110
2026-04-13T10:04:37.906,NF,NIFTY13APR2624200CE,0.9,3.7,7.05,0.85,76.7,46182240,1.36,0.9,1642810,0.95,1750320,8534110
2026-04-13T10:04:39.515,NF,NIFTY13APR2624200CE,0.9,3.7,7.05,0.85,76.7,46182630,1.36,0.9,1640600,0.95,1750125,8534110
2026-04-13T10:04:41.315,NF,NIFTY13APR2624200CE,0.9,3.7,7.05,0.85,76.7,46193030,1.36,0.9,1651650,0.95,1758250,8534110
2026-04-13T10:04:42.914,NF,NIFTY13APR2624200CE,0.95,3.7,7.05,0.85,76.7,46198100,1.36,0.9,1661465,0.95,1757080,8534110
2026-04-13T10:04:44.540,NF,NIFTY13APR2624200CE,0.9,3.7,7.05,0.85,76.7,46199205,1.36,0.9,1648140,0.95,1756430,8534110
2026-04-13T10:04:46.125,NF,NIFTY13APR2624200CE,0.9,3.7,7.05,0.85,76.7,46204925,1.36,0.9,1743040,0.95,1734265,8534110
2026-04-13T10:04:47.946,NF,NIFTY13APR2624200CE,0.95,3.7,7.05,0.85,76.7,46209475,1.36,0.9,1651845,0.95,1736215,8534110
2026-04-13T10:04:49.526,NF,NIFTY13APR2624200CE,0.95,3.7,7.05,0.85,76.7,46214025,1.36,0.9,1739920,0.95,1733550,8534110
2026-04-13T10:04:51.131,NF,NIFTY13APR2624200CE,0.9,3.7,7.05,0.85,76.7,46232095,1.36,0.9,1744210,0.95,1729585,8534110
2026-04-13T10:04:52.942,NF,NIFTY13APR2624200CE,0.95,3.7,7.05,0.85,76.7,46238075,1.36,0.9,1740700,0.95,1729845,8534110
2026-04-13T10:04:54.549,NF,NIFTY13APR2624200CE,0.95,3.7,7.05,0.85,76.7,46240350,1.36,0.9,1741675,0.95,1729130,8534110
2026-04-13T10:04:56.137,NF,NIFTY13APR2624200CE,0.95,3.7,7.05,0.85,76.7,46247240,1.36,0.9,1740960,0.95,1722630,8534110
2026-04-13T10:04:57.946,NF,NIFTY13APR2624200CE,0.95,3.7,7.05,0.85,76.7,46247565,1.36,0.9,1741805,0.95,1722305,8534110
2026-04-13T10:04:59.537,NF,NIFTY13APR2624200CE,0.95,3.7,7.05,0.85,76.7,46248865,1.36,0.9,1742390,0.95,1721200,8534110
2026-04-13T10:05:01.152,NF,NIFTY13APR2624200CE,0.95,3.7,7.05,0.85,76.7,46252700,1.36,0.9,1740570,0.95,1722045,8534110
2026-04-13T10:05:02.953,NF,NIFTY13APR2624200CE,0.9,3.7,7.05,0.85,76.7,46255885,1.36,0.9,1740830,0.95,1713530,8534110
2026-04-13T10:05:04.550,NF,NIFTY13APR2624200CE,0.95,3.7,7.05,0.85,76.7,46262970,1.36,0.9,1740050,0.95,1705665,8534110
2026-04-13T10:05:06.157,NF,NIFTY13APR2624200CE,0.95,3.7,7.05,0.85,76.7,46279870,1.36,0.9,1739270,0.95,1496040,8534110
2026-04-13T10:05:07.762,NF,NIFTY13APR2624200CE,0.95,3.7,7.05,0.85,76.7,46282730,1.36,0.9,1738685,0.95,1518205,8534110
2026-04-13T10:05:09.553,NF,NIFTY13APR2624200CE,0.9,3.7,7.05,0.85,76.7,46285590,1.36,0.9,1731730,0.95,1686230,8534110
2026-04-13T10:05:11.165,NF,NIFTY13APR2624200CE,0.95,3.7,7.05,0.85,76.7,46289360,1.36,0.9,1735955,0.95,1678885,8534110
2026-04-13T10:05:12.762,NF,NIFTY13APR2624200CE,0.95,3.7,7.05,0.85,76.7,46294365,1.36,0.9,1737840,0.95,1677780,8534110
2026-04-13T10:05:14.564,NF,NIFTY13APR2624200CE,0.95,3.7,7.05,0.85,76.7,46296185,1.36,0.9,1739985,0.95,1676090,8534110
2026-04-13T10:05:16.165,NF,NIFTY13APR2624200CE,0.9,3.7,7.05,0.85,76.7,46300020,1.36,0.9,1697215,0.95,1700920,8534110
2026-04-13T10:05:17.769,NF,NIFTY13APR2624200CE,0.95,3.7,7.05,0.85,76.7,46300085,1.36,0.9,1725620,0.95,1688180,8534110
2026-04-13T10:05:19.373,NF,NIFTY13APR2624200CE,0.95,3.7,7.05,0.85,76.7,46301515,1.36,0.9,1724710,0.95,1651000,8534110
2026-04-13T10:05:21.210,NF,NIFTY13APR2624200CE,0.95,3.7,7.05,0.85,76.7,46313800,1.36,0.9,1714505,0.95,1642160,8534110
2026-04-13T10:05:22.783,NF,NIFTY13APR2624200CE,0.95,3.7,7.05,0.85,76.7,46315685,1.36,0.9,1722760,0.95,1640795,8534110
2026-04-13T10:05:24.389,NF,NIFTY13APR2624200CE,0.95,3.7,7.05,0.85,76.7,46321275,1.36,0.9,1722890,0.95,1638065,8534110
2026-04-13T10:05:25.986,NF,NIFTY13APR2624200CE,0.95,3.7,7.05,0.85,76.7,46329725,1.36,0.9,1721980,0.95,1628250,8534110
2026-04-13T10:05:27.785,NF,NIFTY13APR2624200CE,0.95,3.7,7.05,0.85,76.7,46333950,1.36,0.9,1724190,0.95,1641575,8534110
2026-04-13T10:05:29.403,NF,NIFTY13APR2624200CE,0.95,3.7,7.05,0.85,76.7,46334860,1.36,0.9,1723670,0.95,1624480,8534110
2026-04-13T10:05:31.006,NF,NIFTY13APR2624200CE,0.95,3.7,7.05,0.85,76.7,46342205,1.36,0.9,1719055,0.95,1620125,8534110
2026-04-13T10:05:32.796,NF,NIFTY13APR2624200CE,0.95,3.7,7.05,0.85,76.7,46343245,1.36,0.9,1693315,0.95,1661010,8534110
2026-04-13T10:05:34.404,NF,NIFTY13APR2624200CE,0.9,3.7,7.05,0.85,76.7,46349485,1.36,0.9,1703975,0.95,1646125,8534110
2026-04-13T10:05:36.002,NF,NIFTY13APR2624200CE,0.95,3.7,7.05,0.85,76.7,46355465,1.36,0.9,1718795,0.95,1611090,8534110
2026-04-13T10:05:37.603,NF,NIFTY13APR2624200CE,0.9,3.7,7.05,0.85,76.7,46355725,1.36,0.9,1713335,0.95,1610960,8534110
2026-04-13T10:05:39.204,NF,NIFTY13APR2624200CE,0.9,3.7,7.05,0.85,76.7,46357805,1.36,0.9,1717820,0.95,1635270,8534110
2026-04-13T10:05:40.816,NF,NIFTY13APR2624200CE,0.95,3.7,7.05,0.85,76.7,46366125,1.36,0.9,1719380,0.95,1627080,8534110
2026-04-13T10:05:44.212,NF,NIFTY13APR2624200CE,0.9,3.7,7.05,0.85,76.7,46368335,1.36,0.9,1701505,0.95,1627600,8534110
2026-04-13T10:05:45.816,NF,NIFTY13APR2624200CE,0.95,3.7,7.05,0.85,76.7,46376070,1.36,0.9,1720160,0.95,1612455,8534110
2026-04-13T10:05:47.422,NF,NIFTY13APR2624200CE,0.95,3.7,7.05,0.85,76.7,46379255,1.36,0.9,1690715,0.95,1645150,8534110
2026-04-13T10:05:49.223,NF,NIFTY13APR2624200CE,0.95,3.7,7.05,0.85,76.7,46381205,1.36,0.9,1689870,0.95,1642420,8534110
2026-04-13T10:05:50.827,NF,NIFTY13APR2624200CE,0.95,3.7,7.05,0.85,76.7,46386730,1.36,0.9,1692795,0.95,1634815,8534110
2026-04-13T10:05:52.442,NF,NIFTY13APR2624200CE,0.95,3.7,7.05,0.85,76.7,46392060,1.36,0.9,1692340,0.95,1630525,8534110
2026-04-13T10:05:54.229,NF,NIFTY13APR2624200CE,0.9,3.7,7.05,0.85,76.7,46392645,1.36,0.9,1688050,0.95,1628640,8534110
2026-04-13T10:05:55.836,NF,NIFTY13APR2624200CE,0.95,3.7,7.05,0.85,76.7,46399210,1.36,0.9,1703195,0.95,1619930,8534110
2026-04-13T10:05:57.435,NF,NIFTY13APR2624200CE,0.95,3.7,7.05,0.85,76.7,46399340,1.36,0.9,1702415,0.95,1623895,8534110
2026-04-13T10:05:59.039,NF,NIFTY13APR2624200CE,0.95,3.7,7.05,0.85,76.7,46400185,1.36,0.9,1689350,0.95,1623830,8534110
2026-04-13T10:06:00.644,NF,NIFTY13APR2624200CE,0.95,3.7,7.05,0.85,76.7,46405775,1.36,0.9,1708655,0.95,1621035,8534110
2026-04-13T10:06:02.251,NF,NIFTY13APR2624200CE,0.9,3.7,7.05,0.85,76.7,46405840,1.36,0.9,1719965,0.95,1599650,8534110
2026-04-13T10:06:04.072,NF,NIFTY13APR2624200CE,0.95,3.7,7.05,0.85,76.7,46406555,1.36,0.9,1708265,0.95,1625000,8534110
2026-04-13T10:06:05.649,NF,NIFTY13APR2624200CE,0.9,3.7,7.05,0.85,76.7,46406620,1.36,0.9,1695915,0.95,1620840,8534110
2026-04-13T10:06:07.263,NF,NIFTY13APR2624200CE,0.95,3.7,7.05,0.85,76.7,46415785,1.36,0.9,1701895,0.95,1602250,8534110
2026-04-13T10:06:09.061,NF,NIFTY13APR2624200CE,0.95,3.7,7.05,0.85,76.7,46436260,1.36,0.9,1699945,0.95,1592500,8534110
2026-04-13T10:06:10.655,NF,NIFTY13APR2624200CE,0.95,3.7,7.05,0.85,76.7,46450040,1.36,0.9,1746030,0.95,1578525,8534110
2026-04-13T10:06:12.260,NF,NIFTY13APR2624200CE,0.95,3.7,7.05,0.85,76.7,46452510,1.36,0.9,1733940,0.95,1577095,8534110
2026-04-13T10:06:13.863,NF,NIFTY13APR2624200CE,0.9,3.7,7.05,0.85,76.7,46453355,1.36,0.9,1653730,0.95,1575470,8534110
2026-04-13T10:06:15.660,NF,NIFTY13APR2624200CE,0.95,3.7,7.05,0.85,76.7,46459855,1.36,0.9,1653080,0.95,1575470,8534110
2026-04-13T10:06:17.276,NF,NIFTY13APR2624200CE,0.9,3.7,7.05,0.85,76.7,46461025,1.36,0.9,1649180,0.95,1575340,8534110
2026-04-13T10:06:18.889,NF,NIFTY13APR2624200CE,0.9,3.7,7.05,0.85,76.7,46472725,1.36,0.9,1658670,0.95,1565265,8534110
2026-04-13T10:06:20.485,NF,NIFTY13APR2624200CE,0.95,3.7,7.05,0.85,76.7,46499700,1.36,0.9,1677065,0.95,1546545,8534110
2026-04-13T10:06:22.274,NF,NIFTY13APR2624200CE,0.95,3.7,7.05,0.85,76.7,46505355,1.36,0.9,1678755,0.95,1547845,8534110
2026-04-13T10:06:23.877,NF,NIFTY13APR2624200CE,0.9,3.7,7.05,0.85,76.7,46510230,1.36,0.9,1684540,0.95,1543620,8534110
2026-04-13T10:06:25.481,NF,NIFTY13APR2624200CE,0.95,3.7,7.05,0.85,76.7,46519070,1.36,0.9,1755975,0.95,1537185,8534110
2026-04-13T10:06:27.284,NF,NIFTY13APR2624200CE,0.95,3.7,7.05,0.85,76.7,46519395,1.36,0.9,1693380,0.95,1548365,8534110
2026-04-13T10:06:28.901,NF,NIFTY13APR2624200CE,0.9,3.7,7.05,0.85,76.7,46519460,1.36,0.9,1680445,0.95,1548495,8534110
2026-04-13T10:06:30.513,NF,NIFTY13APR2624200CE,0.95,3.7,7.05,0.85,76.7,46525635,1.36,0.9,1696175,0.95,1535625,8534110
2026-04-13T10:06:32.287,NF,NIFTY13APR2624200CE,0.9,3.7,7.05,0.85,76.7,46537270,1.36,0.9,1706185,0.95,1532505,8534110
2026-04-13T10:06:33.920,NF,NIFTY13APR2624200CE,0.95,3.7,7.05,0.85,76.7,46537400,1.36,0.9,1715220,0.95,1541345,8534110
2026-04-13T10:06:35.499,NF,NIFTY13APR2624200CE,0.95,3.7,7.05,0.85,76.7,46541820,1.36,0.9,1706120,0.95,1540435,8534110
2026-04-13T10:06:37.100,NF,NIFTY13APR2624200CE,0.9,3.7,7.05,0.85,76.7,46542860,1.36,0.9,1701050,0.95,1546415,8534110
2026-04-13T10:06:38.899,NF,NIFTY13APR2624200CE,0.9,3.7,7.05,0.85,76.7,46554430,1.36,0.9,1678820,0.95,1544335,8534110
2026-04-13T10:06:40.515,NF,NIFTY13APR2624200CE,0.95,3.7,7.05,0.85,76.7,46559825,1.36,0.9,1682200,0.95,1533675,8534110
2026-04-13T10:06:42.319,NF,NIFTY13APR2624200CE,0.9,3.7,7.05,0.85,76.7,46560345,1.36,0.9,1675505,0.95,1540890,8534110
2026-04-13T10:06:43.911,NF,NIFTY13APR2624200CE,0.95,3.7,7.05,0.85,76.7,46560995,1.36,0.9,1687725,0.95,1531595,8534110
2026-04-13T10:06:45.526,NF,NIFTY13APR2624200CE,0.95,3.7,7.05,0.85,76.7,46566910,1.36,0.9,1794130,0.95,1525875,8534110
2026-04-13T10:06:47.311,NF,NIFTY13APR2624200CE,0.9,3.7,7.05,0.85,76.7,46577505,1.35,0.9,1715935,0.95,1529840,8534110
2026-04-13T10:06:48.920,NF,NIFTY13APR2624200CE,0.95,3.7,7.05,0.85,76.7,46579910,1.35,0.9,1788735,0.95,1521780,8534110
2026-04-13T10:06:50.539,NF,NIFTY13APR2624200CE,0.95,3.7,7.05,0.85,76.7,46589465,1.35,0.9,1799265,0.95,1607645,8534110
2026-04-13T10:06:52.317,NF,NIFTY13APR2624200CE,0.9,3.7,7.05,0.85,76.7,46608315,1.35,0.9,1744340,0.95,1622205,8534110
2026-04-13T10:06:53.919,NF,NIFTY13APR2624200CE,0.95,3.7,7.05,0.85,76.7,46608640,1.35,0.9,1830270,0.95,1628965,8534110
2026-04-13T10:06:55.540,NF,NIFTY13APR2624200CE,0.9,3.7,7.05,0.85,76.7,46615335,1.35,0.9,1803100,0.95,1612195,8534110
2026-04-13T10:06:58.937,NF,NIFTY13APR2624200CE,0.9,3.7,7.05,0.85,76.7,46618455,1.35,0.9,1809730,0.95,1620645,8534110
2026-04-13T10:07:00.539,NF,NIFTY13APR2624200CE,0.9,3.7,7.05,0.85,76.7,46625865,1.35,0.9,1719380,0.95,1618630,8534110
2026-04-13T10:07:02.350,NF,NIFTY13APR2624200CE,0.9,3.7,7.05,0.85,76.7,46630935,1.35,0.9,1715025,0.95,1617265,8534110
2026-04-13T10:07:03.948,NF,NIFTY13APR2624200CE,0.9,3.7,7.05,0.85,76.7,46631910,1.35,0.9,1713920,0.95,1617005,8534110
2026-04-13T10:07:05.547,NF,NIFTY13APR2624200CE,0.95,3.7,7.05,0.85,76.7,46632820,1.35,0.9,1745770,0.95,1617525,8534110
2026-04-13T10:07:07.336,NF,NIFTY13APR2624200CE,0.9,3.7,7.05,0.85,76.7,46632885,1.35,0.9,1713855,0.95,1619280,8534110
2026-04-13T10:07:08.942,NF,NIFTY13APR2624200CE,0.95,3.7,7.05,0.85,76.7,46634250,1.35,0.9,1708460,0.95,1621815,8534110
2026-04-13T10:07:10.552,NF,NIFTY13APR2624200CE,0.95,3.7,7.05,0.85,76.7,46651475,1.35,0.9,1790685,0.95,1600170,8534110
2026-04-13T10:07:12.356,NF,NIFTY13APR2624200CE,0.9,3.7,7.05,0.85,76.7,46653750,1.35,0.9,1707225,0.95,1601535,8534110
2026-04-13T10:07:13.958,NF,NIFTY13APR2624200CE,0.9,3.7,7.05,0.85,76.7,46662590,1.35,0.9,1714570,0.95,2025920,8534110
2026-04-13T10:07:15.558,NF,NIFTY13APR2624200CE,0.9,3.7,7.05,0.85,76.7,46666620,1.35,0.9,1712620,0.95,2023905,8534110
2026-04-13T10:07:17.372,NF,NIFTY13APR2624200CE,0.9,3.7,7.05,0.85,76.7,46680660,1.35,0.9,1730300,0.95,2016300,8534110
2026-04-13T10:07:19.033,NF,NIFTY13APR2624200CE,0.95,3.7,7.05,0.85,76.7,46682480,1.35,0.9,1733680,0.95,2016105,8534110
2026-04-13T10:07:20.604,NF,NIFTY13APR2624200CE,0.9,3.7,7.05,0.85,76.7,46699055,1.35,0.9,1839565,0.95,2037815,8534110
2026-04-13T10:07:22.377,NF,NIFTY13APR2624200CE,0.95,3.7,7.05,0.85,76.7,46702565,1.35,0.9,1882530,0.95,2006615,8595210
2026-04-13T10:07:23.968,NF,NIFTY13APR2624200CE,0.9,3.7,7.05,0.85,76.7,46704060,1.35,0.9,1878500,0.95,2033850,8595210
2026-04-13T10:07:25.594,NF,NIFTY13APR2624200CE,0.95,3.7,7.05,0.85,76.7,46710365,1.35,0.9,1875835,0.95,2051140,8595210
2026-04-13T10:07:27.398,NF,NIFTY13APR2624200CE,0.95,3.7,7.05,0.85,76.7,46711730,1.35,0.9,1875055,0.95,2034370,8595210
2026-04-13T10:07:28.980,NF,NIFTY13APR2624200CE,0.9,3.7,7.05,0.85,76.7,46720830,1.35,0.9,1867450,0.95,1749020,8595210
2026-04-13T10:07:30.578,NF,NIFTY13APR2624200CE,0.95,3.7,7.05,0.85,76.7,46727330,1.35,0.9,1886885,0.95,1748760,8595210
2026-04-13T10:07:32.379,NF,NIFTY13APR2624200CE,0.95,3.7,7.05,0.85,76.7,46729345,1.35,0.9,1888705,0.95,1720615,8595210
2026-04-13T10:07:33.980,NF,NIFTY13APR2624200CE,0.95,3.7,7.05,0.85,76.7,46730645,1.35,0.9,1887730,0.95,1719575,8595210
2026-04-13T10:07:35.592,NF,NIFTY13APR2624200CE,0.9,3.7,7.05,0.85,76.7,46732595,1.35,0.9,1887080,0.95,1720160,8595210
2026-04-13T10:07:37.384,NF,NIFTY13APR2624200CE,0.9,3.7,7.05,0.85,76.7,46736170,1.35,0.9,1875965,0.95,1749930,8595210
2026-04-13T10:07:38.792,NF,NIFTY13APR2624200CE,0.9,3.7,7.05,0.85,76.7,46737925,1.35,0.9,1875770,0.95,1743820,8595210
2026-04-13T10:07:40.397,NF,NIFTY13APR2624200CE,0.9,3.7,7.05,0.85,76.7,46744685,1.35,0.9,1878110,0.95,1736150,8595210
2026-04-13T10:07:42.000,NF,NIFTY13APR2624200CE,0.9,3.7,7.05,0.85,76.7,46744880,1.35,0.9,1878825,0.95,1737320,8595210
2026-04-13T10:07:43.793,NF,NIFTY13APR2624200CE,0.9,3.7,7.05,0.85,76.7,46746895,1.35,0.9,1876745,0.95,1738620,8595210
2026-04-13T10:07:45.404,NF,NIFTY13APR2624200CE,0.95,3.7,7.05,0.85,76.7,46754890,1.35,0.9,1904565,0.95,1704495,8595210
2026-04-13T10:07:47.022,NF,NIFTY13APR2624200CE,0.95,3.7,7.05,0.85,76.7,46756840,1.35,0.9,1904175,0.95,1702090,8595210
2026-04-13T10:07:48.649,NF,NIFTY13APR2624200CE,0.9,3.7,7.05,0.85,76.7,46757620,1.35,0.9,1875510,0.95,1745445,8595210
2026-04-13T10:07:50.407,NF,NIFTY13APR2624200CE,0.95,3.7,7.05,0.85,76.7,46763015,1.35,0.9,1900470,0.95,1721460,8595210
2026-04-13T10:07:53.620,NF,NIFTY13APR2624200CE,0.9,3.7,7.05,0.85,76.7,46765030,1.35,0.9,1901575,0.95,1723865,8595210
2026-04-13T10:07:55.418,NF,NIFTY13APR2624200CE,0.95,3.7,7.05,0.85,76.7,46770425,1.35,0.9,1925950,0.95,1692600,8595210
2026-04-13T10:07:57.032,NF,NIFTY13APR2624200CE,0.95,3.7,7.05,0.85,76.7,46773935,1.35,0.9,1926275,0.95,1704495,8595210
2026-04-13T10:07:58.683,NF,NIFTY13APR2624200CE,0.9,3.7,7.05,0.85,76.7,46775755,1.35,0.9,1947140,0.95,1725165,8595210
2026-04-13T10:08:00.251,NF,NIFTY13APR2624200CE,0.9,3.7,7.05,0.85,76.7,46780045,1.35,0.9,1946685,0.95,1722500,8595210
2026-04-13T10:08:02.028,NF,NIFTY13APR2624200CE,0.95,3.7,7.05,0.85,76.7,46781150,1.35,0.9,1945710,0.95,1698775,8595210
2026-04-13T10:08:03.658,NF,NIFTY13APR2624200CE,0.95,3.7,7.05,0.85,76.7,46790705,1.35,0.9,1937520,0.95,1695005,8595210
2026-04-13T10:08:05.255,NF,NIFTY13APR2624200CE,0.95,3.7,7.05,0.85,76.7,46801040,1.35,0.9,1830270,0.95,1760915,8595210
2026-04-13T10:08:07.036,NF,NIFTY13APR2624200CE,0.95,3.7,7.05,0.85,76.7,46801885,1.35,0.9,1908920,0.95,1756885,8595210
2026-04-13T10:08:08.658,NF,NIFTY13APR2624200CE,0.95,3.7,7.05,0.85,76.7,46804940,1.35,0.9,1907165,0.95,1757340,8595210
2026-04-13T10:08:10.242,NF,NIFTY13APR2624200CE,0.95,3.7,7.05,0.85,76.7,46820020,1.35,0.9,1926730,0.95,1752270,8595210
2026-04-13T10:08:12.045,NF,NIFTY13APR2624200CE,0.9,3.7,7.05,0.85,76.7,46828405,1.35,0.9,1926145,0.95,1744015,8595210
2026-04-13T10:08:13.661,NF,NIFTY13APR2624200CE,0.9,3.7,7.05,0.85,76.7,46846605,1.35,0.9,1828905,0.95,1761760,8595210
2026-04-13T10:08:15.246,NF,NIFTY13APR2624200CE,0.95,3.7,7.05,0.85,76.7,46847255,1.35,0.9,1831505,0.95,1761630,8595210
2026-04-13T10:08:17.048,NF,NIFTY13APR2624200CE,0.9,3.7,7.05,0.85,76.7,46850310,1.35,0.9,1830270,0.95,1760005,8595210
2026-04-13T10:08:18.672,NF,NIFTY13APR2624200CE,0.95,3.7,7.05,0.85,76.7,46854860,1.35,0.9,1827735,0.95,1756820,8595210
2026-04-13T10:08:20.256,NF,NIFTY13APR2624200CE,0.95,3.7,7.05,0.85,76.7,46871630,1.35,0.9,1893775,0.95,1654965,8595210
2026-04-13T10:08:22.057,NF,NIFTY13APR2624200CE,0.9,3.7,7.05,0.85,76.7,46877220,1.35,0.9,1828840,0.95,1640405,8595210
2026-04-13T10:08:23.664,NF,NIFTY13APR2624200CE,0.9,3.7,7.05,0.85,76.7,46882030,1.35,0.9,1874470,0.95,1599520,8595210
2026-04-13T10:08:25.262,NF,NIFTY13APR2624200CE,0.95,3.7,7.05,0.85,76.7,46891000,1.35,0.9,1888250,0.95,1292980,8595210
2026-04-13T10:08:26.865,NF,NIFTY13APR2624200CE,0.9,3.7,7.05,0.85,76.7,46895940,1.35,0.9,1904045,0.95,1146665,8595210
2026-04-13T10:08:28.467,NF,NIFTY13APR2624200CE,0.95,3.7,7.05,0.85,76.7,46900425,1.35,0.9,1905410,0.95,1140880,8595210
2026-04-13T10:08:30.078,NF,NIFTY13APR2624200CE,0.95,3.7,7.05,0.85,76.7,46901660,1.35,0.9,1903200,0.95,2133300,8595210
2026-04-13T10:08:31.673,NF,NIFTY13APR2624200CE,0.95,3.7,7.05,0.85,76.7,46906990,1.35,0.9,1913535,0.95,2125760,8595210
2026-04-13T10:08:34.680,NF,NIFTY13APR2624200CE,0.95,3.7,7.05,0.85,76.7,46908485,1.35,0.9,1915875,0.95,2116660,8595210
2026-04-13T10:08:36.283,NF,NIFTY13APR2624200CE,0.95,3.7,7.05,0.85,76.7,46922070,1.35,0.9,1929200,0.95,2103530,8595210
2026-04-13T10:08:37.891,NF,NIFTY13APR2624200CE,0.9,3.7,7.05,0.85,76.7,46939360,1.35,0.9,1955980,0.95,2058745,8595210
2026-04-13T10:08:39.488,NF,NIFTY13APR2624200CE,0.9,3.7,7.05,0.85,76.7,46945080,1.35,0.9,1972360,0.95,2044250,8595210
2026-04-13T10:08:41.308,NF,NIFTY13APR2624200CE,0.95,3.7,7.05,0.85,76.7,46974135,1.35,0.9,1975740,0.95,2044575,8595210
2026-04-13T10:08:42.892,NF,NIFTY13APR2624200CE,0.95,3.7,7.05,0.85,76.7,46974265,1.35,0.9,1973920,0.95,2046005,8595210
2026-04-13T10:08:44.496,NF,NIFTY13APR2624200CE,0.9,3.7,7.05,0.85,76.7,46977060,1.35,0.9,1970085,0.95,2065310,8595210
2026-04-13T10:08:46.298,NF,NIFTY13APR2624200CE,0.9,3.7,7.05,0.85,76.7,46993050,1.35,0.9,1847885,0.95,1786265,8595210
2026-04-13T10:08:47.934,NF,NIFTY13APR2624200CE,0.9,3.7,7.05,0.85,76.7,46994350,1.35,0.9,1862640,0.95,1784120,8595210
2026-04-13T10:08:49.517,NF,NIFTY13APR2624200CE,0.9,3.7,7.05,0.85,76.7,46995455,1.35,0.9,1849185,0.95,1782365,8595210
2026-04-13T10:08:51.322,NF,NIFTY13APR2624200CE,0.9,3.7,7.05,0.85,76.7,47004035,1.35,0.9,1843855,0.95,1794780,8595210
2026-04-13T10:08:52.930,NF,NIFTY13APR2624200CE,0.9,3.7,7.05,0.85,76.7,47006635,1.35,0.9,1842295,0.95,1792635,8595210
2026-04-13T10:08:54.518,NF,NIFTY13APR2624200CE,0.95,3.7,7.05,0.85,76.7,47007805,1.35,0.9,1855035,0.95,1793740,8595210
2026-04-13T10:08:56.142,NF,NIFTY13APR2624200CE,0.9,3.7,7.05,0.85,76.7,47020285,1.35,0.9,1935570,0.95,1768715,8595210
2026-04-13T10:08:57.936,NF,NIFTY13APR2624200CE,0.95,3.7,7.05,0.85,76.7,47021780,1.35,0.9,1932905,0.95,1767870,8595210
2026-04-13T10:08:59.524,NF,NIFTY13APR2624200CE,0.9,3.7,7.05,0.85,76.7,47022300,1.35,0.9,1925235,0.95,1769690,8595210
2026-04-13T10:09:01.128,NF,NIFTY13APR2624200CE,0.95,3.7,7.05,0.85,76.7,47024640,1.35,0.9,1930955,0.95,1766635,8595210
2026-04-13T10:09:02.932,NF,NIFTY13APR2624200CE,0.95,3.7,7.05,0.85,76.7,47029255,1.35,0.9,1931670,0.95,1764230,8595210
2026-04-13T10:09:04.539,NF,NIFTY13APR2624200CE,0.95,3.7,7.05,0.85,76.7,47035495,1.35,0.9,1924975,0.95,1764620,8595210
2026-04-13T10:09:06.150,NF,NIFTY13APR2624200CE,0.95,3.7,7.05,0.85,76.7,47036080,1.35,0.9,1924715,0.95,1764425,8595210
2026-04-13T10:09:07.946,NF,NIFTY13APR2624200CE,0.95,3.7,7.05,0.85,76.7,47036665,1.35,0.9,1937000,0.95,1755520,8595210
2026-04-13T10:09:09.544,NF,NIFTY13APR2624200CE,0.95,3.7,7.05,0.85,76.7,47037380,1.35,0.9,1917825,0.95,1765270,8595210
2026-04-13T10:09:11.148,NF,NIFTY13APR2624200CE,0.9,3.7,7.05,0.85,76.7,47054410,1.35,0.9,1919710,0.95,1742325,8595210
2026-04-13T10:09:12.953,NF,NIFTY13APR2624200CE,0.95,3.7,7.05,0.85,76.7,47055710,1.35,0.9,1926795,0.95,1738620,8595210
2026-04-13T10:09:14.554,NF,NIFTY13APR2624200CE,0.95,3.7,7.05,0.85,76.7,47056815,1.35,0.9,1928030,0.95,1737580,8595210
2026-04-13T10:09:16.152,NF,NIFTY13APR2624200CE,0.95,3.7,7.05,0.85,76.7,47059935,1.35,0.9,1924715,0.95,1709630,8595210
2026-04-13T10:09:17.952,NF,NIFTY13APR2624200CE,0.95,3.7,7.05,0.85,76.7,47061235,1.35,0.9,1921335,0.95,1735240,8595210
2026-04-13T10:09:19.563,NF,NIFTY13APR2624200CE,0.95,3.7,7.05,0.85,76.7,47063900,1.35,0.9,1937910,0.95,1702350,8595210
2026-04-13T10:09:21.191,NF,NIFTY13APR2624200CE,0.95,3.7,7.05,0.85,76.7,47079955,1.35,0.9,1944540,0.95,1686425,8595210
2026-04-13T10:09:22.971,NF,NIFTY13APR2624200CE,0.95,3.7,7.05,0.85,76.7,47082555,1.35,0.9,1929655,0.95,1712555,8595210
2026-04-13T10:09:24.564,NF,NIFTY13APR2624200CE,0.95,3.7,7.05,0.85,76.7,47083270,1.35,0.9,1938885,0.95,1707030,8595210
2026-04-13T10:09:26.179,NF,NIFTY13APR2624200CE,0.95,3.7,7.05,0.85,76.7,47091785,1.35,0.9,1939405,0.95,1676285,8595210
2026-04-13T10:09:27.975,NF,NIFTY13APR2624200CE,0.95,3.7,7.05,0.85,76.7,47096660,1.35,0.9,1938430,0.95,1669980,8595210
2026-04-13T10:09:29.582,NF,NIFTY13APR2624200CE,0.95,3.7,7.05,0.85,76.7,47099065,1.35,0.9,1929785,0.95,1699360,8595210
2026-04-13T10:09:31.182,NF,NIFTY13APR2624200CE,0.9,3.7,7.05,0.85,76.7,47100820,1.35,0.9,1934205,0.95,1695850,8595210
2026-04-13T10:09:32.974,NF,NIFTY13APR2624200CE,0.95,3.7,7.05,0.85,76.7,47103615,1.35,0.9,1934855,0.95,1670175,8595210
2026-04-13T10:09:34.578,NF,NIFTY13APR2624200CE,0.95,3.7,7.05,0.85,76.7,47104135,1.35,0.9,1933555,0.95,1670695,8595210
2026-04-13T10:09:36.189,NF,NIFTY13APR2624200CE,0.95,3.7,7.05,0.85,76.7,47115055,1.35,0.9,1936480,0.95,1661790,8595210
2026-04-13T10:09:37.984,NF,NIFTY13APR2624200CE,0.95,3.7,7.05,0.85,76.7,47116095,1.35,0.9,1939535,0.95,1662310,8595210
2026-04-13T10:09:39.615,NF,NIFTY13APR2624200CE,0.9,3.7,7.05,0.85,76.7,47119605,1.35,0.9,1950390,0.95,1657565,8595210
2026-04-13T10:09:41.387,NF,NIFTY13APR2624200CE,0.95,3.7,7.05,0.85,76.7,47127145,1.35,0.9,1960205,0.95,1651650,8595210
2026-04-13T10:09:42.997,NF,NIFTY13APR2624200CE,0.95,3.7,7.05,0.85,76.7,47129420,1.35,0.9,1941875,0.95,1650090,8595210
2026-04-13T10:09:44.593,NF,NIFTY13APR2624200CE,0.9,3.7,7.05,0.85,76.7,47140925,1.35,0.9,1967355,0.95,1657110,8595210
2026-04-13T10:09:46.202,NF,NIFTY13APR2624200CE,0.95,3.7,7.05,0.85,76.7,47147230,1.35,0.9,2026375,0.95,1651650,8595210
2026-04-13T10:09:47.996,NF,NIFTY13APR2624200CE,0.95,3.7,7.05,0.85,76.7,47148595,1.35,0.9,2040220,0.95,1647685,8595210
2026-04-13T10:09:49.604,NF,NIFTY13APR2624200CE,1.0,3.7,7.05,0.85,76.7,47204105,1.35,0.95,1867905,1.0,1669265,8595210
2026-04-13T10:09:51.200,NF,NIFTY13APR2624200CE,1.0,3.7,7.05,0.85,76.7,47215675,1.35,0.95,1900210,1.0,1634490,8595210
2026-04-13T10:09:52.806,NF,NIFTY13APR2624200CE,1.0,3.7,7.05,0.85,76.7,47216585,1.35,0.95,1901250,1.0,1645800,8595210
2026-04-13T10:09:54.608,NF,NIFTY13APR2624200CE,1.0,3.7,7.05,0.85,76.7,47218405,1.35,0.95,1896895,1.0,1674530,8595210
2026-04-13T10:09:56.220,NF,NIFTY13APR2624200CE,1.0,3.7,7.05,0.85,76.7,47224385,1.35,0.95,1896700,1.0,1656655,8595210
2026-04-13T10:09:57.810,NF,NIFTY13APR2624200CE,1.0,3.7,7.05,0.85,76.7,47225360,1.35,0.95,1895140,1.0,1655745,8595210
2026-04-13T10:09:59.425,NF,NIFTY13APR2624200CE,1.0,3.7,7.05,0.85,76.7,47226465,1.35,0.95,1908595,1.0,1625325,8595210
2026-04-13T10:10:01.219,NF,NIFTY13APR2624200CE,0.95,3.7,7.05,0.85,76.7,47232965,1.35,0.95,1900535,1.0,1661855,8595210
2026-04-13T10:10:02.822,NF,NIFTY13APR2624200CE,0.95,3.7,7.05,0.85,76.7,47244860,1.35,0.95,1883050,1.0,1138345,8595210
2026-04-13T10:10:04.421,NF,NIFTY13APR2624200CE,0.95,3.7,7.05,0.85,76.7,47247070,1.35,0.95,1891175,1.0,1137760,8595210
2026-04-13T10:10:06.036,NF,NIFTY13APR2624200CE,1.0,3.7,7.05,0.85,76.7,47250515,1.35,0.95,1889810,1.0,1136525,8595210
2026-04-13T10:10:07.634,NF,NIFTY13APR2624200CE,0.95,3.7,7.05,0.85,76.7,47255845,1.35,0.95,1784250,1.0,1148875,8595210
2026-04-13T10:10:09.431,NF,NIFTY13APR2624200CE,1.0,3.7,7.05,0.85,76.7,47265465,1.35,0.95,1777490,1.0,1643590,8595210
2026-04-13T10:10:11.083,NF,NIFTY13APR2624200CE,0.95,3.7,7.05,0.85,76.7,47307065,1.35,0.95,1820390,1.0,1768780,8595210
2026-04-13T10:10:12.665,NF,NIFTY13APR2624200CE,1.0,3.7,7.05,0.85,76.7,47315970,1.35,0.95,1812785,1.0,1775605,8595210
2026-04-13T10:10:14.436,NF,NIFTY13APR2624200CE,1.0,3.7,7.05,0.85,76.7,47318245,1.35,0.95,1909700,1.0,1754870,8595210
2026-04-13T10:10:16.067,NF,NIFTY13APR2624200CE,1.0,3.7,7.05,0.85,76.7,47319740,1.35,0.95,1909245,1.0,1752270,8595210
2026-04-13T10:10:17.666,NF,NIFTY13APR2624200CE,0.95,3.7,7.05,0.85,76.7,47327670,1.35,0.95,1900080,1.0,1764035,8595210
2026-04-13T10:10:19.255,NF,NIFTY13APR2624200CE,1.0,3.7,7.05,0.85,76.7,47328320,1.35,0.95,1876225,1.0,1770145,8595210
2026-04-13T10:10:20.855,NF,NIFTY13APR2624200CE,0.95,3.7,7.05,0.85,76.7,47335080,1.35,0.95,1867060,1.0,1755195,8595210
2026-04-13T10:10:22.651,NF,NIFTY13APR2624200CE,1.0,3.7,7.05,0.85,76.7,47336055,1.35,0.95,1873950,1.0,1760200,8808085
2026-04-13T10:10:24.253,NF,NIFTY13APR2624200CE,1.0,3.7,7.05,0.85,76.7,47337225,1.35,0.95,1805505,1.0,1757340,8808085
2026-04-13T10:10:25.933,NF,NIFTY13APR2624200CE,0.95,3.7,7.05,0.85,76.7,47350290,1.35,0.95,1870115,1.0,1707810,8808085
2026-04-13T10:10:27.667,NF,NIFTY13APR2624200CE,0.95,3.7,7.05,0.85,76.7,47392085,1.35,0.95,1833715,1.0,1750645,8808085
2026-04-13T10:10:29.261,NF,NIFTY13APR2624200CE,0.95,3.7,7.05,0.85,76.7,47394945,1.35,0.95,1833650,1.0,1723995,8808085
2026-04-13T10:10:30.865,NF,NIFTY13APR2624200CE,1.0,3.7,7.05,0.85,76.7,47399885,1.35,0.95,1835275,1.0,1439620,8808085
2026-04-13T10:10:32.668,NF,NIFTY13APR2624200CE,0.95,3.7,7.05,0.85,76.7,47402030,1.35,0.95,1817205,1.0,1458275,8808085
2026-04-13T10:10:34.271,NF,NIFTY13APR2624200CE,0.95,3.7,7.05,0.85,76.7,47406450,1.35,0.95,1817400,1.0,1455740,8808085
2026-04-13T10:10:35.871,NF,NIFTY13APR2624200CE,0.95,3.7,7.05,0.85,76.7,47418475,1.35,0.95,1814150,1.0,1450735,8808085
2026-04-13T10:10:37.484,NF,NIFTY13APR2624200CE,1.0,3.7,7.05,0.85,76.7,47427185,1.35,0.95,1739205,1.0,1448135,8808085
2026-04-13T10:10:38.891,NF,NIFTY13APR2624200CE,1.0,3.7,7.05,0.85,76.7,47428095,1.35,0.95,1821235,1.0,1449175,8808085
2026-04-13T10:10:40.677,NF,NIFTY13APR2624200CE,1.0,3.7,7.05,0.85,76.7,47434075,1.35,0.95,1819545,1.0,1443455,8808085
2026-04-13T10:10:42.280,NF,NIFTY13APR2624200CE,1.0,3.7,7.05,0.85,76.7,47434920,1.35,0.95,1832220,1.0,1441115,8808085
2026-04-13T10:10:43.898,NF,NIFTY13APR2624200CE,1.0,3.7,7.05,0.85,76.7,47435635,1.35,0.95,1834235,1.0,1400685,8808085
2026-04-13T10:10:45.497,NF,NIFTY13APR2624200CE,0.95,3.7,7.05,0.85,76.7,47438755,1.35,0.95,1834820,1.0,1396135,8808085
2026-04-13T10:10:47.296,NF,NIFTY13APR2624200CE,1.0,3.7,7.05,0.85,76.7,47439340,1.35,0.95,1821170,1.0,1431170,8808085
2026-04-13T10:10:48.898,NF,NIFTY13APR2624200CE,0.95,3.7,7.05,0.85,76.7,47440120,1.35,0.95,1819740,1.0,1436825,8808085
2026-04-13T10:10:50.495,NF,NIFTY13APR2624200CE,1.0,3.7,7.05,0.85,76.7,47446035,1.35,0.95,1821950,1.0,1432535,8808085
2026-04-13T10:10:52.308,NF,NIFTY13APR2624200CE,1.0,3.7,7.05,0.85,76.7,47447270,1.35,0.95,1825655,1.0,1442415,8808085
2026-04-13T10:10:53.951,NF,NIFTY13APR2624200CE,1.0,3.7,7.05,0.85,76.7,47448700,1.35,0.95,1822795,1.0,1438905,8808085
2026-04-13T10:10:55.510,NF,NIFTY13APR2624200CE,1.0,3.7,7.05,0.85,76.7,47455005,1.35,0.95,1823705,1.0,1430520,8808085
2026-04-13T10:10:57.301,NF,NIFTY13APR2624200CE,0.95,3.7,7.05,0.85,76.7,47459815,1.35,0.95,1817920,1.0,1432795,8808085
2026-04-13T10:10:58.931,NF,NIFTY13APR2624200CE,1.0,3.7,7.05,0.85,76.7,47465210,1.35,0.95,1822405,1.0,1427335,8808085
2026-04-13T10:11:00.507,NF,NIFTY13APR2624200CE,0.95,3.7,7.05,0.85,76.7,47470085,1.35,0.95,1731080,1.0,1431430,8808085
2026-04-13T10:11:02.320,NF,NIFTY13APR2624200CE,1.0,3.7,7.05,0.85,76.7,47480940,1.35,0.95,1838460,1.0,1387815,8808085
2026-04-13T10:11:03.917,NF,NIFTY13APR2624200CE,1.0,3.7,7.05,0.85,76.7,47539960,1.35,0.95,1855230,1.0,1364935,8808085
2026-04-13T10:11:05.546,NF,NIFTY13APR2624200CE,1.0,3.7,7.05,0.85,76.7,47573890,1.35,0.95,1847560,1.0,1017185,8808085
2026-04-13T10:11:07.119,NF,NIFTY13APR2624200CE,0.95,3.7,7.05,0.85,76.7,47581950,1.35,0.95,1835665,1.0,1067950,8808085
2026-04-13T10:11:08.723,NF,NIFTY13APR2624200CE,1.0,3.7,7.05,0.85,76.7,47582340,1.35,0.95,1837615,1.0,1066845,8808085
2026-04-13T10:11:10.523,NF,NIFTY13APR2624200CE,1.0,3.7,7.05,0.85,76.7,47595600,1.35,0.95,1860430,1.0,1010945,8808085
2026-04-13T10:11:12.129,NF,NIFTY13APR2624200CE,1.0,3.7,7.05,0.85,76.7,47601840,1.35,0.95,1866605,1.0,866190,8808085
2026-04-13T10:11:13.732,NF,NIFTY13APR2624200CE,1.0,3.7,7.05,0.85,76.7,47603725,1.35,0.95,1865175,1.0,983970,8808085
2026-04-13T10:11:15.343,NF,NIFTY13APR2624200CE,1.0,3.7,7.05,0.85,76.7,47604180,1.35,0.95,1845155,1.0,1018615,8808085
2026-04-13T10:11:17.134,NF,NIFTY13APR2624200CE,1.0,3.7,7.05,0.85,76.7,47609185,1.35,0.95,1846065,1.0,1016015,8808085
2026-04-13T10:11:18.744,NF,NIFTY13APR2624200CE,1.0,3.7,7.05,0.85,76.7,47611330,1.35,0.95,1853410,1.0,806910,8808085
2026-04-13T10:11:20.341,NF,NIFTY13APR2624200CE,1.0,3.7,7.05,0.85,76.7,47645975,1.35,0.95,1858480,1.0,585975,8808085
2026-04-13T10:11:22.144,NF,NIFTY13APR2624200CE,0.95,3.7,7.05,0.85,76.7,47658650,1.35,0.95,1758510,1.0,881270,8808085
2026-04-13T10:11:23.751,NF,NIFTY13APR2624200CE,0.95,3.7,7.05,0.85,76.7,47660990,1.35,0.95,1748695,1.0,1417845,8808085
2026-04-13T10:11:25.352,NF,NIFTY13APR2624200CE,1.0,3.7,7.05,0.85,76.7,47670740,1.35,0.95,1755000,1.0,1414530,8808085
2026-04-13T10:11:27.153,NF,NIFTY13APR2624200CE,0.95,3.7,7.05,0.85,76.7,47676200,1.35,0.95,1771640,1.0,1414400,8808085
2026-04-13T10:11:28.750,NF,NIFTY13APR2624200CE,1.0,3.7,7.05,0.85,76.7,47676525,1.35,0.95,1845805,1.0,1413165,8808085
2026-04-13T10:11:30.354,NF,NIFTY13APR2624200CE,1.0,3.7,7.05,0.85,76.7,47677760,1.35,0.95,1816620,1.0,1412710,8808085
2026-04-13T10:11:31.963,NF,NIFTY13APR2624200CE,1.0,3.7,7.05,0.85,76.7,47682830,1.35,0.95,1836120,1.0,1409135,8808085
2026-04-13T10:11:33.763,NF,NIFTY13APR2624200CE,1.0,3.7,7.05,0.85,76.7,47684715,1.35,0.95,1844570,1.0,1410955,8808085
2026-04-13T10:11:35.362,NF,NIFTY13APR2624200CE,1.0,3.7,7.05,0.85,76.7,47688030,1.35,0.95,1843010,1.0,1407510,8808085
2026-04-13T10:11:36.964,NF,NIFTY13APR2624200CE,1.0,3.7,7.05,0.85,76.7,47692515,1.35,0.95,1844440,1.0,1404845,8808085
2026-04-13T10:11:38.576,NF,NIFTY13APR2624200CE,1.0,3.7,7.05,0.85,76.7,47693945,1.35,0.95,1845740,1.0,1404390,8808085
2026-04-13T10:11:40.169,NF,NIFTY13APR2624200CE,1.0,3.7,7.05,0.85,76.7,47700965,1.35,0.95,1770535,1.0,1401335,8808085
2026-04-13T10:11:41.971,NF,NIFTY13APR2624200CE,0.95,3.7,7.05,0.85,76.7,47703565,1.35,0.95,1847820,1.0,1403935,8808085
2026-04-13T10:11:43.581,NF,NIFTY13APR2624200CE,1.0,3.7,7.05,0.85,76.7,47704345,1.35,0.95,1857375,1.0,1401595,8808085
2026-04-13T10:11:45.195,NF,NIFTY13APR2624200CE,1.0,3.7,7.05,0.85,76.7,47715655,1.35,0.95,1825005,1.0,1527500,8808085
2026-04-13T10:11:46.978,NF,NIFTY13APR2624200CE,1.0,3.7,7.05,0.85,76.7,47741135,1.35,0.95,1739270,1.0,1903590,8808085
2026-04-13T10:11:48.590,NF,NIFTY13APR2624200CE,1.0,3.7,7.05,0.85,76.7,47741655,1.35,0.95,1828710,1.0,1897415,8808085
2026-04-13T10:11:50.188,NF,NIFTY13APR2624200CE,1.0,3.7,7.05,0.85,76.7,47748350,1.35,0.95,1825915,1.0,1891500,8808085
2026-04-13T10:11:51.790,NF,NIFTY13APR2624200CE,1.0,3.7,7.05,0.85,76.7,47754720,1.34,0.95,1816750,1.0,1896635,8808085
2026-04-13T10:11:53.592,NF,NIFTY13APR2624200CE,0.95,3.7,7.05,0.85,76.7,47760505,1.34,0.95,1820000,1.0,1887665,8808085
2026-04-13T10:11:55.201,NF,NIFTY13APR2624200CE,0.95,3.7,7.05,0.85,76.7,47762455,1.34,0.95,1818570,1.0,1885650,8808085
2026-04-13T10:11:56.802,NF,NIFTY13APR2624200CE,1.0,3.7,7.05,0.85,76.7,47762975,1.34,0.95,1818245,1.0,1886950,8808085
2026-04-13T10:11:58.598,NF,NIFTY13APR2624200CE,1.0,3.7,7.05,0.85,76.7,47766810,1.34,0.95,1800825,1.0,1901445,8808085
2026-04-13T10:12:00.205,NF,NIFTY13APR2624200CE,1.0,3.7,7.05,0.85,76.7,47804575,1.34,0.95,1790490,1.0,1876485,8808085
2026-04-13T10:12:01.815,NF,NIFTY13APR2624200CE,1.0,3.7,7.05,0.85,76.7,47808475,1.34,0.95,1786590,1.0,1878175,8808085
2026-04-13T10:12:03.604,NF,NIFTY13APR2624200CE,1.0,3.7,7.05,0.85,76.7,47810620,1.34,0.95,1786200,1.0,1872130,8808085
2026-04-13T10:12:05.211,NF,NIFTY13APR2624200CE,1.0,3.7,7.05,0.85,76.7,47858070,1.34,0.95,1787045,1.0,1867905,8808085
2026-04-13T10:12:08.611,NF,NIFTY13APR2624200CE,0.95,3.7,7.05,0.85,76.7,47902725,1.34,0.95,1787760,1.0,1802905,8808085
2026-04-13T10:12:10.217,NF,NIFTY13APR2624200CE,1.0,3.7,7.05,0.85,76.7,47910785,1.34,0.95,1785030,1.0,1791855,8808085
2026-04-13T10:12:11.818,NF,NIFTY13APR2624200CE,1.0,3.7,7.05,0.85,76.7,47911435,1.34,0.95,1784315,1.0,1794910,8808085
2026-04-13T10:12:13.620,NF,NIFTY13APR2624200CE,1.0,3.7,7.05,0.85,76.7,47912020,1.34,0.95,1782755,1.0,1803815,8808085
2026-04-13T10:12:15.222,NF,NIFTY13APR2624200CE,0.95,3.7,7.05,0.85,76.7,47914945,1.34,0.95,1780740,1.0,1805635,8808085
2026-04-13T10:12:16.827,NF,NIFTY13APR2624200CE,0.95,3.7,7.05,0.85,76.7,47917870,1.34,0.95,1697150,1.0,1812850,8808085
2026-04-13T10:12:18.671,NF,NIFTY13APR2624200CE,0.95,3.7,7.05,0.85,76.7,47919820,1.34,0.95,1779830,1.0,1810055,8808085
2026-04-13T10:12:20.241,NF,NIFTY13APR2624200CE,1.0,3.7,7.05,0.85,76.7,47922550,1.34,0.95,1778595,1.0,1807325,8808085
2026-04-13T10:12:21.834,NF,NIFTY13APR2624200CE,1.0,3.7,7.05,0.85,76.7,47922940,1.34,0.95,1780350,1.0,1807910,8808085
2026-04-13T10:12:23.643,NF,NIFTY13APR2624200CE,0.95,3.7,7.05,0.85,76.7,47923720,1.34,0.95,1779570,1.0,1810120,8808085
2026-04-13T10:12:25.237,NF,NIFTY13APR2624200CE,1.0,3.7,7.05,0.85,76.7,47928790,1.34,0.95,1780415,1.0,1656590,8808085
2026-04-13T10:12:26.846,NF,NIFTY13APR2624200CE,1.0,3.7,7.05,0.85,76.7,47936135,1.34,0.95,1780480,1.0,1755325,8808085
2026-04-13T10:12:28.454,NF,NIFTY13APR2624200CE,0.95,3.7,7.05,0.85,76.7,47948485,1.34,0.95,1771185,1.0,1771445,8808085
2026-04-13T10:12:30.245,NF,NIFTY13APR2624200CE,1.0,3.7,7.05,0.85,76.7,47960575,1.34,0.95,1758640,1.0,1748955,8808085
2026-04-13T10:12:31.847,NF,NIFTY13APR2624200CE,0.95,3.7,7.05,0.85,76.7,47987030,1.34,0.95,1735630,1.0,1759095,8808085
2026-04-13T10:12:33.451,NF,NIFTY13APR2624200CE,0.95,3.7,7.05,0.85,76.7,47997690,1.34,0.95,1733420,1.0,1752465,8808085
2026-04-13T10:12:35.252,NF,NIFTY13APR2624200CE,1.0,3.7,7.05,0.85,76.7,48142575,1.34,0.95,1152255,1.0,1764100,8808085
2026-04-13T10:12:36.854,NF,NIFTY13APR2624200CE,1.0,3.7,7.05,0.85,76.7,48152455,1.34,0.95,1437215,1.0,1748240,8808085
2026-04-13T10:12:38.264,NF,NIFTY13APR2624200CE,0.95,3.7,7.05,0.85,76.7,48167860,1.34,0.95,1228955,1.0,1754090,8808085
2026-04-13T10:12:40.061,NF,NIFTY13APR2624200CE,0.95,3.7,7.05,0.85,76.7,48170590,1.34,0.95,1224665,1.0,1751425,8808085
2026-04-13T10:12:41.662,NF,NIFTY13APR2624200CE,0.95,3.7,7.05,0.85,76.7,48176115,1.34,0.95,1219140,1.0,1748955,8808085
2026-04-13T10:12:43.276,NF,NIFTY13APR2624200CE,1.0,3.7,7.05,0.85,76.7,48176830,1.34,0.95,1304680,1.0,1721980,8808085
2026-04-13T10:12:45.068,NF,NIFTY13APR2624200CE,1.0,3.7,7.05,0.85,76.7,48177545,1.34,0.95,1313650,1.0,1733095,8808085
2026-04-13T10:12:46.672,NF,NIFTY13APR2624200CE,0.95,3.7,7.05,0.85,76.7,48179170,1.34,0.95,1298180,1.0,1747915,8808085
2026-04-13T10:12:48.278,NF,NIFTY13APR2624200CE,0.95,3.7,7.05,0.85,76.7,48181575,1.34,0.95,1441635,1.0,1742780,8808085
2026-04-13T10:12:49.888,NF,NIFTY13APR2624200CE,1.0,3.7,7.05,0.85,76.7,48182680,1.34,0.95,1383720,1.0,1742390,8808085
2026-04-13T10:12:51.687,NF,NIFTY13APR2624200CE,1.0,3.7,7.05,0.85,76.7,48183980,1.34,0.95,1466400,1.0,1742195,8808085
2026-04-13T10:12:53.284,NF,NIFTY13APR2624200CE,1.0,3.7,7.05,0.85,76.7,48184370,1.34,0.95,1466530,1.0,1740050,8808085
2026-04-13T10:12:54.888,NF,NIFTY13APR2624200CE,0.95,3.7,7.05,0.85,76.7,48185280,1.34,0.95,1453920,1.0,1741935,8808085
2026-04-13T10:12:58.293,NF,NIFTY13APR2624200CE,1.0,3.7,7.05,0.85,76.7,48192495,1.34,0.95,1541605,1.0,1760915,8808085
2026-04-13T10:12:59.905,NF,NIFTY13APR2624200CE,1.0,3.7,7.05,0.85,76.7,48193925,1.34,0.95,1544075,1.0,1740895,8808085
2026-04-13T10:13:01.513,NF,NIFTY13APR2624200CE,1.0,3.7,7.05,0.85,76.7,48244170,1.34,0.95,1547715,1.0,1672710,8808085
2026-04-13T10:13:03.297,NF,NIFTY13APR2624200CE,1.0,3.7,7.05,0.85,76.7,48292400,1.34,0.95,1445990,1.0,1615250,8808085
2026-04-13T10:13:04.902,NF,NIFTY13APR2624200CE,0.95,3.7,7.05,0.85,76.7,48296950,1.34,0.95,1432470,1.0,1646775,8808085
2026-04-13T10:13:06.511,NF,NIFTY13APR2624200CE,1.0,3.7,7.05,0.85,76.7,48297535,1.34,0.95,1436305,1.0,1652885,8808085
2026-04-13T10:13:08.304,NF,NIFTY13APR2624200CE,0.95,3.7,7.05,0.85,76.7,48298640,1.34,0.95,1439750,1.0,1635660,8808085
2026-04-13T10:13:09.919,NF,NIFTY13APR2624200CE,0.95,3.7,7.05,0.85,76.7,48324640,1.34,0.95,1443975,1.0,1602705,8808085
2026-04-13T10:13:11.512,NF,NIFTY13APR2624200CE,0.95,3.7,7.05,0.85,76.7,48328540,1.34,0.95,1430650,1.0,1621425,8808085
2026-04-13T10:13:13.313,NF,NIFTY13APR2624200CE,1.0,3.7,7.05,0.85,76.7,48335820,1.34,0.95,1424540,1.0,1621555,8808085
2026-04-13T10:13:14.915,NF,NIFTY13APR2624200CE,0.95,3.7,7.05,0.85,76.7,48344920,1.34,0.95,1339780,1.0,1532245,8808085
2026-04-13T10:13:16.518,NF,NIFTY13APR2624200CE,0.95,3.7,7.05,0.85,76.7,48348755,1.34,0.95,1337115,1.0,1328210,8808085
2026-04-13T10:13:18.323,NF,NIFTY13APR2624200CE,0.95,3.7,7.05,0.85,76.7,48350770,1.34,0.95,1340950,1.0,1293435,8808085
2026-04-13T10:13:19.923,NF,NIFTY13APR2624200CE,0.95,3.7,7.05,0.85,76.7,48351485,1.34,0.95,1351935,1.0,1289470,8808085
2026-04-13T10:13:21.530,NF,NIFTY13APR2624200CE,1.0,3.7,7.05,0.85,76.7,48360130,1.34,0.95,1455155,1.0,1600885,8808085
2026-04-13T10:13:23.213,NF,NIFTY13APR2624200CE,1.0,3.7,7.05,0.85,76.7,48364680,1.34,0.95,1461395,1.0,1276990,8947380
2026-04-13T10:13:24.932,NF,NIFTY13APR2624200CE,1.0,3.7,7.05,0.85,76.7,48385220,1.34,0.95,1471795,1.0,1145300,8947380
2026-04-13T10:13:26.549,NF,NIFTY13APR2624200CE,0.95,3.7,7.05,0.85,76.7,48389055,1.34,0.95,1464190,1.0,1158820,8947380
2026-04-13T10:13:28.139,NF,NIFTY13APR2624200CE,1.0,3.7,7.05,0.85,76.7,48393085,1.34,0.95,1473680,1.0,1159015,8947380
2026-04-13T10:13:29.953,NF,NIFTY13APR2624200CE,1.0,3.7,7.05,0.85,76.7,48398740,1.34,0.95,1475110,1.0,1153425,8947380
2026-04-13T10:13:31.546,NF,NIFTY13APR2624200CE,1.0,3.7,7.05,0.85,76.7,48407645,1.34,0.95,1475370,1.0,1134445,8947380
2026-04-13T10:13:33.152,NF,NIFTY13APR2624200CE,1.0,3.7,7.05,0.85,76.7,48415250,1.34,0.95,1389895,1.0,1146990,8947380
2026-04-13T10:13:34.961,NF,NIFTY13APR2624200CE,0.95,3.7,7.05,0.85,76.7,48419670,1.34,0.95,1384695,1.0,1143350,8947380
2026-04-13T10:13:36.556,NF,NIFTY13APR2624200CE,1.0,3.7,7.05,0.85,76.7,48428965,1.34,0.95,1391585,1.0,1146600,8947380
2026-04-13T10:13:38.356,NF,NIFTY13APR2624200CE,1.0,3.7,7.05,0.85,76.7,48440470,1.34,0.95,1391650,1.0,1134835,8947380
2026-04-13T10:13:39.964,NF,NIFTY13APR2624200CE,0.95,3.7,7.05,0.85,76.7,48454055,1.34,0.95,1385020,1.0,1118845,8947380
2026-04-13T10:13:41.758,NF,NIFTY13APR2624200CE,0.95,3.7,7.05,0.85,76.7,48472905,1.34,0.95,1401595,1.0,1094210,8947380
2026-04-13T10:13:43.362,NF,NIFTY13APR2624200CE,0.95,3.7,7.05,0.85,76.7,48477910,1.34,0.95,1411670,1.0,1090505,8947380
2026-04-13T10:13:44.964,NF,NIFTY13APR2624200CE,0.95,3.7,7.05,0.85,76.7,48493705,1.34,0.95,1395615,1.0,1099995,8947380
2026-04-13T10:13:46.774,NF,NIFTY13APR2624200CE,1.0,3.7,7.05,0.85,76.7,48502285,1.34,0.95,1409330,1.0,1095315,8947380
2026-04-13T10:13:48.373,NF,NIFTY13APR2624200CE,0.95,3.7,7.05,0.85,76.7,48515350,1.34,0.95,1371890,1.0,1490320,8947380
2026-04-13T10:13:49.975,NF,NIFTY13APR2624200CE,0.95,3.7,7.05,0.85,76.7,48522045,1.34,0.95,1345175,1.0,1490580,8947380
2026-04-13T10:13:51.786,NF,NIFTY13APR2624200CE,1.0,3.7,7.05,0.85,76.7,48535110,1.34,0.95,1351220,1.0,1456260,8947380
2026-04-13T10:13:53.396,NF,NIFTY13APR2624200CE,0.95,3.7,7.05,0.85,76.7,48537255,1.34,0.95,1356615,1.0,1457885,8947380
2026-04-13T10:13:54.983,NF,NIFTY13APR2624200CE,0.95,3.7,7.05,0.85,76.7,48541415,1.34,0.95,1346280,1.0,1482390,8947380
2026-04-13T10:13:56.784,NF,NIFTY13APR2624200CE,0.95,3.7,7.05,0.85,76.7,48544795,1.34,0.95,1336465,1.0,1492920,8947380
2026-04-13T10:13:58.406,NF,NIFTY13APR2624200CE,0.95,3.7,7.05,0.85,76.7,48547460,1.34,0.95,1438905,1.0,1705925,8947380
2026-04-13T10:14:00.007,NF,NIFTY13APR2624200CE,1.0,3.7,7.05,0.85,76.7,48556690,1.34,0.95,1430065,1.0,1706640,8947380
2026-04-13T10:14:01.818,NF,NIFTY13APR2624200CE,1.0,3.7,7.05,0.85,76.7,48561305,1.34,0.95,1425840,1.0,1705405,8947380
2026-04-13T10:14:03.413,NF,NIFTY13APR2624200CE,0.95,3.7,7.05,0.85,76.7,48570210,1.34,0.95,1473290,1.0,1744210,8947380
2026-04-13T10:14:05.013,NF,NIFTY13APR2624200CE,1.0,3.7,7.05,0.85,76.7,48574240,1.34,0.95,1474525,1.0,1734525,8947380
2026-04-13T10:14:06.819,NF,NIFTY13APR2624200CE,0.95,3.7,7.05,0.85,76.7,48578725,1.34,0.95,1470820,1.0,1730040,8947380
2026-04-13T10:14:08.413,NF,NIFTY13APR2624200CE,0.95,3.7,7.05,0.85,76.7,48583990,1.34,0.95,1475630,1.0,1729975,8947380
2026-04-13T10:14:10.278,NF,NIFTY13APR2624200CE,0.95,3.7,7.05,0.85,76.7,48591725,1.34,0.95,1475955,1.0,1680185,8947380
2026-04-13T10:14:11.811,NF,NIFTY13APR2624200CE,1.0,3.7,7.05,0.85,76.7,48599265,1.34,0.95,1479075,1.0,1674075,8947380
2026-04-13T10:14:13.422,NF,NIFTY13APR2624200CE,0.95,3.7,7.05,0.85,76.7,48613110,1.34,0.95,1472250,1.0,1668420,8947380
2026-04-13T10:14:15.029,NF,NIFTY13APR2624200CE,0.95,3.7,7.05,0.85,76.7,48643530,1.34,0.95,1446640,1.0,1715285,8947380
2026-04-13T10:14:16.834,NF,NIFTY13APR2624200CE,1.0,3.7,7.05,0.85,76.7,48662315,1.34,0.95,1387425,1.0,1705340,8947380
2026-04-13T10:14:18.438,NF,NIFTY13APR2624200CE,0.95,3.7,7.05,0.85,76.7,48684480,1.34,0.95,1365000,1.0,1739075,8947380
2026-04-13T10:14:20.034,NF,NIFTY13APR2624200CE,0.95,3.7,7.05,0.85,76.7,48702875,1.34,0.95,1405365,1.0,1739530,8947380
2026-04-13T10:14:21.834,NF,NIFTY13APR2624200CE,0.95,3.7,7.05,0.85,76.7,48731280,1.34,0.95,1417260,1.0,1740180,8947380
2026-04-13T10:14:23.455,NF,NIFTY13APR2624200CE,1.0,3.7,7.05,0.85,76.7,48742395,1.34,0.95,1405040,1.0,1738945,8947380
2026-04-13T10:14:25.042,NF,NIFTY13APR2624200CE,1.0,3.7,7.05,0.85,76.7,48767030,1.34,0.95,1420640,1.0,1743170,8947380
2026-04-13T10:14:26.837,NF,NIFTY13APR2624200CE,1.0,3.7,7.05,0.85,76.7,48772295,1.34,0.95,1400880,1.0,1739530,8947380
2026-04-13T10:14:28.445,NF,NIFTY13APR2624200CE,1.0,3.7,7.05,0.85,76.7,48776975,1.34,0.95,1396590,1.0,1738295,8947380
2026-04-13T10:14:30.045,NF,NIFTY13APR2624200CE,0.95,3.7,7.05,0.85,76.7,48793355,1.34,0.95,1400815,1.0,1742455,8947380
2026-04-13T10:14:31.860,NF,NIFTY13APR2624200CE,1.0,3.7,7.05,0.85,76.7,48848865,1.34,0.95,1432730,1.0,1706510,8947380
2026-04-13T10:14:33.467,NF,NIFTY13APR2624200CE,1.0,3.7,7.05,0.85,76.7,48859265,1.34,0.95,1431820,1.0,1700855,8947380
2026-04-13T10:14:35.058,NF,NIFTY13APR2624200CE,1.0,3.7,7.05,0.85,76.7,48880845,1.34,0.95,1424215,1.0,1702090,8947380
2026-04-13T10:14:36.882,NF,NIFTY13APR2624200CE,1.0,3.7,7.05,0.85,76.7,48889035,1.34,0.95,1430260,1.0,1698255,8947380
2026-04-13T10:14:38.686,NF,NIFTY13APR2624200CE,1.0,3.7,7.05,0.85,76.7,48889425,1.34,0.95,1428570,1.0,1699230,8947380
2026-04-13T10:14:40.258,NF,NIFTY13APR2624200CE,1.0,3.7,7.05,0.85,76.7,48895340,1.34,0.95,1425840,1.0,1703455,8947380
2026-04-13T10:14:41.887,NF,NIFTY13APR2624200CE,1.0,3.7,7.05,0.85,76.7,48897745,1.34,0.95,1425320,1.0,1703780,8947380
2026-04-13T10:14:43.671,NF,NIFTY13APR2624200CE,1.0,3.7,7.05,0.85,76.7,48899435,1.34,0.95,1426230,1.0,1708785,8947380
2026-04-13T10:14:45.268,NF,NIFTY13APR2624200CE,1.0,3.7,7.05,0.85,76.7,48900410,1.34,0.95,1426035,1.0,1708330,8947380
2026-04-13T10:14:46.884,NF,NIFTY13APR2624200CE,1.0,3.7,7.05,0.85,76.7,48901970,1.34,0.95,1414985,1.0,1706510,8947380
2026-04-13T10:14:48.690,NF,NIFTY13APR2624200CE,1.0,3.7,7.05,0.85,76.7,48911720,1.34,0.95,1418235,1.0,1685320,8947380
2026-04-13T10:14:50.275,NF,NIFTY13APR2624200CE,1.0,3.7,7.05,0.85,76.7,48916205,1.34,0.95,1412840,1.0,1681485,8947380
2026-04-13T10:14:51.887,NF,NIFTY13APR2624200CE,1.0,3.7,7.05,0.85,76.7,48917765,1.34,0.95,1421550,1.0,1673555,8947380
2026-04-13T10:14:53.684,NF,NIFTY13APR2624200CE,1.0,3.7,7.05,0.85,76.7,48917960,1.34,0.95,1421485,1.0,1673490,8947380
2026-04-13T10:14:55.287,NF,NIFTY13APR2624200CE,1.0,3.7,7.05,0.85,76.7,48926865,1.34,0.95,1420250,1.0,1662700,8947380
2026-04-13T10:14:56.890,NF,NIFTY13APR2624200CE,1.0,3.7,7.05,0.85,76.7,48944220,1.34,0.95,1393600,1.0,1680120,8947380
2026-04-13T10:14:58.693,NF,NIFTY13APR2624200CE,1.0,3.7,7.05,0.85,76.7,48945260,1.34,0.95,1407575,1.0,1678820,8947380
2026-04-13T10:15:00.319,NF,NIFTY13APR2624200CE,1.0,3.7,7.05,0.85,76.7,48954100,1.34,0.95,1389050,1.0,1682395,8947380
2026-04-13T10:15:01.936,NF,NIFTY13APR2624200CE,0.95,3.7,7.05,0.85,76.7,48958455,1.34,0.95,1386385,1.0,1681030,8947380
2026-04-13T10:15:03.708,NF,NIFTY13APR2624200CE,1.0,3.7,7.05,0.85,76.7,48967620,1.34,0.95,1378065,1.0,1678820,8947380
2026-04-13T10:15:05.298,NF,NIFTY13APR2624200CE,1.0,3.7,7.05,0.85,76.7,48969050,1.34,0.95,1380730,1.0,1677000,8947380
2026-04-13T10:15:06.908,NF,NIFTY13APR2624200CE,0.95,3.7,7.05,0.85,76.7,48972495,1.34,0.95,1376570,1.0,1680055,8947380
2026-04-13T10:15:08.711,NF,NIFTY13APR2624200CE,1.0,3.7,7.05,0.85,76.7,48977630,1.34,0.95,1375920,1.0,1674205,8947380
2026-04-13T10:15:10.314,NF,NIFTY13APR2624200CE,1.0,3.7,7.05,0.85,76.7,48979645,1.34,0.95,1397565,1.0,1674010,8947380
2026-04-13T10:15:11.917,NF,NIFTY13APR2624200CE,1.0,3.7,7.05,0.85,76.7,48981790,1.34,0.95,1397500,1.0,1671410,8947380
2026-04-13T10:15:13.728,NF,NIFTY13APR2624200CE,0.95,3.7,7.05,0.85,76.7,48996090,1.34,0.95,1385150,1.0,1676870,8947380
2026-04-13T10:15:15.318,NF,NIFTY13APR2624200CE,1.0,3.7,7.05,0.85,76.7,48999600,1.34,0.95,1390090,1.0,1677325,8947380
2026-04-13T10:15:16.923,NF,NIFTY13APR2624200CE,0.95,3.7,7.05,0.85,76.7,49006880,1.34,0.95,1388595,1.0,1684215,8947380
2026-04-13T10:15:18.730,NF,NIFTY13APR2624200CE,1.0,3.7,7.05,0.85,76.7,49016630,1.34,0.95,1398995,1.0,1677390,8947380
2026-04-13T10:15:20.342,NF,NIFTY13APR2624200CE,1.0,3.7,7.05,0.85,76.7,49026835,1.34,0.95,1382160,1.0,1689025,8947380
2026-04-13T10:15:21.934,NF,NIFTY13APR2624200CE,1.0,3.7,7.05,0.85,76.7,49031190,1.34,0.95,1396005,1.0,1690520,8947380
2026-04-13T10:15:23.724,NF,NIFTY13APR2624200CE,0.95,3.7,7.05,0.85,76.7,49038535,1.34,0.95,1385150,1.0,1703845,8947380
2026-04-13T10:15:25.338,NF,NIFTY13APR2624200CE,0.95,3.7,7.05,0.85,76.7,49046725,1.34,0.95,1379040,1.0,1707940,8947380
2026-04-13T10:15:26.966,NF,NIFTY13APR2624200CE,0.95,3.7,7.05,0.85,76.7,49244455,1.33,0.9,1801410,0.95,1158560,8947380
2026-04-13T10:15:28.730,NF,NIFTY13APR2624200CE,0.9,3.7,7.05,0.85,76.7,49246210,1.33,0.9,1800305,0.95,1211730,8947380
2026-04-13T10:15:30.337,NF,NIFTY13APR2624200CE,0.95,3.7,7.05,0.85,76.7,49251605,1.33,0.9,1799785,0.95,1263340,8947380
2026-04-13T10:15:31.935,NF,NIFTY13APR2624200CE,0.95,3.7,7.05,0.85,76.7,49254790,1.33,0.9,1797835,0.95,1315470,8947380
2026-04-13T10:15:33.750,NF,NIFTY13APR2624200CE,0.95,3.7,7.05,0.85,76.7,49258885,1.33,0.9,1794065,0.95,1310790,8947380
2026-04-13T10:15:35.340,NF,NIFTY13APR2624200CE,0.9,3.7,7.05,0.85,76.7,49261810,1.33,0.9,1794000,0.95,1365130,8947380
2026-04-13T10:15:36.944,NF,NIFTY13APR2624200CE,0.9,3.7,7.05,0.85,76.7,49265515,1.33,0.9,1790555,0.95,1364545,8947380
2026-04-13T10:15:38.352,NF,NIFTY13APR2624200CE,0.95,3.7,7.05,0.85,76.7,49274160,1.33,0.9,1787955,0.95,1359865,8947380
2026-04-13T10:15:39.954,NF,NIFTY13APR2624200CE,0.95,3.7,7.05,0.85,76.7,49279035,1.33,0.9,1784575,0.95,1358955,8947380
2026-04-13T10:15:41.773,NF,NIFTY13APR2624200CE,0.95,3.7,7.05,0.85,76.7,49281830,1.33,0.9,1781325,0.95,1363440,8947380
2026-04-13T10:15:43.362,NF,NIFTY13APR2624200CE,0.95,3.7,7.05,0.85,76.7,49285080,1.33,0.9,1782755,0.95,1361425,8947380
2026-04-13T10:15:44.976,NF,NIFTY13APR2624200CE,0.95,3.7,7.05,0.85,76.7,49288850,1.33,0.9,1728870,0.95,1358695,8947380
2026-04-13T10:15:46.767,NF,NIFTY13APR2624200CE,0.95,3.7,7.05,0.85,76.7,49297430,1.33,0.9,1726660,0.95,1348425,8947380
2026-04-13T10:15:48.386,NF,NIFTY13APR2624200CE,0.95,3.7,7.05,0.85,76.7,49303410,1.33,0.9,1717365,0.95,1349920,8947380
2026-04-13T10:15:49.988,NF,NIFTY13APR2624200CE,0.95,3.7,7.05,0.85,76.7,49309975,1.33,0.9,1719835,0.95,1349790,8947380
2026-04-13T10:15:51.763,NF,NIFTY13APR2624200CE,0.95,3.7,7.05,0.85,76.7,49313875,1.33,0.9,1715220,0.95,1349270,8947380
2026-04-13T10:15:53.370,NF,NIFTY13APR2624200CE,0.95,3.7,7.05,0.85,76.7,49320310,1.33,0.9,1707095,0.95,1347645,8947380
2026-04-13T10:15:54.978,NF,NIFTY13APR2624200CE,0.95,3.7,7.05,0.85,76.7,49322390,1.33,0.9,1707420,0.95,1350310,8947380
2026-04-13T10:15:56.770,NF,NIFTY13APR2624200CE,0.95,3.7,7.05,0.85,76.7,49325965,1.33,0.9,1704235,0.95,1347450,8947380
2026-04-13T10:15:58.373,NF,NIFTY13APR2624200CE,0.95,3.7,7.05,0.85,76.7,49329280,1.33,0.9,1701310,0.95,1345630,8947380
2026-04-13T10:15:59.979,NF,NIFTY13APR2624200CE,0.95,3.7,7.05,0.85,76.7,49334480,1.33,0.9,1699230,0.95,1343745,8947380
2026-04-13T10:16:01.775,NF,NIFTY13APR2624200CE,0.9,3.7,7.05,0.85,76.7,49353135,1.33,0.9,1695200,0.95,1331070,8947380
2026-04-13T10:16:03.388,NF,NIFTY13APR2624200CE,0.9,3.7,7.05,0.85,76.7,49357295,1.33,0.9,1688375,0.95,1328665,8947380
2026-04-13T10:16:04.997,NF,NIFTY13APR2624200CE,0.95,3.7,7.05,0.85,76.7,49370165,1.33,0.9,1686815,0.95,1321840,8947380
2026-04-13T10:16:06.781,NF,NIFTY13APR2624200CE,0.9,3.7,7.05,0.85,76.7,49372765,1.33,0.9,1686360,0.95,1327235,8947380
2026-04-13T10:16:08.388,NF,NIFTY13APR2624200CE,0.9,3.7,7.05,0.85,76.7,49375625,1.33,0.9,1679990,0.95,1328145,8947380
2026-04-13T10:16:09.989,NF,NIFTY13APR2624200CE,0.9,3.7,7.05,0.85,76.7,49378745,1.33,0.9,1678365,0.95,1327950,8947380
2026-04-13T10:16:11.790,NF,NIFTY13APR2624200CE,0.95,3.7,7.05,0.85,76.7,49380370,1.33,0.9,1677650,0.95,1328405,8947380
2026-04-13T10:16:13.398,NF,NIFTY13APR2624200CE,0.9,3.7,7.05,0.85,76.7,49381865,1.33,0.9,1677195,0.95,1327560,8947380
2026-04-13T10:16:15.002,NF,NIFTY13APR2624200CE,0.9,3.7,7.05,0.85,76.7,49383100,1.33,0.9,1669330,0.95,1330095,8947380
2026-04-13T10:16:16.811,NF,NIFTY13APR2624200CE,0.95,3.7,7.05,0.85,76.7,49386870,1.33,0.9,1670435,0.95,1328145,8947380
2026-04-13T10:16:18.445,NF,NIFTY13APR2624200CE,0.95,3.7,7.05,0.85,76.7,49389925,1.33,0.9,1673750,0.95,1319435,8947380
2026-04-13T10:16:20.007,NF,NIFTY13APR2624200CE,0.9,3.7,7.05,0.85,76.7,49473515,1.33,0.9,1674140,0.95,1163630,8947380
2026-04-13T10:16:21.625,NF,NIFTY13APR2624200CE,0.95,3.7,7.05,0.85,76.7,49475205,1.33,0.9,1668225,0.95,1170455,8947380
2026-04-13T10:16:23.414,NF,NIFTY13APR2624200CE,0.95,3.7,7.05,0.85,76.7,49479170,1.33,0.9,1664585,0.95,1219855,8954465
2026-04-13T10:16:25.015,NF,NIFTY13APR2624200CE,0.9,3.7,7.05,0.85,76.7,49482550,1.33,0.9,1645605,0.95,1232465,8954465
2026-04-13T10:16:26.638,NF,NIFTY13APR2624200CE,0.9,3.7,7.05,0.85,76.7,49501855,1.33,0.9,1651975,0.95,1226030,8954465
2026-04-13T10:16:28.441,NF,NIFTY13APR2624200CE,0.95,3.7,7.05,0.85,76.7,49507380,1.33,0.9,1660555,0.95,1273350,8954465
2026-04-13T10:16:30.030,NF,NIFTY13APR2624200CE,0.9,3.7,7.05,0.85,76.7,49507835,1.33,0.9,1654770,0.95,1282190,8954465
2026-04-13T10:16:31.701,NF,NIFTY13APR2624200CE,0.9,3.7,7.05,0.85,76.7,49508615,1.33,0.9,1655810,0.95,1286350,8954465
2026-04-13T10:16:33.452,NF,NIFTY13APR2624200CE,0.95,3.7,7.05,0.85,76.7,49509005,1.33,0.9,1652755,0.95,1282775,8954465
2026-04-13T10:16:36.651,NF,NIFTY13APR2624200CE,0.9,3.7,7.05,0.85,76.7,49509720,1.33,0.9,1657955,0.95,1284400,8954465
2026-04-13T10:16:38.453,NF,NIFTY13APR2624200CE,0.9,3.7,7.05,0.85,76.7,49510435,1.33,0.9,1659125,0.95,1283750,8954465
2026-04-13T10:16:40.064,NF,NIFTY13APR2624200CE,0.9,3.7,7.05,0.85,76.7,49510500,1.33,0.9,1659320,0.95,1284140,8954465
2026-04-13T10:16:41.843,NF,NIFTY13APR2624200CE,0.9,3.7,7.05,0.85,76.7,49510565,1.33,0.9,1659515,0.95,1282710,8954465
2026-04-13T10:16:43.459,NF,NIFTY13APR2624200CE,0.95,3.7,7.05,0.85,76.7,49511475,1.33,0.9,1659450,0.95,1287065,8954465
2026-04-13T10:16:45.052,NF,NIFTY13APR2624200CE,0.95,3.7,7.05,0.85,76.7,49516220,1.33,0.9,1643330,0.95,1344460,8954465
2026-04-13T10:16:46.850,NF,NIFTY13APR2624200CE,0.9,3.7,7.05,0.85,76.7,49520250,1.33,0.9,1640665,0.95,1344265,8954465
2026-04-13T10:16:48.508,NF,NIFTY13APR2624200CE,0.9,3.7,7.05,0.85,76.7,49520640,1.33,0.9,1640600,0.95,1343615,8954465
2026-04-13T10:16:50.057,NF,NIFTY13APR2624200CE,0.9,3.7,7.05,0.85,76.7,49520900,1.33,0.9,1637415,0.95,1343420,8954465
2026-04-13T10:16:51.884,NF,NIFTY13APR2624200CE,0.95,3.7,7.05,0.85,76.7,49521160,1.33,0.9,1636180,0.95,1344720,8954465
2026-04-13T10:16:53.541,NF,NIFTY13APR2624200CE,0.9,3.7,7.05,0.85,76.7,49522330,1.33,0.9,1624935,0.95,1351480,8954465
2026-04-13T10:16:55.088,NF,NIFTY13APR2624200CE,0.95,3.7,7.05,0.85,76.7,49523175,1.33,0.9,1627925,0.95,1353560,8954465
2026-04-13T10:16:56.671,NF,NIFTY13APR2624200CE,0.95,3.7,7.05,0.85,76.7,49531430,1.33,0.9,1632605,0.95,1360515,8954465
2026-04-13T10:16:58.285,NF,NIFTY13APR2624200CE,0.95,3.7,7.05,0.85,76.7,49566595,1.33,0.9,1622140,0.95,1378065,8954465
2026-04-13T10:17:00.084,NF,NIFTY13APR2624200CE,0.9,3.7,7.05,0.85,76.7,49571145,1.33,0.9,1613820,0.95,1375335,8954465
2026-04-13T10:17:01.678,NF,NIFTY13APR2624200CE,0.95,3.7,7.05,0.85,76.7,49572965,1.33,0.9,1614730,0.95,1376700,8954465
2026-04-13T10:17:03.275,NF,NIFTY13APR2624200CE,0.95,3.7,7.05,0.85,76.7,49801245,1.33,0.9,1663805,0.95,1343875,8954465
2026-04-13T10:17:04.886,NF,NIFTY13APR2624200CE,0.95,3.7,7.05,0.85,76.7,49805340,1.33,0.9,1663155,0.95,1346085,8954465
2026-04-13T10:17:06.486,NF,NIFTY13APR2624200CE,0.95,3.7,7.05,0.85,76.7,49812425,1.33,0.9,1660035,0.95,1345760,8954465
2026-04-13T10:17:08.088,NF,NIFTY13APR2624200CE,0.95,3.7,7.05,0.85,76.7,49817495,1.33,0.9,1647425,0.95,1345370,8954465
2026-04-13T10:17:09.718,NF,NIFTY13APR2624200CE,0.95,3.7,7.05,0.85,76.7,49823020,1.33,0.9,1647490,0.95,1345175,8954465
2026-04-13T10:17:11.291,NF,NIFTY13APR2624200CE,0.95,3.7,7.05,0.85,76.7,49826465,1.33,0.9,1366885,0.95,1356225,8954465
2026-04-13T10:17:12.893,NF,NIFTY13APR2624200CE,0.95,3.7,7.05,0.85,76.7,49840375,1.33,0.9,1498120,0.95,1363960,8954465
2026-04-13T10:17:14.694,NF,NIFTY13APR2624200CE,0.9,3.7,7.05,0.85,76.7,49877295,1.33,0.9,1525875,0.95,1346670,8954465
2026-04-13T10:17:16.292,NF,NIFTY13APR2624200CE,0.95,3.7,7.05,0.85,76.7,49878465,1.33,0.9,1568125,0.95,1346540,8954465
2026-04-13T10:17:17.894,NF,NIFTY13APR2624200CE,0.9,3.7,7.05,0.85,76.7,49881650,1.33,0.9,1560845,0.95,1345240,8954465
2026-04-13T10:17:19.503,NF,NIFTY13APR2624200CE,0.9,3.7,7.05,0.85,76.7,49888345,1.33,0.9,1552460,0.95,1344980,8954465
2026-04-13T10:17:21.096,NF,NIFTY13APR2624200CE,0.9,3.7,7.05,0.85,76.7,49890880,1.33,0.9,1547845,0.95,1349140,8954465
2026-04-13T10:17:22.733,NF,NIFTY13APR2624200CE,0.9,3.7,7.05,0.85,76.7,49899135,1.33,0.9,1532700,0.95,1346800,8954465
2026-04-13T10:17:24.299,NF,NIFTY13APR2624200CE,0.95,3.7,7.05,0.85,76.7,49901475,1.33,0.9,1543100,0.95,1346475,8954465
2026-04-13T10:17:25.920,NF,NIFTY13APR2624200CE,0.9,3.7,7.05,0.85,76.7,49909990,1.33,0.9,1535235,0.95,1341665,8954465
2026-04-13T10:17:27.516,NF,NIFTY13APR2624200CE,0.9,3.7,7.05,0.85,76.7,49918635,1.33,0.9,1546285,0.95,1336075,8954465
2026-04-13T10:17:29.124,NF,NIFTY13APR2624200CE,0.9,3.7,7.05,0.85,76.7,49921495,1.33,0.9,1531660,0.95,1337245,8954465
2026-04-13T10:17:30.710,NF,NIFTY13APR2624200CE,0.95,3.7,7.05,0.85,76.7,49924355,1.33,0.9,1532440,0.95,1336725,8954465
2026-04-13T10:17:32.320,NF,NIFTY13APR2624200CE,0.9,3.7,7.05,0.85,76.7,49928060,1.33,0.9,1528800,0.95,1336920,8954465
2026-04-13T10:17:33.918,NF,NIFTY13APR2624200CE,0.9,3.7,7.05,0.85,76.7,49931245,1.33,0.9,1531400,0.95,1336075,8954465
2026-04-13T10:17:35.726,NF,NIFTY13APR2624200CE,0.9,3.7,7.05,0.85,76.7,49932675,1.33,0.9,1524835,0.95,1334775,8954465
2026-04-13T10:17:37.317,NF,NIFTY13APR2624200CE,0.9,3.7,7.05,0.85,76.7,49933975,1.33,0.9,1525420,0.95,1335295,8954465
2026-04-13T10:17:38.526,NF,NIFTY13APR2624200CE,0.9,3.7,7.05,0.85,76.7,49936315,1.33,0.9,1522300,0.95,1334515,8954465
2026-04-13T10:17:40.136,NF,NIFTY13APR2624200CE,0.9,3.7,7.05,0.85,76.7,49941125,1.33,0.9,1523990,0.95,1350050,8954465
2026-04-13T10:17:41.932,NF,NIFTY13APR2624200CE,0.9,3.7,7.05,0.85,76.7,49943920,1.33,0.9,1526980,0.95,1349140,8954465
2026-04-13T10:17:43.527,NF,NIFTY13APR2624200CE,0.9,3.7,7.05,0.85,76.7,49975250,1.33,0.9,1492595,0.95,1343485,8954465
2026-04-13T10:17:45.229,NF,NIFTY13APR2624200CE,0.9,3.7,7.05,0.85,76.7,49979735,1.33,0.9,1468155,0.95,1345240,8954465
2026-04-13T10:17:46.734,NF,NIFTY13APR2624200CE,0.9,3.7,7.05,0.85,76.7,49981165,1.33,0.9,1469065,0.95,1343875,8954465
2026-04-13T10:17:48.550,NF,NIFTY13APR2624200CE,0.9,3.7,7.05,0.85,76.7,49984675,1.33,0.9,1468220,0.95,1342835,8954465
2026-04-13T10:17:50.137,NF,NIFTY13APR2624200CE,0.9,3.7,7.05,0.85,76.7,49986105,1.33,0.9,1461330,0.95,1342640,8954465
2026-04-13T10:17:51.743,NF,NIFTY13APR2624200CE,0.95,3.7,7.05,0.85,76.7,49987210,1.33,0.9,1460485,0.95,1342900,8954465
2026-04-13T10:17:53.546,NF,NIFTY13APR2624200CE,0.9,3.7,7.05,0.85,76.7,49988575,1.33,0.9,1458925,0.95,1347125,8954465
2026-04-13T10:17:55.154,NF,NIFTY13APR2624200CE,0.95,3.7,7.05,0.85,76.7,49991370,1.33,0.9,1457560,0.95,1342705,8954465
2026-04-13T10:17:56.744,NF,NIFTY13APR2624200CE,0.9,3.7,7.05,0.85,76.7,49993645,1.33,0.9,1456585,0.95,1343095,8954465
2026-04-13T10:17:58.357,NF,NIFTY13APR2624200CE,0.9,3.7,7.05,0.85,76.7,49994815,1.33,0.9,1455480,0.95,1341080,8954465
2026-04-13T10:17:59.961,NF,NIFTY13APR2624200CE,0.9,3.7,7.05,0.85,76.7,50004630,1.33,0.9,1446705,0.95,1339585,8954465
2026-04-13T10:18:01.772,NF,NIFTY13APR2624200CE,0.9,3.7,7.05,0.85,76.7,50012235,1.33,0.9,1452490,0.95,1335750,8954465
2026-04-13T10:18:03.365,NF,NIFTY13APR2624200CE,0.9,3.7,7.05,0.85,76.7,50015290,1.33,0.9,1450215,0.95,1331135,8954465
2026-04-13T10:18:04.969,NF,NIFTY13APR2624200CE,0.95,3.7,7.05,0.85,76.7,50019515,1.33,0.9,1467440,0.95,1322425,8954465
2026-04-13T10:18:06.763,NF,NIFTY13APR2624200CE,0.9,3.7,7.05,0.85,76.7,50023155,1.33,0.9,1446835,0.95,1329770,8954465
2026-04-13T10:18:08.361,NF,NIFTY13APR2624200CE,0.9,3.7,7.05,0.85,76.7,50035375,1.33,0.9,1439165,0.95,1327495,8954465
2026-04-13T10:18:09.972,NF,NIFTY13APR2624200CE,0.9,3.7,7.05,0.85,76.7,50037195,1.33,0.9,1439230,0.95,1328470,8954465
2026-04-13T10:18:11.773,NF,NIFTY13APR2624200CE,0.9,3.7,7.05,0.85,76.7,50041810,1.33,0.9,1439425,0.95,1325480,8954465
2026-04-13T10:18:13.375,NF,NIFTY13APR2624200CE,0.9,3.7,7.05,0.85,76.7,50051040,1.33,0.9,1424410,0.95,1327105,8954465
2026-04-13T10:18:14.984,NF,NIFTY13APR2624200CE,0.9,3.7,7.05,0.85,76.7,50058580,1.33,0.9,1421355,0.95,1325480,8954465
2026-04-13T10:18:16.770,NF,NIFTY13APR2624200CE,0.9,3.7,7.05,0.85,76.7,50062285,1.33,0.9,1417780,0.95,1324765,8954465
2026-04-13T10:18:18.375,NF,NIFTY13APR2624200CE,0.9,3.7,7.05,0.85,76.7,50065210,1.33,0.9,1418235,0.95,1324375,8954465
2026-04-13T10:18:19.976,NF,NIFTY13APR2624200CE,0.95,3.7,7.05,0.85,76.7,50070670,1.33,0.9,1458860,0.95,1348230,8954465
2026-04-13T10:18:21.592,NF,NIFTY13APR2624200CE,0.9,3.7,7.05,0.85,76.7,50073270,1.33,0.9,1454635,0.95,1341665,8954465
2026-04-13T10:18:23.379,NF,NIFTY13APR2624200CE,0.9,3.7,7.05,0.85,76.7,50077235,1.33,0.9,1459705,0.95,1339975,8954465
2026-04-13T10:18:24.999,NF,NIFTY13APR2624200CE,0.95,3.7,7.05,0.85,76.7,50081850,1.33,0.9,1459185,0.95,1326715,8954465
2026-04-13T10:18:26.601,NF,NIFTY13APR2624200CE,0.9,3.7,7.05,0.85,76.7,50082565,1.33,0.9,1456390,0.95,1335165,8954465
2026-04-13T10:18:28.396,NF,NIFTY13APR2624200CE,0.9,3.7,7.05,0.85,76.7,50111230,1.33,0.9,1460095,0.95,1323790,8954465
2026-04-13T10:18:29.990,NF,NIFTY13APR2624200CE,0.9,3.7,7.05,0.85,76.7,50113245,1.33,0.9,1458015,0.95,1323530,8954465
2026-04-13T10:18:31.608,NF,NIFTY13APR2624200CE,0.9,3.7,7.05,0.85,76.7,50114025,1.33,0.9,1497015,0.95,1334515,8954465
2026-04-13T10:18:33.405,NF,NIFTY13APR2624200CE,0.9,3.7,7.05,0.85,76.7,50114740,1.33,0.9,1494740,0.95,1332890,8954465
2026-04-13T10:18:35.014,NF,NIFTY13APR2624200CE,0.9,3.7,7.05,0.85,76.7,50117990,1.33,0.9,1458730,0.95,1331005,8954465
2026-04-13T10:18:36.605,NF,NIFTY13APR2624200CE,0.9,3.7,7.05,0.85,76.7,50128650,1.33,0.9,1457950,0.95,1315470,8954465
2026-04-13T10:18:38.608,NF,NIFTY13APR2624200CE,0.9,3.7,7.05,0.85,76.7,50130080,1.33,0.9,1470625,0.95,1310985,8954465
2026-04-13T10:18:40.227,NF,NIFTY13APR2624200CE,0.95,3.7,7.05,0.85,76.7,50133720,1.33,0.9,1468090,0.95,1306955,8954465
2026-04-13T10:18:42.015,NF,NIFTY13APR2624200CE,0.95,3.7,7.05,0.85,76.7,50138400,1.33,0.9,1469195,0.95,1306500,8954465
2026-04-13T10:18:43.618,NF,NIFTY13APR2624200CE,0.95,3.7,7.05,0.85,76.7,50142105,1.33,0.9,1527045,0.95,1295255,8954465
2026-04-13T10:18:45.228,NF,NIFTY13APR2624200CE,0.9,3.7,7.05,0.85,76.7,50147370,1.33,0.9,1505465,0.95,1310790,8954465
2026-04-13T10:18:46.839,NF,NIFTY13APR2624200CE,0.9,3.7,7.05,0.85,76.7,50155040,1.33,0.9,1546935,0.95,1316640,8954465
2026-04-13T10:18:48.643,NF,NIFTY13APR2624200CE,0.9,3.7,7.05,0.85,76.7,50159525,1.33,0.9,1551225,0.95,1314235,8954465
2026-04-13T10:18:50.240,NF,NIFTY13APR2624200CE,0.9,3.7,7.05,0.85,76.7,50166480,1.33,0.9,1560065,0.95,1305980,8954465
2026-04-13T10:18:51.841,NF,NIFTY13APR2624200CE,0.9,3.7,7.05,0.85,76.7,50171290,1.33,0.9,1556100,0.95,1306760,8954465
2026-04-13T10:18:53.647,NF,NIFTY13APR2624200CE,0.9,3.7,7.05,0.85,76.7,50174410,1.33,0.9,1553760,0.95,1304420,8954465
2026-04-13T10:18:55.237,NF,NIFTY13APR2624200CE,0.9,3.7,7.05,0.85,76.7,50179675,1.33,0.9,1549405,0.95,1303640,8954465
2026-04-13T10:18:56.838,NF,NIFTY13APR2624200CE,0.95,3.7,7.05,0.85,76.7,50192805,1.33,0.9,1578460,0.95,1308580,8954465
2026-04-13T10:18:58.457,NF,NIFTY13APR2624200CE,0.95,3.7,7.05,0.85,76.7,50196510,1.33,0.9,1576575,0.95,1305135,8954465
2026-04-13T10:19:00.266,NF,NIFTY13APR2624200CE,0.9,3.7,7.05,0.85,76.7,50204115,1.33,0.9,1575600,0.95,1296230,8954465
2026-04-13T10:19:01.881,NF,NIFTY13APR2624200CE,0.9,3.7,7.05,0.85,76.7,50210745,1.33,0.9,1581515,0.95,1289340,8954465
2026-04-13T10:19:03.458,NF,NIFTY13APR2624200CE,0.9,3.7,7.05,0.85,76.7,50215490,1.33,0.9,1575470,0.95,1288560,8954465
2026-04-13T10:19:05.275,NF,NIFTY13APR2624200CE,0.9,3.7,7.05,0.85,76.7,50222250,1.33,0.9,1594645,0.95,1295190,8954465
2026-04-13T10:19:06.869,NF,NIFTY13APR2624200CE,0.9,3.7,7.05,0.85,76.7,50226995,1.33,0.9,1620385,0.95,1308645,8954465
2026-04-13T10:19:08.457,NF,NIFTY13APR2624200CE,0.9,3.7,7.05,0.85,76.7,50232650,1.33,0.9,1591200,0.95,1310920,8954465
2026-04-13T10:19:10.265,NF,NIFTY13APR2624200CE,0.9,3.7,7.05,0.85,76.7,50239150,1.33,0.9,1588340,0.95,1307540,8954465
2026-04-13T10:19:11.872,NF,NIFTY13APR2624200CE,0.9,3.7,7.05,0.85,76.7,50242660,1.33,0.9,1588665,0.95,1304485,8954465
2026-04-13T10:19:13.471,NF,NIFTY13APR2624200CE,0.9,3.7,7.05,0.85,76.7,50249810,1.33,0.9,1587820,0.95,1310660,8954465
2026-04-13T10:19:15.084,NF,NIFTY13APR2624200CE,0.9,3.7,7.05,0.85,76.7,50254620,1.33,0.9,1588535,0.95,1322685,8954465
2026-04-13T10:19:16.900,NF,NIFTY13APR2624200CE,0.9,3.7,7.05,0.85,76.7,50261965,1.33,0.9,1598675,0.95,1333735,8954465
2026-04-13T10:19:18.477,NF,NIFTY13APR2624200CE,0.95,3.7,7.05,0.85,76.7,50263655,1.33,0.9,1599455,0.95,1334580,8954465
2026-04-13T10:19:20.098,NF,NIFTY13APR2624200CE,0.95,3.7,7.05,0.85,76.7,50268075,1.33,0.9,1598480,0.95,1330550,8954465
2026-04-13T10:19:21.691,NF,NIFTY13APR2624200CE,0.9,3.7,7.05,0.85,76.7,50271325,1.33,0.9,1591720,0.95,1329185,8954465
2026-04-13T10:19:23.483,NF,NIFTY13APR2624200CE,0.9,3.7,7.05,0.85,76.7,50273210,1.33,0.9,1593735,0.95,1328210,8954465
2026-04-13T10:19:25.098,NF,NIFTY13APR2624200CE,0.9,3.7,7.05,0.85,76.7,50274640,1.33,0.9,1601275,0.95,1324375,9025575
2026-04-13T10:19:26.702,NF,NIFTY13APR2624200CE,0.9,3.7,7.05,0.85,76.7,50278280,1.33,0.9,1609140,0.95,1324960,9025575
2026-04-13T10:19:28.521,NF,NIFTY13APR2624200CE,0.9,3.7,7.05,0.85,76.7,50280620,1.33,0.9,1604785,0.95,1321905,9025575
2026-04-13T10:19:30.106,NF,NIFTY13APR2624200CE,0.9,3.7,7.05,0.85,76.7,50288745,1.33,0.9,1615120,0.95,1326260,9025575
2026-04-13T10:19:31.736,NF,NIFTY13APR2624200CE,0.9,3.7,7.05,0.85,76.7,50291865,1.33,0.9,1616160,0.95,1319890,9025575
2026-04-13T10:19:33.516,NF,NIFTY13APR2624200CE,0.9,3.7,7.05,0.85,76.7,50299860,1.32,0.9,1598610,0.95,1321905,9025575
2026-04-13T10:19:35.104,NF,NIFTY13APR2624200CE,0.95,3.7,7.05,0.85,76.7,50305710,1.32,0.9,1610375,0.95,1326520,9025575
2026-04-13T10:19:36.721,NF,NIFTY13APR2624200CE,0.95,3.7,7.05,0.85,76.7,50308960,1.32,0.9,1613105,0.95,1324245,9025575
2026-04-13T10:19:38.526,NF,NIFTY13APR2624200CE,0.9,3.7,7.05,0.85,76.7,50312665,1.32,0.9,1608425,0.95,1321710,9025575
2026-04-13T10:19:40.110,NF,NIFTY13APR2624200CE,0.9,3.7,7.05,0.85,76.7,50313965,1.32,0.9,1659905,0.95,1336010,9025575
2026-04-13T10:19:41.727,NF,NIFTY13APR2624200CE,0.9,3.7,7.05,0.85,76.7,50316370,1.32,0.9,1680380,0.95,1337960,9025575
2026-04-13T10:19:43.513,NF,NIFTY13APR2624200CE,0.9,3.7,7.05,0.85,76.7,50318190,1.32,0.9,1678820,0.95,1334970,9025575
2026-04-13T10:19:45.118,NF,NIFTY13APR2624200CE,0.95,3.7,7.05,0.85,76.7,50321245,1.32,0.9,1677455,0.95,1349530,9025575
2026-04-13T10:19:46.726,NF,NIFTY13APR2624200CE,0.9,3.7,7.05,0.85,76.7,50325210,1.32,0.9,1676740,0.95,1352390,9025575
2026-04-13T10:19:48.542,NF,NIFTY13APR2624200CE,0.9,3.7,7.05,0.85,76.7,50327485,1.32,0.9,1673880,0.95,1351545,9025575
2026-04-13T10:19:50.151,NF,NIFTY13APR2624200CE,0.95,3.7,7.05,0.85,76.7,50339250,1.32,0.9,1684280,0.95,1325090,9025575
2026-04-13T10:19:51.734,NF,NIFTY13APR2624200CE,0.95,3.7,7.05,0.85,76.7,50353680,1.32,0.9,1700335,0.95,1357460,9025575
2026-04-13T10:19:53.539,NF,NIFTY13APR2624200CE,0.9,3.7,7.05,0.85,76.7,50369020,1.32,0.9,1723410,0.95,1359215,9025575
2026-04-13T10:19:55.135,NF,NIFTY13APR2624200CE,0.9,3.7,7.05,0.85,76.7,50373960,1.32,0.9,1717040,0.95,1356615,9025575
2026-04-13T10:19:56.741,NF,NIFTY13APR2624200CE,0.95,3.7,7.05,0.85,76.7,50384945,1.32,0.9,1755000,0.95,1355835,9025575
2026-04-13T10:19:58.552,NF,NIFTY13APR2624200CE,0.9,3.7,7.05,0.85,76.7,50446370,1.32,0.9,1716065,0.95,1356680,9025575
2026-04-13T10:20:00.149,NF,NIFTY13APR2624200CE,0.9,3.7,7.05,0.85,76.7,50452545,1.32,0.9,1705080,0.95,1355380,9025575
2026-04-13T10:20:01.774,NF,NIFTY13APR2624200CE,0.9,3.7,7.05,0.85,76.7,50463790,1.32,0.9,1692535,0.95,1353885,9025575
2026-04-13T10:20:03.544,NF,NIFTY13APR2624200CE,0.95,3.7,7.05,0.85,76.7,50471135,1.32,0.9,1677975,0.95,1352650,9025575
2026-04-13T10:20:05.150,NF,NIFTY13APR2624200CE,0.9,3.7,7.05,0.85,76.7,50476010,1.32,0.9,1673360,0.95,1351415,9025575
2026-04-13T10:20:06.766,NF,NIFTY13APR2624200CE,0.9,3.7,7.05,0.85,76.7,50478610,1.32,0.9,1684280,0.95,1349400,9025575
2026-04-13T10:20:08.561,NF,NIFTY13APR2624200CE,0.9,3.7,7.05,0.85,76.7,50484135,1.32,0.9,1684215,0.95,1364285,9025575
2026-04-13T10:20:10.156,NF,NIFTY13APR2624200CE,0.9,3.7,7.05,0.85,76.7,50488425,1.32,0.9,1683045,0.95,1362075,9025575
2026-04-13T10:20:11.766,NF,NIFTY13APR2624200CE,0.9,3.7,7.05,0.85,76.7,50500840,1.32,0.9,1669850,0.95,1400945,9025575
2026-04-13T10:20:13.590,NF,NIFTY13APR2624200CE,0.9,3.7,7.05,0.85,76.7,50507600,1.32,0.9,1661400,0.95,1397370,9025575
2026-04-13T10:20:15.172,NF,NIFTY13APR2624200CE,0.9,3.7,7.05,0.85,76.7,50510330,1.32,0.9,1664390,0.95,1391065,9025575
2026-04-13T10:20:16.776,NF,NIFTY13APR2624200CE,0.9,3.7,7.05,0.85,76.7,50515140,1.32,0.9,1662375,0.95,1393145,9025575
2026-04-13T10:20:18.580,NF,NIFTY13APR2624200CE,0.9,3.7,7.05,0.85,76.7,50530740,1.32,0.9,1655550,0.95,1398800,9025575
2026-04-13T10:20:20.175,NF,NIFTY13APR2624200CE,0.9,3.7,7.05,0.85,76.7,50533860,1.32,0.9,1652495,0.95,1396980,9025575
2026-04-13T10:20:21.775,NF,NIFTY13APR2624200CE,0.9,3.7,7.05,0.85,76.7,50541010,1.32,0.9,1640210,0.95,1417000,9025575
2026-04-13T10:20:23.574,NF,NIFTY13APR2624200CE,0.9,3.7,7.05,0.85,76.7,50544065,1.32,0.9,1640080,0.95,1417000,9025575
2026-04-13T10:20:25.204,NF,NIFTY13APR2624200CE,0.9,3.7,7.05,0.85,76.7,50549070,1.32,0.9,1624220,0.95,1418690,9025575
2026-04-13T10:20:26.800,NF,NIFTY13APR2624200CE,0.9,3.7,7.05,0.85,76.7,50553750,1.32,0.9,1636505,0.95,1417195,9025575
2026-04-13T10:20:28.588,NF,NIFTY13APR2624200CE,0.9,3.7,7.05,0.85,76.7,50560315,1.32,0.9,1638845,0.95,1413295,9025575
2026-04-13T10:20:30.209,NF,NIFTY13APR2624200CE,0.9,3.7,7.05,0.85,76.7,50562135,1.32,0.9,1627990,0.95,1432275,9025575
2026-04-13T10:20:31.788,NF,NIFTY13APR2624200CE,0.9,3.7,7.05,0.85,76.7,50567725,1.32,0.9,1628185,0.95,1470755,9025575
2026-04-13T10:20:33.610,NF,NIFTY13APR2624200CE,0.9,3.7,7.05,0.85,76.7,50584755,1.32,0.9,1671800,0.95,1462045,9025575
2026-04-13T10:20:35.202,NF,NIFTY13APR2624200CE,0.95,3.7,7.05,0.85,76.7,50595350,1.32,0.9,1659840,0.95,1474135,9025575
2026-04-13T10:20:36.802,NF,NIFTY13APR2624200CE,0.9,3.7,7.05,0.85,76.7,50607310,1.32,0.9,1659255,0.95,1468675,9025575
2026-04-13T10:20:38.613,NF,NIFTY13APR2624200CE,0.95,3.7,7.05,0.85,76.7,50611600,1.32,0.9,1658930,0.95,1470105,9025575
2026-04-13T10:20:40.205,NF,NIFTY13APR2624200CE,0.9,3.7,7.05,0.85,76.7,50617385,1.32,0.9,1650415,0.95,1471600,9025575
2026-04-13T10:20:41.809,NF,NIFTY13APR2624200CE,0.9,3.7,7.05,0.85,76.7,50620765,1.32,0.9,1632865,0.95,1507805,9025575
2026-04-13T10:20:43.601,NF,NIFTY13APR2624200CE,0.9,3.7,7.05,0.85,76.7,50633180,1.32,0.9,1650415,0.95,1502995,9025575
2026-04-13T10:20:45.223,NF,NIFTY13APR2624200CE,0.9,3.7,7.05,0.85,76.7,50642085,1.32,0.9,1665430,0.95,1572805,9025575
2026-04-13T10:20:46.806,NF,NIFTY13APR2624200CE,0.9,3.7,7.05,0.85,76.7,50648130,1.32,0.9,1658670,0.95,1578590,9025575
2026-04-13T10:20:48.615,NF,NIFTY13APR2624200CE,0.9,3.7,7.05,0.85,76.7,50657230,1.32,0.9,1656720,0.95,1617265,9025575
2026-04-13T10:20:50.224,NF,NIFTY13APR2624200CE,0.9,3.7,7.05,0.85,76.7,50660545,1.32,0.9,1662700,0.95,1608360,9025575
2026-04-13T10:20:51.821,NF,NIFTY13APR2624200CE,0.9,3.7,7.05,0.85,76.7,50674065,1.32,0.9,1674595,0.95,1597115,9025575
2026-04-13T10:20:53.623,NF,NIFTY13APR2624200CE,0.9,3.7,7.05,0.85,76.7,50685115,1.32,0.9,1677585,0.95,1573130,9025575
2026-04-13T10:20:55.255,NF,NIFTY13APR2624200CE,0.95,3.7,7.05,0.85,76.7,50689535,1.32,0.9,1688570,0.95,1572090,9025575
2026-04-13T10:20:56.822,NF,NIFTY13APR2624200CE,0.9,3.7,7.05,0.85,76.7,50692265,1.32,0.9,1689480,0.95,1571375,9025575
2026-04-13T10:20:58.643,NF,NIFTY13APR2624200CE,0.9,3.7,7.05,0.85,76.7,50712805,1.32,0.9,1680510,0.95,1555125,9025575
2026-04-13T10:21:00.239,NF,NIFTY13APR2624200CE,0.9,3.7,7.05,0.85,76.7,50722815,1.32,0.9,1676220,0.95,1547260,9025575
2026-04-13T10:21:01.830,NF,NIFTY13APR2624200CE,0.95,3.7,7.05,0.85,76.7,50728860,1.32,0.9,1678625,0.95,1543555,9025575
2026-04-13T10:21:03.634,NF,NIFTY13APR2624200CE,0.9,3.7,7.05,0.85,76.7,50741340,1.32,0.9,1674205,0.95,1533805,9025575
2026-04-13T10:21:05.237,NF,NIFTY13APR2624200CE,0.95,3.7,7.05,0.85,76.7,50957465,1.32,0.95,1454505,1.0,1888965,9025575
2026-04-13T10:21:06.861,NF,NIFTY13APR2624200CE,0.95,3.7,7.05,0.85,76.7,50971830,1.32,0.95,1485965,1.0,1887665,9025575
2026-04-13T10:21:08.455,NF,NIFTY13APR2624200CE,0.95,3.7,7.05,0.85,76.7,51014990,1.32,0.95,230035,1.0,1892410,9025575
2026-04-13T10:21:10.079,NF,NIFTY13APR2624200CE,1.0,3.7,7.05,0.85,76.7,51137645,1.32,0.95,2572895,1.0,1812135,9025575
2026-04-13T10:21:11.852,NF,NIFTY13APR2624200CE,0.95,3.7,7.05,0.85,76.7,51215060,1.32,0.95,2723175,1.0,1833390,9025575
2026-04-13T10:21:13.462,NF,NIFTY13APR2624200CE,0.95,3.7,7.05,0.85,76.7,51222405,1.32,0.95,2642445,1.0,1943955,9025575
2026-04-13T10:21:15.057,NF,NIFTY13APR2624200CE,0.95,3.7,7.05,0.85,76.7,51244245,1.32,0.95,3082625,1.0,1976975,9025575
2026-04-13T10:21:16.859,NF,NIFTY13APR2624200CE,0.95,3.7,7.05,0.85,76.7,51284610,1.32,0.95,3083275,1.0,2069665,9025575
2026-04-13T10:21:18.454,NF,NIFTY13APR2624200CE,0.95,3.7,7.05,0.85,76.7,51301835,1.32,0.95,3070860,1.0,1850225,9025575
2026-04-13T10:21:20.059,NF,NIFTY13APR2624200CE,0.95,3.7,7.05,0.85,76.7,51329720,1.32,0.95,3070275,1.0,1841320,9025575
2026-04-13T10:21:21.862,NF,NIFTY13APR2624200CE,1.0,3.7,7.05,0.85,76.7,51387830,1.32,0.95,3052270,1.0,1817400,9025575
2026-04-13T10:21:23.470,NF,NIFTY13APR2624200CE,0.95,3.7,7.05,0.85,76.7,51434565,1.32,0.95,3000010,1.0,1822665,9025575
2026-04-13T10:21:25.087,NF,NIFTY13APR2624200CE,1.0,3.7,7.05,0.85,76.7,51455950,1.32,0.95,2997670,1.0,1823055,9025575
2026-04-13T10:21:26.863,NF,NIFTY13APR2624200CE,0.95,3.7,7.05,0.85,76.7,51507300,1.32,0.95,3007940,1.0,1829035,9025575
2026-04-13T10:21:28.487,NF,NIFTY13APR2624200CE,1.0,3.7,7.05,0.85,76.7,51558650,1.32,0.95,2987855,1.0,1823055,9025575
2026-04-13T10:21:30.078,NF,NIFTY13APR2624200CE,1.05,3.7,7.05,0.85,76.7,51891840,1.31,1.0,748800,1.05,1871740,9025575
2026-04-13T10:21:31.703,NF,NIFTY13APR2624200CE,1.0,3.7,7.05,0.85,76.7,51968345,1.31,1.0,1171430,1.05,1881490,9025575
2026-04-13T10:21:33.480,NF,NIFTY13APR2624200CE,1.0,3.7,7.05,0.85,76.7,52013715,1.31,1.0,1169220,1.05,1869270,9025575
2026-04-13T10:21:35.078,NF,NIFTY13APR2624200CE,1.0,3.7,7.05,0.85,76.7,52130065,1.31,1.0,1216410,1.05,1290445,9025575
2026-04-13T10:21:36.710,NF,NIFTY13APR2624200CE,1.0,3.7,7.05,0.85,76.7,52326495,1.31,1.0,1204450,1.05,1371890,9025575
2026-04-13T10:21:38.100,NF,NIFTY13APR2624200CE,1.0,3.7,7.05,0.85,76.7,52395785,1.31,1.0,1194245,1.05,1368185,9025575
2026-04-13T10:21:39.699,NF,NIFTY13APR2624200CE,1.05,3.7,7.05,0.85,76.7,52435630,1.31,1.0,1297140,1.05,1420640,9025575
2026-04-13T10:21:41.289,NF,NIFTY13APR2624200CE,1.0,3.7,7.05,0.85,76.7,52663260,1.31,0.95,3129945,1.0,1436370,9025575
2026-04-13T10:21:43.099,NF,NIFTY13APR2624200CE,0.95,3.7,7.05,0.85,76.7,52729820,1.31,0.95,3088995,1.0,1441115,9025575
2026-04-13T10:21:44.705,NF,NIFTY13APR2624200CE,0.95,3.7,7.05,0.85,76.7,52800995,1.31,0.95,3058640,1.0,1530555,9025575
2026-04-13T10:21:46.296,NF,NIFTY13APR2624200CE,0.95,3.7,7.05,0.85,76.7,52849940,1.31,0.95,3139825,1.0,1627275,9025575
2026-04-13T10:21:48.106,NF,NIFTY13APR2624200CE,0.95,3.7,7.05,0.85,76.7,52909545,1.31,0.95,3176745,1.0,1651910,9025575
2026-04-13T10:21:49.714,NF,NIFTY13APR2624200CE,0.95,3.7,7.05,0.85,76.7,53013285,1.31,0.95,3167580,1.0,1694810,9025575
2026-04-13T10:21:51.322,NF,NIFTY13APR2624200CE,0.95,3.7,7.05,0.85,76.7,53072695,1.31,0.95,3150030,1.0,1682850,9025575
2026-04-13T10:21:53.103,NF,NIFTY13APR2624200CE,0.95,3.7,7.05,0.85,76.7,53135485,1.31,0.95,3142490,1.0,1679145,9025575
2026-04-13T10:21:54.711,NF,NIFTY13APR2624200CE,0.95,3.7,7.05,0.85,76.7,53202305,1.31,0.95,3118570,1.0,1695720,9025575
2026-04-13T10:21:56.313,NF,NIFTY13APR2624200CE,0.95,3.7,7.05,0.85,76.7,53264250,1.31,0.95,3094780,1.0,1669200,9025575
2026-04-13T10:21:58.149,NF,NIFTY13APR2624200CE,0.95,3.7,7.05,0.85,76.7,53376310,1.3,0.95,3030365,1.0,1657045,9025575
2026-04-13T10:21:59.729,NF,NIFTY13APR2624200CE,0.95,3.7,7.05,0.85,76.7,53490645,1.3,0.95,2979730,1.0,1691170,9025575
2026-04-13T10:22:01.328,NF,NIFTY13APR2624200CE,0.95,3.7,7.05,0.85,76.7,53521130,1.3,0.95,2961400,1.0,1696045,9025575
2026-04-13T10:22:03.134,NF,NIFTY13APR2624200CE,0.95,3.7,7.05,0.85,76.7,53542970,1.3,0.95,2948270,1.0,1706055,9025575
2026-04-13T10:22:04.733,NF,NIFTY13APR2624200CE,0.95,3.7,7.05,0.85,76.7,53565655,1.3,0.95,2941900,1.0,2112695,9025575
2026-04-13T10:22:06.331,NF,NIFTY13APR2624200CE,1.0,3.7,7.05,0.85,76.7,53590420,1.3,0.95,2936180,1.0,2074280,9025575
2026-04-13T10:22:08.146,NF,NIFTY13APR2624200CE,0.95,3.7,7.05,0.85,76.7,53637805,1.3,0.95,2940600,1.0,2143440,9025575
2026-04-13T10:22:09.743,NF,NIFTY13APR2624200CE,0.95,3.7,7.05,0.85,76.7,53692275,1.3,0.95,2946710,1.0,2137590,9025575
2026-04-13T10:22:11.346,NF,NIFTY13APR2624200CE,0.95,3.7,7.05,0.85,76.7,53743950,1.3,0.95,2910440,1.0,2143700,9025575
2026-04-13T10:22:13.188,NF,NIFTY13APR2624200CE,0.95,3.7,7.05,0.85,76.7,53823575,1.3,0.95,2846025,1.0,2144935,9025575
2026-04-13T10:22:14.743,NF,NIFTY13APR2624200CE,0.95,3.7,7.05,0.85,76.7,53880060,1.3,0.95,2814435,1.0,2163915,9025575
2026-04-13T10:22:16.365,NF,NIFTY13APR2624200CE,1.0,3.7,7.05,0.85,76.7,53953900,1.3,0.95,2802150,1.0,2170415,9025575
2026-04-13T10:22:18.164,NF,NIFTY13APR2624200CE,1.0,3.7,7.05,0.85,76.7,54020915,1.3,0.95,2775890,1.0,2088125,9025575
2026-04-13T10:22:19.774,NF,NIFTY13APR2624200CE,0.95,3.7,7.05,0.85,76.7,54030730,1.3,0.95,2773680,1.0,2090725,9025575
2026-04-13T10:22:21.354,NF,NIFTY13APR2624200CE,0.95,3.7,7.05,0.85,76.7,54043665,1.3,0.95,2763215,1.0,2084225,9025575
2026-04-13T10:22:22.972,NF,NIFTY13APR2624200CE,1.0,3.7,7.05,0.85,76.7,54057315,1.3,0.95,2755870,1.0,2066545,9025575
2026-04-13T10:22:24.772,NF,NIFTY13APR2624200CE,1.0,3.7,7.05,0.85,76.7,54080390,1.3,0.95,2749500,1.0,2058355,9025575
2026-04-13T10:22:26.378,NF,NIFTY13APR2624200CE,1.0,3.7,7.05,0.85,76.7,54130310,1.3,0.95,2740270,1.0,2021890,8596575
2026-04-13T10:22:27.977,NF,NIFTY13APR2624200CE,0.95,3.7,7.05,0.85,76.7,54157350,1.3,0.95,2743130,1.0,2002130,8596575
2026-04-13T10:22:29.782,NF,NIFTY13APR2624200CE,1.0,3.7,7.05,0.85,76.7,54168920,1.3,0.95,2737215,1.0,1999660,8596575
2026-04-13T10:22:31.373,NF,NIFTY13APR2624200CE,0.95,3.7,7.05,0.85,76.7,54189785,1.3,0.95,2737995,1.0,1994200,8596575
2026-04-13T10:22:32.996,NF,NIFTY13APR2624200CE,0.95,3.7,7.05,0.85,76.7,54203435,1.3,0.95,2730845,1.0,1986335,8596575
2026-04-13T10:22:34.823,NF,NIFTY13APR2624200CE,0.95,3.7,7.05,0.85,76.7,54214550,1.3,0.95,2732275,1.0,1978860,8596575
2026-04-13T10:22:36.379,NF,NIFTY13APR2624200CE,0.95,3.7,7.05,0.85,76.7,54228200,1.3,0.95,2724995,1.0,1974050,8596575
2026-04-13T10:22:38.182,NF,NIFTY13APR2624200CE,0.95,3.7,7.05,0.85,76.7,54235610,1.3,0.95,2718170,1.0,1970540,8596575
2026-04-13T10:22:39.800,NF,NIFTY13APR2624200CE,0.95,3.7,7.05,0.85,76.7,54245165,1.3,0.95,2715960,1.0,1963195,8596575
2026-04-13T10:22:41.584,NF,NIFTY13APR2624200CE,1.0,3.7,7.05,0.85,76.7,54284165,1.3,0.95,2738190,1.0,1934270,8596575
2026-04-13T10:22:43.192,NF,NIFTY13APR2624200CE,1.0,3.7,7.05,0.85,76.7,54294370,1.3,0.95,2756975,1.0,1924390,8596575
2026-04-13T10:22:44.794,NF,NIFTY13APR2624200CE,1.0,3.7,7.05,0.85,76.7,54327065,1.3,0.95,2769390,1.0,1930045,8596575
2026-04-13T10:22:46.602,NF,NIFTY13APR2624200CE,1.0,3.7,7.05,0.85,76.7,54378090,1.3,1.0,1384760,1.05,1413295,8596575
2026-04-13T10:22:48.225,NF,NIFTY13APR2624200CE,1.0,3.7,7.05,0.85,76.7,54403115,1.3,1.0,1416805,1.05,1406080,8596575
2026-04-13T10:22:49.800,NF,NIFTY13APR2624200CE,1.05,3.7,7.05,0.85,76.7,54412540,1.3,1.0,1394640,1.05,1406990,8596575
2026-04-13T10:22:51.615,NF,NIFTY13APR2624200CE,1.05,3.7,7.05,0.85,76.7,54418715,1.3,1.0,1358370,1.05,1406860,8596575
2026-04-13T10:22:53.225,NF,NIFTY13APR2624200CE,1.05,3.7,7.05,0.85,76.7,54434575,1.3,1.0,1365390,1.05,1398475,8596575
2026-04-13T10:22:54.819,NF,NIFTY13APR2624200CE,1.05,3.7,7.05,0.85,76.7,54444650,1.3,1.0,1366105,1.05,1390350,8596575
2026-04-13T10:22:56.611,NF,NIFTY13APR2624200CE,1.05,3.7,7.05,0.85,76.7,54463435,1.3,1.0,1363505,1.05,1359670,8596575
2026-04-13T10:22:58.230,NF,NIFTY13APR2624200CE,1.05,3.7,7.05,0.85,76.7,54616445,1.3,1.0,1102010,1.05,1364805,8596575
2026-04-13T10:22:59.816,NF,NIFTY13APR2624200CE,1.05,3.7,7.05,0.85,76.7,54630225,1.3,1.0,1141205,1.05,1351090,8596575
2026-04-13T10:23:01.614,NF,NIFTY13APR2624200CE,1.0,3.7,7.05,0.85,76.7,54640820,1.3,1.0,1126255,1.05,1477840,8596575
2026-04-13T10:23:03.263,NF,NIFTY13APR2624200CE,1.05,3.7,7.05,0.85,76.7,54650570,1.3,1.0,1128205,1.05,1479205,8596575
2026-04-13T10:23:04.822,NF,NIFTY13APR2624200CE,1.0,3.7,7.05,0.85,76.7,54667600,1.3,1.0,1126645,1.05,1479270,8596575
2026-04-13T10:23:06.633,NF,NIFTY13APR2624200CE,1.0,3.7,7.05,0.85,76.7,54674750,1.3,1.0,1134705,1.05,1472965,8596575
2026-04-13T10:23:08.270,NF,NIFTY13APR2624200CE,1.0,3.7,7.05,0.85,76.7,54692170,1.3,1.0,1137110,1.05,1466920,8596575
2026-04-13T10:23:09.845,NF,NIFTY13APR2624200CE,1.05,3.7,7.05,0.85,76.7,54701725,1.3,1.0,1200745,1.05,1347970,8596575
2026-04-13T10:23:11.650,NF,NIFTY13APR2624200CE,1.05,3.7,7.05,0.85,76.7,54720055,1.3,1.0,1203995,1.05,1446510,8596575
2026-04-13T10:23:13.265,NF,NIFTY13APR2624200CE,1.0,3.7,7.05,0.85,76.7,54732470,1.3,1.0,1202890,1.05,1443260,8596575
2026-04-13T10:23:14.882,NF,NIFTY13APR2624200CE,1.05,3.7,7.05,0.85,76.7,54744430,1.3,1.0,1203995,1.05,1322295,8596575
2026-04-13T10:23:16.655,NF,NIFTY13APR2624200CE,1.05,3.7,7.05,0.85,76.7,54760940,1.3,1.0,1204450,1.05,1450540,8596575
2026-04-13T10:23:18.242,NF,NIFTY13APR2624200CE,1.05,3.7,7.05,0.85,76.7,54786940,1.3,1.0,1206790,1.05,1428505,8596575
2026-04-13T10:23:19.888,NF,NIFTY13APR2624200CE,1.0,3.7,7.05,0.85,76.7,54917655,1.3,1.0,1120600,1.05,1452230,8596575
2026-04-13T10:23:21.652,NF,NIFTY13APR2624200CE,1.05,3.7,7.05,0.85,76.7,54938780,1.3,1.0,1116310,1.05,1596465,8596575
2026-04-13T10:23:23.292,NF,NIFTY13APR2624200CE,1.0,3.7,7.05,0.85,76.7,54946580,1.3,1.0,1118585,1.05,1592435,8596575
2026-04-13T10:23:24.857,NF,NIFTY13APR2624200CE,1.0,3.7,7.05,0.85,76.7,54955355,1.3,1.0,1122225,1.05,1584700,8596575
2026-04-13T10:23:26.654,NF,NIFTY13APR2624200CE,1.05,3.7,7.05,0.85,76.7,54968290,1.3,1.0,1128855,1.05,1591330,8596575
2026-04-13T10:23:28.269,NF,NIFTY13APR2624200CE,1.05,3.7,7.05,0.85,76.7,54974595,1.3,1.0,1122225,1.05,1593085,8596575
2026-04-13T10:23:29.868,NF,NIFTY13APR2624200CE,1.05,3.7,7.05,0.85,76.7,54982590,1.3,1.0,1128920,1.05,1575210,8596575
2026-04-13T10:23:31.666,NF,NIFTY13APR2624200CE,1.0,3.7,7.05,0.85,76.7,54991690,1.3,1.0,1132040,1.05,1569230,8596575
2026-04-13T10:23:33.277,NF,NIFTY13APR2624200CE,1.0,3.7,7.05,0.85,76.7,55005145,1.3,1.0,1162005,1.05,1574040,8596575
2026-04-13T10:23:34.879,NF,NIFTY13APR2624200CE,1.0,3.7,7.05,0.85,76.7,55017625,1.29,1.0,1162785,1.05,1573780,8596575
2026-04-13T10:23:36.690,NF,NIFTY13APR2624200CE,1.0,3.7,7.05,0.85,76.7,55028805,1.29,1.0,1163630,1.05,1566370,8596575
2026-04-13T10:23:38.085,NF,NIFTY13APR2624200CE,1.05,3.7,7.05,0.85,76.7,55034850,1.29,1.0,1163760,1.05,1551485,8596575
2026-04-13T10:23:39.879,NF,NIFTY13APR2624200CE,1.0,3.7,7.05,0.85,76.7,55046680,1.29,1.0,1166035,1.05,1567410,8596575
2026-04-13T10:23:41.491,NF,NIFTY13APR2624200CE,1.0,3.7,7.05,0.85,76.7,55054480,1.29,1.0,1166295,1.05,1558375,8596575
2026-04-13T10:23:43.085,NF,NIFTY13APR2624200CE,1.0,3.7,7.05,0.85,76.7,55062670,1.29,1.0,1157000,1.05,1560325,8596575
2026-04-13T10:23:44.894,NF,NIFTY13APR2624200CE,1.0,3.7,7.05,0.85,76.7,55078335,1.29,1.0,1166945,1.05,1566630,8596575
2026-04-13T10:23:46.502,NF,NIFTY13APR2624200CE,1.0,3.7,7.05,0.85,76.7,55084640,1.29,1.0,1165970,1.05,1645085,8596575
2026-04-13T10:23:48.108,NF,NIFTY13APR2624200CE,1.0,3.7,7.05,0.85,76.7,55096340,1.29,1.0,1176630,1.05,1676025,8596575
2026-04-13T10:23:49.894,NF,NIFTY13APR2624200CE,1.0,3.7,7.05,0.85,76.7,55102450,1.29,1.0,1180400,1.05,1658150,8596575
2026-04-13T10:23:51.503,NF,NIFTY13APR2624200CE,1.0,3.7,7.05,0.85,76.7,55106870,1.29,1.0,1193400,1.05,1666535,8596575
2026-04-13T10:23:53.140,NF,NIFTY13APR2624200CE,1.05,3.7,7.05,0.85,76.7,55112980,1.29,1.0,1192620,1.05,1659580,8596575
2026-04-13T10:23:54.902,NF,NIFTY13APR2624200CE,1.0,3.7,7.05,0.85,76.7,55211715,1.29,1.0,1145170,1.05,1658605,8596575
2026-04-13T10:23:56.504,NF,NIFTY13APR2624200CE,1.05,3.7,7.05,0.85,76.7,55221270,1.29,1.0,1145885,1.05,1658735,8596575
2026-04-13T10:23:58.122,NF,NIFTY13APR2624200CE,1.05,3.7,7.05,0.85,76.7,55231150,1.29,1.0,1150435,1.05,1651650,8596575
2026-04-13T10:23:59.916,NF,NIFTY13APR2624200CE,1.0,3.7,7.05,0.85,76.7,55234400,1.29,1.0,1149395,1.05,1648985,8596575
2026-04-13T10:24:01.545,NF,NIFTY13APR2624200CE,1.0,3.7,7.05,0.85,76.7,55238820,1.29,1.0,1195805,1.05,1444430,8596575
2026-04-13T10:24:03.131,NF,NIFTY13APR2624200CE,1.05,3.7,7.05,0.85,76.7,55265470,1.29,1.0,1192490,1.05,1129245,8596575
2026-04-13T10:24:04.927,NF,NIFTY13APR2624200CE,1.0,3.7,7.05,0.85,76.7,55272100,1.29,1.0,1187550,1.05,1194050,8596575
2026-04-13T10:24:06.520,NF,NIFTY13APR2624200CE,1.0,3.7,7.05,0.85,76.7,55290170,1.29,1.0,1179750,1.05,1281280,8596575
2026-04-13T10:24:08.123,NF,NIFTY13APR2624200CE,1.0,3.7,7.05,0.85,76.7,55382665,1.29,1.0,1085110,1.05,1418170,8596575
2026-04-13T10:24:09.942,NF,NIFTY13APR2624200CE,1.0,3.7,7.05,0.85,76.7,55404050,1.29,1.0,1115595,1.05,1406210,8596575
2026-04-13T10:24:11.532,NF,NIFTY13APR2624200CE,1.0,3.7,7.05,0.85,76.7,55405805,1.29,1.0,1114230,1.05,1409135,8596575
2026-04-13T10:24:13.135,NF,NIFTY13APR2624200CE,1.0,3.7,7.05,0.85,76.7,55420690,1.29,1.0,1112280,1.05,1411995,8596575
2026-04-13T10:24:14.945,NF,NIFTY13APR2624200CE,1.0,3.7,7.05,0.85,76.7,55449420,1.29,1.0,1113970,1.05,1418040,8596575
2026-04-13T10:24:16.538,NF,NIFTY13APR2624200CE,1.0,3.7,7.05,0.85,76.7,55485235,1.29,1.0,1121445,1.05,1406925,8596575
2026-04-13T10:24:18.141,NF,NIFTY13APR2624200CE,1.0,3.7,7.05,0.85,76.7,55489200,1.29,1.0,1116570,1.05,1422330,8596575
2026-04-13T10:24:19.944,NF,NIFTY13APR2624200CE,1.0,3.7,7.05,0.85,76.7,55536715,1.29,1.0,1112215,1.05,1423760,8596575
2026-04-13T10:24:21.549,NF,NIFTY13APR2624200CE,1.05,3.7,7.05,0.85,76.7,55555240,1.29,1.0,1112215,1.05,1439815,8596575
2026-04-13T10:24:23.154,NF,NIFTY13APR2624200CE,1.05,3.7,7.05,0.85,76.7,55574805,1.29,1.0,1122745,1.05,1454375,8596575
2026-04-13T10:24:24.958,NF,NIFTY13APR2624200CE,1.0,3.7,7.05,0.85,76.7,55584360,1.29,1.0,1112280,1.05,1483560,8596575
2026-04-13T10:24:26.555,NF,NIFTY13APR2624200CE,1.0,3.7,7.05,0.85,76.7,55586310,1.29,1.0,1114880,1.05,1479985,8596575
2026-04-13T10:24:28.159,NF,NIFTY13APR2624200CE,1.0,3.7,7.05,0.85,76.7,55590990,1.29,1.0,1113775,1.05,1471600,8596575
2026-04-13T10:24:29.967,NF,NIFTY13APR2624200CE,1.05,3.7,7.05,0.85,76.7,55615170,1.29,1.0,1102855,1.05,1472055,8596575
2026-04-13T10:24:31.568,NF,NIFTY13APR2624200CE,1.0,3.7,7.05,0.85,76.7,55617120,1.29,1.0,1129375,1.05,1469520,8596575
2026-04-13T10:24:33.159,NF,NIFTY13APR2624200CE,1.05,3.7,7.05,0.85,76.7,55623165,1.29,1.0,1127945,1.05,1468155,8596575
2026-04-13T10:24:34.959,NF,NIFTY13APR2624200CE,0.95,3.7,7.05,0.85,76.7,55677245,1.29,0.95,2991105,1.0,1607710,8596575
2026-04-13T10:24:36.566,NF,NIFTY13APR2624200CE,1.0,3.7,7.05,0.85,76.7,55680235,1.29,0.95,2993380,1.0,1623830,8596575
2026-04-13T10:24:38.370,NF,NIFTY13APR2624200CE,1.0,3.7,7.05,0.85,76.7,55684915,1.29,0.95,2986945,1.0,1725035,8596575
2026-04-13T10:24:39.966,NF,NIFTY13APR2624200CE,0.95,3.7,7.05,0.85,76.7,55688555,1.29,0.95,2990065,1.0,1714830,8596575
2026-04-13T10:24:41.573,NF,NIFTY13APR2624200CE,0.95,3.7,7.05,0.85,76.7,55692000,1.29,0.95,2986620,1.0,1705210,8596575
2026-04-13T10:24:43.372,NF,NIFTY13APR2624200CE,0.95,3.7,7.05,0.85,76.7,55696875,1.29,0.95,2988960,1.0,1696305,8596575
2026-04-13T10:24:44.976,NF,NIFTY13APR2624200CE,1.0,3.7,7.05,0.85,76.7,55701815,1.29,0.95,2984085,1.0,1695655,8596575
2026-04-13T10:24:46.695,NF,NIFTY13APR2624200CE,0.95,3.7,7.05,0.85,76.7,55757650,1.29,0.95,2969785,1.0,1691950,8596575
2026-04-13T10:24:48.380,NF,NIFTY13APR2624200CE,0.95,3.7,7.05,0.85,76.7,55781895,1.29,0.95,2951845,1.0,1670175,8596575
2026-04-13T10:24:49.982,NF,NIFTY13APR2624200CE,0.95,3.7,7.05,0.85,76.7,55796065,1.29,0.95,2938910,1.0,1670500,8596575
2026-04-13T10:24:51.611,NF,NIFTY13APR2624200CE,0.95,3.7,7.05,0.85,76.7,55806725,1.29,0.95,2934295,1.0,1696630,8596575
2026-04-13T10:24:53.392,NF,NIFTY13APR2624200CE,0.95,3.7,7.05,0.85,76.7,55814980,1.29,0.95,2928965,1.0,1698905,8596575
2026-04-13T10:24:54.988,NF,NIFTY13APR2624200CE,0.95,3.7,7.05,0.85,76.7,55822390,1.29,0.95,2921555,1.0,1709110,8596575
2026-04-13T10:24:56.603,NF,NIFTY13APR2624200CE,1.0,3.7,7.05,0.85,76.7,55828890,1.29,0.95,2920190,1.0,1700985,8596575
2026-04-13T10:24:58.400,NF,NIFTY13APR2624200CE,0.95,3.7,7.05,0.85,76.7,55843255,1.29,0.95,2909140,1.0,1697150,8596575
2026-04-13T10:24:59.999,NF,NIFTY13APR2624200CE,0.95,3.7,7.05,0.85,76.7,55844555,1.29,0.95,2920515,1.0,1690325,8596575
2026-04-13T10:25:01.600,NF,NIFTY13APR2624200CE,0.95,3.7,7.05,0.85,76.7,55850340,1.29,0.95,2919800,1.0,1693640,8596575
2026-04-13T10:25:03.411,NF,NIFTY13APR2624200CE,0.95,3.7,7.05,0.85,76.7,55852030,1.29,0.95,2917785,1.0,1694680,8596575
2026-04-13T10:25:05.004,NF,NIFTY13APR2624200CE,1.0,3.7,7.05,0.85,76.7,55875950,1.29,0.95,2903745,1.0,1681355,8596575
2026-04-13T10:25:06.607,NF,NIFTY13APR2624200CE,0.95,3.7,7.05,0.85,76.7,55881085,1.29,0.95,2903160,1.0,1678300,8596575
2026-04-13T10:25:08.409,NF,NIFTY13APR2624200CE,0.95,3.7,7.05,0.85,76.7,55888560,1.29,0.95,2898480,1.0,1687075,8596575
2026-04-13T10:25:10.020,NF,NIFTY13APR2624200CE,0.95,3.7,7.05,0.85,76.7,55890380,1.29,0.95,2890420,1.0,1685255,8596575
2026-04-13T10:25:11.627,NF,NIFTY13APR2624200CE,1.0,3.7,7.05,0.85,76.7,55909815,1.29,0.95,2891720,1.0,1760135,8596575
2026-04-13T10:25:13.416,NF,NIFTY13APR2624200CE,0.95,3.7,7.05,0.85,76.7,55910985,1.29,0.95,2892565,1.0,1763775,8596575
2026-04-13T10:25:15.020,NF,NIFTY13APR2624200CE,1.0,3.7,7.05,0.85,76.7,55913195,1.29,0.95,2891785,1.0,1760980,8596575
2026-04-13T10:25:16.625,NF,NIFTY13APR2624200CE,1.0,3.7,7.05,0.85,76.7,55915990,1.29,0.95,2891980,1.0,1760135,8596575
2026-04-13T10:25:18.443,NF,NIFTY13APR2624200CE,0.95,3.7,7.05,0.85,76.7,55927235,1.29,0.95,2876120,1.0,1776645,8596575
2026-04-13T10:25:20.038,NF,NIFTY13APR2624200CE,0.95,3.7,7.05,0.85,76.7,55932435,1.29,0.95,2869490,1.0,2027220,8596575
2026-04-13T10:25:21.631,NF,NIFTY13APR2624200CE,0.95,3.7,7.05,0.85,76.7,56129320,1.29,0.9,1763580,0.95,689845,8596575
2026-04-13T10:25:23.434,NF,NIFTY13APR2624200CE,0.95,3.7,7.05,0.85,76.7,56137965,1.29,0.9,1771380,0.95,1969890,8596575
2026-04-13T10:25:25.035,NF,NIFTY13APR2624200CE,0.95,3.7,7.05,0.85,76.7,56142385,1.29,0.9,1754935,0.95,2020265,8596575
2026-04-13T10:25:26.643,NF,NIFTY13APR2624200CE,0.95,3.7,7.05,0.85,76.7,56149275,1.29,0.9,1753570,0.95,2019225,8705905
2026-04-13T10:25:28.442,NF,NIFTY13APR2624200CE,0.9,3.7,7.05,0.85,76.7,56151810,1.29,0.9,1748630,0.95,1999790,8705905
2026-04-13T10:25:30.044,NF,NIFTY13APR2624200CE,0.95,3.7,7.05,0.85,76.7,56160195,1.29,0.9,1745315,0.95,2061670,8705905
2026-04-13T10:25:31.656,NF,NIFTY13APR2624200CE,0.85,3.7,7.05,0.85,76.7,56290130,1.29,0.85,1981460,0.9,1618565,8705905
2026-04-13T10:25:33.449,NF,NIFTY13APR2624200CE,0.85,3.7,7.05,0.85,76.7,56305015,1.29,0.85,1969370,0.9,1689870,8705905
2026-04-13T10:25:35.052,NF,NIFTY13APR2624200CE,0.9,3.7,7.05,0.85,76.7,56306640,1.29,0.85,1965730,0.9,1861535,8705905
2026-04-13T10:25:36.659,NF,NIFTY13APR2624200CE,0.9,3.7,7.05,0.85,76.7,56334330,1.29,0.85,1947595,0.9,1865565,8705905
2026-04-13T10:25:38.262,NF,NIFTY13APR2624200CE,0.85,3.7,7.05,0.85,76.7,56348825,1.29,0.85,1957995,0.9,1852890,8705905
2026-04-13T10:25:39.861,NF,NIFTY13APR2624200CE,0.9,3.7,7.05,0.85,76.7,56355585,1.29,0.85,1951040,0.9,1852630,8705905
2026-04-13T10:25:41.474,NF,NIFTY13APR2624200CE,0.9,3.7,7.05,0.85,76.7,56361110,1.29,0.85,1981720,0.9,1865565,8705905
2026-04-13T10:25:43.263,NF,NIFTY13APR2624200CE,0.85,3.7,7.05,0.85,76.7,56363515,1.29,0.85,1973855,0.9,1864460,8705905
2026-04-13T10:25:44.869,NF,NIFTY13APR2624200CE,0.85,3.7,7.05,0.85,76.7,56404465,1.29,0.85,2000895,0.9,1825980,8705905
2026-04-13T10:25:46.473,NF,NIFTY13APR2624200CE,0.9,3.7,7.05,0.85,76.7,56414930,1.29,0.85,2028975,0.9,1820715,8705905
2026-04-13T10:25:48.274,NF,NIFTY13APR2624200CE,0.85,3.7,7.05,0.85,76.7,56449705,1.29,0.85,1999985,0.9,1820195,8705905
2026-04-13T10:25:49.886,NF,NIFTY13APR2624200CE,0.85,3.7,7.05,0.85,76.7,56613765,1.29,0.85,1890070,0.9,1867905,8705905
2026-04-13T10:25:51.482,NF,NIFTY13APR2624200CE,0.9,3.7,7.05,0.85,76.7,56769960,1.28,0.85,1649895,0.9,1872455,8705905
2026-04-13T10:25:53.285,NF,NIFTY13APR2624200CE,0.85,3.7,7.05,0.85,76.7,56774510,1.28,0.85,1656330,0.9,1882855,8705905
2026-04-13T10:25:54.891,NF,NIFTY13APR2624200CE,0.85,3.7,7.05,0.85,76.7,56777890,1.28,0.85,1652560,0.9,1879930,8705905
2026-04-13T10:25:56.502,NF,NIFTY13APR2624200CE,0.85,3.7,7.05,0.85,76.7,56786405,1.28,0.85,1651065,0.9,1876810,8705905
2026-04-13T10:25:58.289,NF,NIFTY13APR2624200CE,0.85,3.7,7.05,0.85,76.7,56787250,1.28,0.85,1664975,0.9,1873560,8705905
2026-04-13T10:25:59.898,NF,NIFTY13APR2624200CE,0.85,3.7,7.05,0.85,76.7,56797585,1.28,0.85,1649960,0.9,1873300,8705905
2026-04-13T10:26:01.503,NF,NIFTY13APR2624200CE,0.85,3.7,7.05,0.85,76.7,56804280,1.28,0.85,1636960,0.9,1882075,8705905
2026-04-13T10:26:03.336,NF,NIFTY13APR2624200CE,0.9,3.7,7.05,0.85,76.7,56809545,1.28,0.85,1636245,0.9,1873430,8705905
2026-04-13T10:26:04.911,NF,NIFTY13APR2624200CE,0.9,3.7,7.05,0.85,76.7,56824820,1.28,0.85,1633905,0.9,1895075,8705905
2026-04-13T10:26:06.508,NF,NIFTY13APR2624200CE,0.9,3.7,7.05,0.85,76.7,56853095,1.28,0.85,1627145,0.9,1872130,8705905
2026-04-13T10:26:08.308,NF,NIFTY13APR2624200CE,0.85,3.7,7.05,0.85,76.7,56862195,1.28,0.85,1607970,0.9,1895790,8705905
2026-04-13T10:26:09.915,NF,NIFTY13APR2624200CE,0.85,3.7,7.05,0.85,76.7,56999605,1.28,0.8,2081235,0.85,1639430,8705905
2026-04-13T10:26:11.514,NF,NIFTY13APR2624200CE,0.85,3.7,7.05,0.8,76.7,57018260,1.28,0.8,2081365,0.85,1952535,8705905
2026-04-13T10:26:13.320,NF,NIFTY13APR2624200CE,0.8,3.7,7.05,0.8,76.7,57036070,1.28,0.8,2094885,0.85,1978860,8705905
2026-04-13T10:26:14.928,NF,NIFTY13APR2624200CE,0.8,3.7,7.05,0.8,76.7,57042115,1.28,0.8,2087930,0.85,1978795,8705905
2026-04-13T10:26:16.523,NF,NIFTY13APR2624200CE,0.85,3.7,7.05,0.8,76.7,57047510,1.28,0.8,2089295,0.85,1973205,8705905
2026-04-13T10:26:18.339,NF,NIFTY13APR2624200CE,0.8,3.7,7.05,0.8,76.7,57052775,1.28,0.8,2104505,0.85,1988025,8705905
2026-04-13T10:26:19.932,NF,NIFTY13APR2624200CE,0.8,3.7,7.05,0.8,76.7,57057455,1.28,0.8,2092155,0.85,1986400,8705905
2026-04-13T10:26:21.540,NF,NIFTY13APR2624200CE,0.85,3.7,7.05,0.8,76.7,57089305,1.28,0.8,2148120,0.85,1958190,8705905
2026-04-13T10:26:23.339,NF,NIFTY13APR2624200CE,0.8,3.7,7.05,0.8,76.7,57148650,1.28,0.8,2234830,0.85,1906190,8705905
2026-04-13T10:26:24.936,NF,NIFTY13APR2624200CE,0.85,3.7,7.05,0.8,76.7,57155475,1.28,0.8,2235545,0.85,1903850,8705905
2026-04-13T10:26:26.551,NF,NIFTY13APR2624200CE,0.8,3.7,7.05,0.8,76.7,57176730,1.28,0.8,2219555,0.85,1894100,8705905
2026-04-13T10:26:28.339,NF,NIFTY13APR2624200CE,0.8,3.7,7.05,0.8,76.7,57178355,1.28,0.8,2206360,0.85,1910675,8705905
2026-04-13T10:26:29.942,NF,NIFTY13APR2624200CE,0.8,3.7,7.05,0.8,76.7,57184400,1.28,0.8,2211885,0.85,1907685,8705905
2026-04-13T10:26:31.555,NF,NIFTY13APR2624200CE,0.8,3.7,7.05,0.8,76.7,57193695,1.28,0.8,2223455,0.85,1896700,8705905
2026-04-13T10:26:33.350,NF,NIFTY13APR2624200CE,0.85,3.7,7.05,0.8,76.7,57202015,1.28,0.8,2222610,0.85,1889550,8705905
2026-04-13T10:26:34.960,NF,NIFTY13APR2624200CE,0.8,3.7,7.05,0.8,76.7,57202860,1.28,0.8,2223975,0.85,1888770,8705905
2026-04-13T10:26:36.570,NF,NIFTY13APR2624200CE,0.85,3.7,7.05,0.8,76.7,57213130,1.28,0.8,2217865,0.85,1882595,8705905
2026-04-13T10:26:38.378,NF,NIFTY13APR2624200CE,0.85,3.7,7.05,0.8,76.7,57214625,1.28,0.8,2228070,0.85,1936805,8705905
2026-04-13T10:26:39.971,NF,NIFTY13APR2624200CE,0.8,3.7,7.05,0.8,76.7,57216250,1.28,0.8,2240485,0.85,1935700,8705905
2026-04-13T10:26:41.779,NF,NIFTY13APR2624200CE,0.85,3.7,7.05,0.8,76.7,57232175,1.28,0.8,2220985,0.85,1924845,8705905
2026-04-13T10:26:43.368,NF,NIFTY13APR2624200CE,0.85,3.7,7.05,0.8,76.7,57240885,1.28,0.8,2221570,0.85,1917630,8705905
2026-04-13T10:26:44.972,NF,NIFTY13APR2624200CE,0.85,3.7,7.05,0.8,76.7,57244915,1.28,0.8,2237365,0.85,1911975,8705905
2026-04-13T10:26:46.772,NF,NIFTY13APR2624200CE,0.85,3.7,7.05,0.8,76.7,57262985,1.28,0.8,2245035,0.85,1897155,8705905
2026-04-13T10:26:48.388,NF,NIFTY13APR2624200CE,0.8,3.7,7.05,0.8,76.7,57278650,1.28,0.8,2224690,0.85,1942395,8705905
2026-04-13T10:26:50.011,NF,NIFTY13APR2624200CE,0.8,3.7,7.05,0.8,76.7,57281900,1.28,0.8,2199535,0.85,1938430,8705905
2026-04-13T10:26:51.783,NF,NIFTY13APR2624200CE,0.85,3.7,7.05,0.8,76.7,57296395,1.28,0.8,2205775,0.85,1938430,8705905
2026-04-13T10:26:53.382,NF,NIFTY13APR2624200CE,0.8,3.7,7.05,0.8,76.7,57303740,1.28,0.8,2209220,0.85,1931540,8705905
2026-04-13T10:26:54.999,NF,NIFTY13APR2624200CE,0.85,3.7,7.05,0.8,76.7,57308940,1.28,0.8,2194660,0.85,1930175,8705905
2026-04-13T10:26:56.788,NF,NIFTY13APR2624200CE,0.8,3.7,7.05,0.8,76.7,57321810,1.28,0.8,2199600,0.85,1919515,8705905
2026-04-13T10:26:58.391,NF,NIFTY13APR2624200CE,0.85,3.7,7.05,0.8,76.7,57330585,1.28,0.8,2217280,0.85,1909895,8705905
2026-04-13T10:26:59.999,NF,NIFTY13APR2624200CE,0.8,3.7,7.05,0.8,76.7,57334875,1.28,0.8,2234440,0.85,1906515,8705905
2026-04-13T10:27:01.599,NF,NIFTY13APR2624200CE,0.85,3.7,7.05,0.8,76.7,57344235,1.28,0.8,2241850,0.85,1897220,8705905
2026-04-13T10:27:03.397,NF,NIFTY13APR2624200CE,0.8,3.7,7.05,0.8,76.7,57348265,1.28,0.8,2238275,0.85,1893580,8705905
2026-04-13T10:27:04.999,NF,NIFTY13APR2624200CE,0.8,3.7,7.05,0.8,76.7,57352035,1.28,0.8,2237040,0.85,1890330,8705905
2026-04-13T10:27:06.607,NF,NIFTY13APR2624200CE,0.85,3.7,7.05,0.8,76.7,57736900,1.28,0.8,2252770,0.85,1397240,8705905
2026-04-13T10:27:08.206,NF,NIFTY13APR2624200CE,0.85,3.7,7.05,0.8,76.7,57922800,1.28,0.8,2292095,0.85,1558050,8705905
2026-04-13T10:27:09.821,NF,NIFTY13APR2624200CE,0.8,3.7,7.05,0.8,76.7,57928520,1.28,0.8,2285075,0.85,1577225,8705905
2026-04-13T10:27:11.612,NF,NIFTY13APR2624200CE,0.85,3.7,7.05,0.8,76.7,57942950,1.28,0.8,2292095,0.85,1562860,8705905
2026-04-13T10:27:13.209,NF,NIFTY13APR2624200CE,0.85,3.7,7.05,0.8,76.7,57961995,1.28,0.8,2351440,0.85,1525810,8705905
2026-04-13T10:27:14.814,NF,NIFTY13APR2624200CE,0.85,3.7,7.05,0.8,76.7,57978050,1.28,0.8,2350335,0.85,1526070,8705905
2026-04-13T10:27:16.622,NF,NIFTY13APR2624200CE,0.85,3.7,7.05,0.8,76.7,58064175,1.27,0.85,1742650,0.9,2125175,8705905
2026-04-13T10:27:18.226,NF,NIFTY13APR2624200CE,0.9,3.7,7.05,0.8,76.7,58065605,1.27,0.85,1757860,0.9,2103010,8705905
2026-04-13T10:27:19.822,NF,NIFTY13APR2624200CE,0.85,3.7,7.05,0.8,76.7,58067165,1.27,0.85,1760200,0.9,2105805,8705905
2026-04-13T10:27:21.628,NF,NIFTY13APR2624200CE,0.9,3.7,7.05,0.8,76.7,58070285,1.27,0.85,1762930,0.9,2104310,8705905
2026-04-13T10:27:23.236,NF,NIFTY13APR2624200CE,0.9,3.7,7.05,0.8,76.7,58101485,1.27,0.85,1786005,0.9,1116310,8705905
2026-04-13T10:27:24.832,NF,NIFTY13APR2624200CE,0.85,3.7,7.05,0.8,76.7,58114160,1.27,0.85,1814930,0.9,1169350,8705905
2026-04-13T10:27:26.445,NF,NIFTY13APR2624200CE,0.9,3.7,7.05,0.8,76.7,58320990,1.27,0.9,1482585,0.95,2062320,8705905
2026-04-13T10:27:28.238,NF,NIFTY13APR2624200CE,0.85,3.7,7.05,0.8,76.7,58548360,1.27,0.85,1932580,0.9,844090,8705905
2026-04-13T10:27:29.839,NF,NIFTY13APR2624200CE,0.9,3.7,7.05,0.8,76.7,58550635,1.27,0.85,1942590,0.9,914160,8705905
2026-04-13T10:27:31.438,NF,NIFTY13APR2624200CE,0.9,3.7,7.05,0.8,76.7,58577545,1.27,0.85,1990560,0.9,989560,8705905
2026-04-13T10:27:33.054,NF,NIFTY13APR2624200CE,0.9,3.7,7.05,0.8,76.7,58581250,1.27,0.85,2012140,0.9,1266070,8705905
2026-04-13T10:27:34.645,NF,NIFTY13APR2624200CE,0.9,3.7,7.05,0.8,76.7,58592625,1.27,0.85,2013245,0.9,1294280,8705905
2026-04-13T10:27:36.445,NF,NIFTY13APR2624200CE,0.85,3.7,7.05,0.8,76.7,58599450,1.27,0.85,2004145,0.9,1289145,8705905
2026-04-13T10:27:37.649,NF,NIFTY13APR2624200CE,0.9,3.7,7.05,0.8,76.7,58600945,1.27,0.85,2011685,0.9,1289535,8705905
2026-04-13T10:27:39.448,NF,NIFTY13APR2624200CE,0.9,3.7,7.05,0.8,76.7,58617065,1.27,0.85,2086760,0.9,1313520,8705905
2026-04-13T10:27:41.068,NF,NIFTY13APR2624200CE,0.85,3.7,7.05,0.8,76.7,58620315,1.27,0.85,2117245,0.9,1345305,8705905
2026-04-13T10:27:42.674,NF,NIFTY13APR2624200CE,0.9,3.7,7.05,0.8,76.7,58635070,1.27,0.85,2116985,0.9,1340040,8705905
2026-04-13T10:27:44.465,NF,NIFTY13APR2624200CE,0.9,3.7,7.05,0.8,76.7,58674915,1.27,0.85,2121795,0.9,1633970,8705905
2026-04-13T10:27:46.062,NF,NIFTY13APR2624200CE,0.9,3.7,7.05,0.8,76.7,58679270,1.27,0.85,2078440,0.9,1667575,8705905
2026-04-13T10:27:47.672,NF,NIFTY13APR2624200CE,0.9,3.7,7.05,0.8,76.7,58683040,1.27,0.85,2045290,0.9,1688115,8705905
2026-04-13T10:27:49.502,NF,NIFTY13APR2624200CE,0.9,3.7,7.05,0.8,76.7,58690970,1.27,0.85,2036840,0.9,1691040,8705905
2026-04-13T10:27:51.067,NF,NIFTY13APR2624200CE,0.85,3.7,7.05,0.8,76.7,58726785,1.27,0.85,2002845,0.9,1722565,8705905
2026-04-13T10:27:52.669,NF,NIFTY13APR2624200CE,0.9,3.7,7.05,0.8,76.7,58735560,1.27,0.85,2007850,0.9,1709045,8705905
2026-04-13T10:27:54.472,NF,NIFTY13APR2624200CE,0.85,3.7,7.05,0.8,76.7,58744010,1.27,0.85,2005380,0.9,1714765,8705905
2026-04-13T10:27:56.078,NF,NIFTY13APR2624200CE,0.85,3.7,7.05,0.8,76.7,58747910,1.27,0.85,2008890,0.9,1689350,8705905
2026-04-13T10:27:57.682,NF,NIFTY13APR2624200CE,0.85,3.7,7.05,0.8,76.7,58758960,1.27,0.85,2035215,0.9,1713920,8705905
2026-04-13T10:27:59.484,NF,NIFTY13APR2624200CE,0.9,3.7,7.05,0.8,76.7,58771180,1.27,0.85,2040610,0.9,1704625,8705905
2026-04-13T10:28:01.089,NF,NIFTY13APR2624200CE,0.9,3.7,7.05,0.8,76.7,58773390,1.27,0.85,2056990,0.9,1703260,8705905
2026-04-13T10:28:02.686,NF,NIFTY13APR2624200CE,0.9,3.7,7.05,0.8,76.7,58795230,1.27,0.85,2096575,0.9,1309100,8705905
2026-04-13T10:28:04.495,NF,NIFTY13APR2624200CE,0.9,3.7,7.05,0.8,76.7,59019805,1.27,0.9,1606475,0.95,2105545,8705905
2026-04-13T10:28:06.089,NF,NIFTY13APR2624200CE,0.9,3.7,7.05,0.8,76.7,59024550,1.27,0.9,1591655,0.95,2112045,8705905
2026-04-13T10:28:07.691,NF,NIFTY13APR2624200CE,0.9,3.7,7.05,0.8,76.7,59126210,1.27,0.9,1440270,0.95,2117830,8705905
2026-04-13T10:28:09.499,NF,NIFTY13APR2624200CE,0.9,3.7,7.05,0.8,76.7,59129525,1.27,0.9,1574495,0.95,2110875,8705905
2026-04-13T10:28:11.101,NF,NIFTY13APR2624200CE,0.95,3.7,7.05,0.8,76.7,59134140,1.27,0.9,1606150,0.95,2114775,8705905
2026-04-13T10:28:12.702,NF,NIFTY13APR2624200CE,0.9,3.7,7.05,0.8,76.7,59135895,1.27,0.9,1604330,0.95,2113475,8705905
2026-04-13T10:28:14.306,NF,NIFTY13APR2624200CE,0.9,3.7,7.05,0.8,76.7,59240350,1.27,0.9,1628315,0.95,2123550,8705905
2026-04-13T10:28:15.907,NF,NIFTY13APR2624200CE,0.9,3.7,7.05,0.8,76.7,59241780,1.27,0.9,1635595,0.95,2127515,8705905
2026-04-13T10:28:17.708,NF,NIFTY13APR2624200CE,0.95,3.7,7.05,0.8,76.7,59244315,1.27,0.9,1638455,0.95,2127515,8705905
2026-04-13T10:28:19.312,NF,NIFTY13APR2624200CE,0.95,3.7,7.05,0.8,76.7,59252245,1.27,0.9,1653990,0.95,2117960,8705905
2026-04-13T10:28:20.916,NF,NIFTY13APR2624200CE,0.95,3.7,7.05,0.8,76.7,59255690,1.27,0.9,1647165,0.95,2110875,8705905
2026-04-13T10:28:22.524,NF,NIFTY13APR2624200CE,0.9,3.7,7.05,0.8,76.7,59355075,1.27,0.9,1583465,0.95,2115620,8705905
2026-04-13T10:28:24.124,NF,NIFTY13APR2624200CE,0.9,3.7,7.05,0.8,76.7,59360275,1.27,0.9,1577810,0.95,2102425,8705905
2026-04-13T10:28:25.737,NF,NIFTY13APR2624200CE,0.9,3.7,7.05,0.8,76.7,59368335,1.27,0.9,1575535,0.95,2106845,8705905
2026-04-13T10:28:27.327,NF,NIFTY13APR2624200CE,0.95,3.7,7.05,0.8,76.7,59370155,1.27,0.9,1572090,0.95,2103855,8664370
2026-04-13T10:28:30.730,NF,NIFTY13APR2624200CE,0.9,3.7,7.05,0.8,76.7,59375875,1.27,0.9,1593670,0.95,2098330,8664370
2026-04-13T10:28:32.331,NF,NIFTY13APR2624200CE,0.95,3.7,7.05,0.8,76.7,59376590,1.27,0.9,1572415,0.95,2125110,8664370
2026-04-13T10:28:33.946,NF,NIFTY13APR2624200CE,0.9,3.7,7.05,0.8,76.7,59386275,1.27,0.9,1593020,0.95,2129335,8664370
2026-04-13T10:28:35.539,NF,NIFTY13APR2624200CE,0.9,3.7,7.05,0.8,76.7,59388615,1.27,0.9,1593150,0.95,2118090,8664370
2026-04-13T10:28:37.144,NF,NIFTY13APR2624200CE,0.9,3.7,7.05,0.8,76.7,59393100,1.27,0.9,1608490,0.95,2110095,8664370
2026-04-13T10:28:38.747,NF,NIFTY13APR2624200CE,0.9,3.7,7.05,0.8,76.7,59393750,1.27,0.9,1606800,0.95,2141880,8664370
2026-04-13T10:28:40.543,NF,NIFTY13APR2624200CE,0.9,3.7,7.05,0.8,76.7,59401290,1.27,0.9,1618955,0.95,2114190,8664370
2026-04-13T10:28:42.147,NF,NIFTY13APR2624200CE,0.95,3.7,7.05,0.8,76.7,59415915,1.27,0.9,1634750,0.95,2102555,8664370
2026-04-13T10:28:43.757,NF,NIFTY13APR2624200CE,0.95,3.7,7.05,0.8,76.7,59425860,1.27,0.9,1634880,0.95,2096185,8664370
2026-04-13T10:28:45.549,NF,NIFTY13APR2624200CE,0.9,3.7,7.05,0.8,76.7,59427095,1.27,0.9,1634555,0.95,2094625,8664370
2026-04-13T10:28:47.160,NF,NIFTY13APR2624200CE,0.95,3.7,7.05,0.8,76.7,59439250,1.27,0.9,1635595,0.95,2082990,8664370
2026-04-13T10:28:48.759,NF,NIFTY13APR2624200CE,0.95,3.7,7.05,0.8,76.7,59446725,1.27,0.9,1632540,0.95,2082730,8664370
2026-04-13T10:28:50.555,NF,NIFTY13APR2624200CE,0.95,3.7,7.05,0.8,76.7,59458555,1.27,0.9,1634100,0.95,2070120,8664370
2026-04-13T10:28:52.158,NF,NIFTY13APR2624200CE,0.9,3.7,7.05,0.8,76.7,59458685,1.27,0.9,1634035,0.95,2075190,8664370
2026-04-13T10:28:53.762,NF,NIFTY13APR2624200CE,0.95,3.7,7.05,0.8,76.7,59467655,1.27,0.9,1634295,0.95,2065180,8664370
2026-04-13T10:28:55.563,NF,NIFTY13APR2624200CE,0.9,3.7,7.05,0.8,76.7,59480070,1.27,0.9,1621750,0.95,2055690,8664370
2026-04-13T10:28:57.165,NF,NIFTY13APR2624200CE,0.9,3.7,7.05,0.8,76.7,59481565,1.27,0.9,1632865,0.95,2052895,8664370
2026-04-13T10:28:58.781,NF,NIFTY13APR2624200CE,0.9,3.7,7.05,0.8,76.7,59482800,1.27,0.9,1631695,0.95,2051595,8664370
2026-04-13T10:29:00.387,NF,NIFTY13APR2624200CE,0.9,3.7,7.05,0.8,76.7,59510035,1.27,0.9,1596530,0.95,2042885,8664370
2026-04-13T10:29:02.174,NF,NIFTY13APR2624200CE,0.95,3.7,7.05,0.8,76.7,59513870,1.27,0.9,1589250,0.95,2059525,8664370
2026-04-13T10:29:03.778,NF,NIFTY13APR2624200CE,0.9,3.7,7.05,0.8,76.7,59523425,1.27,0.9,1593735,0.95,2060110,8664370
2026-04-13T10:29:05.391,NF,NIFTY13APR2624200CE,0.95,3.7,7.05,0.8,76.7,59526545,1.27,0.9,1593735,0.95,2069925,8664370
2026-04-13T10:29:07.191,NF,NIFTY13APR2624200CE,0.9,3.7,7.05,0.8,76.7,59533500,1.27,0.9,1587430,0.95,2072265,8664370
2026-04-13T10:29:08.789,NF,NIFTY13APR2624200CE,0.95,3.7,7.05,0.8,76.7,59537270,1.27,0.9,1590485,0.95,2070185,8664370
2026-04-13T10:29:10.388,NF,NIFTY13APR2624200CE,0.95,3.7,7.05,0.8,76.7,59547800,1.27,0.9,1594125,0.95,2043405,8664370
2026-04-13T10:29:11.992,NF,NIFTY13APR2624200CE,0.9,3.7,7.05,0.8,76.7,59583680,1.26,0.9,1587040,0.95,2030795,8664370
2026-04-13T10:29:13.795,NF,NIFTY13APR2624200CE,0.95,3.7,7.05,0.8,76.7,59588620,1.26,0.9,1594060,0.95,2013765,8664370
2026-04-13T10:29:15.406,NF,NIFTY13APR2624200CE,0.9,3.7,7.05,0.8,76.7,59590115,1.26,0.9,1586975,0.95,2025400,8664370
2026-04-13T10:29:17.010,NF,NIFTY13APR2624200CE,0.9,3.7,7.05,0.8,76.7,59601685,1.26,0.9,1579240,0.95,2030275,8664370
2026-04-13T10:29:18.801,NF,NIFTY13APR2624200CE,0.9,3.7,7.05,0.8,76.7,59607210,1.26,0.9,1576055,0.95,2027545,8664370
2026-04-13T10:29:20.405,NF,NIFTY13APR2624200CE,0.95,3.7,7.05,0.8,76.7,59614425,1.26,0.9,1582100,0.95,2005445,8664370
2026-04-13T10:29:22.010,NF,NIFTY13APR2624200CE,0.95,3.7,7.05,0.8,76.7,59619365,1.26,0.9,1572350,0.95,2022995,8664370
2026-04-13T10:29:23.853,NF,NIFTY13APR2624200CE,0.95,3.7,7.05,0.8,76.7,59627815,1.26,0.9,1590225,0.95,2045485,8664370
2026-04-13T10:29:25.414,NF,NIFTY13APR2624200CE,0.95,3.7,7.05,0.8,76.7,59635485,1.26,0.9,1610765,0.95,2020655,8664370
2026-04-13T10:29:27.029,NF,NIFTY13APR2624200CE,0.9,3.7,7.05,0.8,76.7,59642960,1.26,0.9,1629030,0.95,2014025,8664370
2026-04-13T10:29:28.819,NF,NIFTY13APR2624200CE,0.95,3.7,7.05,0.8,76.7,59643155,1.26,0.9,1628900,0.95,2012530,8664370
2026-04-13T10:29:30.446,NF,NIFTY13APR2624200CE,0.95,3.7,7.05,0.8,76.7,59662980,1.26,0.9,1626105,0.95,2016690,8664370
2026-04-13T10:29:32.042,NF,NIFTY13APR2624200CE,0.95,3.7,7.05,0.8,76.7,59663760,1.26,0.9,1633775,0.95,2010840,8664370
2026-04-13T10:29:33.629,NF,NIFTY13APR2624200CE,0.95,3.7,7.05,0.8,76.7,59667660,1.26,0.9,1630070,0.95,2010125,8664370
2026-04-13T10:29:35.238,NF,NIFTY13APR2624200CE,0.95,3.7,7.05,0.8,76.7,59675915,1.26,0.9,1652755,0.95,2003235,8664370
2026-04-13T10:29:37.032,NF,NIFTY13APR2624200CE,0.9,3.7,7.05,0.8,76.7,59700225,1.26,0.9,1611155,0.95,2011425,8664370
2026-04-13T10:29:39.048,NF,NIFTY13APR2624200CE,0.95,3.7,7.05,0.8,76.7,59702045,1.26,0.9,1615965,0.95,2001025,8664370
2026-04-13T10:29:40.642,NF,NIFTY13APR2624200CE,0.9,3.7,7.05,0.8,76.7,59708545,1.26,0.9,1615250,0.95,2004925,8664370
2026-04-13T10:29:42.452,NF,NIFTY13APR2624200CE,0.95,3.7,7.05,0.8,76.7,59712250,1.26,0.9,1623960,0.95,2000895,8664370
2026-04-13T10:29:44.047,NF,NIFTY13APR2624200CE,0.9,3.7,7.05,0.8,76.7,59720310,1.26,0.9,1615705,0.95,2012855,8664370
2026-04-13T10:29:45.650,NF,NIFTY13APR2624200CE,0.95,3.7,7.05,0.8,76.7,59728825,1.26,0.9,1621100,0.95,1994980,8664370
2026-04-13T10:29:47.586,NF,NIFTY13APR2624200CE,0.9,3.7,7.05,0.8,76.7,59730970,1.26,0.9,1621815,0.95,1999920,8664370
2026-04-13T10:29:49.055,NF,NIFTY13APR2624200CE,0.9,3.7,7.05,0.8,76.7,59742930,1.26,0.9,1611285,0.95,1997710,8664370
2026-04-13T10:29:50.657,NF,NIFTY13APR2624200CE,0.95,3.7,7.05,0.8,76.7,59763535,1.26,0.9,1603940,0.95,1988285,8664370
2026-04-13T10:29:52.260,NF,NIFTY13APR2624200CE,0.9,3.7,7.05,0.8,76.7,59768475,1.26,0.9,1604915,0.95,1988285,8664370
2026-04-13T10:29:54.067,NF,NIFTY13APR2624200CE,0.9,3.7,7.05,0.8,76.7,59775885,1.26,0.9,1599260,0.95,1993095,8664370
2026-04-13T10:29:55.668,NF,NIFTY13APR2624200CE,0.95,3.7,7.05,0.8,76.7,59783490,1.26,0.9,1612390,0.95,1972100,8664370
2026-04-13T10:29:57.268,NF,NIFTY13APR2624200CE,0.95,3.7,7.05,0.8,76.7,59790900,1.26,0.9,1597830,0.95,1982955,8664370
2026-04-13T10:29:59.084,NF,NIFTY13APR2624200CE,0.9,3.7,7.05,0.8,76.7,59793045,1.26,0.9,1597375,0.95,1980095,8664370
2026-04-13T10:30:00.687,NF,NIFTY13APR2624200CE,0.95,3.7,7.05,0.8,76.7,59800065,1.26,0.9,1609270,0.95,1961440,8664370
2026-04-13T10:30:02.285,NF,NIFTY13APR2624200CE,0.95,3.7,7.05,0.8,76.7,59807020,1.26,0.9,1615055,0.95,1949480,8664370
2026-04-13T10:30:04.095,NF,NIFTY13APR2624200CE,0.95,3.7,7.05,0.8,76.7,59812935,1.26,0.9,1617655,0.95,1943435,8664370
2026-04-13T10:30:05.687,NF,NIFTY13APR2624200CE,0.95,3.7,7.05,0.8,76.7,59816575,1.26,0.9,1615965,0.95,1940965,8664370
2026-04-13T10:30:07.286,NF,NIFTY13APR2624200CE,0.95,3.7,7.05,0.8,76.7,59818980,1.26,0.9,1619930,0.95,1941745,8664370
2026-04-13T10:30:09.090,NF,NIFTY13APR2624200CE,0.9,3.7,7.05,0.8,76.7,59823075,1.26,0.9,1618500,0.95,1938300,8664370
2026-04-13T10:30:10.692,NF,NIFTY13APR2624200CE,0.95,3.7,7.05,0.8,76.7,59845825,1.26,0.9,1590810,0.95,1937520,8664370
2026-04-13T10:30:12.299,NF,NIFTY13APR2624200CE,0.95,3.7,7.05,0.8,76.7,59851155,1.26,0.9,1588340,0.95,1935180,8664370
2026-04-13T10:30:14.100,NF,NIFTY13APR2624200CE,0.9,3.7,7.05,0.8,76.7,59858565,1.26,0.9,1580670,0.95,1924910,8664370
2026-04-13T10:30:15.698,NF,NIFTY13APR2624200CE,0.9,3.7,7.05,0.8,76.7,59859670,1.26,0.9,1607840,0.95,1915290,8664370
2026-04-13T10:30:17.303,NF,NIFTY13APR2624200CE,0.95,3.7,7.05,0.8,76.7,59861490,1.26,0.9,1608620,0.95,1914055,8664370
2026-04-13T10:30:19.107,NF,NIFTY13APR2624200CE,0.95,3.7,7.05,0.8,76.7,60171280,1.26,0.9,1608165,0.95,1536730,8664370
2026-04-13T10:30:20.705,NF,NIFTY13APR2624200CE,0.95,3.7,7.05,0.8,76.7,60183825,1.26,0.9,1605890,0.95,1828710,8664370
2026-04-13T10:30:22.308,NF,NIFTY13APR2624200CE,0.9,3.7,7.05,0.8,76.7,60186685,1.26,0.9,1605175,0.95,1866605,8664370
2026-04-13T10:30:24.117,NF,NIFTY13APR2624200CE,0.95,3.7,7.05,0.8,76.7,60195655,1.26,0.9,1620515,0.95,1859390,8664370
2026-04-13T10:30:25.784,NF,NIFTY13APR2624200CE,0.95,3.7,7.05,0.8,76.7,60201960,1.26,0.9,1619085,0.95,1870505,8664370
2026-04-13T10:30:27.328,NF,NIFTY13APR2624200CE,0.9,3.7,7.05,0.8,76.7,60204365,1.26,0.9,1634230,0.95,1869530,8664370
2026-04-13T10:30:29.120,NF,NIFTY13APR2624200CE,0.95,3.7,7.05,0.8,76.7,60207420,1.26,0.9,1631500,0.95,1866605,8664370
2026-04-13T10:30:30.727,NF,NIFTY13APR2624200CE,0.95,3.7,7.05,0.8,76.7,60218080,1.26,0.9,1633840,0.95,1856400,8664370
2026-04-13T10:30:32.392,NF,NIFTY13APR2624200CE,0.95,3.7,7.05,0.8,76.7,60257925,1.26,0.9,1657110,0.95,1867580,8664370
2026-04-13T10:30:34.133,NF,NIFTY13APR2624200CE,0.95,3.7,7.05,0.8,76.7,60259615,1.26,0.9,1651715,0.95,1866930,8664370
2026-04-13T10:30:35.750,NF,NIFTY13APR2624200CE,0.95,3.7,7.05,0.8,76.7,60275930,1.26,0.9,1645800,0.95,1844310,8664370
2026-04-13T10:30:37.354,NF,NIFTY13APR2624200CE,0.95,3.7,7.05,0.8,76.7,60277880,1.26,0.9,1646060,0.95,1841450,8664370
2026-04-13T10:30:38.744,NF,NIFTY13APR2624200CE,0.95,3.7,7.05,0.8,76.7,60279375,1.26,0.9,1641055,0.95,1842165,8664370
2026-04-13T10:30:40.340,NF,NIFTY13APR2624200CE,0.95,3.7,7.05,0.8,76.7,60284705,1.26,0.9,1641120,0.95,1835340,8664370
2026-04-13T10:30:41.949,NF,NIFTY13APR2624200CE,0.95,3.7,7.05,0.8,76.7,60288735,1.26,0.9,1642680,0.95,1824485,8664370
2026-04-13T10:30:43.744,NF,NIFTY13APR2624200CE,0.95,3.7,7.05,0.8,76.7,60295560,1.26,0.9,1661660,0.95,1872780,8664370
2026-04-13T10:30:45.349,NF,NIFTY13APR2624200CE,0.95,3.7,7.05,0.8,76.7,60300305,1.26,0.9,1671215,0.95,1866475,8664370
2026-04-13T10:30:46.972,NF,NIFTY13APR2624200CE,0.95,3.7,7.05,0.8,76.7,60309145,1.26,0.9,1680185,0.95,1858285,8664370
2026-04-13T10:30:48.754,NF,NIFTY13APR2624200CE,0.95,3.7,7.05,0.8,76.7,60316555,1.26,0.9,1673685,0.95,1849380,8664370
2026-04-13T10:30:50.356,NF,NIFTY13APR2624200CE,0.95,3.7,7.05,0.8,76.7,60326630,1.26,0.9,1644435,0.95,1868230,8664370
2026-04-13T10:30:51.957,NF,NIFTY13APR2624200CE,0.95,3.7,7.05,0.8,76.7,60358740,1.26,0.9,1661400,0.95,1815190,8664370
2026-04-13T10:30:53.762,NF,NIFTY13APR2624200CE,0.95,3.7,7.05,0.8,76.7,60363485,1.26,0.9,1654315,0.95,1813110,8664370
2026-04-13T10:30:55.362,NF,NIFTY13APR2624200CE,0.95,3.7,7.05,0.8,76.7,60372195,1.26,0.9,1658735,0.95,1802905,8664370
2026-04-13T10:30:56.976,NF,NIFTY13APR2624200CE,0.95,3.7,7.05,0.8,76.7,60373300,1.26,0.9,1660880,0.95,1803685,8664370
2026-04-13T10:30:58.776,NF,NIFTY13APR2624200CE,0.9,3.7,7.05,0.8,76.7,60394100,1.26,0.9,1667510,0.95,1724320,8664370
2026-04-13T10:31:00.375,NF,NIFTY13APR2624200CE,0.9,3.7,7.05,0.8,76.7,60395140,1.26,0.9,1690780,0.95,1737515,8664370
2026-04-13T10:31:01.973,NF,NIFTY13APR2624200CE,0.9,3.7,7.05,0.8,76.7,60395985,1.26,0.9,1670695,0.95,1759290,8664370
2026-04-13T10:31:03.783,NF,NIFTY13APR2624200CE,0.95,3.7,7.05,0.8,76.7,60491860,1.26,0.9,1699815,0.95,1663480,8664370
2026-04-13T10:31:05.383,NF,NIFTY13APR2624200CE,0.95,3.7,7.05,0.8,76.7,60583965,1.26,0.9,1795885,0.95,1648790,8664370
2026-04-13T10:31:06.978,NF,NIFTY13APR2624200CE,0.95,3.7,7.05,0.8,76.7,60603530,1.26,0.9,1817400,0.95,1603095,8664370
2026-04-13T10:31:08.785,NF,NIFTY13APR2624200CE,0.95,3.7,7.05,0.8,76.7,60627905,1.26,0.9,1787175,0.95,1628055,8664370
2026-04-13T10:31:10.383,NF,NIFTY13APR2624200CE,0.95,3.7,7.05,0.8,76.7,60640580,1.26,0.9,1786850,0.95,1603420,8664370
2026-04-13T10:31:11.986,NF,NIFTY13APR2624200CE,0.95,3.7,7.05,0.8,76.7,60650070,1.26,0.9,1801670,0.95,1609400,8664370
2026-04-13T10:31:13.810,NF,NIFTY13APR2624200CE,0.9,3.7,7.05,0.8,76.7,60652345,1.26,0.9,1789320,0.95,1607060,8664370
2026-04-13T10:31:15.391,NF,NIFTY13APR2624200CE,0.95,3.7,7.05,0.8,76.7,60658715,1.26,0.9,1789320,0.95,1606475,8664370
2026-04-13T10:31:17.006,NF,NIFTY13APR2624200CE,0.95,3.7,7.05,0.8,76.7,60665280,1.26,0.9,1814670,0.95,1588275,8664370
2026-04-13T10:31:18.809,NF,NIFTY13APR2624200CE,0.95,3.7,7.05,0.8,76.7,60666060,1.26,0.9,1823965,0.95,1586390,8664370
2026-04-13T10:31:20.414,NF,NIFTY13APR2624200CE,0.95,3.7,7.05,0.8,76.7,60671780,1.26,0.9,1851850,0.95,1581515,8664370
2026-04-13T10:31:22.003,NF,NIFTY13APR2624200CE,0.95,3.7,7.05,0.8,76.7,60673600,1.26,0.9,1862315,0.95,1579500,8664370
2026-04-13T10:31:23.802,NF,NIFTY13APR2624200CE,0.95,3.7,7.05,0.8,76.7,60676395,1.26,0.9,1854840,0.95,1582945,8664370
2026-04-13T10:31:25.416,NF,NIFTY13APR2624200CE,0.95,3.7,7.05,0.8,76.7,60682375,1.26,0.9,1852370,0.95,1577550,8664370
2026-04-13T10:31:27.011,NF,NIFTY13APR2624200CE,0.95,3.7,7.05,0.8,76.7,60690630,1.26,0.9,1818115,0.95,1582230,8664370
2026-04-13T10:31:28.810,NF,NIFTY13APR2624200CE,0.95,3.7,7.05,0.8,76.7,60693230,1.26,0.9,1802905,0.95,1586780,8770645
2026-04-13T10:31:30.417,NF,NIFTY13APR2624200CE,0.95,3.7,7.05,0.8,76.7,60701810,1.26,0.9,1794780,0.95,1567150,8770645
2026-04-13T10:31:32.016,NF,NIFTY13APR2624200CE,0.95,3.7,7.05,0.8,76.7,60702720,1.26,0.9,1797900,0.95,1569880,8770645
2026-04-13T10:31:33.835,NF,NIFTY13APR2624200CE,0.95,3.7,7.05,0.8,76.7,60706100,1.26,0.9,1793545,0.95,1577030,8770645
2026-04-13T10:31:35.422,NF,NIFTY13APR2624200CE,0.95,3.7,7.05,0.8,76.7,60711950,1.26,0.9,1791465,0.95,1557595,8770645
2026-04-13T10:31:37.030,NF,NIFTY13APR2624200CE,0.95,3.7,7.05,0.8,76.7,60713185,1.26,0.9,1798420,0.95,1556555,8770645
2026-04-13T10:31:39.031,NF,NIFTY13APR2624200CE,0.95,3.7,7.05,0.8,76.7,60713965,1.26,0.9,1797445,0.95,1556685,8770645
2026-04-13T10:31:40.629,NF,NIFTY13APR2624200CE,0.9,3.7,7.05,0.8,76.7,60740095,1.26,0.9,1786200,0.95,1552590,8770645
2026-04-13T10:31:42.231,NF,NIFTY13APR2624200CE,0.9,3.7,7.05,0.8,76.7,60742305,1.26,0.9,1781455,0.95,1552330,8770645
2026-04-13T10:31:44.035,NF,NIFTY13APR2624200CE,0.95,3.7,7.05,0.8,76.7,60746010,1.26,0.9,1752985,0.95,1566175,8770645
2026-04-13T10:31:45.642,NF,NIFTY13APR2624200CE,0.95,3.7,7.05,0.8,76.7,60754265,1.26,0.9,1758965,0.95,1559935,8770645
2026-04-13T10:31:47.242,NF,NIFTY13APR2624200CE,0.95,3.7,7.05,0.8,76.7,60754915,1.26,0.9,1765010,0.95,1559285,8770645
2026-04-13T10:31:49.042,NF,NIFTY13APR2624200CE,0.95,3.7,7.05,0.8,76.7,60758555,1.26,0.9,1766700,0.95,1552525,8770645
2026-04-13T10:31:50.662,NF,NIFTY13APR2624200CE,0.95,3.7,7.05,0.8,76.7,60767655,1.26,0.9,1762995,0.95,1598480,8770645
2026-04-13T10:31:52.254,NF,NIFTY13APR2624200CE,0.9,3.7,7.05,0.8,76.7,60772790,1.26,0.9,1751295,0.95,1599195,8770645
2026-04-13T10:31:54.051,NF,NIFTY13APR2624200CE,0.9,3.7,7.05,0.8,76.7,60775715,1.26,0.9,1754610,0.95,1600300,8770645
2026-04-13T10:31:55.654,NF,NIFTY13APR2624200CE,0.95,3.7,7.05,0.8,76.7,60799830,1.26,0.9,1741935,0.95,1583725,8770645
2026-04-13T10:31:57.259,NF,NIFTY13APR2624200CE,0.9,3.7,7.05,0.8,76.7,60805485,1.26,0.9,1762930,0.95,1640535,8770645
2026-04-13T10:31:59.060,NF,NIFTY13APR2624200CE,0.9,3.7,7.05,0.8,76.7,60809255,1.26,0.9,1750255,0.95,1647880,8770645
2026-04-13T10:32:00.665,NF,NIFTY13APR2624200CE,0.95,3.7,7.05,0.8,76.7,60834930,1.26,0.9,1741870,0.95,1652885,8770645
2026-04-13T10:32:02.266,NF,NIFTY13APR2624200CE,0.9,3.7,7.05,0.8,76.7,60895640,1.26,0.9,1684670,0.95,1713660,8770645
2026-04-13T10:32:04.068,NF,NIFTY13APR2624200CE,0.95,3.7,7.05,0.8,76.7,60906300,1.26,0.9,1673620,0.95,1714765,8770645
2026-04-13T10:32:05.677,NF,NIFTY13APR2624200CE,0.9,3.7,7.05,0.8,76.7,60910720,1.26,0.9,1691365,0.95,1721265,8770645
2026-04-13T10:32:07.274,NF,NIFTY13APR2624200CE,0.9,3.7,7.05,0.8,76.7,60912280,1.26,0.9,1681160,0.95,1721200,8770645
2026-04-13T10:32:09.077,NF,NIFTY13APR2624200CE,0.9,3.7,7.05,0.8,76.7,60917090,1.26,0.9,1673880,0.95,1720875,8770645
2026-04-13T10:32:10.679,NF,NIFTY13APR2624200CE,0.95,3.7,7.05,0.8,76.7,60939255,1.26,0.9,1686880,0.95,1529645,8770645
2026-04-13T10:32:12.282,NF,NIFTY13APR2624200CE,0.95,3.7,7.05,0.8,76.7,60939580,1.26,0.9,1693965,0.95,1567475,8770645
2026-04-13T10:32:14.085,NF,NIFTY13APR2624200CE,0.95,3.7,7.05,0.8,76.7,60945365,1.26,0.9,1675960,0.95,1613495,8770645
2026-04-13T10:32:15.696,NF,NIFTY13APR2624200CE,0.95,3.7,7.05,0.8,76.7,60945820,1.26,0.9,1692210,0.95,1611870,8770645
2026-04-13T10:32:17.310,NF,NIFTY13APR2624200CE,0.95,3.7,7.05,0.8,76.7,60947120,1.26,0.9,1690780,0.95,1611870,8770645
2026-04-13T10:32:19.099,NF,NIFTY13APR2624200CE,0.9,3.7,7.05,0.8,76.7,60947900,1.26,0.9,1682460,0.95,1611805,8770645
2026-04-13T10:32:20.696,NF,NIFTY13APR2624200CE,0.95,3.7,7.05,0.8,76.7,60957975,1.26,0.9,1685710,0.95,1600690,8770645
2026-04-13T10:32:22.308,NF,NIFTY13APR2624200CE,0.95,3.7,7.05,0.8,76.7,60958690,1.26,0.9,1682720,0.95,1600560,8770645
2026-04-13T10:32:24.105,NF,NIFTY13APR2624200CE,0.9,3.7,7.05,0.8,76.7,60991255,1.26,0.9,1668160,0.95,1724905,8770645
2026-04-13T10:32:25.712,NF,NIFTY13APR2624200CE,0.9,3.7,7.05,0.8,76.7,61000745,1.26,0.9,1666665,0.95,1713595,8770645
2026-04-13T10:32:27.309,NF,NIFTY13APR2624200CE,0.9,3.7,7.05,0.8,76.7,61001850,1.26,0.9,1671540,0.95,1719770,8770645
2026-04-13T10:32:29.108,NF,NIFTY13APR2624200CE,0.9,3.7,7.05,0.8,76.7,61002695,1.26,0.9,1665755,0.95,1715220,8770645
2026-04-13T10:32:30.723,NF,NIFTY13APR2624200CE,0.95,3.7,7.05,0.8,76.7,61009780,1.26,0.9,1694810,0.95,1708460,8770645
2026-04-13T10:32:32.320,NF,NIFTY13APR2624200CE,0.95,3.7,7.05,0.8,76.7,61011535,1.26,0.9,1697410,0.95,1705860,8770645
2026-04-13T10:32:34.130,NF,NIFTY13APR2624200CE,0.95,3.7,7.05,0.8,76.7,61013355,1.26,0.9,1697345,0.95,1705535,8770645
2026-04-13T10:32:35.720,NF,NIFTY13APR2624200CE,0.95,3.7,7.05,0.8,76.7,61021610,1.26,0.9,1716260,0.95,1691235,8770645
2026-04-13T10:32:37.327,NF,NIFTY13APR2624200CE,0.95,3.7,7.05,0.8,76.7,61022975,1.26,0.9,1721005,0.95,1690325,8770645
2026-04-13T10:32:39.127,NF,NIFTY13APR2624200CE,0.9,3.7,7.05,0.8,76.7,61027135,1.26,0.9,1724515,0.95,1722695,8770645
2026-04-13T10:32:40.738,NF,NIFTY13APR2624200CE,0.95,3.7,7.05,0.8,76.7,61035975,1.26,0.9,1739530,0.95,1716390,8770645
2026-04-13T10:32:42.344,NF,NIFTY13APR2624200CE,0.95,3.7,7.05,0.8,76.7,61037080,1.26,0.9,1739010,0.95,1716260,8770645
2026-04-13T10:32:44.137,NF,NIFTY13APR2624200CE,0.95,3.7,7.05,0.8,76.7,61038315,1.26,0.9,1723605,0.95,1713270,8770645
2026-04-13T10:32:45.749,NF,NIFTY13APR2624200CE,0.95,3.7,7.05,0.8,76.7,61048715,1.26,0.9,1752530,0.95,1726595,8770645
2026-04-13T10:32:47.344,NF,NIFTY13APR2624200CE,0.9,3.7,7.05,0.8,76.7,61049820,1.26,0.9,1768195,0.95,1726660,8770645
2026-04-13T10:32:49.155,NF,NIFTY13APR2624200CE,0.9,3.7,7.05,0.8,76.7,61055995,1.26,0.9,1773850,0.95,1721265,8770645
2026-04-13T10:32:50.756,NF,NIFTY13APR2624200CE,0.95,3.7,7.05,0.8,76.7,61061520,1.26,0.9,1775345,0.95,1735500,8770645
2026-04-13T10:32:52.351,NF,NIFTY13APR2624200CE,0.9,3.7,7.05,0.8,76.7,61062040,1.26,0.9,1768975,0.95,1734070,8770645
2026-04-13T10:32:54.154,NF,NIFTY13APR2624200CE,0.9,3.7,7.05,0.8,76.7,61088495,1.26,0.9,1779635,0.95,1704495,8770645
2026-04-13T10:32:55.760,NF,NIFTY13APR2624200CE,0.95,3.7,7.05,0.8,76.7,61096945,1.26,0.9,1789320,0.95,1697930,8770645
2026-04-13T10:32:57.362,NF,NIFTY13APR2624200CE,0.9,3.7,7.05,0.8,76.7,61102925,1.26,0.9,1791595,0.95,1697345,8770645
2026-04-13T10:32:59.165,NF,NIFTY13APR2624200CE,0.9,3.7,7.05,0.8,76.7,61105265,1.26,0.9,1789645,0.95,1697280,8770645
2026-04-13T10:33:00.784,NF,NIFTY13APR2624200CE,0.95,3.7,7.05,0.8,76.7,61107540,1.26,0.9,1795300,0.95,1689350,8770645
2026-04-13T10:33:02.385,NF,NIFTY13APR2624200CE,0.95,3.7,7.05,0.8,76.7,61109555,1.26,0.9,1804010,0.95,1687855,8770645
2026-04-13T10:33:03.968,NF,NIFTY13APR2624200CE,0.9,3.7,7.05,0.8,76.7,61110660,1.26,0.9,1808170,0.95,1686620,8770645
2026-04-13T10:33:05.778,NF,NIFTY13APR2624200CE,0.95,3.7,7.05,0.8,76.7,61114690,1.26,0.9,1803750,0.95,1684215,8770645
2026-04-13T10:33:07.372,NF,NIFTY13APR2624200CE,0.9,3.7,7.05,0.8,76.7,61123270,1.26,0.9,1792765,0.95,1678235,8770645
2026-04-13T10:33:08.986,NF,NIFTY13APR2624200CE,0.95,3.7,7.05,0.8,76.7,61124570,1.26,0.9,1798485,0.95,1677455,8770645
2026-04-13T10:33:10.780,NF,NIFTY13APR2624200CE,0.9,3.7,7.05,0.8,76.7,61333285,1.26,0.9,1660230,0.95,1703130,8770645
2026-04-13T10:33:12.402,NF,NIFTY13APR2624200CE,0.95,3.7,7.05,0.8,76.7,61336470,1.26,0.9,1660750,0.95,1712035,8770645
2026-04-13T10:33:13.983,NF,NIFTY13APR2624200CE,0.9,3.7,7.05,0.8,76.7,61346610,1.26,0.9,1636375,0.95,1727245,8770645
2026-04-13T10:33:15.806,NF,NIFTY13APR2624200CE,0.95,3.7,7.05,0.8,76.7,61350250,1.26,0.9,1640795,0.95,1713595,8770645
2026-04-13T10:33:17.388,NF,NIFTY13APR2624200CE,0.9,3.7,7.05,0.8,76.7,61351485,1.26,0.9,1637025,0.95,1717495,8770645
2026-04-13T10:33:18.993,NF,NIFTY13APR2624200CE,0.9,3.7,7.05,0.8,76.7,61353565,1.26,0.9,1639170,0.95,1708005,8770645
2026-04-13T10:33:20.602,NF,NIFTY13APR2624200CE,0.95,3.7,7.05,0.8,76.7,61364225,1.26,0.9,1644565,0.95,1707680,8770645
2026-04-13T10:33:22.392,NF,NIFTY13APR2624200CE,0.9,3.7,7.05,0.8,76.7,61365590,1.26,0.9,1629940,0.95,1710995,8770645
2026-04-13T10:33:23.995,NF,NIFTY13APR2624200CE,0.95,3.7,7.05,0.8,76.7,61368905,1.26,0.9,1642290,0.95,1706380,8770645
2026-04-13T10:33:25.601,NF,NIFTY13APR2624200CE,0.95,3.7,7.05,0.8,76.7,61377550,1.26,0.9,1631630,0.95,1697215,8770645
2026-04-13T10:33:27.416,NF,NIFTY13APR2624200CE,0.9,3.7,7.05,0.8,76.7,61378785,1.26,0.9,1627210,0.95,1703845,8770645
2026-04-13T10:33:29.003,NF,NIFTY13APR2624200CE,0.95,3.7,7.05,0.8,76.7,61382620,1.26,0.9,1632800,0.95,1694485,8770645
2026-04-13T10:33:30.612,NF,NIFTY13APR2624200CE,0.9,3.7,7.05,0.8,76.7,61429485,1.25,0.9,1608035,0.95,1705990,8770645
2026-04-13T10:33:32.426,NF,NIFTY13APR2624200CE,0.9,3.7,7.05,0.8,76.7,61437935,1.25,0.9,1600690,0.95,1715220,8770645
2026-04-13T10:33:34.024,NF,NIFTY13APR2624200CE,0.9,3.7,7.05,0.8,76.7,61454770,1.25,0.9,1582880,0.95,1715090,8770645
2026-04-13T10:33:35.636,NF,NIFTY13APR2624200CE,0.9,3.7,7.05,0.8,76.7,61561240,1.25,0.9,1499615,0.95,1659515,8770645
2026-04-13T10:33:37.431,NF,NIFTY13APR2624200CE,0.95,3.7,7.05,0.8,76.7,61583015,1.25,0.9,1494350,0.95,1632150,8770645
2026-04-13T10:33:38.825,NF,NIFTY13APR2624200CE,0.9,3.7,7.05,0.8,76.7,61603620,1.25,0.9,1478815,0.95,1637285,8770645
2026-04-13T10:33:40.429,NF,NIFTY13APR2624200CE,0.9,3.7,7.05,0.8,76.7,61614865,1.25,0.9,1475435,0.95,1621815,8770645
2026-04-13T10:33:42.227,NF,NIFTY13APR2624200CE,0.9,3.7,7.05,0.8,76.7,61620910,1.25,0.9,1469585,0.95,1632475,8770645
2026-04-13T10:33:43.824,NF,NIFTY13APR2624200CE,0.9,3.7,7.05,0.8,76.7,61641710,1.25,0.9,1453985,0.95,1632280,8770645
2026-04-13T10:33:45.430,NF,NIFTY13APR2624200CE,0.95,3.7,7.05,0.8,76.7,61658285,1.25,0.9,1450800,0.95,1621230,8770645
2026-04-13T10:33:47.228,NF,NIFTY13APR2624200CE,0.95,3.7,7.05,0.8,76.7,61666930,1.25,0.9,1451710,0.95,1604005,8770645
2026-04-13T10:33:48.834,NF,NIFTY13APR2624200CE,0.9,3.7,7.05,0.8,76.7,61668490,1.25,0.9,1441960,0.95,1618305,8770645
2026-04-13T10:33:50.461,NF,NIFTY13APR2624200CE,0.95,3.7,7.05,0.8,76.7,61673950,1.25,0.9,1437605,0.95,1614015,8770645
2026-04-13T10:33:52.240,NF,NIFTY13APR2624200CE,0.9,3.7,7.05,0.8,76.7,61682075,1.25,0.9,1434355,0.95,1609075,8770645
2026-04-13T10:33:53.845,NF,NIFTY13APR2624200CE,0.9,3.7,7.05,0.8,76.7,61693450,1.25,0.9,1426750,0.95,1603550,8770645
2026-04-13T10:33:55.447,NF,NIFTY13APR2624200CE,0.95,3.7,7.05,0.8,76.7,61704045,1.25,0.9,1427140,0.95,1590940,8770645
2026-04-13T10:33:57.240,NF,NIFTY13APR2624200CE,0.9,3.7,7.05,0.8,76.7,61708530,1.25,0.9,1481740,0.95,1592305,8770645
2026-04-13T10:33:58.874,NF,NIFTY13APR2624200CE,0.9,3.7,7.05,0.8,76.7,61712755,1.25,0.9,1483105,0.95,1594320,8770645
2026-04-13T10:34:00.471,NF,NIFTY13APR2624200CE,0.95,3.7,7.05,0.8,76.7,61717760,1.25,0.9,1490385,0.95,1584635,8770645
2026-04-13T10:34:02.258,NF,NIFTY13APR2624200CE,0.95,3.7,7.05,0.8,76.7,61726795,1.25,0.9,1481545,0.95,1582360,8770645
2026-04-13T10:34:03.863,NF,NIFTY13APR2624200CE,0.9,3.7,7.05,0.8,76.7,61732840,1.25,0.9,1465165,0.95,1587430,8770645
2026-04-13T10:34:05.468,NF,NIFTY13APR2624200CE,0.9,3.7,7.05,0.8,76.7,61762935,1.25,0.9,1441050,0.95,1581970,8770645
2026-04-13T10:34:07.269,NF,NIFTY13APR2624200CE,0.9,3.7,7.05,0.8,76.7,61765275,1.25,0.9,1460615,0.95,1580735,8770645
2026-04-13T10:34:08.906,NF,NIFTY13APR2624200CE,0.95,3.7,7.05,0.8,76.7,61765795,1.25,0.9,1462825,0.95,1578850,8770645
2026-04-13T10:34:10.474,NF,NIFTY13APR2624200CE,0.95,3.7,7.05,0.8,76.7,61775870,1.25,0.9,1461590,0.95,1571050,8770645
2026-04-13T10:34:12.270,NF,NIFTY13APR2624200CE,0.9,3.7,7.05,0.8,76.7,61788935,1.25,0.9,1451060,0.95,1562275,8770645
2026-04-13T10:34:13.872,NF,NIFTY13APR2624200CE,0.9,3.7,7.05,0.8,76.7,61826960,1.25,0.9,1408485,0.95,1569880,8770645
2026-04-13T10:34:15.483,NF,NIFTY13APR2624200CE,0.9,3.7,7.05,0.8,76.7,61828000,1.25,0.9,1408745,0.95,1566370,8770645
2026-04-13T10:34:17.275,NF,NIFTY13APR2624200CE,0.95,3.7,7.05,0.8,76.7,61840415,1.25,0.9,1420575,0.95,1556490,8770645
2026-04-13T10:34:18.886,NF,NIFTY13APR2624200CE,0.95,3.7,7.05,0.8,76.7,61840935,1.25,0.9,1413620,0.95,1559155,8770645
2026-04-13T10:34:20.487,NF,NIFTY13APR2624200CE,0.95,3.7,7.05,0.8,76.7,61850035,1.25,0.9,1416415,0.95,1550965,8770645
2026-04-13T10:34:22.288,NF,NIFTY13APR2624200CE,0.95,3.7,7.05,0.8,76.7,61867455,1.25,0.9,1418885,0.95,1474525,8770645
2026-04-13T10:34:23.891,NF,NIFTY13APR2624200CE,0.95,3.7,7.05,0.8,76.7,61869860,1.25,0.9,1416935,0.95,1471990,8770645
2026-04-13T10:34:25.489,NF,NIFTY13APR2624200CE,0.95,3.7,7.05,0.8,76.7,61879350,1.25,0.9,1434810,0.95,1474265,8770645
2026-04-13T10:34:27.291,NF,NIFTY13APR2624200CE,0.95,3.7,7.05,0.8,76.7,61881040,1.25,0.9,1432015,0.95,1475370,8770645
2026-04-13T10:34:28.895,NF,NIFTY13APR2624200CE,0.9,3.7,7.05,0.8,76.7,61881690,1.25,0.9,1431625,0.95,1492270,9105395
2026-04-13T10:34:30.498,NF,NIFTY13APR2624200CE,0.95,3.7,7.05,0.8,76.7,61897875,1.25,0.9,1444820,0.95,1476150,9105395
2026-04-13T10:34:33.706,NF,NIFTY13APR2624200CE,0.95,3.7,7.05,0.8,76.7,61904375,1.25,0.9,1430195,0.95,1472900,9105395
2026-04-13T10:34:35.552,NF,NIFTY13APR2624200CE,0.95,3.7,7.05,0.8,76.7,61920170,1.25,0.9,1434680,0.95,1462045,9105395
2026-04-13T10:34:37.143,NF,NIFTY13APR2624200CE,0.95,3.7,7.05,0.8,76.7,61921015,1.25,0.9,1425190,0.95,1461655,9105395
2026-04-13T10:34:38.912,NF,NIFTY13APR2624200CE,0.9,3.7,7.05,0.8,76.7,61923615,1.25,0.9,1424280,0.95,1460030,9105395
2026-04-13T10:34:40.515,NF,NIFTY13APR2624200CE,0.95,3.7,7.05,0.8,76.7,61932065,1.25,0.9,1422460,0.95,1625260,9105395
2026-04-13T10:34:42.317,NF,NIFTY13APR2624200CE,0.9,3.7,7.05,0.8,76.7,61940775,1.25,0.9,1400425,0.95,1633125,9105395
2026-04-13T10:34:43.937,NF,NIFTY13APR2624200CE,0.95,3.7,7.05,0.8,76.7,61943765,1.25,0.9,1558830,0.95,1629810,9105395
2026-04-13T10:34:45.524,NF,NIFTY13APR2624200CE,0.95,3.7,7.05,0.8,76.7,61953515,1.25,0.9,1553240,0.95,1627665,9105395
2026-04-13T10:34:47.143,NF,NIFTY13APR2624200CE,0.9,3.7,7.05,0.8,76.7,61957935,1.25,0.9,1548690,0.95,1627665,9105395
2026-04-13T10:34:48.933,NF,NIFTY13APR2624200CE,0.9,3.7,7.05,0.8,76.7,61959820,1.25,0.9,1528735,0.95,1641185,9105395
2026-04-13T10:34:50.535,NF,NIFTY13APR2624200CE,0.95,3.7,7.05,0.8,76.7,61985300,1.25,0.9,1554345,0.95,1627015,9105395
2026-04-13T10:34:52.135,NF,NIFTY13APR2624200CE,0.95,3.7,7.05,0.8,76.7,61989525,1.25,0.9,1558505,0.95,1624415,9105395
2026-04-13T10:34:53.935,NF,NIFTY13APR2624200CE,0.95,3.7,7.05,0.8,76.7,61996675,1.25,0.9,1548430,0.95,1621750,9105395
2026-04-13T10:34:55.539,NF,NIFTY13APR2624200CE,0.9,3.7,7.05,0.8,76.7,62014290,1.25,0.9,1561495,0.95,1610180,9105395
2026-04-13T10:34:57.143,NF,NIFTY13APR2624200CE,0.95,3.7,7.05,0.8,76.7,62015785,1.25,0.9,1572155,0.95,1606735,9105395
2026-04-13T10:34:58.944,NF,NIFTY13APR2624200CE,0.95,3.7,7.05,0.8,76.7,62019815,1.25,0.9,1572155,0.95,1618565,9105395
2026-04-13T10:35:00.551,NF,NIFTY13APR2624200CE,0.95,3.7,7.05,0.8,76.7,62022545,1.25,0.9,1574885,0.95,1617135,9105395
2026-04-13T10:35:02.164,NF,NIFTY13APR2624200CE,0.95,3.7,7.05,0.8,76.7,62049845,1.25,0.9,1572220,0.95,1612845,9105395
2026-04-13T10:35:03.951,NF,NIFTY13APR2624200CE,0.9,3.7,7.05,0.8,76.7,62063820,1.25,0.9,1579695,0.95,1598805,9105395
2026-04-13T10:35:05.563,NF,NIFTY13APR2624200CE,0.95,3.7,7.05,0.8,76.7,62064275,1.25,0.9,1590225,0.95,1594515,9105395
2026-04-13T10:35:07.168,NF,NIFTY13APR2624200CE,0.9,3.7,7.05,0.8,76.7,62065640,1.25,0.9,1583335,0.95,1599325,9105395
2026-04-13T10:35:08.956,NF,NIFTY13APR2624200CE,0.9,3.7,7.05,0.8,76.7,62065900,1.25,0.9,1591785,0.95,1595685,9105395
2026-04-13T10:35:10.578,NF,NIFTY13APR2624200CE,0.95,3.7,7.05,0.8,76.7,62078575,1.25,0.9,1591525,0.95,1580670,9105395
2026-04-13T10:35:12.170,NF,NIFTY13APR2624200CE,0.95,3.7,7.05,0.8,76.7,62084490,1.25,0.9,1617850,0.95,1587690,9105395
2026-04-13T10:35:13.768,NF,NIFTY13APR2624200CE,0.95,3.7,7.05,0.8,76.7,62089755,1.25,0.9,1619410,0.95,1587625,9105395
2026-04-13T10:35:15.566,NF,NIFTY13APR2624200CE,0.9,3.7,7.05,0.8,76.7,62090860,1.25,0.9,1610050,0.95,1587560,9105395
2026-04-13T10:35:17.185,NF,NIFTY13APR2624200CE,0.95,3.7,7.05,0.8,76.7,62108930,1.25,0.9,1633775,0.95,1582685,9105395
2026-04-13T10:35:18.773,NF,NIFTY13APR2624200CE,0.95,3.7,7.05,0.8,76.7,62109450,1.25,0.9,1635270,0.95,1574820,9105395
2026-04-13T10:35:20.382,NF,NIFTY13APR2624200CE,0.95,3.7,7.05,0.8,76.7,62117510,1.25,0.9,1635335,0.95,1585935,9105395
2026-04-13T10:35:21.978,NF,NIFTY13APR2624200CE,0.9,3.7,7.05,0.8,76.7,62118225,1.25,0.9,1654250,0.95,1586130,9105395
2026-04-13T10:35:23.601,NF,NIFTY13APR2624200CE,0.95,3.7,7.05,0.8,76.7,62118940,1.25,0.9,1756885,0.95,1585415,9105395
2026-04-13T10:35:25.204,NF,NIFTY13APR2624200CE,0.95,3.7,7.05,0.8,76.7,62121865,1.25,0.9,1753245,0.95,1583335,9105395
2026-04-13T10:35:26.811,NF,NIFTY13APR2624200CE,0.9,3.7,7.05,0.8,76.7,62133305,1.25,0.9,1750905,0.95,1574300,9105395
2026-04-13T10:35:28.587,NF,NIFTY13APR2624200CE,0.9,3.7,7.05,0.8,76.7,62135905,1.25,0.9,1721265,0.95,1572870,9105395
2026-04-13T10:35:30.212,NF,NIFTY13APR2624200CE,0.9,3.7,7.05,0.8,76.7,62142145,1.25,0.9,1719120,0.95,1575990,9105395
2026-04-13T10:35:31.791,NF,NIFTY13APR2624200CE,0.95,3.7,7.05,0.8,76.7,62145590,1.25,0.9,1732835,0.95,1570270,9105395
2026-04-13T10:35:33.594,NF,NIFTY13APR2624200CE,0.9,3.7,7.05,0.8,76.7,62158915,1.25,0.9,1708980,0.95,1570140,9105395
2026-04-13T10:35:35.207,NF,NIFTY13APR2624200CE,0.95,3.7,7.05,0.8,76.7,62165480,1.25,0.9,1727310,0.95,1563185,9105395
2026-04-13T10:35:36.796,NF,NIFTY13APR2624200CE,0.95,3.7,7.05,0.8,76.7,62171980,1.25,0.9,1727765,0.95,1557985,9105395
2026-04-13T10:35:38.411,NF,NIFTY13APR2624200CE,0.9,3.7,7.05,0.8,76.7,62173605,1.25,0.9,1725685,0.95,1556230,9105395
2026-04-13T10:35:40.001,NF,NIFTY13APR2624200CE,0.9,3.7,7.05,0.8,76.7,62177310,1.25,0.9,1728480,0.95,1554995,9105395
2026-04-13T10:35:41.805,NF,NIFTY13APR2624200CE,0.9,3.7,7.05,0.8,76.7,62186540,1.25,0.9,1727570,0.95,1550835,9105395
2026-04-13T10:35:43.405,NF,NIFTY13APR2624200CE,0.9,3.7,7.05,0.8,76.7,62186865,1.25,0.9,1720160,0.95,1551485,9105395
2026-04-13T10:35:45.011,NF,NIFTY13APR2624200CE,0.95,3.7,7.05,0.8,76.7,62189725,1.25,0.9,1724515,0.95,1553370,9105395
2026-04-13T10:35:46.818,NF,NIFTY13APR2624200CE,0.95,3.7,7.05,0.8,76.7,62199020,1.25,0.9,1730885,0.95,1551615,9105395
2026-04-13T10:35:48.439,NF,NIFTY13APR2624200CE,0.95,3.7,7.05,0.8,76.7,62215985,1.25,0.9,1705925,0.95,1553695,9105395
2026-04-13T10:35:50.034,NF,NIFTY13APR2624200CE,0.9,3.7,7.05,0.8,76.7,62217805,1.25,0.9,1706120,0.95,1554605,9105395
2026-04-13T10:35:51.816,NF,NIFTY13APR2624200CE,0.9,3.7,7.05,0.8,76.7,62227035,1.25,0.9,1711125,0.95,1555255,9105395
2026-04-13T10:35:53.427,NF,NIFTY13APR2624200CE,0.9,3.7,7.05,0.8,76.7,62231000,1.25,0.9,1696760,0.95,1565070,9105395
2026-04-13T10:35:55.027,NF,NIFTY13APR2624200CE,0.9,3.7,7.05,0.8,76.7,62233925,1.25,0.9,1693055,0.95,1590030,9105395
2026-04-13T10:35:56.831,NF,NIFTY13APR2624200CE,0.95,3.7,7.05,0.8,76.7,62242310,1.25,0.9,1692665,0.95,1573065,9105395
2026-04-13T10:35:58.437,NF,NIFTY13APR2624200CE,0.9,3.7,7.05,0.8,76.7,62244065,1.25,0.9,1691105,0.95,1604200,9105395
2026-04-13T10:36:00.043,NF,NIFTY13APR2624200CE,0.9,3.7,7.05,0.8,76.7,62245820,1.25,0.9,1691170,0.95,1606150,9105395
2026-04-13T10:36:01.830,NF,NIFTY13APR2624200CE,0.95,3.7,7.05,0.8,76.7,62302370,1.25,0.9,1669005,0.95,1562860,9105395
2026-04-13T10:36:03.436,NF,NIFTY13APR2624200CE,0.9,3.7,7.05,0.8,76.7,62304320,1.25,0.9,1551485,0.95,1585155,9105395
2026-04-13T10:36:05.044,NF,NIFTY13APR2624200CE,0.95,3.7,7.05,0.8,76.7,62305750,1.25,0.9,1551810,0.95,1591395,9105395
2026-04-13T10:36:06.847,NF,NIFTY13APR2624200CE,0.9,3.7,7.05,0.8,76.7,62308805,1.25,0.9,1562860,0.95,1590160,9105395
2026-04-13T10:36:08.438,NF,NIFTY13APR2624200CE,0.9,3.7,7.05,0.8,76.7,62309715,1.25,0.9,1564680,0.95,1589835,9105395
2026-04-13T10:36:10.051,NF,NIFTY13APR2624200CE,0.95,3.7,7.05,0.8,76.7,62312835,1.25,0.9,1565395,0.95,1574495,9105395
2026-04-13T10:36:11.848,NF,NIFTY13APR2624200CE,0.9,3.7,7.05,0.8,76.7,62338380,1.25,0.9,1560195,0.95,1573455,9105395
2026-04-13T10:36:13.446,NF,NIFTY13APR2624200CE,0.9,3.7,7.05,0.8,76.7,62341955,1.25,0.9,1502085,0.95,1588665,9105395
2026-04-13T10:36:15.060,NF,NIFTY13APR2624200CE,0.9,3.7,7.05,0.8,76.7,62343125,1.25,0.9,1502085,0.95,1629160,9105395
2026-04-13T10:36:16.862,NF,NIFTY13APR2624200CE,0.95,3.7,7.05,0.8,76.7,62345530,1.25,0.9,1515150,0.95,1612455,9105395
2026-04-13T10:36:18.462,NF,NIFTY13APR2624200CE,0.9,3.7,7.05,0.8,76.7,62346180,1.25,0.9,1502800,0.95,1618435,9105395
2026-04-13T10:36:20.072,NF,NIFTY13APR2624200CE,0.95,3.7,7.05,0.8,76.7,62353655,1.25,0.9,1513330,0.95,1611935,9105395
2026-04-13T10:36:21.859,NF,NIFTY13APR2624200CE,0.9,3.7,7.05,0.8,76.7,62367045,1.25,0.9,1503710,0.95,1610310,9105395
2026-04-13T10:36:23.473,NF,NIFTY13APR2624200CE,0.95,3.7,7.05,0.8,76.7,62368345,1.25,0.9,1502085,0.95,1616420,9105395
2026-04-13T10:36:25.094,NF,NIFTY13APR2624200CE,0.95,3.7,7.05,0.8,76.7,62378875,1.25,0.9,1500655,0.95,1652300,9105395
2026-04-13T10:36:26.868,NF,NIFTY13APR2624200CE,0.9,3.7,7.05,0.8,76.7,62392265,1.25,0.9,1514175,0.95,1652690,9105395
2026-04-13T10:36:28.475,NF,NIFTY13APR2624200CE,0.9,3.7,7.05,0.8,76.7,62397335,1.25,0.9,1510925,0.95,1649440,9105395
2026-04-13T10:36:30.076,NF,NIFTY13APR2624200CE,0.9,3.7,7.05,0.8,76.7,62404485,1.25,0.9,1504880,0.95,1651130,9105395
2026-04-13T10:36:31.879,NF,NIFTY13APR2624200CE,0.9,3.7,7.05,0.8,76.7,62414755,1.25,0.9,1494415,0.95,1654120,9105395
2026-04-13T10:36:33.487,NF,NIFTY13APR2624200CE,0.9,3.7,7.05,0.8,76.7,62416705,1.25,0.9,1461395,0.95,1656330,9105395
2026-04-13T10:36:35.083,NF,NIFTY13APR2624200CE,0.95,3.7,7.05,0.8,76.7,62418590,1.25,0.9,1449565,0.95,1642030,9105395
2026-04-13T10:36:36.885,NF,NIFTY13APR2624200CE,0.9,3.7,7.05,0.8,76.7,62429640,1.25,0.9,1467050,0.95,1672060,9105395
2026-04-13T10:36:38.488,NF,NIFTY13APR2624200CE,0.95,3.7,7.05,0.8,76.7,62444200,1.25,0.9,1450865,0.95,1654250,9105395
2026-04-13T10:36:40.094,NF,NIFTY13APR2624200CE,0.95,3.7,7.05,0.8,76.7,62448880,1.25,0.9,1443455,0.95,1658800,9105395
2026-04-13T10:36:41.892,NF,NIFTY13APR2624200CE,0.9,3.7,7.05,0.8,76.7,62457070,1.25,0.9,1444560,0.95,1687205,9105395
2026-04-13T10:36:43.496,NF,NIFTY13APR2624200CE,0.95,3.7,7.05,0.8,76.7,62461620,1.25,0.9,1451775,0.95,1697670,9105395
2026-04-13T10:36:45.102,NF,NIFTY13APR2624200CE,0.95,3.7,7.05,0.8,76.7,62474685,1.25,0.9,1438970,0.95,1690650,9105395
2026-04-13T10:36:46.900,NF,NIFTY13APR2624200CE,0.95,3.7,7.05,0.8,76.7,62488920,1.25,0.9,1442220,0.95,1690130,9105395
2026-04-13T10:36:48.505,NF,NIFTY13APR2624200CE,0.9,3.7,7.05,0.8,76.7,62494640,1.25,0.9,1431495,0.95,1691885,9105395
2026-04-13T10:36:50.106,NF,NIFTY13APR2624200CE,0.95,3.7,7.05,0.8,76.7,62496655,1.25,0.9,1542125,0.95,1693315,9105395
2026-04-13T10:36:51.914,NF,NIFTY13APR2624200CE,0.95,3.7,7.05,0.8,76.7,62506405,1.25,0.9,1551810,0.95,1676155,9105395
2026-04-13T10:36:53.514,NF,NIFTY13APR2624200CE,0.95,3.7,7.05,0.8,76.7,62514010,1.25,0.9,1547065,0.95,1671735,9105395
2026-04-13T10:36:55.115,NF,NIFTY13APR2624200CE,0.95,3.7,7.05,0.8,76.7,62515245,1.25,0.9,1546740,0.95,1672905,9105395
2026-04-13T10:36:56.916,NF,NIFTY13APR2624200CE,0.9,3.7,7.05,0.8,76.7,62527335,1.25,0.9,1527695,0.95,1727895,9105395
2026-04-13T10:36:58.522,NF,NIFTY13APR2624200CE,0.9,3.7,7.05,0.8,76.7,62530260,1.25,0.9,1522040,0.95,1742130,9105395
2026-04-13T10:37:00.126,NF,NIFTY13APR2624200CE,0.95,3.7,7.05,0.8,76.7,62533120,1.25,0.9,1534650,0.95,1728935,9105395
2026-04-13T10:37:01.925,NF,NIFTY13APR2624200CE,0.9,3.7,7.05,0.8,76.7,62533510,1.25,0.9,1520610,0.95,1762800,9105395
2026-04-13T10:37:03.530,NF,NIFTY13APR2624200CE,0.9,3.7,7.05,0.8,76.7,62535005,1.25,0.9,1521195,0.95,1762930,9105395
2026-04-13T10:37:05.132,NF,NIFTY13APR2624200CE,0.95,3.7,7.05,0.8,76.7,62537865,1.25,0.9,1536665,0.95,1745445,9105395
2026-04-13T10:37:06.933,NF,NIFTY13APR2624200CE,0.95,3.7,7.05,0.8,76.7,62538580,1.25,0.9,1534260,0.95,1754740,9105395
2026-04-13T10:37:08.537,NF,NIFTY13APR2624200CE,0.9,3.7,7.05,0.8,76.7,62541440,1.25,0.9,1531595,0.95,1762865,9105395
2026-04-13T10:37:10.143,NF,NIFTY13APR2624200CE,0.95,3.7,7.05,0.8,76.7,62548265,1.25,0.9,1531725,0.95,1748890,9105395
2026-04-13T10:37:11.942,NF,NIFTY13APR2624200CE,0.9,3.7,7.05,0.8,76.7,62554115,1.25,0.9,1529320,0.95,1769105,9105395
2026-04-13T10:37:13.550,NF,NIFTY13APR2624200CE,0.95,3.7,7.05,0.8,76.7,62567700,1.25,0.9,1532505,0.95,1747330,9105395
2026-04-13T10:37:15.149,NF,NIFTY13APR2624200CE,0.95,3.7,7.05,0.8,76.7,62568090,1.25,0.9,1527305,0.95,1733355,9105395
2026-04-13T10:37:16.958,NF,NIFTY13APR2624200CE,0.9,3.7,7.05,0.8,76.7,62569715,1.25,0.9,1524250,0.95,1727180,9105395
2026-04-13T10:37:18.552,NF,NIFTY13APR2624200CE,0.95,3.7,7.05,0.8,76.7,62570365,1.25,0.9,1531270,0.95,1727895,9105395
2026-04-13T10:37:20.167,NF,NIFTY13APR2624200CE,0.9,3.7,7.05,0.8,76.7,62570625,1.25,0.9,1531270,0.95,1727375,9105395
2026-04-13T10:37:21.768,NF,NIFTY13APR2624200CE,0.95,3.7,7.05,0.8,76.7,62576280,1.25,0.9,1516840,0.95,1728740,9105395
2026-04-13T10:37:23.386,NF,NIFTY13APR2624200CE,0.95,3.7,7.05,0.8,76.7,62578360,1.25,0.9,1514825,0.95,1736670,9105395
2026-04-13T10:37:24.968,NF,NIFTY13APR2624200CE,0.95,3.7,7.05,0.8,76.7,62579595,1.25,0.9,1519960,0.95,1727635,9105395
2026-04-13T10:37:26.788,NF,NIFTY13APR2624200CE,0.9,3.7,7.05,0.8,76.7,62588825,1.25,0.9,1528605,0.95,1770470,9105395
2026-04-13T10:37:28.375,NF,NIFTY13APR2624200CE,0.95,3.7,7.05,0.8,76.7,62591750,1.25,0.9,1533025,0.95,1775085,9105395
2026-04-13T10:37:29.974,NF,NIFTY13APR2624200CE,0.95,3.7,7.05,0.8,76.7,62594090,1.25,0.9,1528215,0.95,1784965,9275565
2026-04-13T10:37:31.602,NF,NIFTY13APR2624200CE,0.9,3.7,7.05,0.8,76.7,62605335,1.25,0.9,1522105,0.95,1777230,9275565
2026-04-13T10:37:33.224,NF,NIFTY13APR2624200CE,0.9,3.7,7.05,0.8,76.7,62610145,1.25,0.9,1518140,0.95,1809470,9275565
2026-04-13T10:37:34.786,NF,NIFTY13APR2624200CE,0.9,3.7,7.05,0.8,76.7,62612550,1.25,0.9,1516255,0.95,1841645,9275565
2026-04-13T10:37:36.661,NF,NIFTY13APR2624200CE,0.9,3.7,7.05,0.8,76.7,62621520,1.25,0.9,1521585,0.95,1840670,9275565
2026-04-13T10:37:38.235,NF,NIFTY13APR2624200CE,0.95,3.7,7.05,0.8,76.7,62628865,1.25,0.9,1521585,0.95,1810250,9275565
2026-04-13T10:37:39.804,NF,NIFTY13APR2624200CE,0.95,3.7,7.05,0.8,76.7,62632570,1.25,0.9,1527110,0.95,1793675,9275565
2026-04-13T10:37:41.397,NF,NIFTY13APR2624200CE,0.9,3.7,7.05,0.8,76.7,62641215,1.25,0.9,1538745,0.95,1791595,9275565
2026-04-13T10:37:43.199,NF,NIFTY13APR2624200CE,0.9,3.7,7.05,0.8,76.7,62642970,1.25,0.9,1521390,0.95,1817660,9275565
2026-04-13T10:37:44.797,NF,NIFTY13APR2624200CE,0.9,3.7,7.05,0.8,76.7,62646480,1.25,0.9,1595100,0.95,1819155,9275565
2026-04-13T10:37:46.399,NF,NIFTY13APR2624200CE,0.95,3.7,7.05,0.8,76.7,62660195,1.25,0.9,1593930,0.95,1833975,9275565
2026-04-13T10:37:48.199,NF,NIFTY13APR2624200CE,0.95,3.7,7.05,0.8,76.7,62661625,1.25,0.9,1604005,0.95,1829555,9275565
2026-04-13T10:37:49.801,NF,NIFTY13APR2624200CE,0.95,3.7,7.05,0.8,76.7,62662210,1.25,0.9,1616680,0.95,1813305,9275565
2026-04-13T10:37:51.418,NF,NIFTY13APR2624200CE,0.9,3.7,7.05,0.8,76.7,62667670,1.25,0.9,1614600,0.95,1805570,9275565
2026-04-13T10:37:53.210,NF,NIFTY13APR2624200CE,0.9,3.7,7.05,0.8,76.7,62672285,1.25,0.9,1594060,0.95,1812395,9275565
2026-04-13T10:37:54.815,NF,NIFTY13APR2624200CE,0.95,3.7,7.05,0.8,76.7,62672350,1.25,0.9,1606085,0.95,1820390,9275565
2026-04-13T10:37:56.416,NF,NIFTY13APR2624200CE,0.95,3.7,7.05,0.8,76.7,62681710,1.25,0.9,1598610,0.95,1826695,9275565
2026-04-13T10:37:58.213,NF,NIFTY13APR2624200CE,0.95,3.7,7.05,0.8,76.7,62682880,1.25,0.9,1599455,0.95,1824485,9275565
2026-04-13T10:37:59.829,NF,NIFTY13APR2624200CE,0.9,3.7,7.05,0.8,76.7,62683400,1.25,0.9,1611025,0.95,1821170,9275565
2026-04-13T10:38:01.421,NF,NIFTY13APR2624200CE,0.9,3.7,7.05,0.8,76.7,62686845,1.25,0.9,1604330,0.95,1822405,9275565
2026-04-13T10:38:03.223,NF,NIFTY13APR2624200CE,0.9,3.7,7.05,0.8,76.7,62695620,1.25,0.9,1597895,0.95,1816815,9275565
2026-04-13T10:38:04.829,NF,NIFTY13APR2624200CE,0.95,3.7,7.05,0.8,76.7,62703225,1.25,0.9,1605695,0.95,1808625,9275565
2026-04-13T10:38:06.426,NF,NIFTY13APR2624200CE,0.9,3.7,7.05,0.8,76.7,62706670,1.25,0.9,1596790,0.95,1815255,9275565
2026-04-13T10:38:08.232,NF,NIFTY13APR2624200CE,0.95,3.7,7.05,0.8,76.7,62709205,1.25,0.9,1596075,0.95,1811030,9275565
2026-04-13T10:38:09.833,NF,NIFTY13APR2624200CE,0.85,3.7,7.05,0.8,76.7,62818600,1.25,0.85,1885975,0.9,1364155,9275565
2026-04-13T10:38:11.433,NF,NIFTY13APR2624200CE,0.9,3.7,7.05,0.8,76.7,62819965,1.25,0.85,1882140,0.9,1427465,9275565
2026-04-13T10:38:13.242,NF,NIFTY13APR2624200CE,0.85,3.7,7.05,0.8,76.7,62833290,1.25,0.85,1882140,0.9,1414985,9275565
2026-04-13T10:38:14.838,NF,NIFTY13APR2624200CE,0.85,3.7,7.05,0.8,76.7,62835760,1.25,0.85,1880580,0.9,1452620,9275565
2026-04-13T10:38:16.439,NF,NIFTY13APR2624200CE,0.85,3.7,7.05,0.8,76.7,62837970,1.25,0.85,1879410,0.9,1455155,9275565
2026-04-13T10:38:18.240,NF,NIFTY13APR2624200CE,0.85,3.7,7.05,0.8,76.7,62862345,1.25,0.85,1857310,0.9,1461915,9275565
2026-04-13T10:38:19.851,NF,NIFTY13APR2624200CE,0.85,3.7,7.05,0.8,76.7,62904530,1.25,0.85,1811290,0.9,1514565,9275565
2026-04-13T10:38:21.446,NF,NIFTY13APR2624200CE,0.85,3.7,7.05,0.8,76.7,62926305,1.25,0.85,1822860,0.9,1504620,9275565
2026-04-13T10:38:23.254,NF,NIFTY13APR2624200CE,0.85,3.7,7.05,0.8,76.7,62932285,1.25,0.85,1823835,0.9,1511510,9275565
2026-04-13T10:38:24.858,NF,NIFTY13APR2624200CE,0.85,3.7,7.05,0.8,76.7,62941710,1.25,0.85,1827280,0.9,1513915,9275565
2026-04-13T10:38:26.453,NF,NIFTY13APR2624200CE,0.9,3.7,7.05,0.8,76.7,62947820,1.25,0.85,1839500,0.9,1498380,9275565
2026-04-13T10:38:28.254,NF,NIFTY13APR2624200CE,0.9,3.7,7.05,0.8,76.7,62948015,1.25,0.85,1841385,0.9,1498640,9275565
2026-04-13T10:38:29.860,NF,NIFTY13APR2624200CE,0.9,3.7,7.05,0.8,76.7,62951005,1.25,0.85,1844700,0.9,1500070,9275565
2026-04-13T10:38:31.463,NF,NIFTY13APR2624200CE,0.9,3.7,7.05,0.8,76.7,62951785,1.25,0.85,1843140,0.9,1494480,9275565
2026-04-13T10:38:33.266,NF,NIFTY13APR2624200CE,0.85,3.7,7.05,0.8,76.7,62952500,1.25,0.85,1843010,0.9,1494350,9275565
2026-04-13T10:38:34.865,NF,NIFTY13APR2624200CE,0.85,3.7,7.05,0.8,76.7,62956595,1.25,0.85,1838915,0.9,1494740,9275565
2026-04-13T10:38:36.468,NF,NIFTY13APR2624200CE,0.85,3.7,7.05,0.8,76.7,62959520,1.25,0.85,1839695,0.9,1490190,9275565
2026-04-13T10:38:38.078,NF,NIFTY13APR2624200CE,0.9,3.7,7.05,0.8,76.7,62960235,1.25,0.85,1841580,0.9,1489735,9275565
2026-04-13T10:38:39.681,NF,NIFTY13APR2624200CE,0.85,3.7,7.05,0.8,76.7,62960365,1.25,0.85,1841320,0.9,1491490,9275565
2026-04-13T10:38:41.275,NF,NIFTY13APR2624200CE,0.85,3.7,7.05,0.8,76.7,62964265,1.25,0.85,1838980,0.9,1490450,9275565
2026-04-13T10:38:43.078,NF,NIFTY13APR2624200CE,0.9,3.7,7.05,0.8,76.7,62965760,1.25,0.85,1839500,0.9,1489800,9275565
2026-04-13T10:38:44.679,NF,NIFTY13APR2624200CE,0.85,3.7,7.05,0.8,76.7,62967775,1.25,0.85,1839435,0.9,1492595,9275565
2026-04-13T10:38:46.299,NF,NIFTY13APR2624200CE,0.9,3.7,7.05,0.8,76.7,62975055,1.25,0.85,1854775,0.9,1480115,9275565
2026-04-13T10:38:47.886,NF,NIFTY13APR2624200CE,0.85,3.7,7.05,0.8,76.7,62977655,1.25,0.85,1851720,0.9,1496950,9275565
2026-04-13T10:38:49.685,NF,NIFTY13APR2624200CE,0.85,3.7,7.05,0.8,76.7,62984740,1.25,0.85,1828710,0.9,1515150,9275565
2026-04-13T10:38:51.305,NF,NIFTY13APR2624200CE,0.85,3.7,7.05,0.8,76.7,62988900,1.25,0.85,1826175,0.9,1514045,9275565
2026-04-13T10:38:52.907,NF,NIFTY13APR2624200CE,0.9,3.7,7.05,0.8,76.7,62990915,1.25,0.85,1831635,0.9,1509105,9275565
2026-04-13T10:38:54.704,NF,NIFTY13APR2624200CE,0.85,3.7,7.05,0.8,76.7,62991955,1.25,0.85,1828255,0.9,1506635,9275565
2026-04-13T10:38:56.311,NF,NIFTY13APR2624200CE,0.85,3.7,7.05,0.8,76.7,62997870,1.25,0.85,1826695,0.9,1498770,9275565
2026-04-13T10:38:57.908,NF,NIFTY13APR2624200CE,0.9,3.7,7.05,0.8,76.7,62999300,1.25,0.85,1844375,0.9,1481415,9275565
2026-04-13T10:38:59.702,NF,NIFTY13APR2624200CE,0.9,3.7,7.05,0.8,76.7,63002290,1.25,0.85,1833260,0.9,1502475,9275565
2026-04-13T10:39:01.319,NF,NIFTY13APR2624200CE,0.85,3.7,7.05,0.8,76.7,63005345,1.25,0.85,1829750,0.9,1490320,9275565
2026-04-13T10:39:02.913,NF,NIFTY13APR2624200CE,0.85,3.7,7.05,0.8,76.7,63005930,1.25,0.85,1835015,0.9,1490970,9275565
2026-04-13T10:39:04.712,NF,NIFTY13APR2624200CE,0.85,3.7,7.05,0.8,76.7,63019710,1.25,0.85,1825850,0.9,1484730,9275565
2026-04-13T10:39:06.327,NF,NIFTY13APR2624200CE,0.85,3.7,7.05,0.8,76.7,63020815,1.25,0.85,1835080,0.9,1477450,9275565
2026-04-13T10:39:07.930,NF,NIFTY13APR2624200CE,0.9,3.7,7.05,0.8,76.7,63021465,1.25,0.85,1833650,0.9,1476540,9275565
2026-04-13T10:39:09.724,NF,NIFTY13APR2624200CE,0.9,3.7,7.05,0.8,76.7,63022375,1.25,0.85,1833325,0.9,1474005,9275565
2026-04-13T10:39:11.318,NF,NIFTY13APR2624200CE,0.9,3.7,7.05,0.8,76.7,63035570,1.25,0.85,1850810,0.9,1471145,9275565
2026-04-13T10:39:12.933,NF,NIFTY13APR2624200CE,0.9,3.7,7.05,0.8,76.7,63038560,1.25,0.85,1849510,0.9,1468545,9275565
2026-04-13T10:39:14.726,NF,NIFTY13APR2624200CE,0.85,3.7,7.05,0.8,76.7,63081005,1.25,0.85,1810900,0.9,1476085,9275565
2026-04-13T10:39:16.325,NF,NIFTY13APR2624200CE,0.9,3.7,7.05,0.8,76.7,63089325,1.25,0.85,1812070,0.9,1467310,9275565
2026-04-13T10:39:17.927,NF,NIFTY13APR2624200CE,0.85,3.7,7.05,0.8,76.7,63090625,1.25,0.85,1799265,0.9,1470430,9275565
2026-04-13T10:39:19.727,NF,NIFTY13APR2624200CE,0.9,3.7,7.05,0.8,76.7,63093940,1.25,0.85,1811355,0.9,1463345,9275565
2026-04-13T10:39:21.329,NF,NIFTY13APR2624200CE,0.9,3.7,7.05,0.8,76.7,63103495,1.25,0.85,1811355,0.9,1468480,9275565
2026-04-13T10:39:22.939,NF,NIFTY13APR2624200CE,0.9,3.7,7.05,0.8,76.7,63188775,1.25,0.9,2020590,0.95,2000115,9275565
2026-04-13T10:39:24.733,NF,NIFTY13APR2624200CE,0.95,3.7,7.05,0.8,76.7,63190335,1.25,0.9,2046395,0.95,1996670,9275565
2026-04-13T10:39:26.336,NF,NIFTY13APR2624200CE,0.95,3.7,7.05,0.8,76.7,63190595,1.25,0.9,2076035,0.95,1985880,9275565
2026-04-13T10:39:27.943,NF,NIFTY13APR2624200CE,0.9,3.7,7.05,0.8,76.7,63193065,1.25,0.9,2076750,0.95,1985815,9275565
2026-04-13T10:39:29.738,NF,NIFTY13APR2624200CE,0.95,3.7,7.05,0.8,76.7,63195145,1.25,0.9,2089295,0.95,1985490,9275565
2026-04-13T10:39:31.354,NF,NIFTY13APR2624200CE,0.95,3.7,7.05,0.8,76.7,63197550,1.25,0.9,2088515,0.95,1985295,9275565
2026-04-13T10:39:32.955,NF,NIFTY13APR2624200CE,0.95,3.7,7.05,0.8,76.7,63200540,1.25,0.9,2088125,0.95,1981785,9275565
2026-04-13T10:39:34.752,NF,NIFTY13APR2624200CE,0.9,3.7,7.05,0.8,76.7,63247600,1.24,0.9,2040740,0.95,1982240,9275565
2026-04-13T10:39:36.349,NF,NIFTY13APR2624200CE,0.95,3.7,7.05,0.8,76.7,63252150,1.24,0.9,2043470,0.95,1976260,9275565
2026-04-13T10:39:37.962,NF,NIFTY13APR2624200CE,0.95,3.7,7.05,0.8,76.7,63253320,1.24,0.9,2038660,0.95,1976585,9275565
2026-04-13T10:39:39.574,NF,NIFTY13APR2624200CE,0.95,3.7,7.05,0.8,76.7,63254360,1.24,0.9,2038465,0.95,1975220,9275565
2026-04-13T10:39:41.160,NF,NIFTY13APR2624200CE,0.9,3.7,7.05,0.8,76.7,63257610,1.24,0.9,2049125,0.95,1971840,9275565
2026-04-13T10:39:42.963,NF,NIFTY13APR2624200CE,0.95,3.7,7.05,0.8,76.7,63260015,1.24,0.9,2049905,0.95,1981460,9275565
2026-04-13T10:39:44.564,NF,NIFTY13APR2624200CE,0.95,3.7,7.05,0.8,76.7,63266255,1.24,0.9,2041780,0.95,1836510,9275565
2026-04-13T10:39:46.165,NF,NIFTY13APR2624200CE,0.95,3.7,7.05,0.8,76.7,63268920,1.24,0.9,2040285,0.95,1834625,9275565
2026-04-13T10:39:47.979,NF,NIFTY13APR2624200CE,0.9,3.7,7.05,0.8,76.7,63270025,1.24,0.9,2039180,0.95,1855750,9275565
2026-04-13T10:39:49.564,NF,NIFTY13APR2624200CE,0.95,3.7,7.05,0.8,76.7,63272755,1.24,0.9,2038660,0.95,1852305,9275565
2026-04-13T10:39:51.172,NF,NIFTY13APR2624200CE,0.95,3.7,7.05,0.8,76.7,63274770,1.24,0.9,2037620,0.95,1846195,9275565
2026-04-13T10:39:52.978,NF,NIFTY13APR2624200CE,0.95,3.7,7.05,0.8,76.7,63276655,1.24,0.9,2037750,0.95,1868945,9275565
2026-04-13T10:39:54.574,NF,NIFTY13APR2624200CE,0.95,3.7,7.05,0.8,76.7,63277045,1.24,0.9,2038725,0.95,1867190,9275565
2026-04-13T10:39:56.176,NF,NIFTY13APR2624200CE,0.9,3.7,7.05,0.8,76.7,63279515,1.24,0.9,2040090,0.95,1864655,9275565
2026-04-13T10:39:57.983,NF,NIFTY13APR2624200CE,0.95,3.7,7.05,0.8,76.7,63520015,1.24,0.9,2147470,0.95,984750,9275565
2026-04-13T10:39:59.580,NF,NIFTY13APR2624200CE,0.95,3.7,7.05,0.8,76.7,63526970,1.24,0.9,2163525,0.95,1194700,9275565
2026-04-13T10:40:01.196,NF,NIFTY13APR2624200CE,0.95,3.7,7.05,0.8,76.7,63538865,1.24,0.9,2150720,0.95,1257685,9275565
2026-04-13T10:40:02.996,NF,NIFTY13APR2624200CE,0.95,3.7,7.05,0.8,76.7,63544130,1.24,0.9,2148250,0.95,1252160,9275565
2026-04-13T10:40:04.613,NF,NIFTY13APR2624200CE,0.95,3.7,7.05,0.8,76.7,63548420,1.24,0.9,2150070,0.95,1263535,9275565
2026-04-13T10:40:06.200,NF,NIFTY13APR2624200CE,0.9,3.7,7.05,0.8,76.7,63565580,1.24,0.9,2140385,0.95,1317095,9275565
2026-04-13T10:40:07.799,NF,NIFTY13APR2624200CE,0.9,3.7,7.05,0.8,76.7,63571235,1.24,0.9,2137655,0.95,1478100,9275565
2026-04-13T10:40:09.603,NF,NIFTY13APR2624200CE,0.9,3.7,7.05,0.8,76.7,63582155,1.24,0.9,2141165,0.95,1515735,9275565
2026-04-13T10:40:11.203,NF,NIFTY13APR2624200CE,0.95,3.7,7.05,0.8,76.7,63585015,1.24,0.9,2135055,0.95,1526265,9275565
2026-04-13T10:40:12.814,NF,NIFTY13APR2624200CE,0.9,3.7,7.05,0.8,76.7,63587680,1.24,0.9,2134275,0.95,1530945,9275565
2026-04-13T10:40:14.613,NF,NIFTY13APR2624200CE,0.9,3.7,7.05,0.8,76.7,63603670,1.24,0.9,2098590,0.95,1564420,9275565
2026-04-13T10:40:16.218,NF,NIFTY13APR2624200CE,0.95,3.7,7.05,0.8,76.7,63608155,1.24,0.9,2100020,0.95,1582100,9275565
2026-04-13T10:40:17.825,NF,NIFTY13APR2624200CE,0.9,3.7,7.05,0.8,76.7,63619335,1.24,0.9,2092545,0.95,1637025,9275565
2026-04-13T10:40:19.625,NF,NIFTY13APR2624200CE,0.9,3.7,7.05,0.8,76.7,63625120,1.24,0.9,2122120,0.95,1608555,9275565
2026-04-13T10:40:21.217,NF,NIFTY13APR2624200CE,0.95,3.7,7.05,0.8,76.7,63626290,1.24,0.9,2125695,0.95,1608035,9275565
2026-04-13T10:40:22.837,NF,NIFTY13APR2624200CE,0.95,3.7,7.05,0.8,76.7,63634545,1.24,0.9,2125695,0.95,1613950,9275565
2026-04-13T10:40:24.618,NF,NIFTY13APR2624200CE,0.9,3.7,7.05,0.8,76.7,63648520,1.24,0.9,2115425,0.95,1610310,9275565
2026-04-13T10:40:26.224,NF,NIFTY13APR2624200CE,0.9,3.7,7.05,0.8,76.7,63670035,1.24,0.9,2114710,0.95,1627730,9275565
2026-04-13T10:40:27.827,NF,NIFTY13APR2624200CE,0.9,3.7,7.05,0.8,76.7,63688430,1.24,0.9,2102295,0.95,1630850,9275565
2026-04-13T10:40:29.625,NF,NIFTY13APR2624200CE,0.9,3.7,7.05,0.8,76.7,63715730,1.24,0.9,2064205,0.95,1638000,9275565
2026-04-13T10:40:31.285,NF,NIFTY13APR2624200CE,0.95,3.7,7.05,0.8,76.7,63719825,1.24,0.9,2098590,0.95,1629485,9625460
2026-04-13T10:40:32.835,NF,NIFTY13APR2624200CE,0.9,3.7,7.05,0.8,76.7,63719955,1.24,0.9,2085330,0.95,1633385,9625460
2026-04-13T10:40:34.645,NF,NIFTY13APR2624200CE,0.9,3.7,7.05,0.8,76.7,63721970,1.24,0.9,2096965,0.95,1628640,9625460
2026-04-13T10:40:36.246,NF,NIFTY13APR2624200CE,0.95,3.7,7.05,0.8,76.7,63732045,1.24,0.9,2088905,0.95,1636310,9625460
2026-04-13T10:40:38.044,NF,NIFTY13APR2624200CE,0.95,3.7,7.05,0.8,76.7,63733085,1.24,0.9,2107235,0.95,1637740,9625460
2026-04-13T10:40:39.838,NF,NIFTY13APR2624200CE,0.95,3.7,7.05,0.8,76.7,63739520,1.24,0.9,2116595,0.95,1644825,9625460
2026-04-13T10:40:41.458,NF,NIFTY13APR2624200CE,0.95,3.7,7.05,0.8,76.7,63742900,1.24,0.9,2128100,0.95,1642810,9625460
2026-04-13T10:40:43.062,NF,NIFTY13APR2624200CE,0.95,3.7,7.05,0.8,76.7,63744525,1.24,0.9,2131805,0.95,1644890,9625460
2026-04-13T10:40:44.864,NF,NIFTY13APR2624200CE,0.95,3.7,7.05,0.8,76.7,63842870,1.24,0.95,1085695,1.0,1873365,9625460
2026-04-13T10:40:46.461,NF,NIFTY13APR2624200CE,1.0,3.7,7.05,0.8,76.7,63845015,1.24,0.95,1361295,1.0,1886105,9625460
2026-04-13T10:40:48.064,NF,NIFTY13APR2624200CE,0.95,3.7,7.05,0.8,76.7,63845210,1.24,0.95,1360970,1.0,1887990,9625460
2026-04-13T10:40:49.866,NF,NIFTY13APR2624200CE,0.95,3.7,7.05,0.8,76.7,63847745,1.24,0.95,1373190,1.0,1887600,9625460
2026-04-13T10:40:51.522,NF,NIFTY13APR2624200CE,0.95,3.7,7.05,0.8,76.7,63849955,1.24,0.95,1366560,1.0,1889160,9625460
2026-04-13T10:40:53.065,NF,NIFTY13APR2624200CE,1.0,3.7,7.05,0.8,76.7,64034425,1.24,0.95,1158690,1.0,1903720,9625460
2026-04-13T10:40:54.869,NF,NIFTY13APR2624200CE,0.95,3.7,7.05,0.8,76.7,64037285,1.24,0.95,1201265,1.0,1890395,9625460
2026-04-13T10:40:56.473,NF,NIFTY13APR2624200CE,1.0,3.7,7.05,0.8,76.7,64113010,1.24,0.95,1206595,1.0,1944865,9625460
2026-04-13T10:40:58.079,NF,NIFTY13APR2624200CE,1.0,3.7,7.05,0.8,76.7,64113660,1.24,0.95,1208610,1.0,1939990,9625460
2026-04-13T10:40:59.887,NF,NIFTY13APR2624200CE,1.0,3.7,7.05,0.8,76.7,64119380,1.24,0.95,1219855,1.0,1937000,9625460
2026-04-13T10:41:01.474,NF,NIFTY13APR2624200CE,1.0,3.7,7.05,0.8,76.7,64127895,1.24,0.95,1207505,1.0,1919320,9625460
2026-04-13T10:41:03.082,NF,NIFTY13APR2624200CE,1.0,3.7,7.05,0.8,76.7,64128870,1.24,0.95,1220115,1.0,1920685,9625460
2026-04-13T10:41:04.712,NF,NIFTY13APR2624200CE,1.0,3.7,7.05,0.8,76.7,64131860,1.24,0.95,1220310,1.0,1923935,9625460
2026-04-13T10:41:06.478,NF,NIFTY13APR2624200CE,1.0,3.7,7.05,0.8,76.7,64133550,1.24,0.95,1222325,1.0,1921075,9625460
2026-04-13T10:41:08.092,NF,NIFTY13APR2624200CE,0.95,3.7,7.05,0.8,76.7,64134980,1.24,0.95,1203995,1.0,1922700,9625460
2026-04-13T10:41:09.689,NF,NIFTY13APR2624200CE,1.0,3.7,7.05,0.8,76.7,64135890,1.24,0.95,1217905,1.0,1926665,9625460
2026-04-13T10:41:11.490,NF,NIFTY13APR2624200CE,1.0,3.7,7.05,0.8,76.7,64136345,1.24,0.95,1219400,1.0,1926405,9625460
2026-04-13T10:41:13.088,NF,NIFTY13APR2624200CE,1.0,3.7,7.05,0.8,76.7,64136800,1.24,0.95,1218295,1.0,1923415,9625460
2026-04-13T10:41:14.705,NF,NIFTY13APR2624200CE,1.0,3.7,7.05,0.8,76.7,64157340,1.24,0.95,1251315,1.0,1859000,9625460
2026-04-13T10:41:16.491,NF,NIFTY13APR2624200CE,0.95,3.7,7.05,0.8,76.7,64165010,1.24,0.95,1254500,1.0,1883635,9625460
2026-04-13T10:41:18.095,NF,NIFTY13APR2624200CE,1.0,3.7,7.05,0.8,76.7,64171250,1.24,0.95,1298765,1.0,1922635,9625460
2026-04-13T10:41:19.709,NF,NIFTY13APR2624200CE,0.95,3.7,7.05,0.8,76.7,64173070,1.24,0.95,1319825,1.0,1969175,9625460
2026-04-13T10:41:21.505,NF,NIFTY13APR2624200CE,0.95,3.7,7.05,0.8,76.7,64177100,1.24,0.95,1304940,1.0,2146560,9625460
2026-04-13T10:41:23.121,NF,NIFTY13APR2624200CE,1.0,3.7,7.05,0.8,76.7,64182235,1.24,0.95,1308970,1.0,2193620,9625460
2026-04-13T10:41:24.713,NF,NIFTY13APR2624200CE,0.95,3.7,7.05,0.8,76.7,64183405,1.24,0.95,1307215,1.0,2199405,9625460
2026-04-13T10:41:26.520,NF,NIFTY13APR2624200CE,0.95,3.7,7.05,0.8,76.7,64184445,1.24,0.95,1310400,1.0,2197195,9625460
2026-04-13T10:41:28.108,NF,NIFTY13APR2624200CE,1.0,3.7,7.05,0.8,76.7,64185875,1.24,0.95,1308710,1.0,2209350,9625460
2026-04-13T10:41:29.731,NF,NIFTY13APR2624200CE,1.0,3.7,7.05,0.8,76.7,64188930,1.24,0.95,1366950,1.0,2173015,9625460
2026-04-13T10:41:31.511,NF,NIFTY13APR2624200CE,1.0,3.7,7.05,0.8,76.7,64278500,1.24,0.95,1441570,1.0,2058095,9625460
2026-04-13T10:41:33.118,NF,NIFTY13APR2624200CE,0.95,3.7,7.05,0.8,76.7,64279540,1.24,0.95,1417065,1.0,2073500,9625460
2026-04-13T10:41:34.718,NF,NIFTY13APR2624200CE,1.0,3.7,7.05,0.8,76.7,64281685,1.24,0.95,1415375,1.0,2108665,9625460
2026-04-13T10:41:36.536,NF,NIFTY13APR2624200CE,0.95,3.7,7.05,0.8,76.7,64744355,1.24,0.9,2133885,0.95,1777945,9625460
2026-04-13T10:41:39.156,NF,NIFTY13APR2624200CE,0.95,3.7,7.05,0.8,76.7,64759760,1.24,0.9,2131350,0.95,1811875,9625460
2026-04-13T10:41:40.924,NF,NIFTY13APR2624200CE,0.9,3.7,7.05,0.8,76.7,64767625,1.24,0.9,2121730,0.95,1811095,9625460
2026-04-13T10:41:42.558,NF,NIFTY13APR2624200CE,0.9,3.7,7.05,0.8,76.7,64783095,1.24,0.9,2114255,0.95,1824160,9625460
2026-04-13T10:41:44.132,NF,NIFTY13APR2624200CE,0.9,3.7,7.05,0.8,76.7,64840880,1.24,0.9,1648595,0.95,1860885,9625460
2026-04-13T10:41:45.938,NF,NIFTY13APR2624200CE,0.85,3.7,7.05,0.8,76.7,64971140,1.24,0.85,1927835,0.9,1685450,9625460
2026-04-13T10:41:47.558,NF,NIFTY13APR2624200CE,0.85,3.7,7.05,0.8,76.7,64972830,1.24,0.85,1950845,0.9,1774045,9625460
2026-04-13T10:41:49.138,NF,NIFTY13APR2624200CE,0.85,3.7,7.05,0.8,76.7,64976730,1.24,0.85,1949155,0.9,1763385,9625460
2026-04-13T10:41:50.951,NF,NIFTY13APR2624200CE,0.85,3.7,7.05,0.8,76.7,64979135,1.24,0.85,1943825,0.9,1761110,9625460
2026-04-13T10:41:52.572,NF,NIFTY13APR2624200CE,0.85,3.7,7.05,0.8,76.7,64981085,1.24,0.85,1945190,0.9,1795495,9625460
2026-04-13T10:41:54.159,NF,NIFTY13APR2624200CE,0.85,3.7,7.05,0.8,76.7,64988690,1.24,0.85,1954030,0.9,1811420,9625460
2026-04-13T10:41:55.945,NF,NIFTY13APR2624200CE,0.85,3.7,7.05,0.8,76.7,64990770,1.24,0.85,1939210,0.9,1826500,9625460
2026-04-13T10:41:57.561,NF,NIFTY13APR2624200CE,0.85,3.7,7.05,0.8,76.7,64993370,1.24,0.85,1952925,0.9,1857635,9625460
2026-04-13T10:41:59.170,NF,NIFTY13APR2624200CE,0.85,3.7,7.05,0.8,76.7,64995385,1.24,0.85,1939145,0.9,1861470,9625460
2026-04-13T10:42:00.953,NF,NIFTY13APR2624200CE,0.9,3.7,7.05,0.8,76.7,64999935,1.24,0.85,1951235,0.9,1836640,9625460
2026-04-13T10:42:02.558,NF,NIFTY13APR2624200CE,0.9,3.7,7.05,0.8,76.7,65003380,1.24,0.85,1948700,0.9,1837225,9625460
2026-04-13T10:42:04.160,NF,NIFTY13APR2624200CE,0.85,3.7,7.05,0.8,76.7,65019435,1.24,0.85,1925625,0.9,1834560,9625460
2026-04-13T10:42:05.960,NF,NIFTY13APR2624200CE,0.9,3.7,7.05,0.8,76.7,65021125,1.24,0.85,1957150,0.9,1831115,9625460
2026-04-13T10:42:07.564,NF,NIFTY13APR2624200CE,0.9,3.7,7.05,0.8,76.7,65024050,1.24,0.85,1957280,0.9,1830010,9625460
2026-04-13T10:42:09.177,NF,NIFTY13APR2624200CE,0.9,3.7,7.05,0.8,76.7,65040820,1.24,0.85,1937260,0.9,1828710,9625460
2026-04-13T10:42:10.972,NF,NIFTY13APR2624200CE,0.9,3.7,7.05,0.8,76.7,65044005,1.24,0.85,1943045,0.9,1824745,9625460
2026-04-13T10:42:12.589,NF,NIFTY13APR2624200CE,0.9,3.7,7.05,0.8,76.7,65046085,1.24,0.85,1935700,0.9,1824745,9625460
2026-04-13T10:42:14.175,NF,NIFTY13APR2624200CE,0.9,3.7,7.05,0.8,76.7,65052780,1.24,0.85,1936740,0.9,1832090,9625460
2026-04-13T10:42:15.777,NF,NIFTY13APR2624200CE,0.9,3.7,7.05,0.8,76.7,65055380,1.24,0.85,1941160,0.9,1836055,9625460
2026-04-13T10:42:17.584,NF,NIFTY13APR2624200CE,0.9,3.7,7.05,0.8,76.7,65057265,1.24,0.85,1935310,0.9,1838265,9625460
2026-04-13T10:42:19.179,NF,NIFTY13APR2624200CE,0.85,3.7,7.05,0.8,76.7,65057980,1.24,0.85,1922375,0.9,1843140,9625460
2026-04-13T10:42:20.782,NF,NIFTY13APR2624200CE,0.9,3.7,7.05,0.8,76.7,65059085,1.24,0.85,1937065,0.9,1838525,9625460
2026-04-13T10:42:22.397,NF,NIFTY13APR2624200CE,0.85,3.7,7.05,0.8,76.7,65065195,1.24,0.85,1919710,0.9,1837290,9625460
2026-04-13T10:42:24.205,NF,NIFTY13APR2624200CE,0.9,3.7,7.05,0.8,76.7,65073840,1.24,0.85,1921465,0.9,1828970,9625460
2026-04-13T10:42:25.807,NF,NIFTY13APR2624200CE,0.85,3.7,7.05,0.8,76.7,65074555,1.24,0.85,1924000,0.9,1844180,9625460
2026-04-13T10:42:27.397,NF,NIFTY13APR2624200CE,0.9,3.7,7.05,0.8,76.7,65081705,1.24,0.85,1929070,0.9,1838785,9625460
2026-04-13T10:42:29.217,NF,NIFTY13APR2624200CE,0.9,3.7,7.05,0.8,76.7,65084045,1.24,0.85,1928030,0.9,1837030,9625460
2026-04-13T10:42:30.801,NF,NIFTY13APR2624200CE,0.85,3.7,7.05,0.8,76.7,65086710,1.24,0.85,1916070,0.9,1837355,9625460
2026-04-13T10:42:32.404,NF,NIFTY13APR2624200CE,0.9,3.7,7.05,0.8,76.7,65086905,1.24,0.85,1919060,0.9,1842035,9625460
2026-04-13T10:42:34.199,NF,NIFTY13APR2624200CE,0.85,3.7,7.05,0.8,76.7,65094640,1.24,0.85,1899560,0.9,1856270,9625460
2026-04-13T10:42:35.806,NF,NIFTY13APR2624200CE,0.9,3.7,7.05,0.8,76.7,65097695,1.24,0.85,1911195,0.9,1843920,9625460
2026-04-13T10:42:37.407,NF,NIFTY13APR2624200CE,0.9,3.7,7.05,0.8,76.7,65099060,1.24,0.85,1903850,0.9,1843205,9625460
2026-04-13T10:42:39.408,NF,NIFTY13APR2624200CE,0.9,3.7,7.05,0.8,76.7,65101790,1.24,0.85,1919450,0.9,1831440,9625460
2026-04-13T10:42:41.010,NF,NIFTY13APR2624200CE,0.85,3.7,7.05,0.8,76.7,65108485,1.24,0.85,1892800,0.9,1840735,9625460
2026-04-13T10:42:42.628,NF,NIFTY13APR2624200CE,0.9,3.7,7.05,0.8,76.7,65108550,1.24,0.85,1909180,0.9,1834430,9625460
2026-04-13T10:42:44.418,NF,NIFTY13APR2624200CE,0.85,3.7,7.05,0.8,76.7,65110370,1.24,0.85,1892020,0.9,1863420,9625460
2026-04-13T10:42:46.019,NF,NIFTY13APR2624200CE,0.85,3.7,7.05,0.8,76.7,65113100,1.24,0.85,1893190,0.9,1864720,9625460
2026-04-13T10:42:47.621,NF,NIFTY13APR2624200CE,0.9,3.7,7.05,0.8,76.7,65115505,1.24,0.85,1900535,0.9,1854580,9625460
2026-04-13T10:42:49.422,NF,NIFTY13APR2624200CE,0.85,3.7,7.05,0.8,76.7,65125125,1.24,0.85,1896570,0.9,1845090,9625460
2026-04-13T10:42:51.024,NF,NIFTY13APR2624200CE,0.85,3.7,7.05,0.8,76.7,65126945,1.24,0.85,1876875,0.9,1859065,9625460
2026-04-13T10:42:52.633,NF,NIFTY13APR2624200CE,0.85,3.7,7.05,0.8,76.7,65131690,1.24,0.85,1877915,0.9,1861470,9625460
2026-04-13T10:42:54.446,NF,NIFTY13APR2624200CE,0.9,3.7,7.05,0.8,76.7,65132080,1.24,0.85,1881100,0.9,1862380,9625460
2026-04-13T10:42:56.041,NF,NIFTY13APR2624200CE,0.85,3.7,7.05,0.8,76.7,65135395,1.24,0.85,1867320,0.9,1867645,9625460
2026-04-13T10:42:57.638,NF,NIFTY13APR2624200CE,0.85,3.7,7.05,0.8,76.7,65174590,1.24,0.85,1539980,0.9,1873625,9625460
2026-04-13T10:42:59.456,NF,NIFTY13APR2624200CE,0.85,3.7,7.05,0.8,76.7,65299520,1.23,0.85,1582685,0.9,1850225,9625460
2026-04-13T10:43:01.047,NF,NIFTY13APR2624200CE,0.85,3.7,7.05,0.8,76.7,65306215,1.23,0.85,1618695,0.9,1849640,9625460
2026-04-13T10:43:02.649,NF,NIFTY13APR2624200CE,0.85,3.7,7.05,0.8,76.7,65313625,1.23,0.85,1710085,0.9,1978340,9625460
2026-04-13T10:43:04.466,NF,NIFTY13APR2624200CE,0.85,3.7,7.05,0.8,76.7,65314860,1.23,0.85,1743690,0.9,1973985,9625460
2026-04-13T10:43:06.049,NF,NIFTY13APR2624200CE,0.85,3.7,7.05,0.8,76.7,65318760,1.23,0.85,1748695,0.9,1969435,9625460
2026-04-13T10:43:07.651,NF,NIFTY13APR2624200CE,0.85,3.7,7.05,0.8,76.7,65319865,1.23,0.85,1749930,0.9,1968395,9625460
2026-04-13T10:43:09.250,NF,NIFTY13APR2624200CE,0.85,3.7,7.05,0.8,76.7,65322335,1.23,0.85,1747720,0.9,1968395,9625460
2026-04-13T10:43:11.055,NF,NIFTY13APR2624200CE,0.9,3.7,7.05,0.8,76.7,65323960,1.23,0.85,1746355,0.9,1967030,9625460
2026-04-13T10:43:12.654,NF,NIFTY13APR2624200CE,0.85,3.7,7.05,0.8,76.7,65325520,1.23,0.85,1745575,0.9,2028065,9625460
2026-04-13T10:43:14.258,NF,NIFTY13APR2624200CE,0.9,3.7,7.05,0.8,76.7,65340860,1.23,0.85,1605890,0.9,2024035,9625460
2026-04-13T10:43:15.862,NF,NIFTY13APR2624200CE,0.85,3.7,7.05,0.8,76.7,65341250,1.23,0.85,1609335,0.9,2027675,9625460
2026-04-13T10:43:17.662,NF,NIFTY13APR2624200CE,0.9,3.7,7.05,0.8,76.7,65342940,1.23,0.85,1607905,0.9,2027090,9625460
2026-04-13T10:43:19.279,NF,NIFTY13APR2624200CE,0.9,3.7,7.05,0.8,76.7,65346385,1.23,0.85,1630590,0.9,2071810,9625460
2026-04-13T10:43:20.868,NF,NIFTY13APR2624200CE,0.85,3.7,7.05,0.8,76.7,65347555,1.23,0.85,1630460,0.9,2068495,9625460
2026-04-13T10:43:22.478,NF,NIFTY13APR2624200CE,0.9,3.7,7.05,0.8,76.7,65361140,1.23,0.85,1649180,0.9,2051790,9625460
2026-04-13T10:43:24.281,NF,NIFTY13APR2624200CE,0.9,3.7,7.05,0.8,76.7,65364780,1.23,0.85,1661725,0.9,2040675,9625460
2026-04-13T10:43:25.883,NF,NIFTY13APR2624200CE,0.85,3.7,7.05,0.8,76.7,65368940,1.23,0.85,1654835,0.9,2036970,9625460
2026-04-13T10:43:27.481,NF,NIFTY13APR2624200CE,0.9,3.7,7.05,0.8,76.7,65370825,1.23,0.85,1657890,0.9,2035215,9625460
2026-04-13T10:43:29.283,NF,NIFTY13APR2624200CE,0.9,3.7,7.05,0.8,76.7,65374335,1.23,0.85,1663090,0.9,2026505,9625460
2026-04-13T10:43:30.892,NF,NIFTY13APR2624200CE,0.85,3.7,7.05,0.8,76.7,65384345,1.23,0.85,1682655,0.9,2031705,9625460
2026-04-13T10:43:32.490,NF,NIFTY13APR2624200CE,0.9,3.7,7.05,0.8,76.7,65409370,1.23,0.85,1738685,0.9,2022345,9413690
2026-04-13T10:43:34.097,NF,NIFTY13APR2624200CE,0.9,3.7,7.05,0.8,76.7,65424645,1.23,0.85,1736605,0.9,1633775,9413690
2026-04-13T10:43:35.694,NF,NIFTY13APR2624200CE,0.85,3.7,7.05,0.8,76.7,65433875,1.23,0.85,1735175,0.9,1651325,9413690
2026-04-13T10:43:37.509,NF,NIFTY13APR2624200CE,0.9,3.7,7.05,0.8,76.7,65438945,1.23,0.85,1732770,0.9,1718145,9413690
2026-04-13T10:43:39.098,NF,NIFTY13APR2624200CE,0.85,3.7,7.05,0.8,76.7,65439595,1.23,0.85,1733550,0.9,1734980,9413690
2026-04-13T10:43:40.720,NF,NIFTY13APR2624200CE,0.9,3.7,7.05,0.8,76.7,65443300,1.23,0.85,1733420,0.9,1730820,9413690
2026-04-13T10:43:42.311,NF,NIFTY13APR2624200CE,0.9,3.7,7.05,0.8,76.7,65450190,1.23,0.85,1732640,0.9,1732900,9413690
2026-04-13T10:43:44.113,NF,NIFTY13APR2624200CE,0.85,3.7,7.05,0.8,76.7,65452400,1.23,0.85,1731925,0.9,1730755,9413690
2026-04-13T10:43:45.709,NF,NIFTY13APR2624200CE,0.9,3.7,7.05,0.8,76.7,65456365,1.23,0.85,1732250,0.9,1747200,9413690
2026-04-13T10:43:47.315,NF,NIFTY13APR2624200CE,0.9,3.7,7.05,0.8,76.7,65469885,1.23,0.85,1732900,0.9,1734850,9413690
2026-04-13T10:43:49.113,NF,NIFTY13APR2624200CE,0.9,3.7,7.05,0.8,76.7,65485420,1.23,0.85,1730235,0.9,1727050,9413690
2026-04-13T10:43:50.719,NF,NIFTY13APR2624200CE,0.9,3.7,7.05,0.8,76.7,65490295,1.23,0.85,1733810,0.9,1756495,9413690
2026-04-13T10:43:52.329,NF,NIFTY13APR2624200CE,0.9,3.7,7.05,0.8,76.7,65492700,1.23,0.85,1755845,0.9,1755520,9413690
2026-04-13T10:43:55.726,NF,NIFTY13APR2624200CE,0.9,3.7,7.05,0.8,76.7,65518115,1.23,0.85,1757535,0.9,1731340,9413690
2026-04-13T10:43:57.337,NF,NIFTY13APR2624200CE,0.9,3.7,7.05,0.8,76.7,65518440,1.23,0.85,1757145,0.9,1733095,9413690
2026-04-13T10:43:59.131,NF,NIFTY13APR2624200CE,0.9,3.7,7.05,0.8,76.7,65529815,1.23,0.85,1757275,0.9,1711320,9413690
2026-04-13T10:44:00.735,NF,NIFTY13APR2624200CE,0.85,3.7,7.05,0.8,76.7,65531830,1.23,0.85,1848210,0.9,1708330,9413690
2026-04-13T10:44:02.337,NF,NIFTY13APR2624200CE,0.85,3.7,7.05,0.8,76.7,65532740,1.23,0.85,1924260,0.9,1698905,9413690
2026-04-13T10:44:04.138,NF,NIFTY13APR2624200CE,0.9,3.7,7.05,0.8,76.7,65533260,1.23,0.85,1927055,0.9,1724190,9413690
2026-04-13T10:44:05.742,NF,NIFTY13APR2624200CE,0.85,3.7,7.05,0.8,76.7,65534235,1.23,0.85,1925235,0.9,1735305,9413690
2026-04-13T10:44:07.346,NF,NIFTY13APR2624200CE,0.85,3.7,7.05,0.8,76.7,65534365,1.23,0.85,1918410,0.9,1742390,9413690
2026-04-13T10:44:09.145,NF,NIFTY13APR2624200CE,0.9,3.7,7.05,0.8,76.7,65651560,1.23,0.9,2137200,0.95,1913015,9413690
2026-04-13T10:44:10.750,NF,NIFTY13APR2624200CE,0.95,3.7,7.05,0.8,76.7,65668915,1.23,0.9,2211560,0.95,1952145,9413690
2026-04-13T10:44:12.357,NF,NIFTY13APR2624200CE,0.9,3.7,7.05,0.8,76.7,65669435,1.23,0.9,2266160,0.95,1956500,9413690
2026-04-13T10:44:14.155,NF,NIFTY13APR2624200CE,0.9,3.7,7.05,0.8,76.7,65674895,1.23,0.9,2318355,0.95,1961960,9413690
2026-04-13T10:44:15.759,NF,NIFTY13APR2624200CE,0.95,3.7,7.05,0.8,76.7,65686660,1.23,0.9,2414880,0.95,1940250,9413690
2026-04-13T10:44:17.372,NF,NIFTY13APR2624200CE,0.9,3.7,7.05,0.8,76.7,65695175,1.23,0.9,2401425,0.95,1936675,9413690
2026-04-13T10:44:19.166,NF,NIFTY13APR2624200CE,0.9,3.7,7.05,0.8,76.7,65716560,1.23,0.9,2261805,0.95,1929460,9413690
2026-04-13T10:44:20.766,NF,NIFTY13APR2624200CE,0.95,3.7,7.05,0.8,76.7,65736060,1.23,0.9,2294695,0.95,1916005,9413690
2026-04-13T10:44:22.406,NF,NIFTY13APR2624200CE,0.95,3.7,7.05,0.8,76.7,65744250,1.23,0.9,2295930,0.95,1910220,9413690
2026-04-13T10:44:24.170,NF,NIFTY13APR2624200CE,0.95,3.7,7.05,0.8,76.7,65746850,1.23,0.9,2295735,0.95,1908985,9413690
2026-04-13T10:44:25.775,NF,NIFTY13APR2624200CE,0.9,3.7,7.05,0.8,76.7,65750035,1.23,0.9,2294825,0.95,1907880,9413690
2026-04-13T10:44:27.381,NF,NIFTY13APR2624200CE,0.9,3.7,7.05,0.8,76.7,65752440,1.23,0.9,2282085,0.95,1906970,9413690
2026-04-13T10:44:29.178,NF,NIFTY13APR2624200CE,0.9,3.7,7.05,0.8,76.7,65753740,1.23,0.9,2281240,0.95,1903850,9413690
2026-04-13T10:44:30.782,NF,NIFTY13APR2624200CE,0.95,3.7,7.05,0.8,76.7,65758810,1.23,0.9,2290600,0.95,1901250,9413690
2026-04-13T10:44:32.383,NF,NIFTY13APR2624200CE,0.9,3.7,7.05,0.8,76.7,65759070,1.23,0.9,2294955,0.95,1900145,9413690
2026-04-13T10:44:34.184,NF,NIFTY13APR2624200CE,0.9,3.7,7.05,0.8,76.7,65759395,1.23,0.9,2286050,0.95,1900405,9413690
2026-04-13T10:44:35.788,NF,NIFTY13APR2624200CE,0.9,3.7,7.05,0.8,76.7,65763035,1.23,0.9,2293590,0.95,1891890,9413690
2026-04-13T10:44:37.397,NF,NIFTY13APR2624200CE,0.95,3.7,7.05,0.8,76.7,65770900,1.23,0.9,2294370,0.95,1885780,9413690
2026-04-13T10:44:39.201,NF,NIFTY13APR2624200CE,0.9,3.7,7.05,0.8,76.7,65770965,1.23,0.9,2295605,0.95,1887925,9413690
2026-04-13T10:44:42.597,NF,NIFTY13APR2624200CE,0.95,3.7,7.05,0.8,76.7,65771290,1.23,0.9,2297880,0.95,1883895,9413690
2026-04-13T10:44:44.203,NF,NIFTY13APR2624200CE,0.95,3.7,7.05,0.8,76.7,65771420,1.23,0.9,2298335,0.95,1885520,9413690
2026-04-13T10:44:46.009,NF,NIFTY13APR2624200CE,0.95,3.7,7.05,0.8,76.7,65774085,1.23,0.9,2298205,0.95,1883505,9413690
2026-04-13T10:44:47.609,NF,NIFTY13APR2624200CE,0.9,3.7,7.05,0.8,76.7,65782080,1.23,0.9,2283840,0.95,1882530,9413690
2026-04-13T10:44:49.210,NF,NIFTY13APR2624200CE,0.9,3.7,7.05,0.8,76.7,65786890,1.23,0.9,2281045,0.95,1881100,9413690
2026-04-13T10:44:51.032,NF,NIFTY13APR2624200CE,0.95,3.7,7.05,0.8,76.7,65791570,1.23,0.9,2277405,0.95,1875510,9413690
2026-04-13T10:44:52.615,NF,NIFTY13APR2624200CE,0.9,3.7,7.05,0.8,76.7,65796185,1.23,0.9,2269020,0.95,1876940,9413690
2026-04-13T10:44:54.224,NF,NIFTY13APR2624200CE,0.95,3.7,7.05,0.8,76.7,65796835,1.23,0.9,2272595,0.95,1881880,9413690
2026-04-13T10:44:56.020,NF,NIFTY13APR2624200CE,0.95,3.7,7.05,0.8,76.7,65808080,1.23,0.9,2277730,0.95,1870960,9413690
2026-04-13T10:44:57.632,NF,NIFTY13APR2624200CE,0.9,3.7,7.05,0.8,76.7,65820755,1.23,0.9,2264990,0.95,1862445,9413690
2026-04-13T10:44:59.248,NF,NIFTY13APR2624200CE,0.9,3.7,7.05,0.8,76.7,65821080,1.23,0.9,2269670,0.95,1860300,9413690
2026-04-13T10:45:01.034,NF,NIFTY13APR2624200CE,0.95,3.7,7.05,0.8,76.7,65829010,1.23,0.9,2274220,0.95,1853410,9413690
2026-04-13T10:45:02.640,NF,NIFTY13APR2624200CE,0.9,3.7,7.05,0.8,76.7,65832520,1.23,0.9,2270125,0.95,1851655,9413690
2026-04-13T10:45:04.264,NF,NIFTY13APR2624200CE,0.95,3.7,7.05,0.8,76.7,65835705,1.23,0.9,2266160,0.95,1849770,9413690
2026-04-13T10:45:05.839,NF,NIFTY13APR2624200CE,0.95,3.7,7.05,0.8,76.7,65841750,1.23,0.9,2276235,0.95,1839695,9413690
2026-04-13T10:45:07.670,NF,NIFTY13APR2624200CE,0.9,3.7,7.05,0.8,76.7,65852540,1.23,0.9,2274415,0.95,1826890,9413690
2026-04-13T10:45:09.251,NF,NIFTY13APR2624200CE,0.9,3.7,7.05,0.8,76.7,65855920,1.23,0.9,2271555,0.95,1827020,9413690
2026-04-13T10:45:10.843,NF,NIFTY13APR2624200CE,0.95,3.7,7.05,0.8,76.7,66104415,1.23,0.9,2278055,0.95,1270100,9413690
2026-04-13T10:45:12.643,NF,NIFTY13APR2624200CE,0.95,3.7,7.05,0.8,76.7,66108380,1.23,0.9,2278250,0.95,1266850,9413690
2026-04-13T10:45:14.260,NF,NIFTY13APR2624200CE,0.9,3.7,7.05,0.8,76.7,66113060,1.23,0.9,2297230,0.95,1260805,9413690
2026-04-13T10:45:15.851,NF,NIFTY13APR2624200CE,0.95,3.7,7.05,0.8,76.7,66117480,1.23,0.9,2322450,0.95,1494025,9413690
2026-04-13T10:45:17.659,NF,NIFTY13APR2624200CE,0.95,3.7,7.05,0.8,76.7,66122680,1.23,0.9,2335580,0.95,1489280,9413690
2026-04-13T10:45:19.254,NF,NIFTY13APR2624200CE,0.95,3.7,7.05,0.8,76.7,66245985,1.23,0.9,2395575,0.95,1661530,9413690
2026-04-13T10:45:20.862,NF,NIFTY13APR2624200CE,0.95,3.7,7.05,0.8,76.7,66255605,1.23,0.9,2428075,0.95,1695915,9413690
2026-04-13T10:45:22.665,NF,NIFTY13APR2624200CE,0.95,3.7,7.05,0.8,76.7,66261910,1.23,0.9,2426645,0.95,1713725,9413690
2026-04-13T10:45:24.268,NF,NIFTY13APR2624200CE,0.95,3.7,7.05,0.8,76.7,66266265,1.23,0.9,2414815,0.95,1733615,9413690
2026-04-13T10:45:25.863,NF,NIFTY13APR2624200CE,0.95,3.7,7.05,0.8,76.7,66268605,1.23,0.9,2402920,0.95,1732185,9413690
2026-04-13T10:45:27.469,NF,NIFTY13APR2624200CE,0.95,3.7,7.05,0.8,76.7,66270425,1.23,0.9,2396160,0.95,1732510,9413690
2026-04-13T10:45:29.270,NF,NIFTY13APR2624200CE,0.95,3.7,7.05,0.8,76.7,66271660,1.23,0.9,2372045,0.95,1754025,9413690
2026-04-13T10:45:30.886,NF,NIFTY13APR2624200CE,0.95,3.7,7.05,0.8,76.7,66287910,1.23,0.9,2348970,0.95,1865695,9413690
2026-04-13T10:45:32.476,NF,NIFTY13APR2624200CE,0.95,3.7,7.05,0.8,76.7,66292655,1.23,0.9,2347995,0.95,1858285,9413690
2026-04-13T10:45:34.083,NF,NIFTY13APR2624200CE,0.95,3.7,7.05,0.8,76.7,66296165,1.23,0.9,2424630,0.95,1843010,9413690
2026-04-13T10:45:35.880,NF,NIFTY13APR2624200CE,0.95,3.7,7.05,0.8,76.7,66297465,1.23,0.9,2429570,0.95,1856400,9413690
2026-04-13T10:45:37.490,NF,NIFTY13APR2624200CE,0.95,3.7,7.05,0.8,76.7,66305070,1.23,0.9,2449200,0.95,1833260,9413690
2026-04-13T10:45:39.084,NF,NIFTY13APR2624200CE,0.9,3.7,7.05,0.8,76.7,66309750,1.23,0.9,2431000,0.95,1834170,9413690
2026-04-13T10:45:40.687,NF,NIFTY13APR2624200CE,0.9,3.7,7.05,0.8,76.7,66312740,1.23,0.9,2440750,0.95,1822730,9413690
2026-04-13T10:45:42.295,NF,NIFTY13APR2624200CE,0.95,3.7,7.05,0.8,76.7,66312870,1.23,0.9,2449915,0.95,1821430,9413690
2026-04-13T10:45:43.903,NF,NIFTY13APR2624200CE,0.95,3.7,7.05,0.8,76.7,66315665,1.23,0.9,2466165,0.95,1818765,9413690
2026-04-13T10:45:45.707,NF,NIFTY13APR2624200CE,0.95,3.7,7.05,0.8,76.7,66317485,1.23,0.9,2430025,0.95,1877265,9413690
2026-04-13T10:45:47.341,NF,NIFTY13APR2624200CE,0.95,3.7,7.05,0.8,76.7,66317940,1.23,0.9,2427815,0.95,1839760,9413690
2026-04-13T10:45:48.910,NF,NIFTY13APR2624200CE,0.95,3.7,7.05,0.8,76.7,66338090,1.23,0.9,2416895,0.95,1820585,9413690
2026-04-13T10:45:50.701,NF,NIFTY13APR2624200CE,0.95,3.7,7.05,0.8,76.7,66340495,1.23,0.9,2412800,0.95,1819480,9413690
2026-04-13T10:45:52.306,NF,NIFTY13APR2624200CE,0.9,3.7,7.05,0.8,76.7,66340820,1.23,0.9,2415790,0.95,1816035,9413690
2026-04-13T10:45:53.908,NF,NIFTY13APR2624200CE,0.95,3.7,7.05,0.8,76.7,66340885,1.23,0.9,2415855,0.95,1817400,9413690
2026-04-13T10:45:55.710,NF,NIFTY13APR2624200CE,0.95,3.7,7.05,0.8,76.7,66361295,1.23,0.9,2419495,0.95,1807000,9413690
2026-04-13T10:45:57.316,NF,NIFTY13APR2624200CE,0.95,3.7,7.05,0.8,76.7,66367730,1.23,0.9,2445040,0.95,1788800,9413690
2026-04-13T10:45:58.935,NF,NIFTY13APR2624200CE,0.9,3.7,7.05,0.8,76.7,66375270,1.23,0.9,2375880,0.95,1790880,9413690
2026-04-13T10:46:00.719,NF,NIFTY13APR2624200CE,0.95,3.7,7.05,0.8,76.7,66378195,1.23,0.9,2362815,0.95,1781455,9413690
2026-04-13T10:46:02.328,NF,NIFTY13APR2624200CE,0.95,3.7,7.05,0.8,76.7,66379690,1.23,0.9,2384655,0.95,1778855,9413690
2026-04-13T10:46:03.935,NF,NIFTY13APR2624200CE,0.9,3.7,7.05,0.8,76.7,66379950,1.23,0.9,2341690,0.95,1802775,9413690
2026-04-13T10:46:05.529,NF,NIFTY13APR2624200CE,0.95,3.7,7.05,0.8,76.7,66381445,1.23,0.9,2356380,0.95,1794520,9413690
2026-04-13T10:46:07.330,NF,NIFTY13APR2624200CE,0.95,3.7,7.05,0.8,76.7,66382225,1.23,0.9,2386865,0.95,1792375,9413690
2026-04-13T10:46:08.935,NF,NIFTY13APR2624200CE,0.95,3.7,7.05,0.8,76.7,66382420,1.23,0.9,2406820,0.95,1798875,9413690
2026-04-13T10:46:10.536,NF,NIFTY13APR2624200CE,0.95,3.7,7.05,0.8,76.7,66382745,1.23,0.9,2397850,0.95,1798290,9413690
2026-04-13T10:46:12.342,NF,NIFTY13APR2624200CE,0.95,3.7,7.05,0.8,76.7,66384370,1.23,0.9,2406625,0.95,1779570,9413690
2026-04-13T10:46:13.949,NF,NIFTY13APR2624200CE,0.95,3.7,7.05,0.8,76.7,66386710,1.23,0.9,2421120,0.95,1777035,9413690
2026-04-13T10:46:15.555,NF,NIFTY13APR2624200CE,0.95,3.7,7.05,0.8,76.7,66394185,1.23,0.9,2428725,0.95,1757340,9413690
2026-04-13T10:46:17.354,NF,NIFTY13APR2624200CE,0.95,3.7,7.05,0.8,76.7,66396655,1.23,0.9,2443090,0.95,1759485,9413690
2026-04-13T10:46:18.944,NF,NIFTY13APR2624200CE,0.9,3.7,7.05,0.8,76.7,66398150,1.23,0.9,2417545,0.95,1760590,9413690
2026-04-13T10:46:20.551,NF,NIFTY13APR2624200CE,0.95,3.7,7.05,0.8,76.7,66401400,1.23,0.9,2386345,0.95,1755715,9413690
2026-04-13T10:46:22.158,NF,NIFTY13APR2624200CE,0.95,3.7,7.05,0.8,76.7,66404650,1.23,0.9,2384655,0.95,1752270,9413690
2026-04-13T10:46:23.950,NF,NIFTY13APR2624200CE,0.95,3.7,7.05,0.8,76.7,66408160,1.23,0.9,2356055,0.95,1772420,9413690
2026-04-13T10:46:25.565,NF,NIFTY13APR2624200CE,0.95,3.7,7.05,0.8,76.7,66437215,1.23,0.9,2366260,0.95,1754870,9413690
2026-04-13T10:46:27.162,NF,NIFTY13APR2624200CE,0.95,3.7,7.05,0.8,76.7,66438645,1.23,0.9,2398500,0.95,1753895,9413690
2026-04-13T10:46:28.961,NF,NIFTY13APR2624200CE,0.9,3.7,7.05,0.8,76.7,66441310,1.23,0.9,2413125,0.95,1753115,9413690
2026-04-13T10:46:30.617,NF,NIFTY13APR2624200CE,0.95,3.7,7.05,0.8,76.7,66442480,1.23,0.9,2410330,0.95,1751815,9413690
2026-04-13T10:46:32.169,NF,NIFTY13APR2624200CE,0.9,3.7,7.05,0.8,76.7,66446510,1.23,0.9,2415725,0.95,1748695,9413690
2026-04-13T10:46:33.966,NF,NIFTY13APR2624200CE,0.95,3.7,7.05,0.8,76.7,66449565,1.23,0.9,2423395,0.95,1749410,9434685
2026-04-13T10:46:35.577,NF,NIFTY13APR2624200CE,0.95,3.7,7.05,0.8,76.7,66453140,1.23,0.9,2533895,0.95,1797120,9434685
2026-04-13T10:46:37.180,NF,NIFTY13APR2624200CE,0.9,3.7,7.05,0.8,76.7,66453855,1.23,0.9,2530970,0.95,1796795,9434685
2026-04-13T10:46:38.977,NF,NIFTY13APR2624200CE,0.9,3.7,7.05,0.8,76.7,66457625,1.23,0.9,2535845,0.95,1789255,9434685
2026-04-13T10:46:40.776,NF,NIFTY13APR2624200CE,0.95,3.7,7.05,0.8,76.7,66461590,1.23,0.9,2544230,0.95,1785225,9434685
2026-04-13T10:46:42.383,NF,NIFTY13APR2624200CE,0.95,3.7,7.05,0.8,76.7,66466075,1.23,0.9,2545855,0.95,1779115,9434685
2026-04-13T10:46:43.982,NF,NIFTY13APR2624200CE,0.95,3.7,7.05,0.8,76.7,66571895,1.23,0.95,3075605,1.0,2103205,9434685
2026-04-13T10:46:45.784,NF,NIFTY13APR2624200CE,1.0,3.7,7.05,0.8,76.7,66592630,1.23,0.95,3141840,1.0,2086500,9434685
2026-04-13T10:46:47.386,NF,NIFTY13APR2624200CE,0.95,3.7,7.05,0.8,76.7,66593150,1.23,0.95,3157570,1.0,2085980,9434685
2026-04-13T10:46:48.991,NF,NIFTY13APR2624200CE,0.95,3.7,7.05,0.8,76.7,66603485,1.23,0.95,3154255,1.0,2073240,9434685
2026-04-13T10:46:50.796,NF,NIFTY13APR2624200CE,1.0,3.7,7.05,0.8,76.7,66610245,1.23,0.95,3174405,1.0,2077335,9434685
2026-04-13T10:46:52.398,NF,NIFTY13APR2624200CE,0.95,3.7,7.05,0.8,76.7,66613820,1.23,0.95,3203850,1.0,2081820,9434685
2026-04-13T10:46:53.996,NF,NIFTY13APR2624200CE,0.95,3.7,7.05,0.8,76.7,66638195,1.23,0.95,3180515,1.0,2082925,9434685
2026-04-13T10:46:55.797,NF,NIFTY13APR2624200CE,1.0,3.7,7.05,0.8,76.7,66669330,1.23,0.95,3191435,1.0,2065180,9434685
2026-04-13T10:46:57.401,NF,NIFTY13APR2624200CE,1.0,3.7,7.05,0.8,76.7,66702090,1.23,0.95,3192930,1.0,2055495,9434685
2026-04-13T10:46:59.004,NF,NIFTY13APR2624200CE,1.0,3.7,7.05,0.8,76.7,66702155,1.23,0.95,3182985,1.0,2057965,9434685
2026-04-13T10:47:00.805,NF,NIFTY13APR2624200CE,0.95,3.7,7.05,0.8,76.7,66721200,1.23,0.95,2739100,1.0,2066870,9434685
2026-04-13T10:47:02.407,NF,NIFTY13APR2624200CE,0.95,3.7,7.05,0.8,76.7,66740960,1.23,0.95,2732925,1.0,2046590,9434685
2026-04-13T10:47:04.010,NF,NIFTY13APR2624200CE,0.95,3.7,7.05,0.8,76.7,66741610,1.23,0.95,2714205,1.0,2046330,9434685
2026-04-13T10:47:05.813,NF,NIFTY13APR2624200CE,0.95,3.7,7.05,0.8,76.7,66743365,1.23,0.95,2708225,1.0,2044640,9434685
2026-04-13T10:47:07.414,NF,NIFTY13APR2624200CE,1.0,3.7,7.05,0.8,76.7,66745900,1.23,0.95,2709395,1.0,2044380,9434685
2026-04-13T10:47:09.025,NF,NIFTY13APR2624200CE,1.0,3.7,7.05,0.8,76.7,66815190,1.23,0.95,2706470,1.0,904020,9434685
2026-04-13T10:47:10.829,NF,NIFTY13APR2624200CE,1.0,3.7,7.05,0.8,76.7,66820780,1.23,0.95,2714855,1.0,935610,9434685
2026-04-13T10:47:12.424,NF,NIFTY13APR2624200CE,1.0,3.7,7.05,0.8,76.7,66826890,1.23,0.95,1715285,1.0,1458210,9434685
2026-04-13T10:47:14.025,NF,NIFTY13APR2624200CE,1.0,3.7,7.05,0.8,76.7,66829425,1.23,0.95,1717430,1.0,1554995,9434685
2026-04-13T10:47:15.828,NF,NIFTY13APR2624200CE,0.9,3.7,7.05,0.8,76.7,66900405,1.23,0.9,2788825,0.95,939510,9434685
2026-04-13T10:47:17.437,NF,NIFTY13APR2624200CE,0.95,3.7,7.05,0.8,76.7,66901510,1.23,0.9,2835170,0.95,937170,9434685
2026-04-13T10:47:19.034,NF,NIFTY13APR2624200CE,0.95,3.7,7.05,0.8,76.7,66902875,1.23,0.9,2843750,0.95,950040,9434685
2026-04-13T10:47:20.842,NF,NIFTY13APR2624200CE,0.95,3.7,7.05,0.8,76.7,66907165,1.23,0.9,2860325,0.95,945360,9434685
2026-04-13T10:47:22.444,NF,NIFTY13APR2624200CE,1.0,3.7,7.05,0.8,76.7,66924780,1.23,0.95,1909765,1.0,1748175,9434685
2026-04-13T10:47:24.038,NF,NIFTY13APR2624200CE,1.0,3.7,7.05,0.8,76.7,66930175,1.23,0.95,1902225,1.0,1756040,9434685
2026-04-13T10:47:25.840,NF,NIFTY13APR2624200CE,0.95,3.7,7.05,0.8,76.7,66958645,1.23,0.95,1915550,1.0,1782300,9434685
2026-04-13T10:47:27.449,NF,NIFTY13APR2624200CE,0.95,3.7,7.05,0.8,76.7,66976000,1.23,0.95,1900860,1.0,1779635,9434685
2026-04-13T10:47:29.050,NF,NIFTY13APR2624200CE,1.0,3.7,7.05,0.8,76.7,66984710,1.23,0.95,1883440,1.0,1781000,9434685
2026-04-13T10:47:30.846,NF,NIFTY13APR2624200CE,0.95,3.7,7.05,0.8,76.7,67184130,1.23,0.95,1256450,1.0,1712945,9434685
2026-04-13T10:47:32.450,NF,NIFTY13APR2624200CE,0.95,3.7,7.05,0.8,76.7,67186015,1.23,0.95,1255280,1.0,1708200,9434685
2026-04-13T10:47:34.052,NF,NIFTY13APR2624200CE,1.0,3.7,7.05,0.8,76.7,67193100,1.23,0.95,1311765,1.0,1707160,9434685
2026-04-13T10:47:35.855,NF,NIFTY13APR2624200CE,1.0,3.7,7.05,0.8,76.7,67193425,1.23,0.95,1371175,1.0,1860040,9434685
2026-04-13T10:47:37.459,NF,NIFTY13APR2624200CE,1.0,3.7,7.05,0.8,76.7,67199730,1.23,0.95,1365130,1.0,1858935,9434685
2026-04-13T10:47:40.062,NF,NIFTY13APR2624200CE,1.0,3.7,7.05,0.8,76.7,67206815,1.23,0.95,1350895,1.0,1860300,9434685
2026-04-13T10:47:41.662,NF,NIFTY13APR2624200CE,1.0,3.7,7.05,0.8,76.7,67210585,1.23,0.95,1349465,1.0,1860690,9434685
2026-04-13T10:47:43.265,NF,NIFTY13APR2624200CE,1.0,3.7,7.05,0.8,76.7,67212145,1.23,0.95,1349205,1.0,1861730,9434685
2026-04-13T10:47:44.876,NF,NIFTY13APR2624200CE,1.0,3.7,7.05,0.8,76.7,67214290,1.23,0.95,1348165,1.0,1866280,9434685
2026-04-13T10:47:46.668,NF,NIFTY13APR2624200CE,0.95,3.7,7.05,0.8,76.7,67220660,1.23,0.95,1357655,1.0,1903720,9434685
2026-04-13T10:47:48.271,NF,NIFTY13APR2624200CE,1.0,3.7,7.05,0.8,76.7,67223780,1.23,0.95,1355900,1.0,1911390,9434685
2026-04-13T10:47:49.889,NF,NIFTY13APR2624200CE,1.0,3.7,7.05,0.8,76.7,67226900,1.23,0.95,1353495,1.0,1919450,9434685
2026-04-13T10:47:51.485,NF,NIFTY13APR2624200CE,0.95,3.7,7.05,0.8,76.7,67229565,1.23,0.95,1351610,1.0,1945255,9434685
2026-04-13T10:47:53.083,NF,NIFTY13APR2624200CE,1.0,3.7,7.05,0.8,76.7,67231645,1.23,0.95,1377090,1.0,1901770,9434685
2026-04-13T10:47:54.880,NF,NIFTY13APR2624200CE,1.0,3.7,7.05,0.8,76.7,67233075,1.23,0.95,1389050,1.0,1901250,9434685
2026-04-13T10:47:56.489,NF,NIFTY13APR2624200CE,0.95,3.7,7.05,0.8,76.7,67263950,1.23,0.95,1413360,1.0,1909830,9434685
2026-04-13T10:47:58.086,NF,NIFTY13APR2624200CE,1.0,3.7,7.05,0.8,76.7,67268825,1.23,0.95,1416870,1.0,1880645,9434685
2026-04-13T10:47:59.894,NF,NIFTY13APR2624200CE,0.95,3.7,7.05,0.8,76.7,67271425,1.23,0.95,1410825,1.0,1892475,9434685
2026-04-13T10:48:01.491,NF,NIFTY13APR2624200CE,1.0,3.7,7.05,0.8,76.7,67276885,1.23,0.95,1411605,1.0,1885065,9434685
2026-04-13T10:48:03.108,NF,NIFTY13APR2624200CE,1.0,3.7,7.05,0.8,76.7,67281630,1.23,0.95,1433835,1.0,1883245,9434685
2026-04-13T10:48:04.896,NF,NIFTY13APR2624200CE,1.0,3.7,7.05,0.8,76.7,67284035,1.23,0.95,1451385,1.0,1871480,9434685
2026-04-13T10:48:06.498,NF,NIFTY13APR2624200CE,1.0,3.7,7.05,0.8,76.7,67284425,1.23,0.95,1453075,1.0,1871090,9434685
2026-04-13T10:48:08.100,NF,NIFTY13APR2624200CE,0.95,3.7,7.05,0.8,76.7,67402335,1.23,0.95,928460,1.0,1920165,9434685
2026-04-13T10:48:09.904,NF,NIFTY13APR2624200CE,0.95,3.7,7.05,0.8,76.7,67444455,1.23,0.95,1429025,1.0,1908985,9434685
2026-04-13T10:48:11.505,NF,NIFTY13APR2624200CE,0.95,3.7,7.05,0.8,76.7,67598700,1.22,0.95,1433575,1.0,1943500,9434685
2026-04-13T10:48:13.109,NF,NIFTY13APR2624200CE,0.95,3.7,7.05,0.8,76.7,67602405,1.22,0.95,1431885,1.0,1942915,9434685
2026-04-13T10:48:14.906,NF,NIFTY13APR2624200CE,0.95,3.7,7.05,0.8,76.7,67609360,1.22,0.95,1435135,1.0,1977690,9434685
2026-04-13T10:48:16.510,NF,NIFTY13APR2624200CE,1.0,3.7,7.05,0.8,76.7,67611830,1.22,0.95,1437410,1.0,1975545,9434685
2026-04-13T10:48:18.113,NF,NIFTY13APR2624200CE,1.0,3.7,7.05,0.8,76.7,67615275,1.22,0.95,1442545,1.0,1972555,9434685
2026-04-13T10:48:19.915,NF,NIFTY13APR2624200CE,1.0,3.7,7.05,0.8,76.7,67628990,1.22,0.95,1475825,1.0,1956955,9434685
2026-04-13T10:48:21.517,NF,NIFTY13APR2624200CE,0.95,3.7,7.05,0.8,76.7,67633475,1.22,0.95,1474720,1.0,1956565,9434685
2026-04-13T10:48:23.141,NF,NIFTY13APR2624200CE,0.95,3.7,7.05,0.8,76.7,67643355,1.22,0.95,1466465,1.0,1952210,9434685
2026-04-13T10:48:24.921,NF,NIFTY13APR2624200CE,0.95,3.7,7.05,0.8,76.7,67646800,1.22,0.95,1451515,1.0,1970150,9434685
2026-04-13T10:48:26.526,NF,NIFTY13APR2624200CE,0.95,3.7,7.05,0.8,76.7,67648880,1.22,0.95,1447160,1.0,1968525,9434685
2026-04-13T10:48:28.128,NF,NIFTY13APR2624200CE,1.0,3.7,7.05,0.8,76.7,67653820,1.22,0.95,1459055,1.0,1956890,9434685
2026-04-13T10:48:29.936,NF,NIFTY13APR2624200CE,1.0,3.7,7.05,0.8,76.7,67656615,1.22,0.95,1466335,1.0,1951820,9434685
2026-04-13T10:48:31.578,NF,NIFTY13APR2624200CE,1.0,3.7,7.05,0.8,76.7,67660190,1.22,0.95,1465620,1.0,1949805,9434685
2026-04-13T10:48:33.137,NF,NIFTY13APR2624200CE,1.0,3.7,7.05,0.8,76.7,67661815,1.22,0.95,1471730,1.0,1946230,9434685
2026-04-13T10:48:34.948,NF,NIFTY13APR2624200CE,1.0,3.7,7.05,0.8,76.7,67662660,1.22,0.95,1472055,1.0,1951170,9434685
2026-04-13T10:48:36.573,NF,NIFTY13APR2624200CE,1.0,3.7,7.05,0.8,76.7,67665520,1.22,0.95,1470820,1.0,1948375,9434685
2026-04-13T10:48:38.554,NF,NIFTY13APR2624200CE,1.0,3.7,7.05,0.8,76.7,67684890,1.22,0.95,1493765,1.0,1946165,9434685
2026-04-13T10:48:40.149,NF,NIFTY13APR2624200CE,1.0,3.7,7.05,0.8,76.7,67685280,1.22,0.95,1510275,1.0,1929070,9434685
2026-04-13T10:48:41.949,NF,NIFTY13APR2624200CE,1.0,3.7,7.05,0.8,76.7,67688335,1.22,0.95,1510990,1.0,1925495,9434685
2026-04-13T10:48:43.566,NF,NIFTY13APR2624200CE,0.95,3.7,7.05,0.8,76.7,67776540,1.22,0.95,1126970,1.0,1968590,9434685
2026-04-13T10:48:45.157,NF,NIFTY13APR2624200CE,1.0,3.7,7.05,0.8,76.7,67784665,1.22,0.95,1347450,1.0,1951235,9434685
2026-04-13T10:48:46.959,NF,NIFTY13APR2624200CE,1.0,3.7,7.05,0.8,76.7,67790190,1.22,0.95,1463865,1.0,1943500,9434685
2026-04-13T10:48:48.570,NF,NIFTY13APR2624200CE,1.0,3.7,7.05,0.8,76.7,67791490,1.22,0.95,1463280,1.0,1946685,9434685
2026-04-13T10:48:50.170,NF,NIFTY13APR2624200CE,1.0,3.7,7.05,0.8,76.7,67797730,1.22,0.95,1459575,1.0,1949220,9434685
2026-04-13T10:48:51.971,NF,NIFTY13APR2624200CE,1.0,3.7,7.05,0.8,76.7,67803060,1.22,0.95,1458925,1.0,1953965,9434685
2026-04-13T10:48:53.581,NF,NIFTY13APR2624200CE,0.95,3.7,7.05,0.8,76.7,67809690,1.22,0.95,1468805,1.0,1952470,9434685
2026-04-13T10:48:55.174,NF,NIFTY13APR2624200CE,1.0,3.7,7.05,0.8,76.7,67814565,1.22,0.95,1468350,1.0,1946490,9434685
2026-04-13T10:48:56.990,NF,NIFTY13APR2624200CE,1.0,3.7,7.05,0.8,76.7,67838290,1.22,0.95,1463085,1.0,1921920,9434685
2026-04-13T10:48:58.579,NF,NIFTY13APR2624200CE,1.0,3.7,7.05,0.8,76.7,67839720,1.22,0.95,1462175,1.0,1922310,9434685
2026-04-13T10:49:00.185,NF,NIFTY13APR2624200CE,1.0,3.7,7.05,0.8,76.7,67840955,1.22,0.95,1461200,1.0,1921335,9434685
2026-04-13T10:49:01.982,NF,NIFTY13APR2624200CE,0.95,3.7,7.05,0.8,76.7,67909660,1.22,0.95,1303055,1.0,1963195,9434685
2026-04-13T10:49:03.589,NF,NIFTY13APR2624200CE,1.0,3.7,7.05,0.8,76.7,67934230,1.22,0.95,1514760,1.0,1964495,9434685
2026-04-13T10:49:05.205,NF,NIFTY13APR2624200CE,0.95,3.7,7.05,0.8,76.7,67937935,1.22,0.95,1512225,1.0,1975155,9434685
2026-04-13T10:49:06.992,NF,NIFTY13APR2624200CE,0.95,3.7,7.05,0.8,76.7,67939820,1.22,0.95,1510535,1.0,1976065,9434685
2026-04-13T10:49:08.607,NF,NIFTY13APR2624200CE,1.0,3.7,7.05,0.8,76.7,67951455,1.22,0.95,1501890,1.0,1991665,9434685
2026-04-13T10:49:10.211,NF,NIFTY13APR2624200CE,0.95,3.7,7.05,0.8,76.7,67977910,1.22,0.95,1456520,1.0,1995305,9434685
2026-04-13T10:49:11.814,NF,NIFTY13APR2624200CE,0.9,3.7,7.05,0.8,76.7,68090685,1.22,0.9,2411890,0.95,1846390,9434685
2026-04-13T10:49:13.604,NF,NIFTY13APR2624200CE,0.9,3.7,7.05,0.8,76.7,68098290,1.22,0.9,2411045,0.95,1877915,9434685
2026-04-13T10:49:15.210,NF,NIFTY13APR2624200CE,0.9,3.7,7.05,0.8,76.7,68106090,1.22,0.9,2391025,0.95,1902550,9434685
2026-04-13T10:49:16.819,NF,NIFTY13APR2624200CE,0.9,3.7,7.05,0.8,76.7,68125395,1.22,0.9,2379715,0.95,1939470,9434685
2026-04-13T10:49:18.613,NF,NIFTY13APR2624200CE,0.9,3.7,7.05,0.8,76.7,68129100,1.22,0.9,2371720,0.95,1962805,9434685
2026-04-13T10:49:20.223,NF,NIFTY13APR2624200CE,0.9,3.7,7.05,0.8,76.7,68130595,1.22,0.9,2371005,0.95,1956500,9434685
2026-04-13T10:49:21.836,NF,NIFTY13APR2624200CE,0.95,3.7,7.05,0.8,76.7,68146455,1.22,0.9,2357030,0.95,1954745,9434685
2026-04-13T10:49:23.623,NF,NIFTY13APR2624200CE,0.95,3.7,7.05,0.8,76.7,68149185,1.22,0.9,2367560,0.95,1945385,9434685
2026-04-13T10:49:25.246,NF,NIFTY13APR2624200CE,0.9,3.7,7.05,0.8,76.7,68162705,1.22,0.9,2347345,0.95,1947725,9434685
2026-04-13T10:49:26.830,NF,NIFTY13APR2624200CE,0.95,3.7,7.05,0.8,76.7,68164655,1.22,0.9,2351960,0.95,1947335,9434685
2026-04-13T10:49:28.629,NF,NIFTY13APR2624200CE,0.95,3.7,7.05,0.8,76.7,68173170,1.22,0.9,2352155,0.95,1952275,9434685
2026-04-13T10:49:30.233,NF,NIFTY13APR2624200CE,0.9,3.7,7.05,0.8,76.7,68176485,1.22,0.9,2350790,0.95,1952535,9434685
2026-04-13T10:49:31.840,NF,NIFTY13APR2624200CE,0.9,3.7,7.05,0.8,76.7,68177265,1.22,0.9,2350400,0.95,1950000,9434685
2026-04-13T10:49:33.637,NF,NIFTY13APR2624200CE,0.9,3.7,7.05,0.8,76.7,68180450,1.22,0.9,2373995,0.95,2007135,9819030
2026-04-13T10:49:35.242,NF,NIFTY13APR2624200CE,0.9,3.7,7.05,0.8,76.7,68181230,1.22,0.9,2373410,0.95,2037425,9819030
2026-04-13T10:49:36.903,NF,NIFTY13APR2624200CE,0.9,3.7,7.05,0.8,76.7,68186300,1.22,0.9,2378870,0.95,2024750,9819030
2026-04-13T10:49:38.249,NF,NIFTY13APR2624200CE,0.9,3.7,7.05,0.8,76.7,68186885,1.22,0.9,2365805,0.95,2026115,9819030
2026-04-13T10:49:40.061,NF,NIFTY13APR2624200CE,0.9,3.7,7.05,0.8,76.7,68196440,1.22,0.9,2355860,0.95,2057185,9819030
2026-04-13T10:49:41.652,NF,NIFTY13APR2624200CE,0.9,3.7,7.05,0.8,76.7,68199430,1.22,0.9,2355535,0.95,2066350,9819030
2026-04-13T10:49:43.262,NF,NIFTY13APR2624200CE,0.9,3.7,7.05,0.8,76.7,68205280,1.22,0.9,2352935,0.95,2094755,9819030
2026-04-13T10:49:45.057,NF,NIFTY13APR2624200CE,0.9,3.7,7.05,0.8,76.7,68212820,1.22,0.9,2269280,0.95,2094950,9819030
2026-04-13T10:49:46.663,NF,NIFTY13APR2624200CE,0.9,3.7,7.05,0.8,76.7,68213210,1.22,0.9,2287545,0.95,2087930,9819030
2026-04-13T10:49:48.268,NF,NIFTY13APR2624200CE,0.9,3.7,7.05,0.8,76.7,68213665,1.22,0.9,2282020,0.95,2083250,9819030
2026-04-13T10:49:50.064,NF,NIFTY13APR2624200CE,0.95,3.7,7.05,0.8,76.7,68218995,1.22,0.9,2290730,0.95,2055885,9819030
2026-04-13T10:49:51.669,NF,NIFTY13APR2624200CE,0.95,3.7,7.05,0.8,76.7,68231085,1.22,0.9,2285465,0.95,2043275,9819030
2026-04-13T10:49:53.272,NF,NIFTY13APR2624200CE,0.9,3.7,7.05,0.8,76.7,68234270,1.22,0.9,2282800,0.95,2041910,9819030
2026-04-13T10:49:55.072,NF,NIFTY13APR2624200CE,0.9,3.7,7.05,0.8,76.7,68241290,1.22,0.9,2296840,0.95,2059330,9819030
2026-04-13T10:49:56.679,NF,NIFTY13APR2624200CE,0.95,3.7,7.05,0.8,76.7,68259945,1.22,0.9,2286960,0.95,2066025,9819030
2026-04-13T10:50:00.091,NF,NIFTY13APR2624200CE,0.9,3.7,7.05,0.8,76.7,68260725,1.22,0.9,2320565,0.95,2065115,9819030
2026-04-13T10:50:01.689,NF,NIFTY13APR2624200CE,0.9,3.7,7.05,0.8,76.7,68262350,1.22,0.9,2319070,0.95,2068495,9819030
2026-04-13T10:50:03.308,NF,NIFTY13APR2624200CE,0.95,3.7,7.05,0.8,76.7,68262805,1.22,0.9,2319330,0.95,2068170,9819030
2026-04-13T10:50:05.093,NF,NIFTY13APR2624200CE,0.95,3.7,7.05,0.8,76.7,68263520,1.22,0.9,2319915,0.95,2067650,9819030
2026-04-13T10:50:06.700,NF,NIFTY13APR2624200CE,0.95,3.7,7.05,0.8,76.7,68263780,1.22,0.9,2318810,0.95,2066935,9819030
2026-04-13T10:50:08.310,NF,NIFTY13APR2624200CE,0.95,3.7,7.05,0.8,76.7,68268265,1.22,0.9,2319330,0.95,2058355,9819030
2026-04-13T10:50:10.100,NF,NIFTY13APR2624200CE,0.95,3.7,7.05,0.8,76.7,68275285,1.22,0.9,2320825,0.95,2052765,9819030
2026-04-13T10:50:11.705,NF,NIFTY13APR2624200CE,0.9,3.7,7.05,0.8,76.7,68277950,1.22,0.9,2320305,0.95,2049580,9819030
2026-04-13T10:50:13.345,NF,NIFTY13APR2624200CE,0.9,3.7,7.05,0.8,76.7,68286660,1.22,0.9,2310490,0.95,2047240,9819030
2026-04-13T10:50:15.116,NF,NIFTY13APR2624200CE,0.95,3.7,7.05,0.8,76.7,68288350,1.22,0.9,2302755,0.95,2044640,9819030
2026-04-13T10:50:16.727,NF,NIFTY13APR2624200CE,0.9,3.7,7.05,0.8,76.7,68291665,1.22,0.9,2301390,0.95,2046200,9819030
2026-04-13T10:50:18.322,NF,NIFTY13APR2624200CE,0.9,3.7,7.05,0.8,76.7,68294525,1.22,0.9,2299245,0.95,2049255,9819030
2026-04-13T10:50:20.120,NF,NIFTY13APR2624200CE,0.9,3.7,7.05,0.8,76.7,68305185,1.22,0.9,2294305,0.95,2063750,9819030
2026-04-13T10:50:21.733,NF,NIFTY13APR2624200CE,0.95,3.7,7.05,0.8,76.7,68311880,1.22,0.9,2316665,0.95,2054780,9819030
2026-04-13T10:50:23.323,NF,NIFTY13APR2624200CE,0.9,3.7,7.05,0.8,76.7,68317275,1.22,0.9,2301325,0.95,2055430,9819030
2026-04-13T10:50:25.150,NF,NIFTY13APR2624200CE,0.95,3.7,7.05,0.8,76.7,68330080,1.22,0.9,2294045,0.95,2073110,9819030
2026-04-13T10:50:26.729,NF,NIFTY13APR2624200CE,0.95,3.7,7.05,0.8,76.7,68349645,1.22,0.9,2283060,0.95,2097940,9819030
2026-04-13T10:50:28.337,NF,NIFTY13APR2624200CE,0.95,3.7,7.05,0.8,76.7,68350165,1.22,0.9,2285595,0.95,2078895,9819030
2026-04-13T10:50:30.143,NF,NIFTY13APR2624200CE,0.9,3.7,7.05,0.8,76.7,68356275,1.22,0.9,2287220,0.95,2071225,9819030
2026-04-13T10:50:31.737,NF,NIFTY13APR2624200CE,0.95,3.7,7.05,0.8,76.7,68363230,1.22,0.9,2288910,0.95,2081950,9819030
2026-04-13T10:50:33.351,NF,NIFTY13APR2624200CE,0.95,3.7,7.05,0.8,76.7,68364140,1.22,0.9,2288845,0.95,2081365,9819030
2026-04-13T10:50:36.745,NF,NIFTY13APR2624200CE,0.95,3.7,7.05,0.8,76.7,68371615,1.22,0.9,2282475,0.95,2076620,9819030
2026-04-13T10:50:38.756,NF,NIFTY13APR2624200CE,0.9,3.7,7.05,0.8,76.7,68373240,1.22,0.9,2284685,0.95,2074475,9819030
2026-04-13T10:50:40.367,NF,NIFTY13APR2624200CE,0.95,3.7,7.05,0.8,76.7,68383835,1.22,0.9,2276625,0.95,2069210,9819030
2026-04-13T10:50:41.965,NF,NIFTY13APR2624200CE,0.95,3.7,7.05,0.8,76.7,68383965,1.22,0.9,2275065,0.95,2067000,9819030
2026-04-13T10:50:43.570,NF,NIFTY13APR2624200CE,0.95,3.7,7.05,0.8,76.7,68385785,1.22,0.9,2277015,0.95,2064010,9819030
2026-04-13T10:50:45.362,NF,NIFTY13APR2624200CE,0.9,3.7,7.05,0.8,76.7,68385915,1.22,0.9,2275845,0.95,2062385,9819030
2026-04-13T10:50:46.978,NF,NIFTY13APR2624200CE,0.95,3.7,7.05,0.8,76.7,68385980,1.22,0.9,2277145,0.95,2062320,9819030
2026-04-13T10:50:48.575,NF,NIFTY13APR2624200CE,0.95,3.7,7.05,0.8,76.7,68388970,1.22,0.9,2276885,0.95,2061475,9819030
2026-04-13T10:50:50.174,NF,NIFTY13APR2624200CE,0.95,3.7,7.05,0.8,76.7,68392220,1.22,0.9,2299895,0.95,2059980,9819030
2026-04-13T10:50:51.985,NF,NIFTY13APR2624200CE,0.9,3.7,7.05,0.8,76.7,68409640,1.22,0.9,2273050,0.95,2090855,9819030
2026-04-13T10:50:53.588,NF,NIFTY13APR2624200CE,0.9,3.7,7.05,0.8,76.7,68411915,1.22,0.9,2266745,0.95,2085590,9819030
2026-04-13T10:50:55.208,NF,NIFTY13APR2624200CE,0.95,3.7,7.05,0.8,76.7,68418220,1.22,0.9,2267330,0.95,2076555,9819030
2026-04-13T10:50:56.986,NF,NIFTY13APR2624200CE,0.9,3.7,7.05,0.8,76.7,68426735,1.22,0.9,2296645,0.95,2059330,9819030
2026-04-13T10:50:58.588,NF,NIFTY13APR2624200CE,0.95,3.7,7.05,0.8,76.7,68428230,1.22,0.9,2299700,0.95,2062385,9819030
2026-04-13T10:51:00.190,NF,NIFTY13APR2624200CE,0.9,3.7,7.05,0.8,76.7,68429335,1.22,0.9,2298075,0.95,2062580,9819030
2026-04-13T10:51:01.985,NF,NIFTY13APR2624200CE,0.95,3.7,7.05,0.8,76.7,68429985,1.22,0.9,2293135,0.95,2070185,9819030
2026-04-13T10:51:03.595,NF,NIFTY13APR2624200CE,0.95,3.7,7.05,0.8,76.7,68434145,1.22,0.9,2293785,0.95,2065180,9819030
2026-04-13T10:51:05.190,NF,NIFTY13APR2624200CE,0.95,3.7,7.05,0.8,76.7,68434470,1.22,0.9,2292745,0.95,2066415,9819030
2026-04-13T10:51:06.794,NF,NIFTY13APR2624200CE,0.9,3.7,7.05,0.8,76.7,68434665,1.22,0.9,2292810,0.95,2067975,9819030
2026-04-13T10:51:08.601,NF,NIFTY13APR2624200CE,0.9,3.7,7.05,0.8,76.7,68441490,1.22,0.9,2295345,0.95,2074020,9819030
2026-04-13T10:51:10.200,NF,NIFTY13APR2624200CE,0.9,3.7,7.05,0.8,76.7,68451955,1.22,0.9,2287090,0.95,2072200,9819030
2026-04-13T10:51:11.809,NF,NIFTY13APR2624200CE,0.95,3.7,7.05,0.8,76.7,68455790,1.22,0.9,2285400,0.95,2092480,9819030
2026-04-13T10:51:13.412,NF,NIFTY13APR2624200CE,0.95,3.7,7.05,0.8,76.7,68462680,1.22,0.9,2284620,0.95,2085070,9819030
2026-04-13T10:51:15.005,NF,NIFTY13APR2624200CE,0.95,3.7,7.05,0.8,76.7,68465735,1.22,0.9,2276560,0.95,2081040,9819030
2026-04-13T10:51:16.606,NF,NIFTY13APR2624200CE,0.95,3.7,7.05,0.8,76.7,68466840,1.22,0.9,2278055,0.95,2081560,9819030
2026-04-13T10:51:18.409,NF,NIFTY13APR2624200CE,0.9,3.7,7.05,0.8,76.7,68470935,1.22,0.9,2274545,0.95,2082730,9819030
2026-04-13T10:51:20.011,NF,NIFTY13APR2624200CE,0.95,3.7,7.05,0.8,76.7,68472300,1.22,0.9,2275650,0.95,2081690,9819030
2026-04-13T10:51:21.614,NF,NIFTY13APR2624200CE,0.95,3.7,7.05,0.8,76.7,68479125,1.22,0.9,2276170,0.95,2078375,9819030
2026-04-13T10:51:23.228,NF,NIFTY13APR2624200CE,0.95,3.7,7.05,0.8,76.7,68480945,1.22,0.9,2275650,0.95,2076165,9819030
2026-04-13T10:51:24.819,NF,NIFTY13APR2624200CE,0.95,3.7,7.05,0.8,76.7,68483740,1.22,0.9,2275910,0.95,2075190,9819030
2026-04-13T10:51:26.422,NF,NIFTY13APR2624200CE,0.95,3.7,7.05,0.8,76.7,68486275,1.22,0.9,2276690,0.95,2074280,9819030
2026-04-13T10:51:28.222,NF,NIFTY13APR2624200CE,0.95,3.7,7.05,0.8,76.7,68489265,1.22,0.9,2271035,0.95,2076295,9819030
2026-04-13T10:51:29.824,NF,NIFTY13APR2624200CE,0.95,3.7,7.05,0.8,76.7,68490825,1.22,0.9,2268175,0.95,2076425,9819030
2026-04-13T10:51:31.427,NF,NIFTY13APR2624200CE,0.95,3.7,7.05,0.8,76.7,68494465,1.22,0.9,2268760,0.95,2065115,9819030
2026-04-13T10:51:33.034,NF,NIFTY13APR2624200CE,0.95,3.7,7.05,0.8,76.7,68495570,1.22,0.9,2268370,0.95,2066675,9819030
2026-04-13T10:51:34.830,NF,NIFTY13APR2624200CE,0.9,3.7,7.05,0.8,76.7,68499080,1.22,0.9,2253810,0.95,2097875,9819030
2026-04-13T10:51:36.434,NF,NIFTY13APR2624200CE,0.95,3.7,7.05,0.8,76.7,68500445,1.22,0.9,2276625,0.95,2071745,9819030
2026-04-13T10:51:38.238,NF,NIFTY13APR2624200CE,0.9,3.7,7.05,0.8,76.7,68500705,1.22,0.9,2270450,0.95,2071875,9819030
2026-04-13T10:51:39.838,NF,NIFTY13APR2624200CE,0.95,3.7,7.05,0.8,76.7,68501095,1.22,0.9,2271555,0.95,2074865,9819030
2026-04-13T10:51:41.439,NF,NIFTY13APR2624200CE,0.9,3.7,7.05,0.8,76.7,68505905,1.22,0.9,2269865,0.95,2069990,9819030
2026-04-13T10:51:43.043,NF,NIFTY13APR2624200CE,0.9,3.7,7.05,0.8,76.7,68516760,1.22,0.9,2259270,0.95,2071550,9819030
2026-04-13T10:51:44.653,NF,NIFTY13APR2624200CE,0.9,3.7,7.05,0.8,76.7,68521440,1.22,0.9,2236520,0.95,2093065,9819030
2026-04-13T10:51:46.251,NF,NIFTY13APR2624200CE,0.9,3.7,7.05,0.8,76.7,68522740,1.22,0.9,2245880,0.95,2090920,9819030
2026-04-13T10:51:47.864,NF,NIFTY13APR2624200CE,0.95,3.7,7.05,0.8,76.7,68523260,1.22,0.9,2247375,0.95,2090920,9819030
2026-04-13T10:51:49.451,NF,NIFTY13APR2624200CE,0.95,3.7,7.05,0.8,76.7,68556215,1.22,0.9,2283255,0.95,2115880,9819030
2026-04-13T10:51:51.054,NF,NIFTY13APR2624200CE,0.9,3.7,7.05,0.8,76.7,68566095,1.22,0.9,2284555,0.95,2131675,9819030
2026-04-13T10:51:52.656,NF,NIFTY13APR2624200CE,0.9,3.7,7.05,0.8,76.7,68569280,1.22,0.9,2278055,0.95,2134470,9819030
2026-04-13T10:51:54.469,NF,NIFTY13APR2624200CE,0.95,3.7,7.05,0.8,76.7,68570060,1.22,0.9,2281045,0.95,2124915,9819030
2026-04-13T10:51:56.071,NF,NIFTY13APR2624200CE,0.9,3.7,7.05,0.8,76.7,68572920,1.22,0.9,2281110,0.95,2123030,9819030
2026-04-13T10:51:57.664,NF,NIFTY13APR2624200CE,0.9,3.7,7.05,0.8,76.7,68574740,1.22,0.9,2279875,0.95,2123680,9819030
2026-04-13T10:51:59.272,NF,NIFTY13APR2624200CE,0.9,3.7,7.05,0.8,76.7,68575585,1.22,0.9,2279095,0.95,2123420,9819030
2026-04-13T10:52:00.875,NF,NIFTY13APR2624200CE,0.95,3.7,7.05,0.8,76.7,68584490,1.22,0.9,2301845,0.95,2113475,9819030
2026-04-13T10:52:02.672,NF,NIFTY13APR2624200CE,0.9,3.7,7.05,0.8,76.7,68586440,1.22,0.9,2299440,0.95,2113670,9819030
2026-04-13T10:52:04.274,NF,NIFTY13APR2624200CE,0.95,3.7,7.05,0.8,76.7,68588195,1.22,0.9,2299050,0.95,2112695,9819030
2026-04-13T10:52:05.877,NF,NIFTY13APR2624200CE,0.95,3.7,7.05,0.8,76.7,68588585,1.22,0.9,2297165,0.95,2112565,9819030
2026-04-13T10:52:07.479,NF,NIFTY13APR2624200CE,0.95,3.7,7.05,0.8,76.7,68590925,1.22,0.9,2296905,0.95,2116140,9819030
2026-04-13T10:52:09.284,NF,NIFTY13APR2624200CE,0.9,3.7,7.05,0.8,76.7,68592875,1.22,0.9,2296190,0.95,2115035,9819030
2026-04-13T10:52:10.894,NF,NIFTY13APR2624200CE,0.95,3.7,7.05,0.8,76.7,68599310,1.22,0.9,2295670,0.95,2107235,9819030
2026-04-13T10:52:12.492,NF,NIFTY13APR2624200CE,0.9,3.7,7.05,0.8,76.7,68603470,1.22,0.9,2291250,0.95,2106650,9819030
2026-04-13T10:52:14.090,NF,NIFTY13APR2624200CE,0.95,3.7,7.05,0.8,76.7,68606200,1.22,0.9,2293265,0.95,2098005,9819030
2026-04-13T10:52:15.692,NF,NIFTY13APR2624200CE,0.95,3.7,7.05,0.8,76.7,68610620,1.22,0.9,2291510,0.95,2092870,9819030
2026-04-13T10:52:17.292,NF,NIFTY13APR2624200CE,0.95,3.7,7.05,0.8,76.7,68613805,1.22,0.9,2291965,0.95,2093195,9819030
2026-04-13T10:52:18.910,NF,NIFTY13APR2624200CE,0.95,3.7,7.05,0.8,76.7,68617575,1.22,0.9,2314455,0.95,2092285,9819030
2026-04-13T10:52:20.704,NF,NIFTY13APR2624200CE,0.95,3.7,7.05,0.8,76.7,68618485,1.22,0.9,2313545,0.95,2088775,9819030
2026-04-13T10:52:22.299,NF,NIFTY13APR2624200CE,0.95,3.7,7.05,0.8,76.7,68620240,1.22,0.9,2316275,0.95,2087800,9819030
2026-04-13T10:52:23.915,NF,NIFTY13APR2624200CE,0.95,3.7,7.05,0.8,76.7,68628235,1.22,0.9,2323620,0.95,2073370,9819030
2026-04-13T10:52:25.717,NF,NIFTY13APR2624200CE,0.95,3.7,7.05,0.8,76.7,68631550,1.22,0.9,2316470,0.95,2078765,9819030
2026-04-13T10:52:27.318,NF,NIFTY13APR2624200CE,0.95,3.7,7.05,0.8,76.7,68632200,1.22,0.9,2318810,0.95,2076880,9819030
2026-04-13T10:52:28.908,NF,NIFTY13APR2624200CE,0.95,3.7,7.05,0.8,76.7,68633240,1.22,0.9,2320045,0.95,2072525,9819030
2026-04-13T10:52:30.511,NF,NIFTY13APR2624200CE,0.95,3.7,7.05,0.8,76.7,68635710,1.22,0.9,2320435,0.95,2067455,9819030
2026-04-13T10:52:32.370,NF,NIFTY13APR2624200CE,0.95,3.7,7.05,0.8,76.7,68636750,1.22,0.9,2319980,0.95,2068885,9819030
2026-04-13T10:52:33.919,NF,NIFTY13APR2624200CE,0.95,3.7,7.05,0.8,76.7,68639285,1.22,0.9,2321735,0.95,2066935,9907690
2026-04-13T10:52:35.534,NF,NIFTY13APR2624200CE,0.95,3.7,7.05,0.8,76.7,68641560,1.22,0.9,2319785,0.95,2061735,9907690
2026-04-13T10:52:37.124,NF,NIFTY13APR2624200CE,0.9,3.7,7.05,0.8,76.7,68644810,1.22,0.9,2318615,0.95,2059265,9907690
2026-04-13T10:52:38.743,NF,NIFTY13APR2624200CE,0.95,3.7,7.05,0.8,76.7,68645525,1.22,0.9,2309905,0.95,2068430,9907690
2026-04-13T10:52:40.526,NF,NIFTY13APR2624200CE,0.95,3.7,7.05,0.8,76.7,68646890,1.22,0.9,2307630,0.95,2069210,9907690
2026-04-13T10:52:42.132,NF,NIFTY13APR2624200CE,0.95,3.7,7.05,0.8,76.7,68647865,1.22,0.9,2308670,0.95,2068495,9907690
2026-04-13T10:52:43.732,NF,NIFTY13APR2624200CE,0.95,3.7,7.05,0.8,76.7,68648840,1.22,0.9,2307565,0.95,2068560,9907690
2026-04-13T10:52:45.377,NF,NIFTY13APR2624200CE,0.95,3.7,7.05,0.8,76.7,68649165,1.22,0.9,2310945,0.95,2067845,9907690
2026-04-13T10:52:47.139,NF,NIFTY13APR2624200CE,0.95,3.7,7.05,0.8,76.7,68650855,1.22,0.9,2310230,0.95,2066415,9907690
2026-04-13T10:52:48.740,NF,NIFTY13APR2624200CE,0.95,3.7,7.05,0.8,76.7,68651245,1.22,0.9,2310100,0.95,2066090,9907690
2026-04-13T10:52:50.343,NF,NIFTY13APR2624200CE,0.9,3.7,7.05,0.8,76.7,68653910,1.22,0.9,2307500,0.95,2062450,9907690
2026-04-13T10:52:51.947,NF,NIFTY13APR2624200CE,0.95,3.7,7.05,0.8,76.7,68664895,1.22,0.9,2306395,0.95,2049905,9907690
2026-04-13T10:52:53.746,NF,NIFTY13APR2624200CE,0.95,3.7,7.05,0.8,76.7,68667430,1.22,0.9,2307305,0.95,2044640,9907690
2026-04-13T10:52:55.352,NF,NIFTY13APR2624200CE,0.95,3.7,7.05,0.8,76.7,68670615,1.22,0.9,2307305,0.95,2044185,9907690
2026-04-13T10:52:56.951,NF,NIFTY13APR2624200CE,0.95,3.7,7.05,0.8,76.7,68679130,1.22,0.9,2299050,0.95,2066870,9907690
2026-04-13T10:52:58.754,NF,NIFTY13APR2624200CE,0.95,3.7,7.05,0.8,76.7,68684395,1.22,0.9,2285205,0.95,2073370,9907690
2026-04-13T10:53:00.356,NF,NIFTY13APR2624200CE,0.9,3.7,7.05,0.8,76.7,68688750,1.22,0.9,2288390,0.95,2065700,9907690
2026-04-13T10:53:01.977,NF,NIFTY13APR2624200CE,0.95,3.7,7.05,0.8,76.7,68710655,1.22,0.9,2290275,0.95,2045875,9907690
2026-04-13T10:53:03.572,NF,NIFTY13APR2624200CE,0.95,3.7,7.05,0.8,76.7,68714815,1.22,0.9,2282800,0.95,2050685,9907690
2026-04-13T10:53:05.175,NF,NIFTY13APR2624200CE,0.95,3.7,7.05,0.8,76.7,68720405,1.22,0.9,2277210,0.95,2052115,9907690
2026-04-13T10:53:06.963,NF,NIFTY13APR2624200CE,0.9,3.7,7.05,0.8,76.7,68725345,1.22,0.9,2276300,0.95,2042755,9907690
2026-04-13T10:53:08.572,NF,NIFTY13APR2624200CE,0.9,3.7,7.05,0.8,76.7,68735550,1.22,0.9,2270385,0.95,2039375,9907690
2026-04-13T10:53:10.178,NF,NIFTY13APR2624200CE,0.95,3.7,7.05,0.8,76.7,68741010,1.22,0.9,2263755,0.95,2039960,9907690
2026-04-13T10:53:11.977,NF,NIFTY13APR2624200CE,0.95,3.7,7.05,0.8,76.7,68746275,1.22,0.9,2250625,0.95,2039310,9907690
2026-04-13T10:53:13.576,NF,NIFTY13APR2624200CE,0.95,3.7,7.05,0.8,76.7,68747575,1.22,0.9,2248285,0.95,2056275,9907690
2026-04-13T10:53:15.179,NF,NIFTY13APR2624200CE,0.9,3.7,7.05,0.8,76.7,68754140,1.22,0.9,2249000,0.95,2063880,9907690
2026-04-13T10:53:16.788,NF,NIFTY13APR2624200CE,0.9,3.7,7.05,0.8,76.7,68758430,1.22,0.9,2253290,0.95,2056600,9907690
2026-04-13T10:53:18.405,NF,NIFTY13APR2624200CE,0.9,3.7,7.05,0.8,76.7,68763175,1.22,0.9,2230995,0.95,2063750,9907690
2026-04-13T10:53:20.188,NF,NIFTY13APR2624200CE,0.95,3.7,7.05,0.8,76.7,68769805,1.22,0.9,2235740,0.95,2061150,9907690
2026-04-13T10:53:21.792,NF,NIFTY13APR2624200CE,0.95,3.7,7.05,0.8,76.7,68771690,1.22,0.9,2233010,0.95,2061280,9907690
2026-04-13T10:53:23.404,NF,NIFTY13APR2624200CE,0.9,3.7,7.05,0.8,76.7,68777540,1.22,0.9,2231385,0.95,2072135,9907690
2026-04-13T10:53:25.194,NF,NIFTY13APR2624200CE,0.9,3.7,7.05,0.8,76.7,68792360,1.22,0.9,2219425,0.95,2078050,9907690
2026-04-13T10:53:26.806,NF,NIFTY13APR2624200CE,0.95,3.7,7.05,0.8,76.7,68797040,1.22,0.9,2213185,0.95,2117700,9907690
2026-04-13T10:53:28.416,NF,NIFTY13APR2624200CE,0.9,3.7,7.05,0.8,76.7,68803410,1.22,0.9,2187315,0.95,2116075,9907690
2026-04-13T10:53:30.218,NF,NIFTY13APR2624200CE,0.95,3.7,7.05,0.8,76.7,68809130,1.22,0.9,2184910,0.95,2122705,9907690
2026-04-13T10:53:31.806,NF,NIFTY13APR2624200CE,0.95,3.7,7.05,0.8,76.7,68812250,1.22,0.9,2181855,0.95,2127255,9907690
2026-04-13T10:53:33.419,NF,NIFTY13APR2624200CE,0.9,3.7,7.05,0.8,76.7,68814135,1.22,0.9,2193880,0.95,2128880,9907690
2026-04-13T10:53:35.022,NF,NIFTY13APR2624200CE,0.9,3.7,7.05,0.8,76.7,68819790,1.22,0.9,2186860,0.95,2117635,9907690
2026-04-13T10:53:36.821,NF,NIFTY13APR2624200CE,0.9,3.7,7.05,0.8,76.7,68826485,1.22,0.9,2180360,0.95,2124785,9907690
2026-04-13T10:53:38.418,NF,NIFTY13APR2624200CE,0.95,3.7,7.05,0.8,76.7,68830060,1.22,0.9,2195310,0.95,2105935,9907690
2026-04-13T10:53:40.021,NF,NIFTY13APR2624200CE,0.95,3.7,7.05,0.8,76.7,68830645,1.22,0.9,2191540,0.95,2108860,9907690
2026-04-13T10:53:41.629,NF,NIFTY13APR2624200CE,0.9,3.7,7.05,0.8,76.7,68833115,1.22,0.9,2200965,0.95,2098330,9907690
2026-04-13T10:53:43.428,NF,NIFTY13APR2624200CE,0.95,3.7,7.05,0.8,76.7,68833310,1.22,0.9,2201615,0.95,2096770,9907690
2026-04-13T10:53:45.037,NF,NIFTY13APR2624200CE,0.9,3.7,7.05,0.8,76.7,68834415,1.22,0.9,2201290,0.95,2095535,9907690
2026-04-13T10:53:46.637,NF,NIFTY13APR2624200CE,0.95,3.7,7.05,0.8,76.7,68834740,1.22,0.9,2205190,0.95,2092610,9907690
2026-04-13T10:53:48.442,NF,NIFTY13APR2624200CE,0.95,3.7,7.05,0.8,76.7,68838055,1.22,0.9,2203305,0.95,2067195,9907690
2026-04-13T10:53:50.040,NF,NIFTY13APR2624200CE,0.9,3.7,7.05,0.8,76.7,68838705,1.22,0.9,2202720,0.95,2071745,9907690
2026-04-13T10:53:51.650,NF,NIFTY13APR2624200CE,0.9,3.7,7.05,0.8,76.7,68840915,1.22,0.9,2172950,0.95,2113605,9907690
2026-04-13T10:53:53.449,NF,NIFTY13APR2624200CE,0.95,3.7,7.05,0.8,76.7,68843645,1.22,0.9,2171715,0.95,2114905,9907690
2026-04-13T10:53:55.051,NF,NIFTY13APR2624200CE,0.9,3.7,7.05,0.8,76.7,68846635,1.22,0.9,2167880,0.95,2115815,9907690
2026-04-13T10:53:56.658,NF,NIFTY13APR2624200CE,0.9,3.7,7.05,0.8,76.7,68847155,1.22,0.9,2169440,0.95,2118090,9907690
2026-04-13T10:53:58.451,NF,NIFTY13APR2624200CE,0.95,3.7,7.05,0.8,76.7,68849430,1.22,0.9,2179385,0.95,2117375,9907690
2026-04-13T10:54:00.056,NF,NIFTY13APR2624200CE,0.9,3.7,7.05,0.8,76.7,68850340,1.22,0.9,2165995,0.95,2121080,9907690
2026-04-13T10:54:01.668,NF,NIFTY13APR2624200CE,0.9,3.7,7.05,0.8,76.7,68850405,1.22,0.9,2173405,0.95,2120430,9907690
2026-04-13T10:54:03.459,NF,NIFTY13APR2624200CE,0.95,3.7,7.05,0.8,76.7,68854565,1.22,0.9,2169375,0.95,2119520,9907690
2026-04-13T10:54:05.063,NF,NIFTY13APR2624200CE,0.95,3.7,7.05,0.8,76.7,68857230,1.22,0.9,2217930,0.95,2117635,9907690
2026-04-13T10:54:06.664,NF,NIFTY13APR2624200CE,0.95,3.7,7.05,0.8,76.7,68878810,1.22,0.9,2222285,0.95,2086500,9907690
2026-04-13T10:54:08.467,NF,NIFTY13APR2624200CE,0.9,3.7,7.05,0.8,76.7,68880500,1.22,0.9,2210390,0.95,2089880,9907690
2026-04-13T10:54:10.070,NF,NIFTY13APR2624200CE,0.95,3.7,7.05,0.8,76.7,68895645,1.22,0.9,2207725,0.95,2060110,9907690
2026-04-13T10:54:11.673,NF,NIFTY13APR2624200CE,0.95,3.7,7.05,0.8,76.7,68898115,1.22,0.9,2214160,0.95,2060565,9907690
2026-04-13T10:54:13.282,NF,NIFTY13APR2624200CE,0.95,3.7,7.05,0.8,76.7,68898245,1.22,0.9,2216240,0.95,2058875,9907690
2026-04-13T10:54:15.077,NF,NIFTY13APR2624200CE,0.9,3.7,7.05,0.8,76.7,68900715,1.22,0.9,2216045,0.95,2057120,9907690
2026-04-13T10:54:16.685,NF,NIFTY13APR2624200CE,0.9,3.7,7.05,0.8,76.7,68901170,1.22,0.9,2216240,0.95,2049905,9907690
2026-04-13T10:54:18.291,NF,NIFTY13APR2624200CE,0.9,3.7,7.05,0.8,76.7,68902470,1.22,0.9,2206815,0.95,2064010,9907690
2026-04-13T10:54:20.090,NF,NIFTY13APR2624200CE,0.9,3.7,7.05,0.8,76.7,68902860,1.22,0.9,2215135,0.95,2063295,9907690
2026-04-13T10:54:21.693,NF,NIFTY13APR2624200CE,0.95,3.7,7.05,0.8,76.7,68903055,1.22,0.9,2218840,0.95,2051075,9907690
2026-04-13T10:54:23.296,NF,NIFTY13APR2624200CE,0.95,3.7,7.05,0.8,76.7,68905460,1.22,0.9,2217020,0.95,2054130,9907690
2026-04-13T10:54:25.095,NF,NIFTY13APR2624200CE,0.95,3.7,7.05,0.8,76.7,68906825,1.22,0.9,2215525,0.95,2064465,9907690
2026-04-13T10:54:26.703,NF,NIFTY13APR2624200CE,0.95,3.7,7.05,0.8,76.7,68924050,1.22,0.9,2195635,0.95,2052440,9907690
2026-04-13T10:54:28.301,NF,NIFTY13APR2624200CE,0.95,3.7,7.05,0.8,76.7,68932305,1.22,0.9,2177370,0.95,2061280,9907690
2026-04-13T10:54:29.903,NF,NIFTY13APR2624200CE,0.95,3.7,7.05,0.8,76.7,68933605,1.22,0.9,2176460,0.95,2060955,9907690
2026-04-13T10:54:31.708,NF,NIFTY13APR2624200CE,0.95,3.7,7.05,0.8,76.7,68939910,1.22,0.9,2183740,0.95,2053415,9907690
2026-04-13T10:54:33.307,NF,NIFTY13APR2624200CE,0.9,3.7,7.05,0.8,76.7,68941600,1.22,0.9,2177110,0.95,2053675,9907690
2026-04-13T10:54:34.916,NF,NIFTY13APR2624200CE,0.9,3.7,7.05,0.8,76.7,68947125,1.22,0.9,2173015,0.95,2053805,9907690
2026-04-13T10:54:36.712,NF,NIFTY13APR2624200CE,0.95,3.7,7.05,0.8,76.7,68955120,1.22,0.9,2181140,0.95,2047695,9907690
2026-04-13T10:54:38.325,NF,NIFTY13APR2624200CE,0.95,3.7,7.05,0.8,76.7,68957590,1.22,0.9,2184390,0.95,2047305,9907690
2026-04-13T10:54:40.128,NF,NIFTY13APR2624200CE,0.9,3.7,7.05,0.8,76.7,68961945,1.22,0.9,2181985,0.95,2044250,9907690
2026-04-13T10:54:41.722,NF,NIFTY13APR2624200CE,0.95,3.7,7.05,0.8,76.7,68973385,1.22,0.9,2160795,0.95,2058030,9907690
2026-04-13T10:54:43.327,NF,NIFTY13APR2624200CE,0.9,3.7,7.05,0.8,76.7,68973775,1.22,0.9,2162225,0.95,2049190,9907690
2026-04-13T10:54:45.124,NF,NIFTY13APR2624200CE,0.9,3.7,7.05,0.8,76.7,68974490,1.22,0.9,2159235,0.95,2059070,9907690
2026-04-13T10:54:46.732,NF,NIFTY13APR2624200CE,0.95,3.7,7.05,0.8,76.7,68980535,1.22,0.9,2174965,0.95,2035540,9907690
2026-04-13T10:54:48.331,NF,NIFTY13APR2624200CE,0.95,3.7,7.05,0.8,76.7,68982745,1.22,0.9,2174770,0.95,2030275,9907690
2026-04-13T10:54:50.131,NF,NIFTY13APR2624200CE,0.95,3.7,7.05,0.8,76.7,68984500,1.22,0.9,2174575,0.95,2028325,9907690
2026-04-13T10:54:51.736,NF,NIFTY13APR2624200CE,0.95,3.7,7.05,0.8,76.7,68987230,1.22,0.9,2176785,0.95,2025595,9907690
2026-04-13T10:54:53.337,NF,NIFTY13APR2624200CE,0.95,3.7,7.05,0.8,76.7,68987750,1.22,0.9,2177825,0.95,2025595,9907690
2026-04-13T10:54:55.137,NF,NIFTY13APR2624200CE,0.95,3.7,7.05,0.8,76.7,68988465,1.22,0.9,2176070,0.95,2025790,9907690
2026-04-13T10:54:56.741,NF,NIFTY13APR2624200CE,0.9,3.7,7.05,0.8,76.7,68999645,1.22,0.9,2163850,0.95,2020785,9907690
2026-04-13T10:54:58.350,NF,NIFTY13APR2624200CE,0.95,3.7,7.05,0.8,76.7,68999970,1.22,0.9,2172690,0.95,2018640,9907690
2026-04-13T10:55:00.145,NF,NIFTY13APR2624200CE,0.95,3.7,7.05,0.8,76.7,69006015,1.22,0.9,2168530,0.95,2011555,9907690
2026-04-13T10:55:01.748,NF,NIFTY13APR2624200CE,0.95,3.7,7.05,0.8,76.7,69014660,1.22,0.9,2166970,0.95,2010450,9907690
2026-04-13T10:55:03.374,NF,NIFTY13APR2624200CE,0.9,3.7,7.05,0.8,76.7,69015440,1.22,0.9,2152995,0.95,2020655,9907690
2026-04-13T10:55:05.152,NF,NIFTY13APR2624200CE,0.9,3.7,7.05,0.8,76.7,69017325,1.22,0.9,2156245,0.95,2013440,9907690
2026-04-13T10:55:06.755,NF,NIFTY13APR2624200CE,0.95,3.7,7.05,0.8,76.7,69017975,1.22,0.9,2163915,0.95,2009150,9907690
2026-04-13T10:55:08.367,NF,NIFTY13APR2624200CE,0.9,3.7,7.05,0.8,76.7,69021160,1.22,0.9,2152670,0.95,2006810,9907690
2026-04-13T10:55:10.160,NF,NIFTY13APR2624200CE,0.95,3.7,7.05,0.8,76.7,69022785,1.22,0.9,2164175,0.95,2000700,9907690
2026-04-13T10:55:11.764,NF,NIFTY13APR2624200CE,0.95,3.7,7.05,0.8,76.7,69028635,1.22,0.9,2164695,0.95,1996930,9907690
2026-04-13T10:55:13.372,NF,NIFTY13APR2624200CE,0.95,3.7,7.05,0.8,76.7,69030585,1.22,0.9,2165150,0.95,1995565,9907690
2026-04-13T10:55:15.167,NF,NIFTY13APR2624200CE,0.95,3.7,7.05,0.8,76.7,69030715,1.22,0.9,2164110,0.95,1996345,9907690
2026-04-13T10:55:16.772,NF,NIFTY13APR2624200CE,0.95,3.7,7.05,0.8,76.7,69032860,1.22,0.9,2164305,0.95,1994785,9907690
2026-04-13T10:55:18.375,NF,NIFTY13APR2624200CE,0.95,3.7,7.05,0.8,76.7,69033445,1.22,0.9,2165345,0.95,1990560,9907690
2026-04-13T10:55:20.178,NF,NIFTY13APR2624200CE,0.95,3.7,7.05,0.8,76.7,69036370,1.22,0.9,2163850,0.95,1989195,9907690
2026-04-13T10:55:21.780,NF,NIFTY13APR2624200CE,0.95,3.7,7.05,0.8,76.7,69038515,1.22,0.9,2165800,0.95,1982370,9907690
2026-04-13T10:55:23.389,NF,NIFTY13APR2624200CE,0.95,3.7,7.05,0.8,76.7,69234230,1.22,0.9,2167490,0.95,1677000,9907690
2026-04-13T10:55:25.184,NF,NIFTY13APR2624200CE,0.95,3.7,7.05,0.8,76.7,69240210,1.22,0.9,2167165,0.95,1670890,9907690
2026-04-13T10:55:26.786,NF,NIFTY13APR2624200CE,0.95,3.7,7.05,0.8,76.7,69242875,1.22,0.9,2167360,0.95,1668290,9907690
2026-04-13T10:55:28.392,NF,NIFTY13APR2624200CE,0.95,3.7,7.05,0.8,76.7,69245085,1.22,0.9,2167880,0.95,1665170,9907690
2026-04-13T10:55:30.193,NF,NIFTY13APR2624200CE,0.95,3.7,7.05,0.8,76.7,69247880,1.22,0.9,2165020,0.95,1666925,9907690
2026-04-13T10:55:31.798,NF,NIFTY13APR2624200CE,0.9,3.7,7.05,0.8,76.7,69251390,1.22,0.9,2159690,0.95,1686945,9907690
2026-04-13T10:55:33.400,NF,NIFTY13APR2624200CE,0.95,3.7,7.05,0.8,76.7,69252755,1.22,0.9,2167620,0.95,1728545,9907690
2026-04-13T10:55:35.198,NF,NIFTY13APR2624200CE,0.9,3.7,7.05,0.8,76.7,69256265,1.22,0.9,2164630,0.95,1726660,10042175
2026-04-13T10:55:36.809,NF,NIFTY13APR2624200CE,0.95,3.7,7.05,0.8,76.7,69264780,1.22,0.9,2155660,0.95,1725555,10042175
2026-04-13T10:55:38.207,NF,NIFTY13APR2624200CE,0.9,3.7,7.05,0.8,76.7,69265170,1.22,0.9,2157025,0.95,1727115,10042175
2026-04-13T10:55:39.807,NF,NIFTY13APR2624200CE,0.95,3.7,7.05,0.8,76.7,69267315,1.22,0.9,2155400,0.95,1726595,10042175
2026-04-13T10:55:41.608,NF,NIFTY13APR2624200CE,0.95,3.7,7.05,0.8,76.7,69269070,1.22,0.9,2155530,0.95,1724970,10042175
2026-04-13T10:55:43.214,NF,NIFTY13APR2624200CE,0.95,3.7,7.05,0.8,76.7,69270045,1.22,0.9,2150070,0.95,1764880,10042175
2026-04-13T10:55:44.875,NF,NIFTY13APR2624200CE,0.9,3.7,7.05,0.8,76.7,69524065,1.22,0.85,1973530,0.9,1011790,10042175
2026-04-13T10:55:46.617,NF,NIFTY13APR2624200CE,0.95,3.7,7.05,0.8,76.7,69610190,1.22,0.9,1500915,0.95,1975740,10042175
2026-04-13T10:55:48.219,NF,NIFTY13APR2624200CE,0.9,3.7,7.05,0.8,76.7,69611555,1.22,0.9,1505465,0.95,1976000,10042175
2026-04-13T10:55:49.827,NF,NIFTY13APR2624200CE,0.9,3.7,7.05,0.8,76.7,69615585,1.22,0.9,1664455,0.95,1976325,10042175
2026-04-13T10:55:51.624,NF,NIFTY13APR2624200CE,0.95,3.7,7.05,0.8,76.7,69617795,1.22,0.9,1687920,0.95,1922765,10042175
2026-04-13T10:55:53.232,NF,NIFTY13APR2624200CE,0.95,3.7,7.05,0.8,76.7,69641715,1.22,0.9,1672255,0.95,1939925,10042175
2026-04-13T10:55:54.843,NF,NIFTY13APR2624200CE,0.95,3.7,7.05,0.8,76.7,69644250,1.22,0.9,1687335,0.95,1916200,10042175
2026-04-13T10:55:56.632,NF,NIFTY13APR2624200CE,0.95,3.7,7.05,0.8,76.7,69652830,1.22,0.9,1681225,0.95,1916525,10042175
2026-04-13T10:55:58.238,NF,NIFTY13APR2624200CE,0.95,3.7,7.05,0.8,76.7,69687280,1.22,0.9,1649635,0.95,1915940,10042175
2026-04-13T10:55:59.842,NF,NIFTY13APR2624200CE,0.9,3.7,7.05,0.8,76.7,69690595,1.22,0.9,1634880,0.95,1922050,10042175
2026-04-13T10:56:01.645,NF,NIFTY13APR2624200CE,0.9,3.7,7.05,0.8,76.7,69696380,1.22,0.9,1636635,0.95,1920360,10042175
2026-04-13T10:56:03.252,NF,NIFTY13APR2624200CE,0.95,3.7,7.05,0.8,76.7,69698720,1.22,0.9,1656395,0.95,1916525,10042175
2026-04-13T10:56:04.850,NF,NIFTY13APR2624200CE,0.95,3.7,7.05,0.8,76.7,69699955,1.22,0.9,1731015,0.95,1915095,10042175
2026-04-13T10:56:06.652,NF,NIFTY13APR2624200CE,0.95,3.7,7.05,0.8,76.7,69701710,1.22,0.9,1721590,0.95,1914185,10042175
2026-04-13T10:56:08.251,NF,NIFTY13APR2624200CE,0.95,3.7,7.05,0.8,76.7,69701905,1.22,0.9,1722045,0.95,1914250,10042175
2026-04-13T10:56:09.856,NF,NIFTY13APR2624200CE,0.95,3.7,7.05,0.8,76.7,69704310,1.22,0.9,1726400,0.95,1913210,10042175
2026-04-13T10:56:11.656,NF,NIFTY13APR2624200CE,0.9,3.7,7.05,0.8,76.7,69709640,1.22,0.9,1717170,0.95,1918345,10042175
2026-04-13T10:56:13.261,NF,NIFTY13APR2624200CE,0.95,3.7,7.05,0.8,76.7,69710030,1.22,0.9,1718795,0.95,1915615,10042175
2026-04-13T10:56:14.877,NF,NIFTY13APR2624200CE,0.9,3.7,7.05,0.8,76.7,69710225,1.22,0.9,1711970,0.95,1917435,10042175
2026-04-13T10:56:16.664,NF,NIFTY13APR2624200CE,0.9,3.7,7.05,0.8,76.7,69710290,1.22,0.9,1710735,0.95,1921335,10042175
2026-04-13T10:56:18.268,NF,NIFTY13APR2624200CE,0.95,3.7,7.05,0.8,76.7,69713085,1.22,0.9,1714050,0.95,1924585,10042175
2026-04-13T10:56:19.875,NF,NIFTY13APR2624200CE,0.95,3.7,7.05,0.8,76.7,69715360,1.22,0.9,1723540,0.95,1912040,10042175
2026-04-13T10:56:21.690,NF,NIFTY13APR2624200CE,0.95,3.7,7.05,0.8,76.7,69718350,1.22,0.9,1728675,0.95,1907230,10042175
2026-04-13T10:56:23.277,NF,NIFTY13APR2624200CE,0.95,3.7,7.05,0.8,76.7,69731740,1.22,0.9,1712815,0.95,1927250,10042175
2026-04-13T10:56:24.880,NF,NIFTY13APR2624200CE,0.9,3.7,7.05,0.8,76.7,69731805,1.22,0.9,1714505,0.95,1927510,10042175
2026-04-13T10:56:26.680,NF,NIFTY13APR2624200CE,0.95,3.7,7.05,0.8,76.7,69735315,1.22,0.9,1721200,0.95,1923935,10042175
2026-04-13T10:56:28.284,NF,NIFTY13APR2624200CE,0.95,3.7,7.05,0.8,76.7,69735965,1.22,0.9,1721785,0.95,1923870,10042175
2026-04-13T10:56:29.887,NF,NIFTY13APR2624200CE,0.9,3.7,7.05,0.8,76.7,69737265,1.22,0.9,1725555,0.95,1905085,10042175
2026-04-13T10:56:31.687,NF,NIFTY13APR2624200CE,0.95,3.7,7.05,0.8,76.7,69742855,1.22,0.9,1740050,0.95,1900535,10042175
2026-04-13T10:56:33.291,NF,NIFTY13APR2624200CE,0.95,3.7,7.05,0.8,76.7,69757545,1.22,0.9,1742390,0.95,1879150,10042175
2026-04-13T10:56:34.897,NF,NIFTY13APR2624200CE,0.95,3.7,7.05,0.8,76.7,69763200,1.22,0.9,1730430,0.95,1897285,10042175
2026-04-13T10:56:36.712,NF,NIFTY13APR2624200CE,0.9,3.7,7.05,0.8,76.7,69776070,1.22,0.9,1730495,0.95,1885715,10042175
2026-04-13T10:56:38.111,NF,NIFTY13APR2624200CE,0.9,3.7,7.05,0.8,76.7,69778735,1.22,0.9,1731600,0.95,1883570,10042175
2026-04-13T10:56:39.699,NF,NIFTY13APR2624200CE,0.95,3.7,7.05,0.8,76.7,69779450,1.22,0.9,1674270,0.95,1884285,10042175
2026-04-13T10:56:41.501,NF,NIFTY13APR2624200CE,0.9,3.7,7.05,0.8,76.7,69804930,1.22,0.9,1651000,0.95,1883635,10042175
2026-04-13T10:56:43.102,NF,NIFTY13APR2624200CE,0.9,3.7,7.05,0.8,76.7,69806100,1.22,0.9,1651065,0.95,1882920,10042175
2026-04-13T10:56:44.710,NF,NIFTY13APR2624200CE,0.95,3.7,7.05,0.8,76.7,69806815,1.22,0.9,1656525,0.95,1880255,10042175
2026-04-13T10:56:46.508,NF,NIFTY13APR2624200CE,0.95,3.7,7.05,0.8,76.7,69807465,1.22,0.9,1656460,0.95,1878110,10042175
2026-04-13T10:56:48.121,NF,NIFTY13APR2624200CE,0.9,3.7,7.05,0.8,76.7,69811625,1.22,0.9,1652365,0.95,1877590,10042175
2026-04-13T10:56:49.717,NF,NIFTY13APR2624200CE,0.9,3.7,7.05,0.8,76.7,69813055,1.22,0.9,1670240,0.95,1876355,10042175
2026-04-13T10:56:51.516,NF,NIFTY13APR2624200CE,0.9,3.7,7.05,0.8,76.7,69816825,1.22,0.9,1677520,0.95,1856140,10042175
2026-04-13T10:56:53.118,NF,NIFTY13APR2624200CE,0.9,3.7,7.05,0.8,76.7,69818840,1.22,0.9,1670500,0.95,1867515,10042175
2026-04-13T10:56:54.722,NF,NIFTY13APR2624200CE,0.95,3.7,7.05,0.8,76.7,69820075,1.22,0.9,1669070,0.95,1853995,10042175
2026-04-13T10:56:56.524,NF,NIFTY13APR2624200CE,0.95,3.7,7.05,0.8,76.7,69823910,1.22,0.9,1689610,0.95,1847170,10042175
2026-04-13T10:56:58.127,NF,NIFTY13APR2624200CE,0.9,3.7,7.05,0.8,76.7,69825535,1.22,0.9,1674400,0.95,1851720,10042175
2026-04-13T10:56:59.731,NF,NIFTY13APR2624200CE,0.95,3.7,7.05,0.8,76.7,69826575,1.22,0.9,1686880,0.95,1845350,10042175
2026-04-13T10:57:01.535,NF,NIFTY13APR2624200CE,1.0,3.7,7.05,0.8,76.7,70091060,1.21,0.95,868595,1.0,663715,10042175
2026-04-13T10:57:03.135,NF,NIFTY13APR2624200CE,0.95,3.7,7.05,0.8,76.7,70108545,1.21,0.95,1286935,1.0,1199380,10042175
2026-04-13T10:57:04.740,NF,NIFTY13APR2624200CE,0.95,3.7,7.05,0.8,76.7,70113810,1.21,0.95,1281735,1.0,1236040,10042175
2026-04-13T10:57:06.539,NF,NIFTY13APR2624200CE,0.95,3.7,7.05,0.8,76.7,70121415,1.21,0.95,1289730,1.0,1251705,10042175
2026-04-13T10:57:08.142,NF,NIFTY13APR2624200CE,0.95,3.7,7.05,0.8,76.7,70123430,1.21,0.95,1300000,1.0,1233830,10042175
2026-04-13T10:57:09.745,NF,NIFTY13APR2624200CE,1.0,3.7,7.05,0.8,76.7,70127525,1.21,0.95,1295255,1.0,1226550,10042175
2026-04-13T10:57:11.550,NF,NIFTY13APR2624200CE,1.0,3.7,7.05,0.8,76.7,70129865,1.21,0.95,1266265,1.0,1237210,10042175
2026-04-13T10:57:13.149,NF,NIFTY13APR2624200CE,1.0,3.7,7.05,0.8,76.7,70130905,1.21,0.95,1263600,1.0,1227590,10042175
2026-04-13T10:57:14.757,NF,NIFTY13APR2624200CE,0.95,3.7,7.05,0.8,76.7,70137860,1.21,0.95,1255085,1.0,1227265,10042175
2026-04-13T10:57:16.557,NF,NIFTY13APR2624200CE,0.95,3.7,7.05,0.8,76.7,70139615,1.21,0.95,1248325,1.0,1225250,10042175
2026-04-13T10:57:18.156,NF,NIFTY13APR2624200CE,1.0,3.7,7.05,0.8,76.7,70140265,1.21,0.95,1258465,1.0,1231685,10042175
2026-04-13T10:57:19.775,NF,NIFTY13APR2624200CE,0.95,3.7,7.05,0.8,76.7,70141695,1.21,0.95,1248390,1.0,1234805,10042175
2026-04-13T10:57:21.559,NF,NIFTY13APR2624200CE,0.95,3.7,7.05,0.8,76.7,70142280,1.21,0.95,1249365,1.0,1237535,10042175
2026-04-13T10:57:23.166,NF,NIFTY13APR2624200CE,0.95,3.7,7.05,0.8,76.7,70147285,1.21,0.95,1243775,1.0,1252680,10042175
2026-04-13T10:57:24.767,NF,NIFTY13APR2624200CE,0.95,3.7,7.05,0.8,76.7,70148390,1.21,0.95,1244100,1.0,1260220,10042175
2026-04-13T10:57:26.577,NF,NIFTY13APR2624200CE,1.0,3.7,7.05,0.8,76.7,70150145,1.21,0.95,1247090,1.0,1237795,10042175
2026-04-13T10:57:28.192,NF,NIFTY13APR2624200CE,1.0,3.7,7.05,0.8,76.7,70152875,1.21,0.95,1247480,1.0,1234935,10042175
2026-04-13T10:57:29.781,NF,NIFTY13APR2624200CE,0.95,3.7,7.05,0.8,76.7,70154240,1.21,0.95,1247415,1.0,1236820,10042175
2026-04-13T10:57:31.576,NF,NIFTY13APR2624200CE,1.0,3.7,7.05,0.8,76.7,70176535,1.21,0.95,1268930,1.0,1229280,10042175
2026-04-13T10:57:33.187,NF,NIFTY13APR2624200CE,1.0,3.7,7.05,0.8,76.7,70177380,1.21,0.95,1272570,1.0,1233960,10042175
2026-04-13T10:57:34.792,NF,NIFTY13APR2624200CE,0.95,3.7,7.05,0.8,76.7,70177640,1.21,0.95,1269450,1.0,1226680,10042175
2026-04-13T10:57:36.582,NF,NIFTY13APR2624200CE,0.95,3.7,7.05,0.8,76.7,70219045,1.21,0.95,1570465,1.0,1222195,10042175
2026-04-13T10:57:38.383,NF,NIFTY13APR2624200CE,1.0,3.7,7.05,0.8,76.7,70227430,1.21,0.95,1608230,1.0,1221805,10042175
2026-04-13T10:57:39.987,NF,NIFTY13APR2624200CE,0.95,3.7,7.05,0.8,76.7,70229835,1.21,0.95,1608750,1.0,1220830,10042175
2026-04-13T10:57:41.602,NF,NIFTY13APR2624200CE,0.95,3.7,7.05,0.8,76.7,70260580,1.21,0.95,1593800,1.0,1221350,10042175
2026-04-13T10:57:43.390,NF,NIFTY13APR2624200CE,1.0,3.7,7.05,0.8,76.7,70271630,1.21,0.95,1600040,1.0,1352455,10042175
2026-04-13T10:57:44.993,NF,NIFTY13APR2624200CE,1.0,3.7,7.05,0.8,76.7,70280080,1.21,0.95,1601470,1.0,1359800,10042175
2026-04-13T10:57:46.596,NF,NIFTY13APR2624200CE,0.95,3.7,7.05,0.8,76.7,70317455,1.21,0.95,1591850,1.0,1370525,10042175
2026-04-13T10:57:48.398,NF,NIFTY13APR2624200CE,0.95,3.7,7.05,0.8,76.7,70319145,1.21,0.95,1591720,1.0,1398605,10042175
2026-04-13T10:57:50.021,NF,NIFTY13APR2624200CE,1.0,3.7,7.05,0.8,76.7,70329350,1.21,0.95,1588015,1.0,1381965,10042175
2026-04-13T10:57:51.605,NF,NIFTY13APR2624200CE,0.95,3.7,7.05,0.8,76.7,70360225,1.21,0.95,1425905,1.0,1382810,10042175
2026-04-13T10:57:53.404,NF,NIFTY13APR2624200CE,1.0,3.7,7.05,0.8,76.7,70363410,1.21,0.95,1414790,1.0,1434160,10042175
2026-04-13T10:57:55.007,NF,NIFTY13APR2624200CE,1.0,3.7,7.05,0.8,76.7,70365880,1.21,0.95,1414790,1.0,1452425,10042175
2026-04-13T10:57:56.609,NF,NIFTY13APR2624200CE,1.0,3.7,7.05,0.8,76.7,70385445,1.21,0.95,1396980,1.0,1833650,10042175
2026-04-13T10:57:58.411,NF,NIFTY13APR2624200CE,0.95,3.7,7.05,0.8,76.7,70387915,1.21,0.95,1394055,1.0,1849120,10042175
2026-04-13T10:58:00.015,NF,NIFTY13APR2624200CE,1.0,3.7,7.05,0.8,76.7,70389995,1.21,0.95,1392755,1.0,1838980,10042175
2026-04-13T10:58:01.618,NF,NIFTY13APR2624200CE,0.95,3.7,7.05,0.8,76.7,70648890,1.21,0.9,1709825,0.95,1474655,10042175
2026-04-13T10:58:03.419,NF,NIFTY13APR2624200CE,0.95,3.7,7.05,0.8,76.7,70654545,1.21,0.9,1726660,0.95,1487005,10042175
2026-04-13T10:58:05.026,NF,NIFTY13APR2624200CE,0.95,3.7,7.05,0.8,76.7,70659420,1.21,0.9,1724775,0.95,1465035,10042175
2026-04-13T10:58:06.626,NF,NIFTY13APR2624200CE,0.95,3.7,7.05,0.8,76.7,70682105,1.21,0.9,1726205,0.95,1451840,10042175
2026-04-13T10:58:08.429,NF,NIFTY13APR2624200CE,0.95,3.7,7.05,0.8,76.7,70722015,1.21,0.9,1766050,0.95,1474915,10042175
2026-04-13T10:58:10.028,NF,NIFTY13APR2624200CE,0.95,3.7,7.05,0.8,76.7,70727020,1.21,0.9,1767675,0.95,1463605,10042175
2026-04-13T10:58:11.636,NF,NIFTY13APR2624200CE,0.95,3.7,7.05,0.8,76.7,70730790,1.21,0.9,1766830,0.95,1459315,10042175
2026-04-13T10:58:13.432,NF,NIFTY13APR2624200CE,0.95,3.7,7.05,0.8,76.7,70740150,1.21,0.9,1751620,0.95,1465100,10042175
2026-04-13T10:58:15.040,NF,NIFTY13APR2624200CE,0.95,3.7,7.05,0.8,76.7,70741320,1.21,0.9,1760720,0.95,1462305,10042175
2026-04-13T10:58:16.638,NF,NIFTY13APR2624200CE,0.95,3.7,7.05,0.8,76.7,70745220,1.21,0.9,1768455,0.95,1458275,10042175
2026-04-13T10:58:18.440,NF,NIFTY13APR2624200CE,0.95,3.7,7.05,0.8,76.7,70749380,1.21,0.9,1757665,0.95,1479595,10042175
2026-04-13T10:58:20.041,NF,NIFTY13APR2624200CE,0.95,3.7,7.05,0.8,76.7,70763745,1.21,0.9,1756365,0.95,1474070,10042175
2026-04-13T10:58:21.645,NF,NIFTY13APR2624200CE,0.9,3.7,7.05,0.8,76.7,70773820,1.21,0.9,1749605,0.95,1465100,10042175
2026-04-13T10:58:23.446,NF,NIFTY13APR2624200CE,0.95,3.7,7.05,0.8,76.7,70775185,1.21,0.9,1751880,0.95,1507805,10042175
2026-04-13T10:58:25.048,NF,NIFTY13APR2624200CE,0.9,3.7,7.05,0.8,76.7,70786950,1.21,0.9,1738295,0.95,1508780,10042175
2026-04-13T10:58:26.653,NF,NIFTY13APR2624200CE,0.95,3.7,7.05,0.8,76.7,70793970,1.21,0.9,1750320,0.95,1509885,10042175
2026-04-13T10:58:28.462,NF,NIFTY13APR2624200CE,0.9,3.7,7.05,0.8,76.7,70799625,1.21,0.9,1781845,0.95,1596270,10042175
2026-04-13T10:58:30.058,NF,NIFTY13APR2624200CE,0.9,3.7,7.05,0.8,76.7,70802940,1.21,0.9,1848340,0.95,1600820,10042175
2026-04-13T10:58:31.660,NF,NIFTY13APR2624200CE,0.9,3.7,7.05,0.8,76.7,70807100,1.21,0.9,1846390,0.95,1592695,10042175
2026-04-13T10:58:33.458,NF,NIFTY13APR2624200CE,0.95,3.7,7.05,0.8,76.7,70808595,1.21,0.9,1851070,0.95,1590160,10042175
2026-04-13T10:58:35.062,NF,NIFTY13APR2624200CE,0.95,3.7,7.05,0.8,76.7,70810675,1.21,0.9,1850615,0.95,1585155,10042175
2026-04-13T10:58:36.734,NF,NIFTY13APR2624200CE,0.95,3.7,7.05,0.8,76.7,70811065,1.21,0.9,1851655,0.95,1597310,9938695
2026-04-13T10:58:38.272,NF,NIFTY13APR2624200CE,0.95,3.7,7.05,0.8,76.7,70812300,1.21,0.9,1840150,0.95,1617330,9938695
2026-04-13T10:58:39.872,NF,NIFTY13APR2624200CE,0.9,3.7,7.05,0.8,76.7,70814965,1.21,0.9,1850225,0.95,1601665,9938695
2026-04-13T10:58:41.473,NF,NIFTY13APR2624200CE,0.9,3.7,7.05,0.8,76.7,70815030,1.21,0.9,1848925,0.95,1618175,9938695
2026-04-13T10:58:43.279,NF,NIFTY13APR2624200CE,0.95,3.7,7.05,0.8,76.7,70828680,1.21,0.9,1866280,0.95,1702935,9938695
2026-04-13T10:58:44.879,NF,NIFTY13APR2624200CE,0.95,3.7,7.05,0.8,76.7,70838040,1.21,0.9,1872455,0.95,1696045,9938695
2026-04-13T10:58:46.483,NF,NIFTY13APR2624200CE,0.95,3.7,7.05,0.8,76.7,70840250,1.21,0.9,1864395,0.95,1690650,9938695
2026-04-13T10:58:48.283,NF,NIFTY13APR2624200CE,0.95,3.7,7.05,0.8,76.7,70843825,1.21,0.9,1864720,0.95,1686490,9938695
2026-04-13T10:58:49.891,NF,NIFTY13APR2624200CE,0.95,3.7,7.05,0.8,76.7,70852275,1.21,0.9,1865825,0.95,1679860,9938695
2026-04-13T10:58:51.491,NF,NIFTY13APR2624200CE,0.95,3.7,7.05,0.8,76.7,70855265,1.21,0.9,1884090,0.95,1727570,9938695
2026-04-13T10:58:53.298,NF,NIFTY13APR2624200CE,0.95,3.7,7.05,0.8,76.7,70855590,1.21,0.9,1886300,0.95,1763710,9938695
2026-04-13T10:58:54.893,NF,NIFTY13APR2624200CE,0.9,3.7,7.05,0.8,76.7,70857865,1.21,0.9,1875120,0.95,1764165,9938695
2026-04-13T10:58:56.496,NF,NIFTY13APR2624200CE,0.95,3.7,7.05,0.8,76.7,70859815,1.21,0.9,1885845,0.95,1756430,9938695
2026-04-13T10:58:58.296,NF,NIFTY13APR2624200CE,0.9,3.7,7.05,0.8,76.7,70861635,1.21,0.9,1873235,0.95,1755520,9938695
2026-04-13T10:58:59.897,NF,NIFTY13APR2624200CE,0.95,3.7,7.05,0.8,76.7,70863390,1.21,0.9,1883570,0.95,1753570,9938695
2026-04-13T10:59:01.503,NF,NIFTY13APR2624200CE,0.9,3.7,7.05,0.8,76.7,70869240,1.21,0.9,1870635,0.95,1758510,9938695
2026-04-13T10:59:03.305,NF,NIFTY13APR2624200CE,0.9,3.7,7.05,0.8,76.7,70872230,1.21,0.9,1871285,0.95,1753050,9938695
2026-04-13T10:59:04.913,NF,NIFTY13APR2624200CE,0.95,3.7,7.05,0.8,76.7,70873075,1.21,0.9,1875120,0.95,1752725,9938695
2026-04-13T10:59:06.526,NF,NIFTY13APR2624200CE,0.9,3.7,7.05,0.8,76.7,70874635,1.21,0.9,1874405,0.95,1755715,9938695
2026-04-13T10:59:08.310,NF,NIFTY13APR2624200CE,0.95,3.7,7.05,0.8,76.7,70875155,1.21,0.9,1872455,0.95,1768520,9938695
2026-04-13T10:59:09.913,NF,NIFTY13APR2624200CE,0.9,3.7,7.05,0.8,76.7,70875415,1.21,0.9,1815775,0.95,1778725,9938695
2026-04-13T10:59:11.528,NF,NIFTY13APR2624200CE,0.95,3.7,7.05,0.8,76.7,70878795,1.21,0.9,1821170,0.95,1775995,9938695
2026-04-13T10:59:13.333,NF,NIFTY13APR2624200CE,0.95,3.7,7.05,0.8,76.7,70879835,1.21,0.9,1824420,0.95,1769040,9938695
2026-04-13T10:59:14.922,NF,NIFTY13APR2624200CE,0.9,3.7,7.05,0.8,76.7,70880745,1.21,0.9,1820650,0.95,1774370,9938695
2026-04-13T10:59:16.533,NF,NIFTY13APR2624200CE,0.95,3.7,7.05,0.8,76.7,70881460,1.21,0.9,1829230,0.95,1775150,9938695
2026-04-13T10:59:18.326,NF,NIFTY13APR2624200CE,0.9,3.7,7.05,0.8,76.7,70885685,1.21,0.9,1812850,0.95,1757535,9938695
2026-04-13T10:59:19.931,NF,NIFTY13APR2624200CE,0.9,3.7,7.05,0.8,76.7,70885880,1.21,0.9,1801280,0.95,1776320,9938695
2026-04-13T10:59:21.534,NF,NIFTY13APR2624200CE,0.95,3.7,7.05,0.8,76.7,70886595,1.21,0.9,1816685,0.95,1758640,9938695
2026-04-13T10:59:23.340,NF,NIFTY13APR2624200CE,0.9,3.7,7.05,0.8,76.7,71030570,1.21,0.9,1432795,0.95,1743560,9938695
2026-04-13T10:59:24.939,NF,NIFTY13APR2624200CE,0.9,3.7,7.05,0.8,76.7,71031675,1.21,0.9,1477905,0.95,1752855,9938695
2026-04-13T10:59:26.550,NF,NIFTY13APR2624200CE,0.9,3.7,7.05,0.8,76.7,71036680,1.21,0.9,1481935,0.95,1744795,9938695
2026-04-13T10:59:28.344,NF,NIFTY13APR2624200CE,0.95,3.7,7.05,0.8,76.7,71037980,1.21,0.9,1483170,0.95,1724320,9938695
2026-04-13T10:59:29.948,NF,NIFTY13APR2624200CE,0.95,3.7,7.05,0.8,76.7,71038370,1.21,0.9,1484470,0.95,1722955,9938695
2026-04-13T10:59:31.554,NF,NIFTY13APR2624200CE,0.95,3.7,7.05,0.8,76.7,71040190,1.21,0.9,1484080,0.95,1722370,9938695
2026-04-13T10:59:33.350,NF,NIFTY13APR2624200CE,0.9,3.7,7.05,0.8,76.7,71044935,1.21,0.9,1483625,0.95,1719575,9938695
2026-04-13T10:59:34.954,NF,NIFTY13APR2624200CE,0.9,3.7,7.05,0.8,76.7,71046820,1.21,0.9,1481740,0.95,1723410,9938695
2026-04-13T10:59:36.563,NF,NIFTY13APR2624200CE,0.9,3.7,7.05,0.8,76.7,71080620,1.21,0.9,1495715,0.95,1726140,9938695
2026-04-13T10:59:38.557,NF,NIFTY13APR2624200CE,0.9,3.7,7.05,0.8,76.7,71095765,1.21,0.9,1496755,0.95,1747980,9938695
2026-04-13T10:59:40.180,NF,NIFTY13APR2624200CE,0.9,3.7,7.05,0.8,76.7,71096610,1.21,0.9,1495845,0.95,1750385,9938695
2026-04-13T10:59:41.767,NF,NIFTY13APR2624200CE,0.9,3.7,7.05,0.8,76.7,71097065,1.21,0.9,1495845,0.95,1744275,9938695
2026-04-13T10:59:43.569,NF,NIFTY13APR2624200CE,0.9,3.7,7.05,0.8,76.7,71097325,1.21,0.9,1492335,0.95,1748175,9938695
2026-04-13T10:59:45.170,NF,NIFTY13APR2624200CE,0.95,3.7,7.05,0.8,76.7,71226935,1.21,0.9,1657110,0.95,1821950,9938695
2026-04-13T10:59:46.778,NF,NIFTY13APR2624200CE,0.9,3.7,7.05,0.8,76.7,71233175,1.21,0.9,1696370,0.95,1824875,9938695
2026-04-13T10:59:48.575,NF,NIFTY13APR2624200CE,0.9,3.7,7.05,0.8,76.7,71246760,1.21,0.9,1682785,0.95,1821040,9938695
2026-04-13T10:59:50.191,NF,NIFTY13APR2624200CE,0.95,3.7,7.05,0.8,76.7,71302790,1.21,0.9,1681420,0.95,1870505,9938695
2026-04-13T10:59:51.791,NF,NIFTY13APR2624200CE,0.9,3.7,7.05,0.8,76.7,71303830,1.21,0.9,1687140,0.95,1869270,9938695
2026-04-13T10:59:53.581,NF,NIFTY13APR2624200CE,0.9,3.7,7.05,0.8,76.7,71312345,1.21,0.9,1688635,0.95,1885910,9938695
2026-04-13T10:59:55.199,NF,NIFTY13APR2624200CE,0.9,3.7,7.05,0.8,76.7,71318910,1.21,0.9,1687205,0.95,1871285,9938695
2026-04-13T10:59:56.791,NF,NIFTY13APR2624200CE,0.9,3.7,7.05,0.8,76.7,71319625,1.21,0.9,1694095,0.95,1865045,9938695
2026-04-13T10:59:58.588,NF,NIFTY13APR2624200CE,0.9,3.7,7.05,0.8,76.7,71328010,1.21,0.9,1694485,0.95,1856140,9938695
2026-04-13T11:00:00.195,NF,NIFTY13APR2624200CE,0.95,3.7,7.05,0.8,76.7,71358235,1.21,0.9,1669135,0.95,1857115,9938695
2026-04-13T11:00:01.809,NF,NIFTY13APR2624200CE,0.9,3.7,7.05,0.8,76.7,71359730,1.21,0.9,1669330,0.95,1861925,9938695
2026-04-13T11:00:03.621,NF,NIFTY13APR2624200CE,0.9,3.7,7.05,0.8,76.7,71360315,1.21,0.9,1668615,0.95,1856465,9938695
2026-04-13T11:00:05.223,NF,NIFTY13APR2624200CE,0.9,3.7,7.05,0.8,76.7,71360770,1.21,0.9,1668680,0.95,1861145,9938695
2026-04-13T11:00:06.802,NF,NIFTY13APR2624200CE,0.9,3.7,7.05,0.8,76.7,71420700,1.21,0.9,1609075,0.95,1920165,9938695
2026-04-13T11:00:08.603,NF,NIFTY13APR2624200CE,0.9,3.7,7.05,0.8,76.7,71423560,1.21,0.9,1608880,0.95,1934920,9938695
2026-04-13T11:00:10.205,NF,NIFTY13APR2624200CE,0.9,3.7,7.05,0.8,76.7,71426615,1.21,0.9,1605110,0.95,1944930,9938695
2026-04-13T11:00:11.808,NF,NIFTY13APR2624200CE,0.9,3.7,7.05,0.8,76.7,71512220,1.21,0.85,1931995,0.9,1792830,9938695
2026-04-13T11:00:13.417,NF,NIFTY13APR2624200CE,0.9,3.7,7.05,0.8,76.7,71513715,1.21,0.85,1931540,0.9,1861860,9938695
2026-04-13T11:00:15.224,NF,NIFTY13APR2624200CE,0.9,3.7,7.05,0.8,76.7,71515600,1.21,0.85,1931475,0.9,1859715,9938695
2026-04-13T11:00:16.819,NF,NIFTY13APR2624200CE,0.9,3.7,7.05,0.8,76.7,71516835,1.21,0.85,1930955,0.9,1856530,9938695
2026-04-13T11:00:18.418,NF,NIFTY13APR2624200CE,0.9,3.7,7.05,0.8,76.7,71517030,1.21,0.85,1930305,0.9,1852305,9938695
2026-04-13T11:00:20.221,NF,NIFTY13APR2624200CE,0.9,3.7,7.05,0.8,76.7,71519045,1.21,0.85,1929980,0.9,1847430,9938695
2026-04-13T11:00:21.821,NF,NIFTY13APR2624200CE,0.85,3.7,7.05,0.8,76.7,71519630,1.21,0.85,1931605,0.9,1854580,9938695
2026-04-13T11:00:23.428,NF,NIFTY13APR2624200CE,0.9,3.7,7.05,0.8,76.7,71521255,1.21,0.85,1934075,0.9,1854060,9938695
2026-04-13T11:00:25.028,NF,NIFTY13APR2624200CE,0.9,3.7,7.05,0.8,76.7,71522555,1.21,0.85,1931865,0.9,1852825,9938695
2026-04-13T11:00:26.637,NF,NIFTY13APR2624200CE,0.9,3.7,7.05,0.8,76.7,71523270,1.21,0.85,1941095,0.9,1851200,9938695
2026-04-13T11:00:28.431,NF,NIFTY13APR2624200CE,0.9,3.7,7.05,0.8,76.7,71523595,1.21,0.85,1933685,0.9,1853605,9938695
2026-04-13T11:00:30.053,NF,NIFTY13APR2624200CE,0.9,3.7,7.05,0.8,76.7,71523725,1.21,0.85,1945775,0.9,1849575,9938695
2026-04-13T11:00:31.638,NF,NIFTY13APR2624200CE,0.9,3.7,7.05,0.8,76.7,71526260,1.21,0.85,1942005,0.9,1844830,9938695
2026-04-13T11:00:33.439,NF,NIFTY13APR2624200CE,0.85,3.7,7.05,0.8,76.7,71529055,1.21,0.85,1940445,0.9,1844895,9938695
2026-04-13T11:00:35.046,NF,NIFTY13APR2624200CE,0.9,3.7,7.05,0.8,76.7,71534515,1.21,0.85,1938365,0.9,1838460,9938695
2026-04-13T11:00:36.662,NF,NIFTY13APR2624200CE,0.9,3.7,7.05,0.8,76.7,71542835,1.21,0.85,1948245,0.9,1831505,9938695
2026-04-13T11:00:38.246,NF,NIFTY13APR2624200CE,0.85,3.7,7.05,0.8,76.7,71546605,1.21,0.85,1938625,0.9,1833455,9938695
2026-04-13T11:00:39.851,NF,NIFTY13APR2624200CE,0.9,3.7,7.05,0.8,76.7,71549595,1.21,0.85,1946815,0.9,1830660,9938695
2026-04-13T11:00:41.650,NF,NIFTY13APR2624200CE,0.9,3.7,7.05,0.8,76.7,71556875,1.21,0.85,1948895,0.9,1826825,9938695
2026-04-13T11:00:43.254,NF,NIFTY13APR2624200CE,0.9,3.7,7.05,0.8,76.7,71557395,1.21,0.85,1946945,0.9,1828190,9938695
2026-04-13T11:00:46.658,NF,NIFTY13APR2624200CE,0.9,3.7,7.05,0.8,76.7,71564740,1.21,0.85,1935570,0.9,1837095,9938695
2026-04-13T11:00:48.261,NF,NIFTY13APR2624200CE,0.9,3.7,7.05,0.8,76.7,71565390,1.21,0.85,1940770,0.9,1837355,9938695
2026-04-13T11:00:49.864,NF,NIFTY13APR2624200CE,0.85,3.7,7.05,0.8,76.7,71572540,1.21,0.85,1924650,0.9,1839045,9938695
2026-04-13T11:00:51.664,NF,NIFTY13APR2624200CE,0.85,3.7,7.05,0.8,76.7,71583265,1.21,0.85,1932710,0.9,1834625,9938695
2026-04-13T11:00:53.371,NF,NIFTY13APR2624200CE,0.9,3.7,7.05,0.8,76.7,71583330,1.21,0.85,1935895,0.9,1837940,9938695
2026-04-13T11:00:54.878,NF,NIFTY13APR2624200CE,0.9,3.7,7.05,0.8,76.7,71587230,1.21,0.85,1941420,0.9,1832610,9938695
2026-04-13T11:00:56.676,NF,NIFTY13APR2624200CE,0.85,3.7,7.05,0.8,76.7,71594770,1.21,0.85,1935245,0.9,1841515,9938695
2026-04-13T11:00:59.883,NF,NIFTY13APR2624200CE,0.9,3.7,7.05,0.8,76.7,71596005,1.21,0.85,1939665,0.9,1841905,9938695
2026-04-13T11:01:01.681,NF,NIFTY13APR2624200CE,0.9,3.7,7.05,0.8,76.7,71596265,1.21,0.85,1941940,0.9,1839760,9938695
2026-04-13T11:01:03.292,NF,NIFTY13APR2624200CE,0.85,3.7,7.05,0.8,76.7,71596980,1.21,0.85,1937520,0.9,1839305,9938695
2026-04-13T11:01:04.891,NF,NIFTY13APR2624200CE,0.85,3.7,7.05,0.8,76.7,71599320,1.21,0.85,1934855,0.9,1839955,9938695
2026-04-13T11:01:06.685,NF,NIFTY13APR2624200CE,0.85,3.7,7.05,0.8,76.7,71603480,1.21,0.85,1930565,0.9,1839435,9938695
2026-04-13T11:01:08.317,NF,NIFTY13APR2624200CE,0.9,3.7,7.05,0.8,76.7,71611410,1.21,0.85,1937130,0.9,1834690,9938695
2026-04-13T11:01:09.897,NF,NIFTY13APR2624200CE,0.9,3.7,7.05,0.8,76.7,71617260,1.21,0.85,1924065,0.9,1843920,9938695
2026-04-13T11:01:11.694,NF,NIFTY13APR2624200CE,0.85,3.7,7.05,0.8,76.7,71631690,1.21,0.85,1936090,0.9,1835925,9938695
2026-04-13T11:01:13.297,NF,NIFTY13APR2624200CE,0.9,3.7,7.05,0.8,76.7,71653920,1.21,0.85,1937260,0.9,1830790,9938695
2026-04-13T11:01:14.900,NF,NIFTY13APR2624200CE,0.85,3.7,7.05,0.8,76.7,71656260,1.21,0.85,1940835,0.9,1830725,9938695
2026-04-13T11:01:16.706,NF,NIFTY13APR2624200CE,0.9,3.7,7.05,0.8,76.7,71657950,1.21,0.85,1937715,0.9,1846000,9938695
2026-04-13T11:01:18.306,NF,NIFTY13APR2624200CE,0.85,3.7,7.05,0.8,76.7,71658405,1.21,0.85,1941550,0.9,1853215,9938695
2026-04-13T11:01:19.907,NF,NIFTY13APR2624200CE,0.85,3.7,7.05,0.8,76.7,71658925,1.21,0.85,1941290,0.9,1857960,9938695
2026-04-13T11:01:21.707,NF,NIFTY13APR2624200CE,0.85,3.7,7.05,0.8,76.7,71661005,1.21,0.85,1939210,0.9,1851655,9938695
2026-04-13T11:01:23.316,NF,NIFTY13APR2624200CE,0.9,3.7,7.05,0.8,76.7,71666205,1.21,0.85,1934075,0.9,1857310,9938695
2026-04-13T11:01:24.939,NF,NIFTY13APR2624200CE,0.85,3.7,7.05,0.8,76.7,71666725,1.21,0.85,1940185,0.9,1842555,9938695
2026-04-13T11:01:26.719,NF,NIFTY13APR2624200CE,0.85,3.7,7.05,0.8,76.7,71672445,1.21,0.85,1925560,0.9,1861925,9938695
2026-04-13T11:01:28.321,NF,NIFTY13APR2624200CE,0.9,3.7,7.05,0.8,76.7,71672835,1.21,0.85,1929850,0.9,1860560,9938695
2026-04-13T11:01:29.925,NF,NIFTY13APR2624200CE,0.85,3.7,7.05,0.8,76.7,71674265,1.21,0.85,1929200,0.9,1862120,9938695
2026-04-13T11:01:31.725,NF,NIFTY13APR2624200CE,0.85,3.7,7.05,0.8,76.7,71680050,1.21,0.85,1934725,0.9,1771900,9938695
2026-04-13T11:01:33.340,NF,NIFTY13APR2624200CE,0.9,3.7,7.05,0.8,76.7,71680375,1.21,0.85,1934595,0.9,1771900,9938695
2026-04-13T11:01:35.027,NF,NIFTY13APR2624200CE,0.85,3.7,7.05,0.8,76.7,71685640,1.21,0.85,1926665,0.9,1852565,9938695
2026-04-13T11:01:36.739,NF,NIFTY13APR2624200CE,0.85,3.7,7.05,0.8,76.7,71691685,1.21,0.85,1926535,0.9,1860235,10138505
2026-04-13T11:01:38.538,NF,NIFTY13APR2624200CE,0.9,3.7,7.05,0.8,76.7,71692010,1.21,0.85,1921465,0.9,1863810,10138505
2026-04-13T11:01:40.150,NF,NIFTY13APR2624200CE,0.9,3.7,7.05,0.8,76.7,71693050,1.21,0.85,1922570,0.9,1864005,10138505
2026-04-13T11:01:41.941,NF,NIFTY13APR2624200CE,0.85,3.7,7.05,0.8,76.7,71700395,1.21,0.85,1922245,0.9,1787305,10138505
2026-04-13T11:01:43.553,NF,NIFTY13APR2624200CE,0.85,3.7,7.05,0.8,76.7,71701890,1.21,0.85,1923090,0.9,1791335,10138505
2026-04-13T11:01:46.995,NF,NIFTY13APR2624200CE,0.85,3.7,7.05,0.8,76.7,71713070,1.21,0.85,1914640,0.9,1788020,10138505
2026-04-13T11:01:48.606,NF,NIFTY13APR2624200CE,0.85,3.7,7.05,0.8,76.7,71714565,1.21,0.85,1913990,0.9,1792180,10138505
2026-04-13T11:01:50.157,NF,NIFTY13APR2624200CE,0.85,3.7,7.05,0.8,76.7,71718530,1.21,0.85,1908270,0.9,1807390,10138505
2026-04-13T11:01:51.958,NF,NIFTY13APR2624200CE,0.85,3.7,7.05,0.8,76.7,71728345,1.21,0.85,1923545,0.9,1880385,10138505
2026-04-13T11:01:53.595,NF,NIFTY13APR2624200CE,0.85,3.7,7.05,0.8,76.7,71731465,1.21,0.85,1920295,0.9,1805960,10138505
2026-04-13T11:01:55.169,NF,NIFTY13APR2624200CE,0.85,3.7,7.05,0.8,76.7,71733090,1.21,0.85,1918995,0.9,1803295,10138505
2026-04-13T11:01:56.968,NF,NIFTY13APR2624200CE,0.85,3.7,7.05,0.8,76.7,71740370,1.21,0.85,1914965,0.9,1805050,10138505
2026-04-13T11:01:58.569,NF,NIFTY13APR2624200CE,0.85,3.7,7.05,0.8,76.7,71980870,1.21,0.85,2913365,0.9,1738620,10138505
2026-04-13T11:02:00.176,NF,NIFTY13APR2624200CE,0.9,3.7,7.05,0.8,76.7,71986395,1.21,0.85,2914860,0.9,1782560,10138505
2026-04-13T11:02:01.997,NF,NIFTY13APR2624200CE,0.85,3.7,7.05,0.8,76.7,71989060,1.21,0.85,2963480,0.9,1778075,10138505
2026-04-13T11:02:03.583,NF,NIFTY13APR2624200CE,0.85,3.7,7.05,0.8,76.7,71991075,1.21,0.85,2961985,0.9,1775865,10138505
2026-04-13T11:02:05.181,NF,NIFTY13APR2624200CE,0.9,3.7,7.05,0.8,76.7,71993740,1.21,0.85,2959320,0.9,1774435,10138505
2026-04-13T11:02:06.985,NF,NIFTY13APR2624200CE,0.9,3.7,7.05,0.8,76.7,71997770,1.21,0.85,2963805,0.9,1763515,10138505
2026-04-13T11:02:08.586,NF,NIFTY13APR2624200CE,0.9,3.7,7.05,0.8,76.7,72003035,1.21,0.85,2961465,0.9,1760785,10138505
2026-04-13T11:02:10.191,NF,NIFTY13APR2624200CE,0.9,3.7,7.05,0.8,76.7,72005375,1.21,0.85,2962635,0.9,1752205,10138505
2026-04-13T11:02:11.990,NF,NIFTY13APR2624200CE,0.9,3.7,7.05,0.8,76.7,72013240,1.21,0.85,2958800,0.9,1748500,10138505
2026-04-13T11:02:13.593,NF,NIFTY13APR2624200CE,0.9,3.7,7.05,0.8,76.7,72016750,1.21,0.85,2956785,0.9,1746225,10138505
2026-04-13T11:02:15.201,NF,NIFTY13APR2624200CE,0.9,3.7,7.05,0.8,76.7,72020260,1.21,0.85,2956005,0.9,1744015,10138505
2026-04-13T11:02:17.000,NF,NIFTY13APR2624200CE,0.9,3.7,7.05,0.8,76.7,72021235,1.21,0.85,2956070,0.9,1743755,10138505
2026-04-13T11:02:18.600,NF,NIFTY13APR2624200CE,0.85,3.7,7.05,0.8,76.7,72025915,1.21,0.85,2955485,0.9,1739400,10138505
2026-04-13T11:02:20.247,NF,NIFTY13APR2624200CE,0.9,3.7,7.05,0.8,76.7,72027475,1.21,0.85,2954575,0.9,1738035,10138505
2026-04-13T11:02:21.811,NF,NIFTY13APR2624200CE,0.9,3.7,7.05,0.8,76.7,72035015,1.21,0.85,2946515,0.9,1890850,10138505
2026-04-13T11:02:23.634,NF,NIFTY13APR2624200CE,0.9,3.7,7.05,0.8,76.7,72038915,1.21,0.85,2940275,0.9,1763840,10138505
2026-04-13T11:02:25.211,NF,NIFTY13APR2624200CE,0.9,3.7,7.05,0.8,76.7,72043660,1.21,0.85,2941380,0.9,1754480,10138505
2026-04-13T11:02:26.815,NF,NIFTY13APR2624200CE,0.9,3.7,7.05,0.8,76.7,72053540,1.21,0.85,2940795,0.9,1743105,10138505
2026-04-13T11:02:28.615,NF,NIFTY13APR2624200CE,0.9,3.7,7.05,0.8,76.7,72061145,1.21,0.85,2933775,0.9,1735825,10138505
2026-04-13T11:02:30.218,NF,NIFTY13APR2624200CE,0.9,3.7,7.05,0.8,76.7,72072585,1.21,0.85,2936440,0.9,1743950,10138505
2026-04-13T11:02:31.822,NF,NIFTY13APR2624200CE,0.9,3.7,7.05,0.8,76.7,72080645,1.21,0.85,2944565,0.9,1736150,10138505
2026-04-13T11:02:33.625,NF,NIFTY13APR2624200CE,0.9,3.7,7.05,0.8,76.7,72082465,1.21,0.85,2942550,0.9,1736410,10138505
2026-04-13T11:02:35.227,NF,NIFTY13APR2624200CE,0.9,3.7,7.05,0.8,76.7,72090850,1.21,0.85,2940925,0.9,1730105,10138505
2026-04-13T11:02:36.830,NF,NIFTY13APR2624200CE,0.9,3.7,7.05,0.8,76.7,72095920,1.21,0.85,2930655,0.9,1726335,10138505
2026-04-13T11:02:38.229,NF,NIFTY13APR2624200CE,0.85,3.7,7.05,0.8,76.7,72096570,1.21,0.85,2929420,0.9,1722370,10138505
2026-04-13T11:02:40.030,NF,NIFTY13APR2624200CE,0.9,3.7,7.05,0.8,76.7,72097675,1.21,0.85,2945215,0.9,1718860,10138505
2026-04-13T11:02:41.634,NF,NIFTY13APR2624200CE,0.9,3.7,7.05,0.8,76.7,72103460,1.21,0.85,2943980,0.9,1714570,10138505
2026-04-13T11:02:43.237,NF,NIFTY13APR2624200CE,0.9,3.7,7.05,0.8,76.7,72104110,1.21,0.85,2943785,0.9,1715805,10138505
2026-04-13T11:02:45.036,NF,NIFTY13APR2624200CE,0.9,3.7,7.05,0.8,76.7,72104500,1.21,0.85,2943850,0.9,1713985,10138505
2026-04-13T11:02:46.648,NF,NIFTY13APR2624200CE,0.9,3.7,7.05,0.8,76.7,72110155,1.21,0.85,2942485,0.9,1708850,10138505
2026-04-13T11:02:48.262,NF,NIFTY13APR2624200CE,0.9,3.7,7.05,0.8,76.7,72111000,1.21,0.85,2945670,0.9,1708200,10138505
2026-04-13T11:02:49.879,NF,NIFTY13APR2624200CE,0.9,3.7,7.05,0.8,76.7,72131800,1.21,0.85,2942225,0.9,1684410,10138505
2026-04-13T11:02:51.650,NF,NIFTY13APR2624200CE,0.95,3.7,7.05,0.8,76.7,72397390,1.2,0.9,994110,0.95,1838070,10138505
2026-04-13T11:02:53.251,NF,NIFTY13APR2624200CE,0.9,3.7,7.05,0.8,76.7,72408700,1.2,0.9,982150,0.95,1842360,10138505
2026-04-13T11:02:54.854,NF,NIFTY13APR2624200CE,0.9,3.7,7.05,0.8,76.7,72415135,1.2,0.9,970125,0.95,1843530,10138505
2026-04-13T11:02:56.656,NF,NIFTY13APR2624200CE,0.9,3.7,7.05,0.8,76.7,72418450,1.2,0.9,967460,0.95,1844765,10138505
2026-04-13T11:02:58.267,NF,NIFTY13APR2624200CE,0.9,3.7,7.05,0.8,76.7,72489560,1.2,0.85,3375775,0.9,1078870,10138505
2026-04-13T11:02:59.858,NF,NIFTY13APR2624200CE,0.9,3.7,7.05,0.8,76.7,72490210,1.2,0.85,3390075,0.9,1101750,10138505
2026-04-13T11:03:01.474,NF,NIFTY13APR2624200CE,0.9,3.7,7.05,0.8,76.7,72547735,1.2,0.9,952315,0.95,1820195,10138505
2026-04-13T11:03:03.263,NF,NIFTY13APR2624200CE,0.9,3.7,7.05,0.8,76.7,72551245,1.2,0.9,1028170,0.95,1838330,10138505
2026-04-13T11:03:04.868,NF,NIFTY13APR2624200CE,0.95,3.7,7.05,0.8,76.7,72556445,1.2,0.9,1118845,0.95,1818895,10138505
2026-04-13T11:03:06.470,NF,NIFTY13APR2624200CE,0.9,3.7,7.05,0.8,76.7,72557485,1.2,0.9,1117935,0.95,1836965,10138505
2026-04-13T11:03:08.272,NF,NIFTY13APR2624200CE,0.95,3.7,7.05,0.8,76.7,72660185,1.2,0.9,908570,0.95,1845805,10138505
2026-04-13T11:03:09.874,NF,NIFTY13APR2624200CE,0.95,3.7,7.05,0.8,76.7,72664605,1.2,0.9,1119950,0.95,1830725,10138505
2026-04-13T11:03:11.478,NF,NIFTY13APR2624200CE,0.9,3.7,7.05,0.8,76.7,72670715,1.2,0.9,1279720,0.95,1830790,10138505
2026-04-13T11:03:13.280,NF,NIFTY13APR2624200CE,0.95,3.7,7.05,0.8,76.7,72672730,1.2,0.9,1279720,0.95,1831505,10138505
2026-04-13T11:03:14.883,NF,NIFTY13APR2624200CE,0.95,3.7,7.05,0.8,76.7,72675980,1.2,0.9,1278420,0.95,1829945,10138505
2026-04-13T11:03:16.486,NF,NIFTY13APR2624200CE,0.95,3.7,7.05,0.8,76.7,72678450,1.2,0.9,1277315,0.95,1842425,10138505
2026-04-13T11:03:18.297,NF,NIFTY13APR2624200CE,0.95,3.7,7.05,0.8,76.7,72717645,1.2,0.9,1312545,0.95,1844960,10138505
2026-04-13T11:03:19.890,NF,NIFTY13APR2624200CE,0.9,3.7,7.05,0.8,76.7,72720245,1.2,0.9,1309685,0.95,1851720,10138505
2026-04-13T11:03:21.498,NF,NIFTY13APR2624200CE,0.95,3.7,7.05,0.8,76.7,72722845,1.2,0.9,1325285,0.95,1835535,10138505
2026-04-13T11:03:23.102,NF,NIFTY13APR2624200CE,0.9,3.7,7.05,0.8,76.7,72724405,1.2,0.9,1314235,0.95,1842945,10138505
2026-04-13T11:03:24.910,NF,NIFTY13APR2624200CE,0.95,3.7,7.05,0.8,76.7,72725705,1.2,0.9,1326130,0.95,1833455,10138505
2026-04-13T11:03:26.501,NF,NIFTY13APR2624200CE,0.9,3.7,7.05,0.8,76.7,72727200,1.2,0.9,1319695,0.95,1831245,10138505
2026-04-13T11:03:28.110,NF,NIFTY13APR2624200CE,0.9,3.7,7.05,0.8,76.7,72727915,1.2,0.9,1314430,0.95,1836510,10138505
2026-04-13T11:03:29.906,NF,NIFTY13APR2624200CE,0.95,3.7,7.05,0.8,76.7,72727980,1.2,0.9,1312870,0.95,1839565,10138505
2026-04-13T11:03:31.511,NF,NIFTY13APR2624200CE,0.95,3.7,7.05,0.8,76.7,72730125,1.2,0.9,1311765,0.95,1865760,10138505
2026-04-13T11:03:33.144,NF,NIFTY13APR2624200CE,0.95,3.7,7.05,0.8,76.7,72730450,1.2,0.9,1324570,0.95,1849575,10138505
2026-04-13T11:03:34.916,NF,NIFTY13APR2624200CE,0.9,3.7,7.05,0.8,76.7,72731360,1.2,0.9,1320150,0.95,1851070,10138505
2026-04-13T11:03:36.526,NF,NIFTY13APR2624200CE,0.95,3.7,7.05,0.8,76.7,72736170,1.2,0.9,1323660,0.95,1849510,10138505
2026-04-13T11:03:38.150,NF,NIFTY13APR2624200CE,0.95,3.7,7.05,0.8,76.7,72745075,1.2,0.9,1341535,0.95,1829815,10138505
2026-04-13T11:03:39.732,NF,NIFTY13APR2624200CE,0.95,3.7,7.05,0.8,76.7,72746310,1.2,0.9,1333865,0.95,1838525,10138505
2026-04-13T11:03:41.326,NF,NIFTY13APR2624200CE,0.95,3.7,7.05,0.8,76.7,72753655,1.2,0.9,1354665,0.95,1846975,10138505
2026-04-13T11:03:43.142,NF,NIFTY13APR2624200CE,0.9,3.7,7.05,0.8,76.7,72781995,1.2,0.85,3050970,0.9,1626755,10138505
2026-04-13T11:03:44.733,NF,NIFTY13APR2624200CE,0.9,3.7,7.05,0.8,76.7,72782190,1.2,0.85,3050580,0.9,1626495,10138505
2026-04-13T11:03:46.336,NF,NIFTY13APR2624200CE,0.9,3.7,7.05,0.8,76.7,72787650,1.2,0.85,3049670,0.9,1616810,10138505
2026-04-13T11:03:48.135,NF,NIFTY13APR2624200CE,0.9,3.7,7.05,0.8,76.7,72788430,1.2,0.85,3050775,0.9,1617395,10138505
2026-04-13T11:03:49.739,NF,NIFTY13APR2624200CE,0.9,3.7,7.05,0.8,76.7,72788495,1.2,0.85,3050645,0.9,1615705,10138505
2026-04-13T11:03:51.342,NF,NIFTY13APR2624200CE,0.9,3.7,7.05,0.8,76.7,72796945,1.2,0.85,3049670,0.9,1645410,10138505
2026-04-13T11:03:53.145,NF,NIFTY13APR2624200CE,0.85,3.7,7.05,0.8,76.7,72797205,1.2,0.85,3049020,0.9,1646190,10138505
2026-04-13T11:03:54.748,NF,NIFTY13APR2624200CE,0.9,3.7,7.05,0.8,76.7,72804420,1.2,0.85,3050580,0.9,1653145,10138505
2026-04-13T11:03:56.351,NF,NIFTY13APR2624200CE,0.9,3.7,7.05,0.8,76.7,72825220,1.2,0.85,3040505,0.9,1689480,10138505
2026-04-13T11:03:57.956,NF,NIFTY13APR2624200CE,0.85,3.7,7.05,0.8,76.7,72847450,1.2,0.85,3018210,0.9,1684735,10138505
2026-04-13T11:03:59.751,NF,NIFTY13APR2624200CE,0.9,3.7,7.05,0.8,76.7,72847645,1.2,0.85,3028545,0.9,1688375,10138505
2026-04-13T11:04:01.373,NF,NIFTY13APR2624200CE,0.9,3.7,7.05,0.8,76.7,72849400,1.2,0.85,3032510,0.9,1655810,10138505
2026-04-13T11:04:02.974,NF,NIFTY13APR2624200CE,0.9,3.7,7.05,0.8,76.7,72849725,1.2,0.85,3032250,0.9,1654055,10138505
2026-04-13T11:04:04.766,NF,NIFTY13APR2624200CE,0.9,3.7,7.05,0.8,76.7,72851155,1.2,0.85,3031860,0.9,1654900,10138505
2026-04-13T11:04:06.373,NF,NIFTY13APR2624200CE,0.9,3.7,7.05,0.8,76.7,72853040,1.2,0.85,3032120,0.9,1651195,10138505
2026-04-13T11:04:07.970,NF,NIFTY13APR2624200CE,0.9,3.7,7.05,0.8,76.7,72853430,1.2,0.85,3031990,0.9,1650675,10138505
2026-04-13T11:04:09.574,NF,NIFTY13APR2624200CE,0.9,3.7,7.05,0.8,76.7,72857135,1.2,0.85,3031665,0.9,1647230,10138505
2026-04-13T11:04:11.173,NF,NIFTY13APR2624200CE,0.9,3.7,7.05,0.8,76.7,72860450,1.2,0.85,3013920,0.9,1666600,10138505
2026-04-13T11:04:12.776,NF,NIFTY13APR2624200CE,0.9,3.7,7.05,0.8,76.7,72862920,1.2,0.85,3019250,0.9,1720810,10138505
2026-04-13T11:04:14.579,NF,NIFTY13APR2624200CE,0.9,3.7,7.05,0.8,76.7,72864480,1.2,0.85,3019965,0.9,1718990,10138505
2026-04-13T11:04:16.181,NF,NIFTY13APR2624200CE,0.85,3.7,7.05,0.8,76.7,72893730,1.2,0.85,2987400,0.9,1772875,10138505
2026-04-13T11:04:17.783,NF,NIFTY13APR2624200CE,0.85,3.7,7.05,0.8,76.7,72907900,1.2,0.85,2983565,0.9,1765595,10138505
2026-04-13T11:04:19.587,NF,NIFTY13APR2624200CE,0.9,3.7,7.05,0.8,76.7,72911410,1.2,0.85,2992340,0.9,1760330,10138505
2026-04-13T11:04:21.185,NF,NIFTY13APR2624200CE,0.9,3.7,7.05,0.8,76.7,72914400,1.2,0.85,2992015,0.9,1759810,10138505
2026-04-13T11:04:22.788,NF,NIFTY13APR2624200CE,0.9,3.7,7.05,0.8,76.7,72916220,1.2,0.85,2992340,0.9,1758120,10138505
2026-04-13T11:04:24.395,NF,NIFTY13APR2624200CE,0.9,3.7,7.05,0.8,76.7,72916935,1.2,0.85,2989090,0.9,1757405,10138505
2026-04-13T11:04:26.192,NF,NIFTY13APR2624200CE,0.85,3.7,7.05,0.8,76.7,72926100,1.2,0.85,2963610,0.9,1758380,10138505
2026-04-13T11:04:27.796,NF,NIFTY13APR2624200CE,0.85,3.7,7.05,0.8,76.7,72928180,1.2,0.85,2966665,0.9,1767805,10138505
2026-04-13T11:04:29.420,NF,NIFTY13APR2624200CE,0.9,3.7,7.05,0.8,76.7,72929935,1.2,0.85,2968225,0.9,1754480,10138505
2026-04-13T11:04:31.201,NF,NIFTY13APR2624200CE,0.9,3.7,7.05,0.8,76.7,72931170,1.2,0.85,2964845,0.9,1751230,10138505
2026-04-13T11:04:32.804,NF,NIFTY13APR2624200CE,0.85,3.7,7.05,0.8,76.7,72931495,1.2,0.85,2964845,0.9,1755325,10138505
2026-04-13T11:04:34.427,NF,NIFTY13APR2624200CE,0.85,3.7,7.05,0.8,76.7,72944560,1.2,0.85,2952170,0.9,1765400,10138505
2026-04-13T11:04:36.216,NF,NIFTY13APR2624200CE,0.85,3.7,7.05,0.8,76.7,72953855,1.2,0.85,2951975,0.9,1745770,10138505
2026-04-13T11:04:38.014,NF,NIFTY13APR2624200CE,0.9,3.7,7.05,0.8,76.7,72957365,1.2,0.85,2959125,0.9,1764425,10311795
2026-04-13T11:04:39.820,NF,NIFTY13APR2624200CE,0.85,3.7,7.05,0.8,76.7,72958730,1.2,0.85,2951325,0.9,1767415,10311795
2026-04-13T11:04:41.488,NF,NIFTY13APR2624200CE,0.9,3.7,7.05,0.8,76.7,72964320,1.2,0.85,2951455,0.9,1759420,10311795
2026-04-13T11:04:43.020,NF,NIFTY13APR2624200CE,0.9,3.7,7.05,0.8,76.7,72969325,1.2,0.85,2953275,0.9,1756430,10311795
2026-04-13T11:04:44.874,NF,NIFTY13APR2624200CE,0.9,3.7,7.05,0.8,76.7,72969455,1.2,0.85,2955030,0.9,1756495,10311795
2026-04-13T11:04:46.423,NF,NIFTY13APR2624200CE,0.9,3.7,7.05,0.8,76.7,72975630,1.2,0.85,2944500,0.9,1753700,10311795
2026-04-13T11:04:48.031,NF,NIFTY13APR2624200CE,0.9,3.7,7.05,0.8,76.7,72975825,1.2,0.85,2955225,0.9,1754025,10311795
2026-04-13T11:04:49.829,NF,NIFTY13APR2624200CE,0.9,3.7,7.05,0.8,76.7,72977775,1.2,0.85,2951910,0.9,1752920,10311795
2026-04-13T11:04:51.432,NF,NIFTY13APR2624200CE,0.85,3.7,7.05,0.8,76.7,72978360,1.2,0.85,2943330,0.9,1754285,10311795
2026-04-13T11:04:53.037,NF,NIFTY13APR2624200CE,0.85,3.7,7.05,0.8,76.7,72978555,1.2,0.85,2943330,0.9,1752725,10311795
2026-04-13T11:04:54.836,NF,NIFTY13APR2624200CE,0.85,3.7,7.05,0.8,76.7,72978620,1.2,0.85,2946775,0.9,1754610,10311795
2026-04-13T11:04:56.452,NF,NIFTY13APR2624200CE,0.9,3.7,7.05,0.8,76.7,72981285,1.2,0.85,2953795,0.9,1751815,10311795
2026-04-13T11:04:58.044,NF,NIFTY13APR2624200CE,0.9,3.7,7.05,0.8,76.7,72981480,1.2,0.85,2948465,0.9,1750515,10311795
2026-04-13T11:04:59.851,NF,NIFTY13APR2624200CE,0.9,3.7,7.05,0.8,76.7,72982000,1.2,0.85,2955420,0.9,1750580,10311795
2026-04-13T11:05:01.448,NF,NIFTY13APR2624200CE,0.9,3.7,7.05,0.8,76.7,72983495,1.2,0.85,2959905,0.9,1743365,10311795
2026-04-13T11:05:04.858,NF,NIFTY13APR2624200CE,0.9,3.7,7.05,0.8,76.7,72985380,1.2,0.85,2940535,0.9,1757795,10311795
2026-04-13T11:05:06.459,NF,NIFTY13APR2624200CE,0.85,3.7,7.05,0.8,76.7,72985575,1.2,0.85,2943460,0.9,1761565,10311795
2026-04-13T11:05:08.062,NF,NIFTY13APR2624200CE,0.9,3.7,7.05,0.8,76.7,72987265,1.2,0.85,2954770,0.9,1739660,10311795
2026-04-13T11:05:09.863,NF,NIFTY13APR2624200CE,0.9,3.7,7.05,0.8,76.7,72992985,1.2,0.85,2953535,0.9,1734915,10311795
2026-04-13T11:05:11.467,NF,NIFTY13APR2624200CE,0.9,3.7,7.05,0.8,76.7,73245315,1.2,0.9,701935,0.95,1824615,10311795
2026-04-13T11:05:13.072,NF,NIFTY13APR2624200CE,0.9,3.7,7.05,0.8,76.7,73249280,1.2,0.9,1373775,0.95,1819870,10311795
2026-04-13T11:05:14.873,NF,NIFTY13APR2624200CE,0.9,3.7,7.05,0.8,76.7,73252725,1.2,0.9,1440855,0.95,1817660,10311795
2026-04-13T11:05:16.473,NF,NIFTY13APR2624200CE,0.9,3.7,7.05,0.8,76.7,73252790,1.2,0.9,1444755,0.95,1817985,10311795
2026-04-13T11:05:18.079,NF,NIFTY13APR2624200CE,0.9,3.7,7.05,0.8,76.7,73258445,1.2,0.9,1449435,0.95,1819740,10311795
2026-04-13T11:05:19.687,NF,NIFTY13APR2624200CE,0.95,3.7,7.05,0.8,76.7,73261695,1.2,0.9,1454830,0.95,1819805,10311795
2026-04-13T11:05:21.293,NF,NIFTY13APR2624200CE,0.9,3.7,7.05,0.8,76.7,73263580,1.2,0.9,1480180,0.95,1821755,10311795
2026-04-13T11:05:23.092,NF,NIFTY13APR2624200CE,0.9,3.7,7.05,0.8,76.7,73269690,1.2,0.9,1471080,0.95,1837290,10311795
2026-04-13T11:05:24.689,NF,NIFTY13APR2624200CE,0.9,3.7,7.05,0.8,76.7,73270535,1.2,0.9,1470690,0.95,1836835,10311795
2026-04-13T11:05:26.293,NF,NIFTY13APR2624200CE,0.95,3.7,7.05,0.8,76.7,73270990,1.2,0.9,1475630,0.95,1836445,10311795
2026-04-13T11:05:27.897,NF,NIFTY13APR2624200CE,0.9,3.7,7.05,0.8,76.7,73271445,1.2,0.9,1480765,0.95,1836510,10311795
2026-04-13T11:05:29.499,NF,NIFTY13APR2624200CE,0.95,3.7,7.05,0.8,76.7,73271900,1.2,0.9,1483430,0.95,1836120,10311795
2026-04-13T11:05:31.318,NF,NIFTY13APR2624200CE,0.95,3.7,7.05,0.8,76.7,73273005,1.2,0.9,1483365,0.95,1868620,10311795
2026-04-13T11:05:32.912,NF,NIFTY13APR2624200CE,0.9,3.7,7.05,0.8,76.7,73273135,1.2,0.9,1482910,0.95,1864200,10311795
2026-04-13T11:05:34.508,NF,NIFTY13APR2624200CE,0.9,3.7,7.05,0.8,76.7,73273395,1.2,0.9,1484210,0.95,1865045,10311795
2026-04-13T11:05:36.311,NF,NIFTY13APR2624200CE,0.9,3.7,7.05,0.8,76.7,73273525,1.2,0.9,1484275,0.95,1863095,10311795
2026-04-13T11:05:39.315,NF,NIFTY13APR2624200CE,0.9,3.7,7.05,0.8,76.7,73274110,1.2,0.9,1504295,0.95,1861990,10311795
2026-04-13T11:05:40.925,NF,NIFTY13APR2624200CE,0.9,3.7,7.05,0.8,76.7,73276645,1.2,0.9,1512160,0.95,1857700,10311795
2026-04-13T11:05:42.720,NF,NIFTY13APR2624200CE,0.95,3.7,7.05,0.8,76.7,73277620,1.2,0.9,1511185,0.95,1859325,10311795
2026-04-13T11:05:44.372,NF,NIFTY13APR2624200CE,0.9,3.7,7.05,0.8,76.7,73278010,1.2,0.9,1512485,0.95,1857960,10311795
2026-04-13T11:05:45.939,NF,NIFTY13APR2624200CE,0.95,3.7,7.05,0.8,76.7,73285810,1.2,0.9,1537705,0.95,1847430,10311795
2026-04-13T11:05:47.735,NF,NIFTY13APR2624200CE,0.95,3.7,7.05,0.8,76.7,73301930,1.2,0.9,1537770,0.95,1848600,10311795
2026-04-13T11:05:49.338,NF,NIFTY13APR2624200CE,0.95,3.7,7.05,0.8,76.7,73302190,1.2,0.9,1537640,0.95,1847040,10311795
2026-04-13T11:05:50.935,NF,NIFTY13APR2624200CE,0.95,3.7,7.05,0.8,76.7,73306935,1.2,0.9,1558960,0.95,1843595,10311795
2026-04-13T11:05:52.550,NF,NIFTY13APR2624200CE,0.95,3.7,7.05,0.8,76.7,73318765,1.2,0.9,1608815,0.95,1932450,10311795
2026-04-13T11:05:54.381,NF,NIFTY13APR2624200CE,0.95,3.7,7.05,0.8,76.7,73321690,1.2,0.9,1610050,0.95,1981070,10311795
2026-04-13T11:05:55.941,NF,NIFTY13APR2624200CE,0.95,3.7,7.05,0.8,76.7,73322730,1.2,0.9,1634490,0.95,1985490,10311795
2026-04-13T11:05:57.551,NF,NIFTY13APR2624200CE,0.95,3.7,7.05,0.8,76.7,73324615,1.2,0.9,1632540,0.95,1987440,10311795
2026-04-13T11:05:59.347,NF,NIFTY13APR2624200CE,0.9,3.7,7.05,0.8,76.7,73324680,1.2,0.9,1632995,0.95,1985360,10311795
2026-04-13T11:06:00.963,NF,NIFTY13APR2624200CE,0.95,3.7,7.05,0.8,76.7,73557445,1.2,0.9,1461265,0.95,1887405,10311795
2026-04-13T11:06:02.554,NF,NIFTY13APR2624200CE,0.9,3.7,7.05,0.8,76.7,73566935,1.2,0.9,1451060,0.95,1888510,10311795
2026-04-13T11:06:04.162,NF,NIFTY13APR2624200CE,0.95,3.7,7.05,0.8,76.7,73574605,1.2,0.9,1470105,0.95,1880125,10311795
2026-04-13T11:06:05.957,NF,NIFTY13APR2624200CE,0.95,3.7,7.05,0.8,76.7,73576425,1.2,0.9,1467960,0.95,1887340,10311795
2026-04-13T11:06:07.565,NF,NIFTY13APR2624200CE,0.9,3.7,7.05,0.8,76.7,73581950,1.2,0.9,1451450,0.95,1907165,10311795
2026-04-13T11:06:09.168,NF,NIFTY13APR2624200CE,0.9,3.7,7.05,0.8,76.7,73582470,1.2,0.9,1449305,0.95,1908530,10311795
2026-04-13T11:06:10.981,NF,NIFTY13APR2624200CE,0.95,3.7,7.05,0.8,76.7,73582535,1.2,0.9,1451385,0.95,1903005,10311795
2026-04-13T11:06:12.573,NF,NIFTY13APR2624200CE,0.9,3.7,7.05,0.8,76.7,73583185,1.2,0.9,1450995,0.95,1904565,10311795
2026-04-13T11:06:14.174,NF,NIFTY13APR2624200CE,0.9,3.7,7.05,0.8,76.7,73583575,1.2,0.9,1450735,0.95,1906190,10311795
2026-04-13T11:06:15.778,NF,NIFTY13APR2624200CE,0.95,3.7,7.05,0.8,76.7,73585330,1.2,0.9,1452750,0.95,1892150,10311795
2026-04-13T11:06:17.578,NF,NIFTY13APR2624200CE,0.9,3.7,7.05,0.8,76.7,73630830,1.2,0.85,912145,0.9,1742130,10311795
2026-04-13T11:06:19.181,NF,NIFTY13APR2624200CE,0.9,3.7,7.05,0.8,76.7,73631935,1.2,0.85,1442415,0.9,1838330,10311795
2026-04-13T11:06:20.793,NF,NIFTY13APR2624200CE,0.9,3.7,7.05,0.8,76.7,73634145,1.2,0.85,1444430,0.9,1836185,10311795
2026-04-13T11:06:22.585,NF,NIFTY13APR2624200CE,0.9,3.7,7.05,0.8,76.7,73634535,1.2,0.85,1467440,0.9,1834170,10311795
2026-04-13T11:06:24.199,NF,NIFTY13APR2624200CE,0.9,3.7,7.05,0.8,76.7,73635055,1.2,0.85,1469455,0.9,1831830,10311795
2026-04-13T11:06:25.798,NF,NIFTY13APR2624200CE,0.9,3.7,7.05,0.8,76.7,73636095,1.2,0.85,1468870,0.9,1832805,10311795
2026-04-13T11:06:27.592,NF,NIFTY13APR2624200CE,0.9,3.7,7.05,0.8,76.7,73943545,1.2,0.85,3785080,0.9,1742585,10311795
2026-04-13T11:06:30.798,NF,NIFTY13APR2624200CE,0.9,3.7,7.05,0.8,76.7,73955765,1.2,0.85,4026555,0.9,1913600,10311795
2026-04-13T11:06:32.403,NF,NIFTY13APR2624200CE,0.85,3.7,7.05,0.8,76.7,73956415,1.2,0.85,4024540,0.9,1908855,10311795
2026-04-13T11:06:34.205,NF,NIFTY13APR2624200CE,0.85,3.7,7.05,0.8,76.7,73956675,1.2,0.85,4032990,0.9,1912560,10311795
2026-04-13T11:06:35.810,NF,NIFTY13APR2624200CE,0.85,3.7,7.05,0.8,76.7,73977150,1.2,0.85,4008225,0.9,1913665,10311795
2026-04-13T11:06:37.424,NF,NIFTY13APR2624200CE,0.9,3.7,7.05,0.8,76.7,73977345,1.2,0.85,4009395,0.9,1943890,10311795
2026-04-13T11:06:38.616,NF,NIFTY13APR2624200CE,0.9,3.7,7.05,0.8,76.7,73977475,1.2,0.85,4010825,0.9,1944150,10311795
2026-04-13T11:06:40.412,NF,NIFTY13APR2624200CE,0.9,3.7,7.05,0.8,76.7,73980465,1.2,0.85,4009005,0.9,1942265,10311795
2026-04-13T11:06:42.013,NF,NIFTY13APR2624200CE,0.9,3.7,7.05,0.8,76.7,73982155,1.2,0.85,4007315,0.9,1941550,10311795
2026-04-13T11:06:43.618,NF,NIFTY13APR2624200CE,0.85,3.7,7.05,0.8,76.7,73982220,1.2,0.85,4009005,0.9,1941355,10311795
2026-04-13T11:06:45.422,NF,NIFTY13APR2624200CE,0.9,3.7,7.05,0.8,76.7,73989370,1.2,0.85,4001725,0.9,1941030,10311795
2026-04-13T11:06:47.032,NF,NIFTY13APR2624200CE,0.85,3.7,7.05,0.8,76.7,73989695,1.2,0.85,4003090,0.9,1940770,10311795
2026-04-13T11:06:48.626,NF,NIFTY13APR2624200CE,0.85,3.7,7.05,0.8,76.7,73991775,1.2,0.85,3996590,0.9,1939990,10311795
2026-04-13T11:06:50.434,NF,NIFTY13APR2624200CE,0.9,3.7,7.05,0.8,76.7,73992685,1.2,0.85,4000555,0.9,1939860,10311795
2026-04-13T11:06:52.032,NF,NIFTY13APR2624200CE,0.85,3.7,7.05,0.8,76.7,73993205,1.2,0.85,3998670,0.9,1939990,10311795
2026-04-13T11:06:53.644,NF,NIFTY13APR2624200CE,0.85,3.7,7.05,0.8,76.7,73993855,1.2,0.85,3998280,0.9,1940120,10311795
2026-04-13T11:06:55.457,NF,NIFTY13APR2624200CE,0.85,3.7,7.05,0.8,76.7,73994570,1.2,0.85,3998410,0.9,1939925,10311795
2026-04-13T11:06:57.049,NF,NIFTY13APR2624200CE,0.9,3.7,7.05,0.8,76.7,74050145,1.2,0.85,3954080,0.9,1935245,10311795
2026-04-13T11:06:58.643,NF,NIFTY13APR2624200CE,0.85,3.7,7.05,0.8,76.7,74050340,1.2,0.85,3953235,0.9,1935310,10311795
2026-04-13T11:07:00.443,NF,NIFTY13APR2624200CE,0.9,3.7,7.05,0.8,76.7,74061975,1.2,0.85,3961815,0.9,1892670,10311795
2026-04-13T11:07:02.050,NF,NIFTY13APR2624200CE,0.9,3.7,7.05,0.8,76.7,74062690,1.2,0.85,3959930,0.9,1893385,10311795
2026-04-13T11:07:03.653,NF,NIFTY13APR2624200CE,0.85,3.7,7.05,0.8,76.7,74065810,1.2,0.85,3959085,0.9,1893775,10311795
2026-04-13T11:07:07.052,NF,NIFTY13APR2624200CE,0.9,3.7,7.05,0.8,76.7,74067305,1.2,0.85,3958370,0.9,1891370,10311795
2026-04-13T11:07:13.664,NF,NIFTY13APR2624200CE,0.9,3.7,7.05,0.8,76.7,74069905,1.2,0.85,3957785,0.9,1887145,10311795
2026-04-13T11:07:15.464,NF,NIFTY13APR2624200CE,0.9,3.7,7.05,0.8,76.7,74070815,1.2,0.85,3958890,0.9,1886560,10311795
2026-04-13T11:07:17.068,NF,NIFTY13APR2624200CE,0.9,3.7,7.05,0.8,76.7,74071400,1.2,0.85,3956095,0.9,1886950,10311795
2026-04-13T11:07:18.671,NF,NIFTY13APR2624200CE,0.85,3.7,7.05,0.8,76.7,74077900,1.2,0.85,3951025,0.9,1889095,10311795
2026-04-13T11:07:20.473,NF,NIFTY13APR2624200CE,0.9,3.7,7.05,0.8,76.7,74078680,1.2,0.85,3949920,0.9,1886365,10311795
2026-04-13T11:07:22.078,NF,NIFTY13APR2624200CE,0.85,3.7,7.05,0.8,76.7,74080760,1.2,0.85,3948100,0.9,1888640,10311795
2026-04-13T11:07:23.686,NF,NIFTY13APR2624200CE,0.9,3.7,7.05,0.8,76.7,74081930,1.2,0.85,3948360,0.9,1906970,10311795
2026-04-13T11:07:25.482,NF,NIFTY13APR2624200CE,0.9,3.7,7.05,0.8,76.7,74087520,1.2,0.85,3946670,0.9,1899625,10311795
2026-04-13T11:07:27.084,NF,NIFTY13APR2624200CE,0.9,3.7,7.05,0.8,76.7,74089210,1.2,0.85,3950505,0.9,1900860,10311795
2026-04-13T11:07:28.690,NF,NIFTY13APR2624200CE,0.9,3.7,7.05,0.8,76.7,74090575,1.2,0.85,3950570,0.9,1900665,10311795
2026-04-13T11:07:30.503,NF,NIFTY13APR2624200CE,0.9,3.7,7.05,0.8,76.7,74092785,1.2,0.85,3942445,0.9,1899430,10311795
2026-04-13T11:07:32.095,NF,NIFTY13APR2624200CE,0.9,3.7,7.05,0.8,76.7,74094735,1.2,0.85,3945955,0.9,1897610,10311795
2026-04-13T11:07:35.507,NF,NIFTY13APR2624200CE,0.9,3.7,7.05,0.8,76.7,74098310,1.2,0.85,3947775,0.9,1896830,10311795
2026-04-13T11:07:37.109,NF,NIFTY13APR2624200CE,0.9,3.7,7.05,0.8,76.7,74099935,1.2,0.85,3943030,0.9,1896570,10311795
2026-04-13T11:07:38.098,NF,NIFTY13APR2624200CE,0.9,3.7,7.05,0.8,76.7,74100780,1.2,0.85,3943940,0.9,1895855,10346440
2026-04-13T11:07:39.709,NF,NIFTY13APR2624200CE,0.9,3.7,7.05,0.8,76.7,74100845,1.2,0.85,3941990,0.9,1897220,10346440
2026-04-13T11:07:41.310,NF,NIFTY13APR2624200CE,0.9,3.7,7.05,0.8,76.7,74103835,1.2,0.85,3941990,0.9,1892605,10346440
2026-04-13T11:07:42.909,NF,NIFTY13APR2624200CE,0.9,3.7,7.05,0.8,76.7,74104355,1.2,0.85,3942445,0.9,1893060,10346440
2026-04-13T11:07:44.707,NF,NIFTY13APR2624200CE,0.9,3.7,7.05,0.8,76.7,74104745,1.2,0.85,3942445,0.9,1891890,10346440
2026-04-13T11:07:46.402,NF,NIFTY13APR2624200CE,0.85,3.7,7.05,0.8,76.7,74108255,1.2,0.85,3940105,0.9,1887535,10346440
2026-04-13T11:07:49.591,NF,NIFTY13APR2624200CE,0.9,3.7,7.05,0.8,76.7,74109750,1.2,0.85,3940495,0.9,1889225,10346440
2026-04-13T11:07:51.332,NF,NIFTY13APR2624200CE,0.85,3.7,7.05,0.8,76.7,74109815,1.2,0.85,3942250,0.9,1894295,10346440
2026-04-13T11:07:54.526,NF,NIFTY13APR2624200CE,0.85,3.7,7.05,0.8,76.7,74111180,1.2,0.85,3939715,0.9,1894880,10346440
2026-04-13T11:07:56.129,NF,NIFTY13APR2624200CE,0.9,3.7,7.05,0.8,76.7,74114040,1.2,0.85,3941340,0.9,1892020,10346440
2026-04-13T11:07:57.933,NF,NIFTY13APR2624200CE,0.9,3.7,7.05,0.8,76.7,74114235,1.2,0.85,3941145,0.9,1892020,10346440
2026-04-13T11:07:59.535,NF,NIFTY13APR2624200CE,0.9,3.7,7.05,0.8,76.7,74114495,1.2,0.85,3941080,0.9,1891695,10346440
2026-04-13T11:08:01.233,NF,NIFTY13APR2624200CE,0.9,3.7,7.05,0.8,76.7,74116575,1.2,0.85,3944395,0.9,1885260,10346440
2026-04-13T11:08:02.944,NF,NIFTY13APR2624200CE,0.85,3.7,7.05,0.8,76.7,74116965,1.2,0.85,3933670,0.9,1897675,10346440
2026-04-13T11:08:04.544,NF,NIFTY13APR2624200CE,0.9,3.7,7.05,0.8,76.7,74117875,1.2,0.85,3935425,0.9,1905995,10346440
2026-04-13T11:08:06.155,NF,NIFTY13APR2624200CE,0.85,3.7,7.05,0.8,76.7,74192235,1.2,0.8,2140320,0.85,1327300,10346440
2026-04-13T11:08:07.951,NF,NIFTY13APR2624200CE,0.85,3.7,7.05,0.8,76.7,74198085,1.2,0.8,2152735,0.85,1360710,10346440
2026-04-13T11:08:09.551,NF,NIFTY13APR2624200CE,0.85,3.7,7.05,0.8,76.7,74199060,1.2,0.8,2151305,0.85,1359800,10346440
2026-04-13T11:08:11.155,NF,NIFTY13APR2624200CE,0.8,3.7,7.05,0.8,76.7,74200295,1.2,0.8,2147275,0.85,1391390,10346440
2026-04-13T11:08:12.955,NF,NIFTY13APR2624200CE,0.85,3.7,7.05,0.8,76.7,74202895,1.2,0.8,2144415,0.85,1392105,10346440
2026-04-13T11:08:14.558,NF,NIFTY13APR2624200CE,0.85,3.7,7.05,0.8,76.7,74203350,1.2,0.8,2148185,0.85,1394315,10346440
2026-04-13T11:08:16.160,NF,NIFTY13APR2624200CE,0.85,3.7,7.05,0.8,76.7,74204780,1.2,0.8,2147405,0.85,1392690,10346440
2026-04-13T11:08:17.763,NF,NIFTY13APR2624200CE,0.85,3.7,7.05,0.8,76.7,74206535,1.2,0.8,2151110,0.85,1391715,10346440
2026-04-13T11:08:19.366,NF,NIFTY13APR2624200CE,0.85,3.7,7.05,0.8,76.7,74207575,1.2,0.8,2151175,0.85,1390675,10346440
2026-04-13T11:08:21.178,NF,NIFTY13APR2624200CE,0.85,3.7,7.05,0.8,76.7,74210955,1.2,0.8,2148900,0.85,1388400,10346440
2026-04-13T11:08:22.771,NF,NIFTY13APR2624200CE,0.8,3.7,7.05,0.8,76.7,74213555,1.2,0.8,2148120,0.85,1411540,10346440
2026-04-13T11:08:24.382,NF,NIFTY13APR2624200CE,0.85,3.7,7.05,0.8,76.7,74213945,1.2,0.8,2147990,0.85,1411280,10346440
2026-04-13T11:08:26.178,NF,NIFTY13APR2624200CE,0.85,3.7,7.05,0.8,76.7,74216870,1.2,0.8,2143375,0.85,1411930,10346440
2026-04-13T11:08:27.779,NF,NIFTY13APR2624200CE,0.8,3.7,7.05,0.8,76.7,74218560,1.2,0.8,2143115,0.85,1410110,10346440
2026-04-13T11:08:29.382,NF,NIFTY13APR2624200CE,0.85,3.7,7.05,0.8,76.7,74221095,1.2,0.8,2139540,0.85,1431235,10346440
2026-04-13T11:08:31.183,NF,NIFTY13APR2624200CE,0.85,3.7,7.05,0.8,76.7,74223240,1.2,0.8,2135835,0.85,1460420,10346440
2026-04-13T11:08:34.389,NF,NIFTY13APR2624200CE,0.85,3.7,7.05,0.8,76.7,74225060,1.2,0.8,2128100,0.85,1553955,10346440
2026-04-13T11:08:36.190,NF,NIFTY13APR2624200CE,0.8,3.7,7.05,0.8,76.7,74229545,1.2,0.8,2149160,0.85,1690195,10346440
2026-04-13T11:08:37.799,NF,NIFTY13APR2624200CE,0.85,3.7,7.05,0.8,76.7,74233315,1.2,0.8,2151435,0.85,1704885,10346440
2026-04-13T11:08:38.997,NF,NIFTY13APR2624200CE,0.85,3.7,7.05,0.8,76.7,74234160,1.2,0.8,2153125,0.85,1704235,10346440
2026-04-13T11:08:40.598,NF,NIFTY13APR2624200CE,0.85,3.7,7.05,0.8,76.7,74236825,1.2,0.8,2153060,0.85,1701440,10346440
2026-04-13T11:08:42.398,NF,NIFTY13APR2624200CE,0.85,3.7,7.05,0.8,76.7,74239425,1.2,0.8,2154490,0.85,1698385,10346440
2026-04-13T11:08:44.002,NF,NIFTY13APR2624200CE,0.85,3.7,7.05,0.8,76.7,74262240,1.2,0.8,2176135,0.85,1748435,10346440
2026-04-13T11:08:45.604,NF,NIFTY13APR2624200CE,0.85,3.7,7.05,0.8,76.7,74262435,1.2,0.8,2174055,0.85,1749605,10346440
2026-04-13T11:08:47.411,NF,NIFTY13APR2624200CE,0.85,3.7,7.05,0.8,76.7,74262565,1.2,0.8,2172430,0.85,1753180,10346440
2026-04-13T11:08:50.614,NF,NIFTY13APR2624200CE,0.85,3.7,7.05,0.8,76.7,74265230,1.2,0.8,2174510,0.85,1729390,10346440
2026-04-13T11:08:52.412,NF,NIFTY13APR2624200CE,0.8,3.7,7.05,0.8,76.7,74265490,1.2,0.8,2172170,0.85,1734590,10346440
2026-04-13T11:08:55.619,NF,NIFTY13APR2624200CE,0.85,3.7,7.05,0.8,76.7,74268155,1.2,0.8,2171910,0.85,1801410,10346440
2026-04-13T11:08:57.422,NF,NIFTY13APR2624200CE,0.8,3.7,7.05,0.8,76.7,74268220,1.2,0.8,2168595,0.85,1801020,10346440
2026-04-13T11:08:59.023,NF,NIFTY13APR2624200CE,0.8,3.7,7.05,0.8,76.7,74268480,1.2,0.8,2169960,0.85,1806545,10346440
2026-04-13T11:09:00.626,NF,NIFTY13APR2624200CE,0.8,3.7,7.05,0.8,76.7,74292660,1.2,0.8,2148965,0.85,1800565,10346440
2026-04-13T11:09:02.428,NF,NIFTY13APR2624200CE,0.85,3.7,7.05,0.8,76.7,74293635,1.2,0.8,2148315,0.85,1799850,10346440
2026-04-13T11:09:04.029,NF,NIFTY13APR2624200CE,0.85,3.7,7.05,0.8,76.7,74294545,1.2,0.8,2148510,0.85,1799070,10346440
2026-04-13T11:09:05.639,NF,NIFTY13APR2624200CE,0.85,3.7,7.05,0.8,76.7,74298120,1.2,0.8,2152735,0.85,1771185,10346440
2026-04-13T11:09:07.439,NF,NIFTY13APR2624200CE,0.85,3.7,7.05,0.8,76.7,74302020,1.2,0.8,2146235,0.85,1770860,10346440
2026-04-13T11:09:09.037,NF,NIFTY13APR2624200CE,0.8,3.7,7.05,0.8,76.7,74302735,1.2,0.8,2142595,0.85,1790295,10346440
2026-04-13T11:09:10.641,NF,NIFTY13APR2624200CE,0.85,3.7,7.05,0.8,76.7,74307610,1.2,0.8,2142530,0.85,1800110,10346440
2026-04-13T11:09:12.442,NF,NIFTY13APR2624200CE,0.85,3.7,7.05,0.8,76.7,74309235,1.2,0.8,2146365,0.85,1797315,10346440
2026-04-13T11:09:14.044,NF,NIFTY13APR2624200CE,0.85,3.7,7.05,0.8,76.7,74310535,1.2,0.8,2146300,0.85,1792635,10346440
2026-04-13T11:09:15.649,NF,NIFTY13APR2624200CE,0.8,3.7,7.05,0.8,76.7,74310600,1.2,0.8,2146105,0.85,1797640,10346440
2026-04-13T11:09:17.447,NF,NIFTY13APR2624200CE,0.85,3.7,7.05,0.8,76.7,74313200,1.2,0.8,2147600,0.85,1799330,10346440
2026-04-13T11:09:19.052,NF,NIFTY13APR2624200CE,0.8,3.7,7.05,0.8,76.7,74315930,1.2,0.8,2149225,0.85,1801800,10346440
2026-04-13T11:09:20.654,NF,NIFTY13APR2624200CE,0.85,3.7,7.05,0.8,76.7,74459905,1.2,0.85,1542775,0.9,1889030,10346440
2026-04-13T11:09:22.454,NF,NIFTY13APR2624200CE,0.85,3.7,7.05,0.8,76.7,74461010,1.2,0.85,1538355,0.9,1890330,10346440
2026-04-13T11:09:24.062,NF,NIFTY13APR2624200CE,0.85,3.7,7.05,0.8,76.7,74462050,1.2,0.85,1537380,0.9,1887210,10346440
2026-04-13T11:09:25.664,NF,NIFTY13APR2624200CE,0.85,3.7,7.05,0.8,76.7,74462180,1.2,0.85,1537185,0.9,1873950,10346440
2026-04-13T11:09:27.460,NF,NIFTY13APR2624200CE,0.85,3.7,7.05,0.8,76.7,74587760,1.19,0.85,1325805,0.9,1889290,10346440
2026-04-13T11:09:29.069,NF,NIFTY13APR2624200CE,0.85,3.7,7.05,0.8,76.7,74587890,1.19,0.85,1329250,0.9,1889615,10346440
2026-04-13T11:09:30.668,NF,NIFTY13APR2624200CE,0.85,3.7,7.05,0.8,76.7,74590815,1.19,0.85,1421225,0.9,1894230,10346440
2026-04-13T11:09:32.477,NF,NIFTY13APR2624200CE,0.85,3.7,7.05,0.8,76.7,74592245,1.19,0.85,1487265,0.9,1880255,10346440
2026-04-13T11:09:34.074,NF,NIFTY13APR2624200CE,0.85,3.7,7.05,0.8,76.7,74592895,1.19,0.85,1488565,0.9,1879345,10346440
2026-04-13T11:09:35.684,NF,NIFTY13APR2624200CE,0.85,3.7,7.05,0.8,76.7,74593480,1.19,0.85,1534390,0.9,1885780,10346440
2026-04-13T11:09:37.475,NF,NIFTY13APR2624200CE,0.85,3.7,7.05,0.8,76.7,74593805,1.19,0.85,1771445,0.9,1885715,10346440
2026-04-13T11:09:38.877,NF,NIFTY13APR2624200CE,0.85,3.7,7.05,0.8,76.7,74596405,1.19,0.85,1768975,0.9,1882530,10346440
2026-04-13T11:09:40.484,NF,NIFTY13APR2624200CE,0.9,3.7,7.05,0.8,76.7,74599720,1.19,0.85,1776970,0.9,1878695,10346440
2026-04-13T11:09:42.084,NF,NIFTY13APR2624200CE,0.85,3.7,7.05,0.8,76.7,74601020,1.19,0.85,1768650,0.9,1895010,10346440
2026-04-13T11:09:43.890,NF,NIFTY13APR2624200CE,0.9,3.7,7.05,0.8,76.7,74601085,1.19,0.85,1648725,0.9,1900405,10346440
2026-04-13T11:09:45.488,NF,NIFTY13APR2624200CE,0.9,3.7,7.05,0.8,76.7,74601215,1.19,0.85,1648725,0.9,1888250,10346440
2026-04-13T11:09:47.094,NF,NIFTY13APR2624200CE,0.85,3.7,7.05,0.8,76.7,74621690,1.19,0.85,1628250,0.9,1896375,10346440
2026-04-13T11:09:48.892,NF,NIFTY13APR2624200CE,0.85,3.7,7.05,0.8,76.7,74624225,1.19,0.85,1625910,0.9,1911000,10346440
2026-04-13T11:09:50.498,NF,NIFTY13APR2624200CE,0.9,3.7,7.05,0.8,76.7,74626435,1.19,0.85,1625845,0.9,1896570,10346440
2026-04-13T11:09:52.101,NF,NIFTY13APR2624200CE,0.85,3.7,7.05,0.8,76.7,74630270,1.19,0.85,1622920,0.9,1913145,10346440
2026-04-13T11:09:53.917,NF,NIFTY13APR2624200CE,0.9,3.7,7.05,0.8,76.7,74632675,1.19,0.85,1622140,0.9,1911975,10346440
2026-04-13T11:09:55.514,NF,NIFTY13APR2624200CE,0.9,3.7,7.05,0.8,76.7,74638070,1.19,0.85,1619475,0.9,1895985,10346440
2026-04-13T11:09:57.111,NF,NIFTY13APR2624200CE,0.85,3.7,7.05,0.8,76.7,74640215,1.19,0.85,1620775,0.9,1892540,10346440
2026-04-13T11:10:00.517,NF,NIFTY13APR2624200CE,0.85,3.7,7.05,0.8,76.7,74642165,1.19,0.85,1624025,0.9,1888575,10346440
2026-04-13T11:10:02.179,NF,NIFTY13APR2624200CE,0.9,3.7,7.05,0.8,76.7,74644180,1.19,0.85,1626235,0.9,1881490,10346440
2026-04-13T11:10:03.945,NF,NIFTY13APR2624200CE,0.85,3.7,7.05,0.8,76.7,74644960,1.19,0.85,1624155,0.9,1882335,10346440
2026-04-13T11:10:05.523,NF,NIFTY13APR2624200CE,0.9,3.7,7.05,0.8,76.7,74645805,1.19,0.85,1625585,0.9,1882075,10346440
2026-04-13T11:10:07.135,NF,NIFTY13APR2624200CE,0.85,3.7,7.05,0.8,76.7,74655945,1.19,0.85,1620385,0.9,1757145,10346440
2026-04-13T11:10:08.926,NF,NIFTY13APR2624200CE,0.85,3.7,7.05,0.8,76.7,74656075,1.19,0.85,1620385,0.9,1772225,10346440
2026-04-13T11:10:10.560,NF,NIFTY13APR2624200CE,0.9,3.7,7.05,0.8,76.7,74663225,1.19,0.85,1617850,0.9,1769820,10346440
2026-04-13T11:10:12.135,NF,NIFTY13APR2624200CE,0.85,3.7,7.05,0.8,76.7,74748180,1.19,0.8,2067845,0.85,1300130,10346440
2026-04-13T11:10:13.751,NF,NIFTY13APR2624200CE,0.85,3.7,7.05,0.8,76.7,74749090,1.19,0.8,2070120,0.85,1295840,10346440
2026-04-13T11:10:15.537,NF,NIFTY13APR2624200CE,0.85,3.7,7.05,0.8,76.7,74802065,1.19,0.8,2067650,0.85,1045785,10346440
2026-04-13T11:10:17.141,NF,NIFTY13APR2624200CE,0.85,3.7,7.05,0.8,76.7,74803365,1.19,0.8,2070705,0.85,1044485,10346440
2026-04-13T11:10:18.744,NF,NIFTY13APR2624200CE,0.8,3.7,7.05,0.8,76.7,74805445,1.19,0.8,2070705,0.85,1075685,10346440
2026-04-13T11:10:20.551,NF,NIFTY13APR2624200CE,0.85,3.7,7.05,0.8,76.7,74808955,1.19,0.8,2073825,0.85,1318915,10346440
2026-04-13T11:10:22.150,NF,NIFTY13APR2624200CE,0.85,3.7,7.05,0.8,76.7,74813830,1.19,0.8,2064400,0.85,1375790,10346440
2026-04-13T11:10:23.753,NF,NIFTY13APR2624200CE,0.8,3.7,7.05,0.8,76.7,74814545,1.19,0.8,2061995,0.85,1376765,10346440
2026-04-13T11:10:25.360,NF,NIFTY13APR2624200CE,0.85,3.7,7.05,0.8,76.7,74815390,1.19,0.8,2063360,0.85,1377935,10346440
2026-04-13T11:10:27.165,NF,NIFTY13APR2624200CE,0.85,3.7,7.05,0.8,76.7,74816560,1.19,0.8,2063620,0.85,1480570,10346440
2026-04-13T11:10:28.761,NF,NIFTY13APR2624200CE,0.8,3.7,7.05,0.8,76.7,74821565,1.19,0.8,2057835,0.85,1540435,10346440
2026-04-13T11:10:30.365,NF,NIFTY13APR2624200CE,0.85,3.7,7.05,0.8,76.7,74821695,1.19,0.8,2053220,0.85,1541930,10346440
2026-04-13T11:10:32.166,NF,NIFTY13APR2624200CE,0.85,3.7,7.05,0.8,76.7,74821890,1.19,0.8,2057770,0.85,1723670,10346440
2026-04-13T11:10:33.769,NF,NIFTY13APR2624200CE,0.85,3.7,7.05,0.8,76.7,74827740,1.19,0.8,2056405,0.85,1723085,10346440
2026-04-13T11:10:35.371,NF,NIFTY13APR2624200CE,0.85,3.7,7.05,0.8,76.7,74832875,1.19,0.8,2051790,0.85,1776710,10346440
2026-04-13T11:10:37.173,NF,NIFTY13APR2624200CE,0.85,3.7,7.05,0.8,76.7,74832940,1.19,0.8,2051660,0.85,1781975,10346440
2026-04-13T11:10:38.781,NF,NIFTY13APR2624200CE,0.85,3.7,7.05,0.8,76.7,74833915,1.19,0.8,2053675,0.85,1767090,10346440
2026-04-13T11:10:40.379,NF,NIFTY13APR2624200CE,0.8,3.7,7.05,0.8,76.7,74834565,1.19,0.8,2041780,0.85,1785745,10391420
2026-04-13T11:10:41.983,NF,NIFTY13APR2624200CE,0.85,3.7,7.05,0.8,76.7,74834695,1.19,0.8,2042885,0.85,1785355,10391420
2026-04-13T11:10:43.782,NF,NIFTY13APR2624200CE,0.85,3.7,7.05,0.8,76.7,74862125,1.19,0.8,2081040,0.85,1765790,10391420
2026-04-13T11:10:45.407,NF,NIFTY13APR2624200CE,0.8,3.7,7.05,0.8,76.7,74868950,1.19,0.8,2077205,0.85,1770795,10391420
2026-04-13T11:10:46.996,NF,NIFTY13APR2624200CE,0.85,3.7,7.05,0.8,76.7,74870510,1.19,0.8,2072005,0.85,1783015,10391420
2026-04-13T11:10:48.591,NF,NIFTY13APR2624200CE,0.85,3.7,7.05,0.8,76.7,74872265,1.19,0.8,2073695,0.85,1800890,10391420
2026-04-13T11:10:50.395,NF,NIFTY13APR2624200CE,0.85,3.7,7.05,0.8,76.7,74876165,1.19,0.8,2067325,0.85,1800565,10391420
2026-04-13T11:10:52.009,NF,NIFTY13APR2624200CE,0.8,3.7,7.05,0.8,76.7,74880260,1.19,0.8,2065310,0.85,1808365,10391420
2026-04-13T11:10:53.600,NF,NIFTY13APR2624200CE,0.8,3.7,7.05,0.8,76.7,74881170,1.19,0.8,2064855,0.85,1808430,10391420
2026-04-13T11:10:55.402,NF,NIFTY13APR2624200CE,0.8,3.7,7.05,0.8,76.7,74882860,1.19,0.8,2063490,0.85,1806675,10391420
2026-04-13T11:10:57.012,NF,NIFTY13APR2624200CE,0.8,3.7,7.05,0.8,76.7,74883575,1.19,0.8,2063880,0.85,1807325,10391420
2026-04-13T11:10:58.606,NF,NIFTY13APR2624200CE,0.8,3.7,7.05,0.8,76.7,74888710,1.19,0.8,2051465,0.85,1811095,10391420
2026-04-13T11:11:00.408,NF,NIFTY13APR2624200CE,0.8,3.7,7.05,0.8,76.7,74890855,1.19,0.8,2050685,0.85,1817660,10391420
2026-04-13T11:11:02.007,NF,NIFTY13APR2624200CE,0.85,3.7,7.05,0.8,76.7,74897290,1.19,0.8,2047825,0.85,1823575,10391420
2026-04-13T11:11:03.617,NF,NIFTY13APR2624200CE,0.8,3.7,7.05,0.8,76.7,74899240,1.19,0.8,2044120,0.85,1822470,10391420
2026-04-13T11:11:05.431,NF,NIFTY13APR2624200CE,0.8,3.7,7.05,0.8,76.7,74914775,1.19,0.8,2035930,0.85,1815580,10391420
2026-04-13T11:11:07.031,NF,NIFTY13APR2624200CE,0.8,3.7,7.05,0.8,76.7,74916335,1.19,0.8,2034955,0.85,1865240,10391420
2026-04-13T11:11:08.621,NF,NIFTY13APR2624200CE,0.8,3.7,7.05,0.8,76.7,74946625,1.19,0.8,1985945,0.85,1863615,10391420
2026-04-13T11:11:10.421,NF,NIFTY13APR2624200CE,0.85,3.7,7.05,0.8,76.7,74979580,1.19,0.8,2002780,0.85,1824095,10391420
2026-04-13T11:11:12.024,NF,NIFTY13APR2624200CE,0.8,3.7,7.05,0.8,76.7,74986470,1.19,0.8,1999595,0.85,1811875,10391420
2026-04-13T11:11:13.630,NF,NIFTY13APR2624200CE,0.8,3.7,7.05,0.8,76.7,74988940,1.19,0.8,1999140,0.85,1804335,10391420
2026-04-13T11:11:15.430,NF,NIFTY13APR2624200CE,0.85,3.7,7.05,0.8,76.7,74990045,1.19,0.8,1998035,0.85,1817790,10391420
2026-04-13T11:11:17.034,NF,NIFTY13APR2624200CE,0.85,3.7,7.05,0.8,76.7,74991345,1.19,0.8,1993875,0.85,1802320,10391420
2026-04-13T11:11:20.243,NF,NIFTY13APR2624200CE,0.8,3.7,7.05,0.8,76.7,75002655,1.19,0.8,1995890,0.85,1801215,10391420
2026-04-13T11:11:23.644,NF,NIFTY13APR2624200CE,0.8,3.7,7.05,0.8,76.7,75015850,1.19,0.8,1993485,0.85,1788215,10391420
2026-04-13T11:11:25.252,NF,NIFTY13APR2624200CE,0.85,3.7,7.05,0.8,76.7,75022415,1.19,0.8,1995565,0.85,1784120,10391420
2026-04-13T11:11:27.049,NF,NIFTY13APR2624200CE,0.85,3.7,7.05,0.8,76.7,75027160,1.19,0.8,1994850,0.85,1788735,10391420
2026-04-13T11:11:28.652,NF,NIFTY13APR2624200CE,0.85,3.7,7.05,0.8,76.7,75027875,1.19,0.8,1995565,0.85,1790100,10391420
2026-04-13T11:11:30.258,NF,NIFTY13APR2624200CE,0.85,3.7,7.05,0.8,76.7,75032230,1.19,0.8,2016430,0.85,1784445,10391420
2026-04-13T11:11:32.056,NF,NIFTY13APR2624200CE,0.85,3.7,7.05,0.8,76.7,75032555,1.19,0.8,2010840,0.85,1790490,10391420
2026-04-13T11:11:33.662,NF,NIFTY13APR2624200CE,0.8,3.7,7.05,0.8,76.7,75053550,1.19,0.8,1977820,0.85,1680835,10391420
2026-04-13T11:11:35.265,NF,NIFTY13APR2624200CE,0.85,3.7,7.05,0.8,76.7,75060635,1.19,0.8,1978730,0.85,1669785,10391420
2026-04-13T11:11:37.066,NF,NIFTY13APR2624200CE,0.85,3.7,7.05,0.8,76.7,75062195,1.19,0.8,1980875,0.85,1668550,10391420
2026-04-13T11:11:39.069,NF,NIFTY13APR2624200CE,0.85,3.7,7.05,0.8,76.7,75064990,1.19,0.8,1981330,0.85,1667510,10391420
2026-04-13T11:11:40.673,NF,NIFTY13APR2624200CE,0.85,3.7,7.05,0.8,76.7,75067135,1.19,0.8,1975480,0.85,1674530,10391420
2026-04-13T11:11:42.276,NF,NIFTY13APR2624200CE,0.8,3.7,7.05,0.8,76.7,75067915,1.19,0.8,1974050,0.85,1687725,10391420
2026-04-13T11:11:44.077,NF,NIFTY13APR2624200CE,0.85,3.7,7.05,0.8,76.7,75068175,1.19,0.8,1976195,0.85,1670110,10391420
2026-04-13T11:11:45.683,NF,NIFTY13APR2624200CE,0.8,3.7,7.05,0.8,76.7,75071035,1.19,0.8,1993550,0.85,1673490,10391420
2026-04-13T11:11:47.289,NF,NIFTY13APR2624200CE,0.85,3.7,7.05,0.8,76.7,75074025,1.19,0.8,2002845,0.85,1661595,10391420
2026-04-13T11:11:49.084,NF,NIFTY13APR2624200CE,0.85,3.7,7.05,0.8,76.7,75074350,1.19,0.8,2003820,0.85,1658345,10391420
2026-04-13T11:11:50.687,NF,NIFTY13APR2624200CE,0.85,3.7,7.05,0.8,76.7,75076950,1.19,0.8,1997905,0.85,1655745,10391420
2026-04-13T11:11:52.289,NF,NIFTY13APR2624200CE,0.8,3.7,7.05,0.8,76.7,75090730,1.19,0.8,1981265,0.85,1674465,10391420
2026-04-13T11:11:53.893,NF,NIFTY13APR2624200CE,0.85,3.7,7.05,0.8,76.7,75103600,1.19,0.8,1986595,0.85,1648465,10391420
2026-04-13T11:11:55.692,NF,NIFTY13APR2624200CE,0.85,3.7,7.05,0.8,76.7,75116210,1.19,0.8,1990365,0.85,1641835,10391420
2026-04-13T11:11:57.296,NF,NIFTY13APR2624200CE,0.8,3.7,7.05,0.8,76.7,75118030,1.19,0.8,1988740,0.85,1644955,10391420
2026-04-13T11:11:58.898,NF,NIFTY13APR2624200CE,0.85,3.7,7.05,0.8,76.7,75125960,1.19,0.8,1986920,0.85,1640925,10391420
2026-04-13T11:12:00.698,NF,NIFTY13APR2624200CE,0.8,3.7,7.05,0.8,76.7,75126610,1.19,0.8,1986140,0.85,1607255,10391420
2026-04-13T11:12:02.302,NF,NIFTY13APR2624200CE,0.8,3.7,7.05,0.8,76.7,75127000,1.19,0.8,1973920,0.85,1626170,10391420
2026-04-13T11:12:03.908,NF,NIFTY13APR2624200CE,0.85,3.7,7.05,0.8,76.7,75127390,1.19,0.8,1983995,0.85,1607385,10391420
2026-04-13T11:12:05.714,NF,NIFTY13APR2624200CE,0.85,3.7,7.05,0.8,76.7,75129470,1.19,0.8,1992965,0.85,1599585,10391420
2026-04-13T11:12:07.309,NF,NIFTY13APR2624200CE,0.85,3.7,7.05,0.8,76.7,75138765,1.19,0.8,1981655,0.85,1610505,10391420
2026-04-13T11:12:08.919,NF,NIFTY13APR2624200CE,0.85,3.7,7.05,0.8,76.7,75140130,1.19,0.8,1974960,0.85,1610440,10391420
2026-04-13T11:12:10.715,NF,NIFTY13APR2624200CE,0.85,3.7,7.05,0.8,76.7,75151700,1.19,0.8,1984840,0.85,1527175,10391420
2026-04-13T11:12:12.318,NF,NIFTY13APR2624200CE,0.85,3.7,7.05,0.8,76.7,75152350,1.19,0.8,1980680,0.85,1527760,10391420
2026-04-13T11:12:13.920,NF,NIFTY13APR2624200CE,0.85,3.7,7.05,0.8,76.7,75152480,1.19,0.8,1991340,0.85,1531075,10391420
2026-04-13T11:12:15.722,NF,NIFTY13APR2624200CE,0.8,3.7,7.05,0.8,76.7,75153910,1.19,0.8,1981200,0.85,1530035,10391420
2026-04-13T11:12:17.324,NF,NIFTY13APR2624200CE,0.8,3.7,7.05,0.8,76.7,75154495,1.19,0.8,1980290,0.85,1529970,10391420
2026-04-13T11:12:18.927,NF,NIFTY13APR2624200CE,0.85,3.7,7.05,0.8,76.7,75155145,1.19,0.8,1989000,0.85,1529385,10391420
2026-04-13T11:12:22.330,NF,NIFTY13APR2624200CE,0.8,3.7,7.05,0.8,76.7,75158590,1.19,0.8,2077855,0.85,1528085,10391420
2026-04-13T11:12:23.940,NF,NIFTY13APR2624200CE,0.85,3.7,7.05,0.8,76.7,75159500,1.19,0.8,2088970,0.85,1527305,10391420
2026-04-13T11:12:25.735,NF,NIFTY13APR2624200CE,0.85,3.7,7.05,0.8,76.7,75166065,1.19,0.8,2098915,0.85,1519245,10391420
2026-04-13T11:12:27.346,NF,NIFTY13APR2624200CE,0.8,3.7,7.05,0.8,76.7,75166650,1.19,0.8,2107170,0.85,1520025,10391420
2026-04-13T11:12:28.941,NF,NIFTY13APR2624200CE,0.8,3.7,7.05,0.8,76.7,75167235,1.19,0.8,2094430,0.85,1520025,10391420
2026-04-13T11:12:30.745,NF,NIFTY13APR2624200CE,0.8,3.7,7.05,0.8,76.7,75168730,1.19,0.8,2077335,0.85,1520675,10391420
2026-04-13T11:12:32.344,NF,NIFTY13APR2624200CE,0.8,3.7,7.05,0.8,76.7,75169705,1.19,0.8,2074020,0.85,1519700,10391420
2026-04-13T11:12:33.959,NF,NIFTY13APR2624200CE,0.85,3.7,7.05,0.8,76.7,75192520,1.19,0.8,2086890,0.85,1503905,10391420
2026-04-13T11:12:35.749,NF,NIFTY13APR2624200CE,0.85,3.7,7.05,0.8,76.7,75196290,1.19,0.8,2107170,0.85,1500850,10391420
2026-04-13T11:12:37.374,NF,NIFTY13APR2624200CE,0.85,3.7,7.05,0.8,76.7,75198890,1.19,0.8,2122185,0.85,1501890,10391420
2026-04-13T11:12:39.152,NF,NIFTY13APR2624200CE,0.85,3.7,7.05,0.8,76.7,75199280,1.19,0.8,2144285,0.85,1500980,10391420
2026-04-13T11:12:40.755,NF,NIFTY13APR2624200CE,0.85,3.7,7.05,0.8,76.7,75199410,1.19,0.8,2145975,0.85,1500915,10391420
2026-04-13T11:12:42.359,NF,NIFTY13APR2624200CE,0.85,3.7,7.05,0.8,76.7,75199475,1.19,0.8,2132975,0.85,1503190,10391420
2026-04-13T11:12:44.160,NF,NIFTY13APR2624200CE,0.85,3.7,7.05,0.8,76.7,75204935,1.19,0.8,2134795,0.85,1496170,10391420
2026-04-13T11:12:45.763,NF,NIFTY13APR2624200CE,0.85,3.7,7.05,0.8,76.7,75205065,1.19,0.8,2142530,0.85,1496105,10391420
2026-04-13T11:12:47.366,NF,NIFTY13APR2624200CE,0.8,3.7,7.05,0.8,76.7,75207535,1.19,0.8,2134730,0.85,1492660,10391420
2026-04-13T11:12:49.178,NF,NIFTY13APR2624200CE,0.85,3.7,7.05,0.8,76.7,75224695,1.19,0.8,2146950,0.85,1196975,10391420
2026-04-13T11:12:50.769,NF,NIFTY13APR2624200CE,0.8,3.7,7.05,0.8,76.7,75227945,1.19,0.8,2153320,0.85,1194310,10391420
2026-04-13T11:12:52.376,NF,NIFTY13APR2624200CE,0.85,3.7,7.05,0.8,76.7,75232365,1.19,0.8,2159625,0.85,1193985,10391420
2026-04-13T11:12:54.173,NF,NIFTY13APR2624200CE,0.85,3.7,7.05,0.8,76.7,75233080,1.19,0.8,2156635,0.85,1194830,10391420
2026-04-13T11:12:55.777,NF,NIFTY13APR2624200CE,0.85,3.7,7.05,0.8,76.7,75235420,1.19,0.8,2149680,0.85,1215110,10391420
2026-04-13T11:12:57.380,NF,NIFTY13APR2624200CE,0.85,3.7,7.05,0.8,76.7,75237110,1.19,0.8,2165410,0.85,1215370,10391420
2026-04-13T11:12:59.181,NF,NIFTY13APR2624200CE,0.85,3.7,7.05,0.8,76.7,75237435,1.19,0.8,2160860,0.85,1241175,10391420
2026-04-13T11:13:00.789,NF,NIFTY13APR2624200CE,0.85,3.7,7.05,0.8,76.7,75237955,1.19,0.8,2172040,0.85,1258530,10391420
2026-04-13T11:13:05.792,NF,NIFTY13APR2624200CE,0.85,3.7,7.05,0.8,76.7,75238995,1.19,0.8,2137785,0.85,1258270,10391420
2026-04-13T11:13:09.018,NF,NIFTY13APR2624200CE,0.85,3.7,7.05,0.8,76.7,75240555,1.19,0.8,2127190,0.85,1274780,10391420
2026-04-13T11:13:10.800,NF,NIFTY13APR2624200CE,0.85,3.7,7.05,0.8,76.7,75245235,1.19,0.8,2121470,0.85,1270490,10391420
2026-04-13T11:13:12.405,NF,NIFTY13APR2624200CE,0.8,3.7,7.05,0.8,76.7,75245690,1.19,0.8,2125760,0.85,1270165,10391420
2026-04-13T11:13:14.004,NF,NIFTY13APR2624200CE,0.85,3.7,7.05,0.8,76.7,75245755,1.19,0.8,2139475,0.85,1270230,10391420
2026-04-13T11:13:15.804,NF,NIFTY13APR2624200CE,0.8,3.7,7.05,0.8,76.7,75246405,1.19,0.8,2128945,0.85,1271660,10391420
2026-04-13T11:13:17.406,NF,NIFTY13APR2624200CE,0.8,3.7,7.05,0.8,76.7,75246470,1.19,0.8,2125695,0.85,1270100,10391420
2026-04-13T11:13:20.614,NF,NIFTY13APR2624200CE,0.85,3.7,7.05,0.8,76.7,75379460,1.19,0.85,1311310,0.9,1761045,10391420
2026-04-13T11:13:22.413,NF,NIFTY13APR2624200CE,0.85,3.7,7.05,0.8,76.7,75380045,1.19,0.85,1770210,0.9,1772550,10391420
2026-04-13T11:13:24.017,NF,NIFTY13APR2624200CE,0.85,3.7,7.05,0.8,76.7,75381930,1.19,0.85,1759745,0.9,1772355,10391420
2026-04-13T11:13:25.640,NF,NIFTY13APR2624200CE,0.85,3.7,7.05,0.8,76.7,75383880,1.19,0.85,1754740,0.9,1773655,10391420
2026-04-13T11:13:27.423,NF,NIFTY13APR2624200CE,0.85,3.7,7.05,0.8,76.7,75597860,1.19,0.85,1629355,0.9,1783275,10391420
2026-04-13T11:13:29.024,NF,NIFTY13APR2624200CE,0.85,3.7,7.05,0.8,76.7,75598640,1.19,0.85,1628445,0.9,1783405,10391420
2026-04-13T11:13:30.636,NF,NIFTY13APR2624200CE,0.85,3.7,7.05,0.8,76.7,75635625,1.19,0.85,1608100,0.9,1768715,10391420
2026-04-13T11:13:32.429,NF,NIFTY13APR2624200CE,0.9,3.7,7.05,0.8,76.7,75635885,1.19,0.85,1609010,0.9,1765855,10391420
2026-04-13T11:13:34.037,NF,NIFTY13APR2624200CE,0.85,3.7,7.05,0.8,76.7,75639720,1.19,0.85,1652365,0.9,1873560,10391420
2026-04-13T11:13:35.641,NF,NIFTY13APR2624200CE,0.85,3.7,7.05,0.8,76.7,75640240,1.19,0.85,1651650,0.9,1953315,10391420
2026-04-13T11:13:37.440,NF,NIFTY13APR2624200CE,0.9,3.7,7.05,0.8,76.7,75655450,1.19,0.85,1676740,0.9,1921595,10391420
2026-04-13T11:13:38.486,NF,NIFTY13APR2624200CE,0.85,3.7,7.05,0.8,76.7,75656880,1.19,0.85,1674790,0.9,1924585,10391420
2026-04-13T11:13:40.241,NF,NIFTY13APR2624200CE,0.9,3.7,7.05,0.8,76.7,75660065,1.19,0.85,1678430,0.9,1915680,10347805
2026-04-13T11:13:41.844,NF,NIFTY13APR2624200CE,0.9,3.7,7.05,0.8,76.7,75670595,1.19,0.85,1683500,0.9,1852045,10347805
2026-04-13T11:13:43.464,NF,NIFTY13APR2624200CE,0.9,3.7,7.05,0.8,76.7,75684115,1.19,0.85,1681810,0.9,1776775,10347805
2026-04-13T11:13:45.291,NF,NIFTY13APR2624200CE,0.85,3.7,7.05,0.8,76.7,75686000,1.19,0.85,1676025,0.9,1902745,10347805
2026-04-13T11:13:46.888,NF,NIFTY13APR2624200CE,0.9,3.7,7.05,0.8,76.7,75697960,1.19,0.85,1681290,0.9,1886885,10347805
2026-04-13T11:13:48.467,NF,NIFTY13APR2624200CE,0.9,3.7,7.05,0.8,76.7,75706410,1.19,0.85,1686620,0.9,1876485,10347805
2026-04-13T11:13:50.258,NF,NIFTY13APR2624200CE,0.9,3.7,7.05,0.8,76.7,75707775,1.19,0.85,1686555,0.9,1877655,10347805
2026-04-13T11:13:51.857,NF,NIFTY13APR2624200CE,0.9,3.7,7.05,0.8,76.7,75711090,1.19,0.85,1686555,0.9,1873105,10347805
2026-04-13T11:13:53.468,NF,NIFTY13APR2624200CE,0.9,3.7,7.05,0.8,76.7,75712585,1.19,0.85,1686555,0.9,1860170,10347805
2026-04-13T11:13:55.262,NF,NIFTY13APR2624200CE,0.9,3.7,7.05,0.8,76.7,75714730,1.19,0.85,1674335,0.9,1863225,10347805
2026-04-13T11:13:56.867,NF,NIFTY13APR2624200CE,0.85,3.7,7.05,0.8,76.7,75716355,1.19,0.85,1674790,0.9,1869985,10347805
2026-04-13T11:13:58.486,NF,NIFTY13APR2624200CE,0.9,3.7,7.05,0.8,76.7,75717070,1.19,0.85,1673880,0.9,1864525,10347805
2026-04-13T11:14:00.076,NF,NIFTY13APR2624200CE,0.85,3.7,7.05,0.8,76.7,75718825,1.19,0.85,1682070,0.9,1862120,10347805
2026-04-13T11:14:01.676,NF,NIFTY13APR2624200CE,0.85,3.7,7.05,0.8,76.7,75718890,1.19,0.85,1678300,0.9,1860625,10347805
2026-04-13T11:14:03.487,NF,NIFTY13APR2624200CE,0.85,3.7,7.05,0.8,76.7,75719735,1.19,0.85,1671605,0.9,1884480,10347805
2026-04-13T11:14:05.098,NF,NIFTY13APR2624200CE,0.9,3.7,7.05,0.8,76.7,75726040,1.19,0.85,1678625,0.9,1887210,10347805
2026-04-13T11:14:06.686,NF,NIFTY13APR2624200CE,0.85,3.7,7.05,0.8,76.7,75730525,1.19,0.85,1676220,0.9,1886040,10347805
2026-04-13T11:14:08.487,NF,NIFTY13APR2624200CE,0.9,3.7,7.05,0.8,76.7,75731435,1.19,0.85,1676350,0.9,1885455,10347805
2026-04-13T11:14:10.091,NF,NIFTY13APR2624200CE,0.85,3.7,7.05,0.8,76.7,75731565,1.19,0.85,1675765,0.9,1884740,10347805
2026-04-13T11:14:11.691,NF,NIFTY13APR2624200CE,0.85,3.7,7.05,0.8,76.7,75737935,1.19,0.85,1682525,0.9,1879540,10347805
2026-04-13T11:14:13.295,NF,NIFTY13APR2624200CE,0.85,3.7,7.05,0.8,76.7,75738000,1.19,0.85,1709370,0.9,1878630,10347805
2026-04-13T11:14:20.105,NF,NIFTY13APR2624200CE,0.85,3.7,7.05,0.8,76.7,75738260,1.19,0.85,1714505,0.9,1870700,10347805
2026-04-13T11:14:21.708,NF,NIFTY13APR2624200CE,0.85,3.7,7.05,0.8,76.7,75741250,1.19,0.85,1721525,0.9,1867970,10347805
2026-04-13T11:14:23.327,NF,NIFTY13APR2624200CE,0.85,3.7,7.05,0.8,76.7,75741380,1.19,0.85,1716065,0.9,1865825,10347805
2026-04-13T11:14:24.916,NF,NIFTY13APR2624200CE,0.85,3.7,7.05,0.8,76.7,75741640,1.19,0.85,1716390,0.9,1864590,10347805
2026-04-13T11:14:26.719,NF,NIFTY13APR2624200CE,0.9,3.7,7.05,0.8,76.7,75745930,1.19,0.85,1715285,0.9,1866475,10347805
2026-04-13T11:14:28.322,NF,NIFTY13APR2624200CE,0.9,3.7,7.05,0.8,76.7,75746190,1.19,0.85,1719445,0.9,1866605,10347805
2026-04-13T11:14:29.938,NF,NIFTY13APR2624200CE,0.85,3.7,7.05,0.8,76.7,75749960,1.19,0.85,1705275,0.9,1865110,10347805
2026-04-13T11:14:31.726,NF,NIFTY13APR2624200CE,0.85,3.7,7.05,0.8,76.7,75759580,1.19,0.85,1710280,0.9,1867840,10347805
2026-04-13T11:14:33.330,NF,NIFTY13APR2624200CE,0.85,3.7,7.05,0.8,76.7,75761985,1.19,0.85,1710280,0.9,1864980,10347805
2026-04-13T11:14:34.931,NF,NIFTY13APR2624200CE,0.9,3.7,7.05,0.8,76.7,75762050,1.19,0.85,1716975,0.9,1864850,10347805
2026-04-13T11:14:36.732,NF,NIFTY13APR2624200CE,0.9,3.7,7.05,0.8,76.7,75765430,1.19,0.85,1716780,0.9,1861145,10347805
2026-04-13T11:14:38.536,NF,NIFTY13APR2624200CE,0.85,3.7,7.05,0.8,76.7,75767445,1.19,0.85,1714700,0.9,1861470,10347805
2026-04-13T11:14:40.139,NF,NIFTY13APR2624200CE,0.85,3.7,7.05,0.8,76.7,75768485,1.19,0.85,1713725,0.9,1863420,10347805
2026-04-13T11:14:41.940,NF,NIFTY13APR2624200CE,0.85,3.7,7.05,0.8,76.7,75769525,1.19,0.85,1726465,0.9,1865305,10347805
2026-04-13T11:14:43.543,NF,NIFTY13APR2624200CE,0.9,3.7,7.05,0.8,76.7,75769720,1.19,0.85,1728415,0.9,1860235,10347805
2026-04-13T11:14:45.147,NF,NIFTY13APR2624200CE,0.9,3.7,7.05,0.8,76.7,75775505,1.19,0.85,1717950,0.9,1855815,10347805
2026-04-13T11:14:46.947,NF,NIFTY13APR2624200CE,0.9,3.7,7.05,0.8,76.7,75778235,1.19,0.85,1717755,0.9,1854645,10347805
2026-04-13T11:14:48.550,NF,NIFTY13APR2624200CE,0.9,3.7,7.05,0.8,76.7,75778300,1.19,0.85,1729910,0.9,1854125,10347805
2026-04-13T11:14:51.958,NF,NIFTY13APR2624200CE,0.9,3.7,7.05,0.8,76.7,75779665,1.19,0.85,1714180,0.9,1857570,10347805
2026-04-13T11:14:53.557,NF,NIFTY13APR2624200CE,0.9,3.7,7.05,0.8,76.7,75784410,1.19,0.85,1721590,0.9,1846975,10347805
2026-04-13T11:14:55.159,NF,NIFTY13APR2624200CE,0.9,3.7,7.05,0.8,76.7,75790780,1.19,0.85,1730690,0.9,1843270,10347805
2026-04-13T11:14:56.967,NF,NIFTY13APR2624200CE,0.85,3.7,7.05,0.8,76.7,75790845,1.19,0.85,1728545,0.9,1841710,10347805
2026-04-13T11:14:58.565,NF,NIFTY13APR2624200CE,0.9,3.7,7.05,0.8,76.7,75792340,1.19,0.85,1713270,0.9,1843400,10347805
2026-04-13T11:15:00.176,NF,NIFTY13APR2624200CE,0.85,3.7,7.05,0.8,76.7,75793055,1.19,0.85,1726595,0.9,1841385,10347805
2026-04-13T11:15:01.977,NF,NIFTY13APR2624200CE,0.9,3.7,7.05,0.8,76.7,75793185,1.19,0.85,1730430,0.9,1836770,10347805
2026-04-13T11:15:03.571,NF,NIFTY13APR2624200CE,0.85,3.7,7.05,0.8,76.7,75794745,1.19,0.85,1728870,0.9,1839435,10347805
2026-04-13T11:15:05.176,NF,NIFTY13APR2624200CE,0.9,3.7,7.05,0.8,76.7,75794810,1.19,0.85,1731860,0.9,1838590,10347805
2026-04-13T11:15:06.976,NF,NIFTY13APR2624200CE,0.9,3.7,7.05,0.8,76.7,75794875,1.19,0.85,1726660,0.9,1838915,10347805
2026-04-13T11:15:08.580,NF,NIFTY13APR2624200CE,0.9,3.7,7.05,0.8,76.7,75796695,1.19,0.85,1731860,0.9,1836055,10347805
2026-04-13T11:15:10.186,NF,NIFTY13APR2624200CE,0.9,3.7,7.05,0.8,76.7,75799555,1.19,0.85,1728415,0.9,1833585,10347805
2026-04-13T11:15:11.991,NF,NIFTY13APR2624200CE,0.85,3.7,7.05,0.8,76.7,75799620,1.19,0.85,1732185,0.9,1830985,10347805
2026-04-13T11:15:16.794,NF,NIFTY13APR2624200CE,0.9,3.7,7.05,0.8,76.7,75799880,1.19,0.85,1732315,0.9,1826695,10347805
2026-04-13T11:15:18.595,NF,NIFTY13APR2624200CE,0.9,3.7,7.05,0.8,76.7,75811645,1.19,0.85,1735110,0.9,1813890,10347805
2026-04-13T11:15:20.197,NF,NIFTY13APR2624200CE,0.9,3.7,7.05,0.8,76.7,75812750,1.19,0.85,1739400,0.9,1812850,10347805
2026-04-13T11:15:21.804,NF,NIFTY13APR2624200CE,0.9,3.7,7.05,0.8,76.7,75823345,1.19,0.85,1738815,0.9,1839110,10347805
2026-04-13T11:15:23.601,NF,NIFTY13APR2624200CE,0.9,3.7,7.05,0.8,76.7,75824645,1.19,0.85,1730430,0.9,1848795,10347805
2026-04-13T11:15:25.205,NF,NIFTY13APR2624200CE,0.9,3.7,7.05,0.8,76.7,75827310,1.19,0.85,1733485,0.9,1847040,10347805
2026-04-13T11:15:26.810,NF,NIFTY13APR2624200CE,0.85,3.7,7.05,0.8,76.7,75832575,1.19,0.85,1757145,0.9,1846195,10347805
2026-04-13T11:15:28.422,NF,NIFTY13APR2624200CE,0.9,3.7,7.05,0.8,76.7,75834395,1.19,0.85,1764620,0.9,1844375,10347805
2026-04-13T11:15:30.212,NF,NIFTY13APR2624200CE,0.85,3.7,7.05,0.8,76.7,75835110,1.19,0.85,1773330,0.9,1843335,10347805
2026-04-13T11:15:31.819,NF,NIFTY13APR2624200CE,0.9,3.7,7.05,0.8,76.7,75840700,1.19,0.85,1771120,0.9,1367860,10347805
2026-04-13T11:15:33.421,NF,NIFTY13APR2624200CE,0.9,3.7,7.05,0.8,76.7,75849865,1.19,0.85,1762475,0.9,1383980,10347805
2026-04-13T11:15:35.219,NF,NIFTY13APR2624200CE,0.9,3.7,7.05,0.8,76.7,75852985,1.19,0.85,1765270,0.9,1397435,10347805
2026-04-13T11:15:36.822,NF,NIFTY13APR2624200CE,0.9,3.7,7.05,0.8,76.7,75853050,1.19,0.85,1766050,0.9,1396980,10347805
2026-04-13T11:15:38.428,NF,NIFTY13APR2624200CE,0.85,3.7,7.05,0.8,76.7,75853115,1.19,0.85,1764685,0.9,1397110,10347805
2026-04-13T11:15:40.028,NF,NIFTY13APR2624200CE,0.85,3.7,7.05,0.8,76.7,75854805,1.19,0.85,1762800,0.9,1430000,10347805
2026-04-13T11:15:41.631,NF,NIFTY13APR2624200CE,0.85,3.7,7.05,0.8,76.7,75856560,1.19,0.85,1758185,0.9,1427010,10347805
2026-04-13T11:15:43.432,NF,NIFTY13APR2624200CE,0.85,3.7,7.05,0.8,76.7,75857535,1.19,0.85,1757340,0.9,1431170,10347805
2026-04-13T11:15:45.035,NF,NIFTY13APR2624200CE,0.85,3.7,7.05,0.8,76.7,75859810,1.19,0.85,1760785,0.9,1448915,10347805
2026-04-13T11:15:46.641,NF,NIFTY13APR2624200CE,0.85,3.7,7.05,0.8,76.7,75863645,1.19,0.85,1759095,0.9,1440920,10347805
2026-04-13T11:15:48.437,NF,NIFTY13APR2624200CE,0.85,3.7,7.05,0.8,76.7,75868455,1.19,0.85,1757340,0.9,1440205,10347805
2026-04-13T11:15:50.039,NF,NIFTY13APR2624200CE,0.9,3.7,7.05,0.8,76.7,75871315,1.19,0.85,1760915,0.9,1454310,10347805
2026-04-13T11:15:51.647,NF,NIFTY13APR2624200CE,0.85,3.7,7.05,0.8,76.7,75872550,1.19,0.85,1769235,0.9,1451775,10347805
2026-04-13T11:15:53.445,NF,NIFTY13APR2624200CE,0.85,3.7,7.05,0.8,76.7,75875540,1.19,0.85,1769040,0.9,1451515,10347805
2026-04-13T11:15:55.048,NF,NIFTY13APR2624200CE,0.85,3.7,7.05,0.8,76.7,75878075,1.19,0.85,1759030,0.9,1451905,10347805
2026-04-13T11:15:56.669,NF,NIFTY13APR2624200CE,0.85,3.7,7.05,0.8,76.7,75882820,1.19,0.85,1756235,0.9,1452880,10347805
2026-04-13T11:15:58.450,NF,NIFTY13APR2624200CE,0.85,3.7,7.05,0.8,76.7,75888735,1.19,0.85,1761630,0.9,1449630,10347805
2026-04-13T11:16:00.057,NF,NIFTY13APR2624200CE,0.85,3.7,7.05,0.8,76.7,75890945,1.19,0.85,1769885,0.9,1449500,10347805
2026-04-13T11:16:01.656,NF,NIFTY13APR2624200CE,0.9,3.7,7.05,0.8,76.7,75897900,1.19,0.85,1758055,0.9,1447485,10347805
2026-04-13T11:16:03.457,NF,NIFTY13APR2624200CE,0.9,3.7,7.05,0.8,76.7,75902125,1.19,0.85,1757145,0.9,1443910,10347805
2026-04-13T11:16:05.069,NF,NIFTY13APR2624200CE,0.85,3.7,7.05,0.8,76.7,75906740,1.19,0.85,1760135,0.9,1439360,10347805
2026-04-13T11:16:06.686,NF,NIFTY13APR2624200CE,0.9,3.7,7.05,0.8,76.7,75909990,1.19,0.85,1750385,0.9,1444755,10347805
2026-04-13T11:16:08.469,NF,NIFTY13APR2624200CE,0.9,3.7,7.05,0.8,76.7,75915905,1.19,0.85,1766440,0.9,1445340,10347805
2026-04-13T11:16:10.069,NF,NIFTY13APR2624200CE,0.9,3.7,7.05,0.8,76.7,75922080,1.19,0.85,1766310,0.9,1438905,10347805
2026-04-13T11:16:11.672,NF,NIFTY13APR2624200CE,0.9,3.7,7.05,0.8,76.7,75924030,1.19,0.85,1766700,0.9,1437085,10347805
2026-04-13T11:16:13.474,NF,NIFTY13APR2624200CE,0.9,3.7,7.05,0.8,76.7,75929425,1.19,0.85,1766765,0.9,1430910,10347805
2026-04-13T11:16:15.076,NF,NIFTY13APR2624200CE,0.9,3.7,7.05,0.8,76.7,75940085,1.19,0.85,1770665,0.9,1421290,10347805
2026-04-13T11:16:16.679,NF,NIFTY13APR2624200CE,0.9,3.7,7.05,0.8,76.7,75955230,1.19,0.85,1769105,0.9,1409330,10347805
2026-04-13T11:16:18.480,NF,NIFTY13APR2624200CE,0.9,3.7,7.05,0.8,76.7,75965500,1.19,0.85,1768325,0.9,1351155,10347805
2026-04-13T11:16:20.083,NF,NIFTY13APR2624200CE,0.85,3.7,7.05,0.8,76.7,75967840,1.19,0.85,1765855,0.9,1351155,10347805
2026-04-13T11:16:21.686,NF,NIFTY13APR2624200CE,0.85,3.7,7.05,0.8,76.7,75976680,1.19,0.85,1752400,0.9,1369030,10347805
2026-04-13T11:16:23.487,NF,NIFTY13APR2624200CE,0.85,3.7,7.05,0.8,76.7,75983895,1.19,0.85,1732250,0.9,1397500,10347805
2026-04-13T11:16:25.102,NF,NIFTY13APR2624200CE,0.85,3.7,7.05,0.8,76.7,75991630,1.19,0.85,1741155,0.9,1436110,10347805
2026-04-13T11:16:26.697,NF,NIFTY13APR2624200CE,0.85,3.7,7.05,0.8,76.7,75998975,1.19,0.85,1733550,0.9,1437735,10347805
2026-04-13T11:16:28.319,NF,NIFTY13APR2624200CE,0.85,3.7,7.05,0.8,76.7,75999820,1.19,0.85,1732835,0.9,1426555,10347805
2026-04-13T11:16:30.111,NF,NIFTY13APR2624200CE,0.9,3.7,7.05,0.8,76.7,76000275,1.19,0.85,1723410,0.9,1446120,10347805
2026-04-13T11:16:31.712,NF,NIFTY13APR2624200CE,0.85,3.7,7.05,0.8,76.7,76008400,1.19,0.85,1720030,0.9,1464125,10347805
2026-04-13T11:16:33.328,NF,NIFTY13APR2624200CE,0.9,3.7,7.05,0.8,76.7,76008595,1.19,0.85,1718860,0.9,1464710,10347805
2026-04-13T11:16:36.731,NF,NIFTY13APR2624200CE,0.85,3.7,7.05,0.8,76.7,76008855,1.19,0.85,1718080,0.9,1480830,10347805
2026-04-13T11:16:38.323,NF,NIFTY13APR2624200CE,0.85,3.7,7.05,0.8,76.7,76013795,1.19,0.85,1714895,0.9,1725620,10347805
2026-04-13T11:16:40.116,NF,NIFTY13APR2624200CE,0.9,3.7,7.05,0.8,76.7,76015030,1.19,0.85,1712490,0.9,1712620,10347805
2026-04-13T11:16:41.719,NF,NIFTY13APR2624200CE,0.9,3.7,7.05,0.8,76.7,76017630,1.19,0.85,1719510,0.9,1710215,10320960
2026-04-13T11:16:43.387,NF,NIFTY13APR2624200CE,0.85,3.7,7.05,0.8,76.7,76018280,1.19,0.85,1713855,0.9,1713270,10320960
2026-04-13T11:16:44.946,NF,NIFTY13APR2624200CE,0.9,3.7,7.05,0.8,76.7,76019125,1.19,0.85,1728545,0.9,1781390,10320960
2026-04-13T11:16:46.728,NF,NIFTY13APR2624200CE,0.9,3.7,7.05,0.8,76.7,76019190,1.19,0.85,1728870,0.9,1764685,10320960
2026-04-13T11:16:50.019,NF,NIFTY13APR2624200CE,0.85,3.7,7.05,0.8,76.7,76019320,1.19,0.85,1730495,0.9,1416675,10320960
2026-04-13T11:16:51.731,NF,NIFTY13APR2624200CE,0.9,3.7,7.05,0.8,76.7,76022635,1.19,0.85,1743105,0.9,1222520,10320960
2026-04-13T11:16:53.335,NF,NIFTY13APR2624200CE,0.9,3.7,7.05,0.8,76.7,76027575,1.19,0.85,1742390,0.9,1191645,10320960
2026-04-13T11:16:56.739,NF,NIFTY13APR2624200CE,0.85,3.7,7.05,0.8,76.7,76028940,1.19,0.85,1754545,0.9,1482585,10320960
2026-04-13T11:16:59.947,NF,NIFTY13APR2624200CE,0.9,3.7,7.05,0.8,76.7,76030240,1.19,0.85,1754935,0.9,1482520,10320960
2026-04-13T11:17:01.749,NF,NIFTY13APR2624200CE,0.85,3.7,7.05,0.8,76.7,76030305,1.19,0.85,1753115,0.9,1482195,10320960
2026-04-13T11:17:04.960,NF,NIFTY13APR2624200CE,0.9,3.7,7.05,0.8,76.7,76031735,1.19,0.85,1752465,0.9,1481805,10320960
2026-04-13T11:17:08.355,NF,NIFTY13APR2624200CE,0.85,3.7,7.05,0.8,76.7,76034335,1.19,0.85,1729390,0.9,1725620,10320960
2026-04-13T11:17:09.980,NF,NIFTY13APR2624200CE,0.85,3.7,7.05,0.8,76.7,76035895,1.19,0.85,1722045,0.9,1749020,10320960
2026-04-13T11:17:11.761,NF,NIFTY13APR2624200CE,0.85,3.7,7.05,0.8,76.7,76040250,1.19,0.85,1719120,0.9,1743235,10320960
2026-04-13T11:17:13.364,NF,NIFTY13APR2624200CE,0.85,3.7,7.05,0.8,76.7,76040315,1.19,0.85,1719055,0.9,1742130,10320960
2026-04-13T11:17:14.984,NF,NIFTY13APR2624200CE,0.85,3.7,7.05,0.8,76.7,76041875,1.19,0.85,1731600,0.9,1742065,10320960
2026-04-13T11:17:16.771,NF,NIFTY13APR2624200CE,0.9,3.7,7.05,0.8,76.7,76042200,1.19,0.85,1732640,0.9,1741545,10320960
2026-04-13T11:17:18.378,NF,NIFTY13APR2624200CE,0.9,3.7,7.05,0.8,76.7,76043305,1.19,0.85,1732510,0.9,1740505,10320960
2026-04-13T11:17:19.974,NF,NIFTY13APR2624200CE,0.9,3.7,7.05,0.8,76.7,76043500,1.19,0.85,1732380,0.9,1741415,10320960
2026-04-13T11:17:21.577,NF,NIFTY13APR2624200CE,0.9,3.7,7.05,0.8,76.7,76046165,1.19,0.85,1731795,0.9,1737255,10320960
2026-04-13T11:17:23.377,NF,NIFTY13APR2624200CE,0.9,3.7,7.05,0.8,76.7,76046555,1.19,0.85,1731795,0.9,1738620,10320960
2026-04-13T11:17:26.585,NF,NIFTY13APR2624200CE,0.9,3.7,7.05,0.8,76.7,76047270,1.19,0.85,1733225,0.9,1726205,10320960
2026-04-13T11:17:28.384,NF,NIFTY13APR2624200CE,0.9,3.7,7.05,0.8,76.7,76049155,1.19,0.85,1733225,0.9,1729195,10320960
2026-04-13T11:17:29.991,NF,NIFTY13APR2624200CE,0.9,3.7,7.05,0.8,76.7,76050975,1.19,0.85,1744795,0.9,1568710,10320960
2026-04-13T11:17:31.596,NF,NIFTY13APR2624200CE,0.9,3.7,7.05,0.8,76.7,76054160,1.19,0.85,1748370,0.9,1565980,10320960
2026-04-13T11:17:33.408,NF,NIFTY13APR2624200CE,0.9,3.7,7.05,0.8,76.7,76054680,1.19,0.85,1738880,0.9,1568125,10320960
2026-04-13T11:17:34.994,NF,NIFTY13APR2624200CE,0.9,3.7,7.05,0.8,76.7,76056305,1.19,0.85,1740440,0.9,1563250,10320960
2026-04-13T11:17:36.602,NF,NIFTY13APR2624200CE,0.85,3.7,7.05,0.8,76.7,76057540,1.19,0.85,1734915,0.9,1564095,10320960
2026-04-13T11:17:38.199,NF,NIFTY13APR2624200CE,0.9,3.7,7.05,0.8,76.7,76057605,1.19,0.85,1742260,0.9,1565720,10320960
2026-04-13T11:17:40.000,NF,NIFTY13APR2624200CE,0.9,3.7,7.05,0.8,76.7,76057735,1.19,0.85,1742130,0.9,1567020,10320960
2026-04-13T11:17:41.603,NF,NIFTY13APR2624200CE,0.85,3.7,7.05,0.8,76.7,76060985,1.19,0.85,1733290,0.9,1562600,10320960
2026-04-13T11:17:43.208,NF,NIFTY13APR2624200CE,0.85,3.7,7.05,0.8,76.7,76061310,1.19,0.85,1732120,0.9,1578330,10320960
2026-04-13T11:17:45.006,NF,NIFTY13APR2624200CE,0.85,3.7,7.05,0.8,76.7,76062870,1.19,0.85,1742845,0.9,1564225,10320960
2026-04-13T11:17:48.213,NF,NIFTY13APR2624200CE,0.85,3.7,7.05,0.8,76.7,76063195,1.19,0.85,1744990,0.9,1563315,10320960
2026-04-13T11:17:50.013,NF,NIFTY13APR2624200CE,0.85,3.7,7.05,0.8,76.7,76067290,1.19,0.85,1740895,0.9,1563510,10320960
2026-04-13T11:17:51.620,NF,NIFTY13APR2624200CE,0.9,3.7,7.05,0.8,76.7,76085165,1.19,0.85,1730300,0.9,1557855,10320960
2026-04-13T11:17:53.220,NF,NIFTY13APR2624200CE,0.9,3.7,7.05,0.8,76.7,76086855,1.19,0.85,1728740,0.9,1556100,10320960
2026-04-13T11:17:55.026,NF,NIFTY13APR2624200CE,0.9,3.7,7.05,0.8,76.7,76088025,1.19,0.85,1725425,0.9,1554865,10320960
2026-04-13T11:17:58.230,NF,NIFTY13APR2624200CE,0.85,3.7,7.05,0.8,76.7,76088935,1.19,0.85,1711840,0.9,1569685,10320960
2026-04-13T11:18:00.046,NF,NIFTY13APR2624200CE,0.9,3.7,7.05,0.8,76.7,76092445,1.19,0.85,1736020,0.9,1547845,10320960
2026-04-13T11:18:01.671,NF,NIFTY13APR2624200CE,0.85,3.7,7.05,0.8,76.7,76093225,1.19,0.85,1731210,0.9,1545960,10320960
2026-04-13T11:18:03.251,NF,NIFTY13APR2624200CE,0.9,3.7,7.05,0.8,76.7,76099985,1.19,0.85,1732445,0.9,1545245,10320960
2026-04-13T11:18:05.040,NF,NIFTY13APR2624200CE,0.85,3.7,7.05,0.8,76.7,76100440,1.19,0.85,1723150,0.9,1546155,10320960
2026-04-13T11:18:06.638,NF,NIFTY13APR2624200CE,0.9,3.7,7.05,0.8,76.7,76101675,1.19,0.85,1729455,0.9,1544855,10320960
2026-04-13T11:18:08.248,NF,NIFTY13APR2624200CE,0.9,3.7,7.05,0.8,76.7,76108500,1.19,0.85,1735955,0.9,1544335,10320960
2026-04-13T11:18:10.041,NF,NIFTY13APR2624200CE,0.85,3.7,7.05,0.8,76.7,76109020,1.19,0.85,1729000,0.9,1542905,10320960
2026-04-13T11:18:11.650,NF,NIFTY13APR2624200CE,0.85,3.7,7.05,0.8,76.7,76112985,1.19,0.85,1728025,0.9,1543295,10320960
2026-04-13T11:18:15.054,NF,NIFTY13APR2624200CE,0.9,3.7,7.05,0.8,76.7,76113895,1.19,0.85,1734655,0.9,1542775,10320960
2026-04-13T11:18:16.665,NF,NIFTY13APR2624200CE,0.85,3.7,7.05,0.8,76.7,76114155,1.19,0.85,1721980,0.9,1546220,10320960
2026-04-13T11:18:18.256,NF,NIFTY13APR2624200CE,0.85,3.7,7.05,0.8,76.7,76116105,1.19,0.85,1723670,0.9,1540825,10320960
2026-04-13T11:18:20.059,NF,NIFTY13APR2624200CE,0.9,3.7,7.05,0.8,76.7,76116820,1.19,0.85,1732055,0.9,1541735,10320960
2026-04-13T11:18:21.659,NF,NIFTY13APR2624200CE,0.9,3.7,7.05,0.8,76.7,76118965,1.19,0.85,1726140,0.9,1541215,10320960
2026-04-13T11:18:23.274,NF,NIFTY13APR2624200CE,0.9,3.7,7.05,0.8,76.7,76120395,1.19,0.85,1727635,0.9,1539915,10320960
2026-04-13T11:18:25.064,NF,NIFTY13APR2624200CE,0.85,3.7,7.05,0.8,76.7,76120915,1.19,0.85,1723020,0.9,1539915,10320960
2026-04-13T11:18:26.667,NF,NIFTY13APR2624200CE,0.85,3.7,7.05,0.8,76.7,76123970,1.19,0.85,1729065,0.9,1536990,10320960
2026-04-13T11:18:28.275,NF,NIFTY13APR2624200CE,0.85,3.7,7.05,0.8,76.7,76124100,1.19,0.85,1735370,0.9,1537900,10320960
2026-04-13T11:18:30.083,NF,NIFTY13APR2624200CE,0.85,3.7,7.05,0.8,76.7,76124230,1.19,0.85,1736345,0.9,1537120,10320960
2026-04-13T11:18:31.676,NF,NIFTY13APR2624200CE,0.9,3.7,7.05,0.8,76.7,76125075,1.19,0.85,1733745,0.9,1534910,10320960
2026-04-13T11:18:33.285,NF,NIFTY13APR2624200CE,0.85,3.7,7.05,0.8,76.7,76125270,1.19,0.85,1726270,0.9,1536535,10320960
2026-04-13T11:18:35.081,NF,NIFTY13APR2624200CE,0.9,3.7,7.05,0.8,76.7,76125400,1.19,0.85,1733615,0.9,1536665,10320960
2026-04-13T11:18:36.683,NF,NIFTY13APR2624200CE,0.85,3.7,7.05,0.8,76.7,76128390,1.19,0.85,1716845,0.9,1535690,10320960
2026-04-13T11:18:38.086,NF,NIFTY13APR2624200CE,0.85,3.7,7.05,0.8,76.7,76128585,1.19,0.85,1717495,0.9,1535690,10320960
2026-04-13T11:18:39.893,NF,NIFTY13APR2624200CE,0.85,3.7,7.05,0.8,76.7,76129625,1.19,0.85,1721200,0.9,1535365,10320960
2026-04-13T11:18:41.503,NF,NIFTY13APR2624200CE,0.85,3.7,7.05,0.8,76.7,76133915,1.19,0.85,1712425,0.9,1532635,10320960
2026-04-13T11:18:43.095,NF,NIFTY13APR2624200CE,0.85,3.7,7.05,0.8,76.7,76141910,1.19,0.85,1731080,0.9,1528215,10320960
2026-04-13T11:18:44.899,NF,NIFTY13APR2624200CE,0.85,3.7,7.05,0.8,76.7,76145745,1.19,0.85,1727050,0.9,1527760,10320960
2026-04-13T11:18:46.498,NF,NIFTY13APR2624200CE,0.85,3.7,7.05,0.8,76.7,76151010,1.19,0.85,1724450,0.9,1525355,10320960
2026-04-13T11:18:48.103,NF,NIFTY13APR2624200CE,0.85,3.7,7.05,0.8,76.7,76151270,1.19,0.85,1729845,0.9,1523275,10320960
2026-04-13T11:18:49.709,NF,NIFTY13APR2624200CE,0.85,3.7,7.05,0.8,76.7,76158810,1.19,0.85,1730950,0.9,1528540,10320960
2026-04-13T11:18:51.309,NF,NIFTY13APR2624200CE,0.85,3.7,7.05,0.8,76.7,76160760,1.19,0.85,1728350,0.9,1523535,10320960
2026-04-13T11:18:53.111,NF,NIFTY13APR2624200CE,0.85,3.7,7.05,0.8,76.7,76161475,1.19,0.85,1729325,0.9,1521065,10320960
2026-04-13T11:18:54.722,NF,NIFTY13APR2624200CE,0.85,3.7,7.05,0.8,76.7,76161995,1.19,0.85,1731730,0.9,1523405,10320960
2026-04-13T11:18:56.318,NF,NIFTY13APR2624200CE,0.85,3.7,7.05,0.8,76.7,76164855,1.19,0.85,1742065,0.9,1520480,10320960
2026-04-13T11:18:58.119,NF,NIFTY13APR2624200CE,0.85,3.7,7.05,0.8,76.7,76168690,1.19,0.85,1739920,0.9,1519895,10320960
2026-04-13T11:18:59.724,NF,NIFTY13APR2624200CE,0.9,3.7,7.05,0.8,76.7,76172785,1.19,0.85,1742910,0.9,1514955,10320960
2026-04-13T11:19:03.129,NF,NIFTY13APR2624200CE,0.9,3.7,7.05,0.8,76.7,76173435,1.19,0.85,1751295,0.9,1515735,10320960
2026-04-13T11:19:04.733,NF,NIFTY13APR2624200CE,0.9,3.7,7.05,0.8,76.7,76173500,1.19,0.85,1750450,0.9,1515540,10320960
2026-04-13T11:19:07.944,NF,NIFTY13APR2624200CE,0.85,3.7,7.05,0.8,76.7,76175385,1.19,0.85,1736085,0.9,1521780,10320960
2026-04-13T11:19:11.342,NF,NIFTY13APR2624200CE,0.9,3.7,7.05,0.8,76.7,76178245,1.19,0.85,1746940,0.9,1513265,10320960
2026-04-13T11:19:12.946,NF,NIFTY13APR2624200CE,0.9,3.7,7.05,0.8,76.7,76178440,1.19,0.85,1741545,0.9,1515540,10320960
2026-04-13T11:19:14.752,NF,NIFTY13APR2624200CE,0.85,3.7,7.05,0.8,76.7,76180000,1.19,0.85,1734460,0.9,1517100,10320960
2026-04-13T11:19:16.354,NF,NIFTY13APR2624200CE,0.9,3.7,7.05,0.8,76.7,76181625,1.19,0.85,1748175,0.9,1514500,10320960
2026-04-13T11:19:17.953,NF,NIFTY13APR2624200CE,0.85,3.7,7.05,0.8,76.7,76182275,1.19,0.85,1742585,0.9,1514630,10320960
2026-04-13T11:19:19.555,NF,NIFTY13APR2624200CE,0.85,3.7,7.05,0.8,76.7,76182600,1.19,0.85,1749475,0.9,1511705,10320960
2026-04-13T11:19:21.356,NF,NIFTY13APR2624200CE,0.85,3.7,7.05,0.8,76.7,76183185,1.19,0.85,1742975,0.9,1515605,10320960
2026-04-13T11:19:22.958,NF,NIFTY13APR2624200CE,0.85,3.7,7.05,0.8,76.7,76183705,1.19,0.85,1743625,0.9,1515735,10320960
2026-04-13T11:19:24.565,NF,NIFTY13APR2624200CE,0.9,3.7,7.05,0.8,76.7,76183900,1.19,0.85,1748370,0.9,1513265,10320960
2026-04-13T11:19:26.370,NF,NIFTY13APR2624200CE,0.9,3.7,7.05,0.8,76.7,76186565,1.19,0.85,1748500,0.9,1509365,10320960
2026-04-13T11:19:27.964,NF,NIFTY13APR2624200CE,0.85,3.7,7.05,0.8,76.7,76186825,1.19,0.85,1747200,0.9,1506440,10320960
2026-04-13T11:19:29.568,NF,NIFTY13APR2624200CE,0.9,3.7,7.05,0.8,76.7,76521770,1.19,0.85,1883700,0.9,667290,10320960
2026-04-13T11:19:32.971,NF,NIFTY13APR2624200CE,0.85,3.7,7.05,0.8,76.7,76524240,1.19,0.85,1881490,0.9,812695,10320960
2026-04-13T11:19:34.574,NF,NIFTY13APR2624200CE,0.9,3.7,7.05,0.8,76.7,76524825,1.19,0.85,1882270,0.9,812630,10320960
2026-04-13T11:19:36.177,NF,NIFTY13APR2624200CE,0.9,3.7,7.05,0.8,76.7,76525995,1.19,0.85,1899495,0.9,916110,10320960
2026-04-13T11:19:39.380,NF,NIFTY13APR2624200CE,0.9,3.7,7.05,0.8,76.7,76526775,1.19,0.85,1901120,0.9,936650,10320960
2026-04-13T11:19:40.983,NF,NIFTY13APR2624200CE,0.85,3.7,7.05,0.8,76.7,76527685,1.19,0.85,1922440,0.9,946660,10320960
2026-04-13T11:19:42.585,NF,NIFTY13APR2624200CE,0.9,3.7,7.05,0.8,76.7,76528205,1.19,0.85,1919450,0.9,945685,10354305
2026-04-13T11:19:46.016,NF,NIFTY13APR2624200CE,0.9,3.7,7.05,0.8,76.7,76528855,1.19,0.85,1925365,0.9,953485,10354305
2026-04-13T11:19:47.599,NF,NIFTY13APR2624200CE,0.85,3.7,7.05,0.8,76.7,76530610,1.19,0.85,1920165,0.9,953875,10354305
2026-04-13T11:19:49.250,NF,NIFTY13APR2624200CE,0.9,3.7,7.05,0.8,76.7,76530675,1.19,0.85,1916395,0.9,957125,10354305
2026-04-13T11:19:51.036,NF,NIFTY13APR2624200CE,0.85,3.7,7.05,0.8,76.7,76533145,1.19,0.85,1904695,0.9,972465,10354305
2026-04-13T11:19:52.600,NF,NIFTY13APR2624200CE,0.9,3.7,7.05,0.8,76.7,76535810,1.19,0.85,1953250,0.9,983580,10354305
2026-04-13T11:19:54.207,NF,NIFTY13APR2624200CE,0.9,3.7,7.05,0.8,76.7,76537175,1.19,0.85,1972425,0.9,983710,10354305
2026-04-13T11:19:56.006,NF,NIFTY13APR2624200CE,0.85,3.7,7.05,0.8,76.7,76538540,1.19,0.85,1979380,0.9,969345,10354305
2026-04-13T11:19:57.608,NF,NIFTY13APR2624200CE,0.85,3.7,7.05,0.8,76.7,76547835,1.19,0.85,1969695,0.9,967005,10354305
2026-04-13T11:19:59.210,NF,NIFTY13APR2624200CE,0.85,3.7,7.05,0.8,76.7,76547965,1.19,0.85,1973855,0.9,961675,10354305
2026-04-13T11:20:01.019,NF,NIFTY13APR2624200CE,0.9,3.7,7.05,0.8,76.7,76549135,1.19,0.85,1976845,0.9,967460,10354305
2026-04-13T11:20:02.613,NF,NIFTY13APR2624200CE,0.9,3.7,7.05,0.8,76.7,76549915,1.19,0.85,1985815,0.9,966680,10354305
2026-04-13T11:20:04.242,NF,NIFTY13APR2624200CE,0.9,3.7,7.05,0.8,76.7,76558690,1.19,0.85,1988090,0.9,966680,10354305
2026-04-13T11:20:05.821,NF,NIFTY13APR2624200CE,0.9,3.7,7.05,0.8,76.7,76559600,1.19,0.85,1988090,0.9,964210,10354305
2026-04-13T11:20:07.621,NF,NIFTY13APR2624200CE,0.9,3.7,7.05,0.8,76.7,76562720,1.19,0.85,1985360,0.9,964275,10354305
2026-04-13T11:20:09.244,NF,NIFTY13APR2624200CE,0.9,3.7,7.05,0.8,76.7,76562785,1.19,0.85,1995305,0.9,965640,10354305
2026-04-13T11:20:10.827,NF,NIFTY13APR2624200CE,0.9,3.7,7.05,0.8,76.7,76566945,1.19,0.85,2001090,0.9,962585,10354305
2026-04-13T11:20:12.430,NF,NIFTY13APR2624200CE,0.9,3.7,7.05,0.8,76.7,76567530,1.19,0.85,1991860,0.9,962585,10354305
2026-04-13T11:20:14.230,NF,NIFTY13APR2624200CE,0.85,3.7,7.05,0.8,76.7,76567595,1.19,0.85,1972750,0.9,966290,10354305
2026-04-13T11:20:19.256,NF,NIFTY13APR2624200CE,0.9,3.7,7.05,0.8,76.7,76569220,1.19,0.85,1977105,0.9,969865,10354305
2026-04-13T11:20:20.841,NF,NIFTY13APR2624200CE,0.9,3.7,7.05,0.8,76.7,76572535,1.19,0.85,1978795,0.9,967395,10354305
2026-04-13T11:20:22.470,NF,NIFTY13APR2624200CE,0.85,3.7,7.05,0.8,76.7,76579555,1.19,0.85,1963065,0.9,973375,10354305
2026-04-13T11:20:24.250,NF,NIFTY13APR2624200CE,0.9,3.7,7.05,0.8,76.7,76580400,1.19,0.85,1957280,0.9,983255,10354305
2026-04-13T11:20:25.858,NF,NIFTY13APR2624200CE,0.9,3.7,7.05,0.8,76.7,76581570,1.19,0.85,1983020,0.9,982605,10354305
2026-04-13T11:20:27.452,NF,NIFTY13APR2624200CE,0.85,3.7,7.05,0.8,76.7,76582545,1.19,0.85,1982825,0.9,982085,10354305
2026-04-13T11:20:29.260,NF,NIFTY13APR2624200CE,0.85,3.7,7.05,0.8,76.7,76595805,1.19,0.85,1943500,0.9,984945,10354305
2026-04-13T11:20:30.859,NF,NIFTY13APR2624200CE,0.9,3.7,7.05,0.8,76.7,76598470,1.19,0.85,1941615,0.9,982410,10354305
2026-04-13T11:20:32.456,NF,NIFTY13APR2624200CE,0.9,3.7,7.05,0.8,76.7,76599185,1.19,0.85,1942590,0.9,992680,10354305
2026-04-13T11:20:34.061,NF,NIFTY13APR2624200CE,0.85,3.7,7.05,0.8,76.7,76599770,1.19,0.85,1939275,0.9,989820,10354305
2026-04-13T11:20:35.866,NF,NIFTY13APR2624200CE,0.85,3.7,7.05,0.8,76.7,76599900,1.19,0.85,1939730,0.9,990080,10354305
2026-04-13T11:20:37.476,NF,NIFTY13APR2624200CE,0.85,3.7,7.05,0.8,76.7,76601200,1.19,0.85,1938690,0.9,983840,10354305
2026-04-13T11:20:38.076,NF,NIFTY13APR2624200CE,0.85,3.7,7.05,0.8,76.7,76602500,1.19,0.85,1936870,0.9,986765,10354305
2026-04-13T11:20:39.881,NF,NIFTY13APR2624200CE,0.9,3.7,7.05,0.8,76.7,76604515,1.19,0.85,1940640,0.9,970905,10354305
2026-04-13T11:20:41.478,NF,NIFTY13APR2624200CE,0.85,3.7,7.05,0.8,76.7,76607180,1.19,0.85,1942915,0.9,969865,10354305
2026-04-13T11:20:44.879,NF,NIFTY13APR2624200CE,0.9,3.7,7.05,0.8,76.7,76609325,1.19,0.85,1940315,0.9,966160,10354305
2026-04-13T11:20:46.499,NF,NIFTY13APR2624200CE,0.85,3.7,7.05,0.8,76.7,76611340,1.19,0.85,1935570,0.9,980720,10354305
2026-04-13T11:20:48.088,NF,NIFTY13APR2624200CE,0.9,3.7,7.05,0.8,76.7,76613485,1.19,0.85,1934205,0.9,963560,10354305
2026-04-13T11:20:49.889,NF,NIFTY13APR2624200CE,0.85,3.7,7.05,0.8,76.7,76615110,1.19,0.85,1931345,0.9,968825,10354305
2026-04-13T11:20:51.506,NF,NIFTY13APR2624200CE,0.85,3.7,7.05,0.8,76.7,76619140,1.19,0.85,1935115,0.9,978315,10354305
2026-04-13T11:20:53.113,NF,NIFTY13APR2624200CE,0.85,3.7,7.05,0.8,76.7,76619595,1.19,0.85,1938300,0.9,982735,10354305
2026-04-13T11:20:54.892,NF,NIFTY13APR2624200CE,0.9,3.7,7.05,0.8,76.7,76620570,1.19,0.85,1936480,0.9,975000,10354305
2026-04-13T11:20:56.503,NF,NIFTY13APR2624200CE,0.85,3.7,7.05,0.8,76.7,76620960,1.19,0.85,1934725,0.9,979615,10354305
2026-04-13T11:20:59.906,NF,NIFTY13APR2624200CE,0.85,3.7,7.05,0.8,76.7,76623235,1.19,0.85,1927250,0.9,995150,10354305
2026-04-13T11:21:01.502,NF,NIFTY13APR2624200CE,0.85,3.7,7.05,0.8,76.7,76627980,1.19,0.85,1925430,0.9,916760,10354305
2026-04-13T11:21:03.106,NF,NIFTY13APR2624200CE,0.85,3.7,7.05,0.8,76.7,76628565,1.19,0.85,1925365,0.9,941720,10354305
2026-04-13T11:21:04.920,NF,NIFTY13APR2624200CE,0.85,3.7,7.05,0.8,76.7,76837345,1.18,0.85,1549210,0.9,1436695,10354305
2026-04-13T11:21:06.532,NF,NIFTY13APR2624200CE,0.85,3.7,7.05,0.8,76.7,76837995,1.18,0.85,1564615,0.9,1496560,10354305
2026-04-13T11:21:08.119,NF,NIFTY13APR2624200CE,0.9,3.7,7.05,0.8,76.7,76839750,1.18,0.85,1624220,0.9,1802385,10354305
2026-04-13T11:21:09.919,NF,NIFTY13APR2624200CE,0.9,3.7,7.05,0.8,76.7,76840075,1.18,0.85,1653600,0.9,1790815,10354305
2026-04-13T11:21:11.517,NF,NIFTY13APR2624200CE,0.9,3.7,7.05,0.8,76.7,76840205,1.18,0.85,1654380,0.9,1794650,10354305
2026-04-13T11:21:13.128,NF,NIFTY13APR2624200CE,0.85,3.7,7.05,0.8,76.7,76840270,1.18,0.85,1653405,0.9,1806220,10354305
2026-04-13T11:21:14.925,NF,NIFTY13APR2624200CE,0.85,3.7,7.05,0.8,76.7,76840335,1.18,0.85,1658475,0.9,1810965,10354305
2026-04-13T11:21:16.527,NF,NIFTY13APR2624200CE,0.9,3.7,7.05,0.8,76.7,76840400,1.18,0.85,1656330,0.9,1809470,10354305
2026-04-13T11:21:18.138,NF,NIFTY13APR2624200CE,0.9,3.7,7.05,0.8,76.7,76841895,1.18,0.85,1655290,0.9,1809340,10354305
2026-04-13T11:21:19.947,NF,NIFTY13APR2624200CE,0.9,3.7,7.05,0.8,76.7,76842090,1.18,0.85,1655420,0.9,1809665,10354305
2026-04-13T11:21:21.539,NF,NIFTY13APR2624200CE,0.9,3.7,7.05,0.8,76.7,76848005,1.18,0.85,1654835,0.9,1802515,10354305
2026-04-13T11:21:24.959,NF,NIFTY13APR2624200CE,0.85,3.7,7.05,0.8,76.7,76849045,1.18,0.85,1655485,0.9,1804465,10354305
2026-04-13T11:21:26.549,NF,NIFTY13APR2624200CE,0.85,3.7,7.05,0.8,76.7,76849240,1.18,0.85,1654380,0.9,1804790,10354305
2026-04-13T11:21:28.142,NF,NIFTY13APR2624200CE,0.85,3.7,7.05,0.8,76.7,76849695,1.18,0.85,1654185,0.9,1807000,10354305
2026-04-13T11:21:29.952,NF,NIFTY13APR2624200CE,0.85,3.7,7.05,0.8,76.7,76851125,1.18,0.85,1653275,0.9,1811355,10354305
2026-04-13T11:21:31.548,NF,NIFTY13APR2624200CE,0.85,3.7,7.05,0.8,76.7,76851385,1.18,0.85,1653145,0.9,1820260,10354305
2026-04-13T11:21:33.150,NF,NIFTY13APR2624200CE,0.85,3.7,7.05,0.8,76.7,76853465,1.18,0.85,1651195,0.9,1822145,10354305
2026-04-13T11:21:34.962,NF,NIFTY13APR2624200CE,0.85,3.7,7.05,0.8,76.7,76855610,1.18,0.85,1649310,0.9,1818440,10354305
2026-04-13T11:21:36.554,NF,NIFTY13APR2624200CE,0.9,3.7,7.05,0.8,76.7,76872575,1.18,0.85,1660035,0.9,1806740,10354305
2026-04-13T11:21:39.363,NF,NIFTY13APR2624200CE,0.9,3.7,7.05,0.8,76.7,76873225,1.18,0.85,1695785,0.9,1793610,10354305
2026-04-13T11:21:41.170,NF,NIFTY13APR2624200CE,0.9,3.7,7.05,0.8,76.7,76873615,1.18,0.85,1681290,0.9,1791465,10354305
2026-04-13T11:21:42.762,NF,NIFTY13APR2624200CE,0.9,3.7,7.05,0.8,76.7,76875175,1.18,0.85,1681160,0.9,1792830,10354305
2026-04-13T11:21:44.373,NF,NIFTY13APR2624200CE,0.85,3.7,7.05,0.8,76.7,76875630,1.18,0.85,1688830,0.9,1786980,10354305
2026-04-13T11:21:46.170,NF,NIFTY13APR2624200CE,0.85,3.7,7.05,0.8,76.7,76888240,1.18,0.85,1684865,0.9,1840475,10354305
2026-04-13T11:21:47.774,NF,NIFTY13APR2624200CE,0.9,3.7,7.05,0.8,76.7,76896755,1.18,0.85,1673750,0.9,1848080,10354305
2026-04-13T11:21:49.385,NF,NIFTY13APR2624200CE,0.9,3.7,7.05,0.8,76.7,76901045,1.18,0.85,1664585,0.9,1852045,10354305
2026-04-13T11:21:51.173,NF,NIFTY13APR2624200CE,0.85,3.7,7.05,0.8,76.7,76903580,1.18,0.85,1682005,0.9,1852045,10354305
2026-04-13T11:21:52.824,NF,NIFTY13APR2624200CE,0.85,3.7,7.05,0.8,76.7,76911705,1.18,0.85,1675115,0.9,1851525,10354305
2026-04-13T11:21:54.387,NF,NIFTY13APR2624200CE,0.9,3.7,7.05,0.8,76.7,76912745,1.18,0.85,1674530,0.9,1858220,10354305
2026-04-13T11:21:56.194,NF,NIFTY13APR2624200CE,0.85,3.7,7.05,0.8,76.7,76916190,1.18,0.85,1666145,0.9,1863160,10354305
2026-04-13T11:21:57.797,NF,NIFTY13APR2624200CE,0.85,3.7,7.05,0.8,76.7,76916905,1.18,0.85,1665885,0.9,1862510,10354305
2026-04-13T11:21:59.394,NF,NIFTY13APR2624200CE,0.9,3.7,7.05,0.8,76.7,76919115,1.18,0.85,1666080,0.9,1862055,10354305
2026-04-13T11:22:01.193,NF,NIFTY13APR2624200CE,0.85,3.7,7.05,0.8,76.7,76919700,1.18,0.85,1665235,0.9,1862965,10354305
2026-04-13T11:22:02.790,NF,NIFTY13APR2624200CE,0.85,3.7,7.05,0.8,76.7,76919895,1.18,0.85,1665170,0.9,1863160,10354305
2026-04-13T11:22:04.409,NF,NIFTY13APR2624200CE,0.85,3.7,7.05,0.8,76.7,76919960,1.18,0.85,1664715,0.9,1861990,10354305
2026-04-13T11:22:06.198,NF,NIFTY13APR2624200CE,0.9,3.7,7.05,0.8,76.7,76920805,1.18,0.85,1665040,0.9,1862185,10354305
2026-04-13T11:22:07.799,NF,NIFTY13APR2624200CE,0.85,3.7,7.05,0.8,76.7,76922105,1.18,0.85,1665105,0.9,1864200,10354305
2026-04-13T11:22:09.413,NF,NIFTY13APR2624200CE,0.85,3.7,7.05,0.8,76.7,76924705,1.18,0.85,1664520,0.9,1864265,10354305
2026-04-13T11:22:11.215,NF,NIFTY13APR2624200CE,0.85,3.7,7.05,0.8,76.7,76928735,1.18,0.85,1666080,0.9,1854905,10354305
2026-04-13T11:22:12.812,NF,NIFTY13APR2624200CE,0.9,3.7,7.05,0.8,76.7,76930750,1.18,0.85,1686750,0.9,1794780,10354305
2026-04-13T11:22:14.411,NF,NIFTY13APR2624200CE,0.9,3.7,7.05,0.8,76.7,76933155,1.18,0.85,1684800,0.9,1789710,10354305
2026-04-13T11:22:16.215,NF,NIFTY13APR2624200CE,0.85,3.7,7.05,0.8,76.7,76938160,1.18,0.85,1677390,0.9,1795040,10354305
2026-04-13T11:22:17.822,NF,NIFTY13APR2624200CE,0.9,3.7,7.05,0.8,76.7,76939655,1.18,0.85,1677130,0.9,1795690,10354305
2026-04-13T11:22:19.417,NF,NIFTY13APR2624200CE,0.85,3.7,7.05,0.8,76.7,76941085,1.18,0.85,1676415,0.9,1794520,10354305
2026-04-13T11:22:21.217,NF,NIFTY13APR2624200CE,0.9,3.7,7.05,0.8,76.7,76942515,1.18,0.85,1681225,0.9,1796210,10354305
2026-04-13T11:22:22.820,NF,NIFTY13APR2624200CE,0.85,3.7,7.05,0.8,76.7,76943035,1.18,0.85,1682265,0.9,1799590,10354305
2026-04-13T11:22:24.426,NF,NIFTY13APR2624200CE,0.85,3.7,7.05,0.8,76.7,76943750,1.18,0.85,1681485,0.9,1797380,10354305
2026-04-13T11:22:26.223,NF,NIFTY13APR2624200CE,0.85,3.7,7.05,0.8,76.7,76944140,1.18,0.85,1681160,0.9,1800890,10354305
2026-04-13T11:22:27.840,NF,NIFTY13APR2624200CE,0.85,3.7,7.05,0.8,76.7,76946090,1.18,0.85,1686555,0.9,1794780,10354305
2026-04-13T11:22:29.433,NF,NIFTY13APR2624200CE,0.85,3.7,7.05,0.8,76.7,76946155,1.18,0.85,1695330,0.9,1793870,10354305
2026-04-13T11:22:31.241,NF,NIFTY13APR2624200CE,0.85,3.7,7.05,0.8,76.7,76951485,1.18,0.85,1683630,0.9,1797575,10354305
2026-04-13T11:22:32.835,NF,NIFTY13APR2624200CE,0.85,3.7,7.05,0.8,76.7,76955710,1.18,0.85,1682460,0.9,1797250,10354305
2026-04-13T11:22:34.445,NF,NIFTY13APR2624200CE,0.85,3.7,7.05,0.8,76.7,76955905,1.18,0.85,1691820,0.9,1797835,10354305
2026-04-13T11:22:36.250,NF,NIFTY13APR2624200CE,0.9,3.7,7.05,0.8,76.7,76956165,1.18,0.85,1693705,0.9,1798420,10354305
2026-04-13T11:22:37.846,NF,NIFTY13APR2624200CE,0.85,3.7,7.05,0.8,76.7,76956490,1.18,0.85,1693640,0.9,1800370,10354305
2026-04-13T11:22:39.654,NF,NIFTY13APR2624200CE,0.85,3.7,7.05,0.8,76.7,76956880,1.18,0.85,1685840,0.9,1801085,10354305
2026-04-13T11:22:41.445,NF,NIFTY13APR2624200CE,0.85,3.7,7.05,0.8,76.7,76960195,1.18,0.85,1698320,0.9,1802970,10354305
2026-04-13T11:22:43.063,NF,NIFTY13APR2624200CE,0.85,3.7,7.05,0.8,76.7,76961365,1.18,0.85,1688115,0.9,1802970,10331620
2026-04-13T11:22:44.672,NF,NIFTY13APR2624200CE,0.85,3.7,7.05,0.8,76.7,76961755,1.18,0.85,1685385,0.9,1802515,10331620
2026-04-13T11:22:46.454,NF,NIFTY13APR2624200CE,0.9,3.7,7.05,0.8,76.7,76971310,1.18,0.85,1693900,0.9,1781325,10331620
2026-04-13T11:22:48.064,NF,NIFTY13APR2624200CE,0.85,3.7,7.05,0.8,76.7,76972805,1.18,0.85,1739660,0.9,1779115,10331620
2026-04-13T11:22:49.660,NF,NIFTY13APR2624200CE,0.85,3.7,7.05,0.8,76.7,76977420,1.18,0.85,1718210,0.9,1803230,10331620
2026-04-13T11:22:53.157,NF,NIFTY13APR2624200CE,0.85,3.7,7.05,0.8,76.7,76982100,1.18,0.85,1718665,0.9,1780675,10331620
2026-04-13T11:22:54.688,NF,NIFTY13APR2624200CE,0.9,3.7,7.05,0.8,76.7,76988210,1.18,0.85,1736540,0.9,1773655,10331620
2026-04-13T11:22:56.468,NF,NIFTY13APR2624200CE,0.85,3.7,7.05,0.8,76.7,77001080,1.18,0.85,1748305,0.9,1764880,10331620
2026-04-13T11:22:58.074,NF,NIFTY13APR2624200CE,0.85,3.7,7.05,0.8,76.7,77001470,1.18,0.85,1731275,0.9,1801670,10331620
2026-04-13T11:22:59.674,NF,NIFTY13APR2624200CE,0.9,3.7,7.05,0.8,76.7,77003160,1.18,0.85,1748760,0.9,1763060,10331620
2026-04-13T11:23:01.486,NF,NIFTY13APR2624200CE,0.85,3.7,7.05,0.8,76.7,77003225,1.18,0.85,1730170,0.9,1768455,10331620
2026-04-13T11:23:03.086,NF,NIFTY13APR2624200CE,0.85,3.7,7.05,0.8,76.7,77003940,1.18,0.85,1735435,0.9,1768065,10331620
2026-04-13T11:23:04.680,NF,NIFTY13APR2624200CE,0.85,3.7,7.05,0.8,76.7,77004265,1.18,0.85,1731795,0.9,1771640,10331620
2026-04-13T11:23:06.483,NF,NIFTY13APR2624200CE,0.85,3.7,7.05,0.8,76.7,77006475,1.18,0.85,1730300,0.9,1769820,10331620
2026-04-13T11:23:08.083,NF,NIFTY13APR2624200CE,0.9,3.7,7.05,0.8,76.7,77007320,1.18,0.85,1752465,0.9,1770470,10331620
2026-04-13T11:23:09.693,NF,NIFTY13APR2624200CE,0.85,3.7,7.05,0.8,76.7,77008035,1.18,0.85,1750320,0.9,1771900,10331620
2026-04-13T11:23:11.291,NF,NIFTY13APR2624200CE,0.85,3.7,7.05,0.8,76.7,77012260,1.18,0.85,1755650,0.9,1762085,10331620
2026-04-13T11:23:13.100,NF,NIFTY13APR2624200CE,0.85,3.7,7.05,0.8,76.7,77013950,1.18,0.85,1755065,0.9,1756235,10331620
2026-04-13T11:23:14.704,NF,NIFTY13APR2624200CE,0.85,3.7,7.05,0.8,76.7,77014925,1.18,0.85,1750905,0.9,1762150,10331620
2026-04-13T11:23:16.304,NF,NIFTY13APR2624200CE,0.85,3.7,7.05,0.8,76.7,77017915,1.18,0.85,1746485,0.9,1798940,10331620
2026-04-13T11:23:18.102,NF,NIFTY13APR2624200CE,0.9,3.7,7.05,0.8,76.7,77019280,1.18,0.85,1727245,0.9,1804075,10331620
2026-04-13T11:23:19.701,NF,NIFTY13APR2624200CE,0.85,3.7,7.05,0.8,76.7,77020580,1.18,0.85,1725490,0.9,1800175,10331620
2026-04-13T11:23:21.333,NF,NIFTY13APR2624200CE,0.85,3.7,7.05,0.8,76.7,77020645,1.18,0.85,1726205,0.9,1803360,10331620
2026-04-13T11:23:23.115,NF,NIFTY13APR2624200CE,0.9,3.7,7.05,0.8,76.7,77022660,1.18,0.85,1728220,0.9,1798420,10331620
2026-04-13T11:23:24.722,NF,NIFTY13APR2624200CE,0.9,3.7,7.05,0.8,76.7,77024545,1.18,0.85,1738360,0.9,1796145,10331620
2026-04-13T11:23:26.325,NF,NIFTY13APR2624200CE,0.85,3.7,7.05,0.8,76.7,77025650,1.18,0.85,1726335,0.9,1800110,10331620
2026-04-13T11:23:28.113,NF,NIFTY13APR2624200CE,0.85,3.7,7.05,0.8,76.7,77026495,1.18,0.85,1727180,0.9,1800045,10331620
2026-04-13T11:23:29.715,NF,NIFTY13APR2624200CE,0.85,3.7,7.05,0.8,76.7,77027015,1.18,0.85,1717560,0.9,1803620,10331620
2026-04-13T11:23:31.318,NF,NIFTY13APR2624200CE,0.85,3.7,7.05,0.8,76.7,77029940,1.18,0.85,1717950,0.9,1801410,10331620
2026-04-13T11:23:33.121,NF,NIFTY13APR2624200CE,0.9,3.7,7.05,0.8,76.7,77032280,1.18,0.85,1720290,0.9,1802060,10331620
2026-04-13T11:23:34.721,NF,NIFTY13APR2624200CE,0.85,3.7,7.05,0.8,76.7,77036440,1.18,0.85,2019550,0.9,1874405,10331620
2026-04-13T11:23:36.327,NF,NIFTY13APR2624200CE,0.85,3.7,7.05,0.8,76.7,77037740,1.18,0.85,2019030,0.9,1868295,10331620
2026-04-13T11:23:37.928,NF,NIFTY13APR2624200CE,0.9,3.7,7.05,0.8,76.7,77038065,1.18,0.85,2022085,0.9,1871025,10331620
2026-04-13T11:23:39.540,NF,NIFTY13APR2624200CE,0.9,3.7,7.05,0.8,76.7,77044240,1.18,0.85,2021175,0.9,1867450,10331620
2026-04-13T11:23:41.331,NF,NIFTY13APR2624200CE,0.9,3.7,7.05,0.8,76.7,77045605,1.18,0.85,2023775,0.9,1864980,10331620
2026-04-13T11:23:42.936,NF,NIFTY13APR2624200CE,0.85,3.7,7.05,0.8,76.7,77046190,1.18,0.85,2023580,0.9,1867190,10331620
2026-04-13T11:23:44.537,NF,NIFTY13APR2624200CE,0.85,3.7,7.05,0.8,76.7,77046450,1.18,0.85,2022085,0.9,1864525,10331620
2026-04-13T11:23:46.342,NF,NIFTY13APR2624200CE,0.9,3.7,7.05,0.8,76.7,77048790,1.18,0.85,2025075,0.9,1863680,10331620
2026-04-13T11:23:47.940,NF,NIFTY13APR2624200CE,0.85,3.7,7.05,0.8,76.7,77056135,1.18,0.85,2014935,0.9,1865370,10331620
2026-04-13T11:23:49.548,NF,NIFTY13APR2624200CE,0.85,3.7,7.05,0.8,76.7,77058085,1.18,0.85,2018965,0.9,1860495,10331620
2026-04-13T11:23:51.147,NF,NIFTY13APR2624200CE,0.9,3.7,7.05,0.8,76.7,77077650,1.18,0.85,2027545,0.9,1835210,10331620
2026-04-13T11:23:52.948,NF,NIFTY13APR2624200CE,0.9,3.7,7.05,0.8,76.7,77081095,1.18,0.85,2023775,0.9,1833520,10331620
2026-04-13T11:23:54.550,NF,NIFTY13APR2624200CE,0.9,3.7,7.05,0.8,76.7,77098385,1.18,0.85,2021305,0.9,1820260,10331620
2026-04-13T11:23:56.173,NF,NIFTY13APR2624200CE,0.9,3.7,7.05,0.8,76.7,77104950,1.18,0.85,2026700,0.9,1809275,10331620
2026-04-13T11:23:57.957,NF,NIFTY13APR2624200CE,0.9,3.7,7.05,0.8,76.7,77109565,1.18,0.85,2028195,0.9,1804465,10331620
2026-04-13T11:23:59.566,NF,NIFTY13APR2624200CE,0.9,3.7,7.05,0.8,76.7,77109955,1.18,0.85,2025140,0.9,1804140,10331620
2026-04-13T11:24:01.166,NF,NIFTY13APR2624200CE,0.9,3.7,7.05,0.8,76.7,77110020,1.18,0.85,2024815,0.9,1803815,10331620
2026-04-13T11:24:02.962,NF,NIFTY13APR2624200CE,0.9,3.7,7.05,0.8,76.7,77112360,1.18,0.85,2023580,0.9,1806610,10331620
2026-04-13T11:24:04.566,NF,NIFTY13APR2624200CE,0.85,3.7,7.05,0.8,76.7,77115480,1.18,0.85,2020460,0.9,1806350,10331620
2026-04-13T11:24:06.169,NF,NIFTY13APR2624200CE,0.85,3.7,7.05,0.8,76.7,77116910,1.18,0.85,2007915,0.9,1806025,10331620
2026-04-13T11:24:07.970,NF,NIFTY13APR2624200CE,0.85,3.7,7.05,0.8,76.7,77118145,1.18,0.85,2038010,0.9,1806545,10331620
2026-04-13T11:24:09.571,NF,NIFTY13APR2624200CE,0.9,3.7,7.05,0.8,76.7,77119185,1.18,0.85,2042560,0.9,1806025,10331620
2026-04-13T11:24:11.175,NF,NIFTY13APR2624200CE,0.9,3.7,7.05,0.8,76.7,77128870,1.18,0.85,2043340,0.9,1796925,10331620
2026-04-13T11:24:12.782,NF,NIFTY13APR2624200CE,0.9,3.7,7.05,0.8,76.7,77131470,1.18,0.85,2037555,0.9,1796405,10331620
2026-04-13T11:24:14.380,NF,NIFTY13APR2624200CE,0.9,3.7,7.05,0.8,76.7,77133160,1.18,0.85,2038855,0.9,1791465,10331620
2026-04-13T11:24:15.982,NF,NIFTY13APR2624200CE,0.9,3.7,7.05,0.8,76.7,77133810,1.18,0.85,2041650,0.9,1790685,10331620
2026-04-13T11:24:17.785,NF,NIFTY13APR2624200CE,0.9,3.7,7.05,0.8,76.7,77135110,1.18,0.85,2041195,0.9,1790295,10331620
2026-04-13T11:24:19.387,NF,NIFTY13APR2624200CE,0.9,3.7,7.05,0.8,76.7,77137060,1.18,0.85,2039440,0.9,1793870,10331620
2026-04-13T11:24:20.989,NF,NIFTY13APR2624200CE,0.85,3.7,7.05,0.8,76.7,77137775,1.18,0.85,2034825,0.9,1795690,10331620
2026-04-13T11:24:22.610,NF,NIFTY13APR2624200CE,0.85,3.7,7.05,0.8,76.7,77138360,1.18,0.85,2034565,0.9,1796210,10331620
2026-04-13T11:24:24.231,NF,NIFTY13APR2624200CE,0.85,3.7,7.05,0.8,76.7,77138555,1.18,0.85,2040805,0.9,1793415,10331620
2026-04-13T11:24:25.996,NF,NIFTY13APR2624200CE,0.9,3.7,7.05,0.8,76.7,77150320,1.18,0.85,2035540,0.9,1801020,10331620
2026-04-13T11:24:27.600,NF,NIFTY13APR2624200CE,0.9,3.7,7.05,0.8,76.7,77152985,1.18,0.85,2027480,0.9,1801735,10331620
2026-04-13T11:24:29.203,NF,NIFTY13APR2624200CE,0.9,3.7,7.05,0.8,76.7,77153570,1.18,0.85,2034630,0.9,1801020,10331620
2026-04-13T11:24:30.825,NF,NIFTY13APR2624200CE,0.9,3.7,7.05,0.8,76.7,77157405,1.18,0.85,2030405,0.9,1797380,10331620
2026-04-13T11:24:32.412,NF,NIFTY13APR2624200CE,0.85,3.7,7.05,0.8,76.7,77158705,1.18,0.85,2024815,0.9,1796795,10331620
2026-04-13T11:24:34.016,NF,NIFTY13APR2624200CE,0.9,3.7,7.05,0.8,76.7,77174305,1.18,0.85,1816100,0.9,1800630,10331620
2026-04-13T11:24:35.812,NF,NIFTY13APR2624200CE,0.9,3.7,7.05,0.8,76.7,77177230,1.18,0.85,1800045,0.9,1798355,10331620
2026-04-13T11:24:37.416,NF,NIFTY13APR2624200CE,0.9,3.7,7.05,0.8,76.7,77178270,1.18,0.85,1800565,0.9,1796730,10331620
2026-04-13T11:24:38.826,NF,NIFTY13APR2624200CE,0.85,3.7,7.05,0.8,76.7,77179310,1.18,0.85,1798810,0.9,1795105,10331620
2026-04-13T11:24:40.622,NF,NIFTY13APR2624200CE,0.9,3.7,7.05,0.8,76.7,77181715,1.18,0.85,1799785,0.9,1795625,10331620
2026-04-13T11:24:42.227,NF,NIFTY13APR2624200CE,0.85,3.7,7.05,0.8,76.7,77182365,1.18,0.85,1791985,0.9,1799915,10331620
2026-04-13T11:24:43.850,NF,NIFTY13APR2624200CE,0.85,3.7,7.05,0.8,76.7,77186070,1.18,0.85,1804140,0.9,1794455,10331620
2026-04-13T11:24:45.635,NF,NIFTY13APR2624200CE,0.9,3.7,7.05,0.8,76.7,77189710,1.18,0.85,1809470,0.9,1788995,10331620
2026-04-13T11:24:47.234,NF,NIFTY13APR2624200CE,0.9,3.7,7.05,0.8,76.7,77199590,1.18,0.85,1808950,0.9,1784315,10331620
2026-04-13T11:24:48.839,NF,NIFTY13APR2624200CE,0.85,3.7,7.05,0.8,76.7,77201410,1.18,0.85,1807325,0.9,1783405,10331620
2026-04-13T11:24:50.643,NF,NIFTY13APR2624200CE,0.85,3.7,7.05,0.8,76.7,77203295,1.18,0.85,1792505,0.9,1779895,10331620
2026-04-13T11:24:52.244,NF,NIFTY13APR2624200CE,0.9,3.7,7.05,0.8,76.7,77203555,1.18,0.85,1798290,0.9,1787045,10331620
2026-04-13T11:24:53.859,NF,NIFTY13APR2624200CE,0.9,3.7,7.05,0.8,76.7,77204140,1.18,0.85,1795235,0.9,1785745,10331620
2026-04-13T11:24:55.652,NF,NIFTY13APR2624200CE,0.9,3.7,7.05,0.8,76.7,77204205,1.18,0.85,1797120,0.9,1788865,10331620
2026-04-13T11:24:57.252,NF,NIFTY13APR2624200CE,0.85,3.7,7.05,0.8,76.7,77214410,1.18,0.85,1780155,0.9,1784445,10331620
2026-04-13T11:24:58.854,NF,NIFTY13APR2624200CE,0.85,3.7,7.05,0.8,76.7,77229750,1.18,0.85,1768845,0.9,1783600,10331620
2026-04-13T11:25:00.654,NF,NIFTY13APR2624200CE,0.85,3.7,7.05,0.8,76.7,77230660,1.18,0.85,1768455,0.9,1839435,10331620
2026-04-13T11:25:02.313,NF,NIFTY13APR2624200CE,0.9,3.7,7.05,0.8,76.7,77231115,1.18,0.85,1775475,0.9,1840345,10331620
2026-04-13T11:25:03.863,NF,NIFTY13APR2624200CE,0.85,3.7,7.05,0.8,76.7,77231570,1.18,0.85,1762410,0.9,1840410,10331620
2026-04-13T11:25:05.666,NF,NIFTY13APR2624200CE,0.9,3.7,7.05,0.8,76.7,77233650,1.18,0.85,1771510,0.9,1839630,10331620
2026-04-13T11:25:07.264,NF,NIFTY13APR2624200CE,0.85,3.7,7.05,0.8,76.7,77237160,1.18,0.85,1756170,0.9,1829035,10331620
2026-04-13T11:25:08.867,NF,NIFTY13APR2624200CE,0.85,3.7,7.05,0.8,76.7,77238785,1.18,0.85,1766635,0.9,1829165,10331620
2026-04-13T11:25:10.668,NF,NIFTY13APR2624200CE,0.9,3.7,7.05,0.8,76.7,77241840,1.18,0.85,1771510,0.9,1826825,10331620
2026-04-13T11:25:12.270,NF,NIFTY13APR2624200CE,0.9,3.7,7.05,0.8,76.7,77244375,1.18,0.85,1763385,0.9,1827085,10331620
2026-04-13T11:25:13.874,NF,NIFTY13APR2624200CE,0.85,3.7,7.05,0.8,76.7,77244765,1.18,0.85,1770990,0.9,1830140,10331620
2026-04-13T11:25:15.478,NF,NIFTY13APR2624200CE,0.9,3.7,7.05,0.8,76.7,77244830,1.18,0.85,1769755,0.9,1833845,10331620
2026-04-13T11:25:18.888,NF,NIFTY13APR2624200CE,0.85,3.7,7.05,0.8,76.7,77244895,1.18,0.85,1770730,0.9,1835145,10331620
2026-04-13T11:25:20.484,NF,NIFTY13APR2624200CE,0.9,3.7,7.05,0.8,76.7,77247625,1.18,0.85,1776905,0.9,1828645,10331620
2026-04-13T11:25:22.285,NF,NIFTY13APR2624200CE,0.85,3.7,7.05,0.8,76.7,77263290,1.18,0.85,1746030,0.9,1827020,10331620
2026-04-13T11:25:23.887,NF,NIFTY13APR2624200CE,0.9,3.7,7.05,0.8,76.7,77268035,1.18,0.85,1759745,0.9,1830465,10331620
2026-04-13T11:25:25.515,NF,NIFTY13APR2624200CE,0.9,3.7,7.05,0.8,76.7,77308400,1.18,0.85,1781195,0.9,1785615,10331620
2026-04-13T11:25:27.093,NF,NIFTY13APR2624200CE,0.9,3.7,7.05,0.8,76.7,77313665,1.18,0.85,1781715,0.9,1781000,10331620
2026-04-13T11:25:28.898,NF,NIFTY13APR2624200CE,0.85,3.7,7.05,0.8,76.7,77314315,1.18,0.85,1770080,0.9,1779310,10331620
2026-04-13T11:25:30.497,NF,NIFTY13APR2624200CE,0.9,3.7,7.05,0.8,76.7,77318605,1.18,0.85,1774565,0.9,1780090,10331620
2026-04-13T11:25:32.102,NF,NIFTY13APR2624200CE,0.85,3.7,7.05,0.8,76.7,77318735,1.18,0.85,1767480,0.9,1777425,10331620
2026-04-13T11:25:33.900,NF,NIFTY13APR2624200CE,0.85,3.7,7.05,0.8,76.7,77318865,1.18,0.85,1779375,0.9,1777555,10331620
2026-04-13T11:25:35.522,NF,NIFTY13APR2624200CE,0.85,3.7,7.05,0.8,76.7,77321595,1.18,0.85,1779960,0.9,1769430,10331620
2026-04-13T11:25:37.106,NF,NIFTY13APR2624200CE,0.9,3.7,7.05,0.8,76.7,77321660,1.18,0.85,1779960,0.9,1767740,10331620
2026-04-13T11:25:38.917,NF,NIFTY13APR2624200CE,0.9,3.7,7.05,0.8,76.7,77324260,1.18,0.85,1796405,0.9,1631110,10331620
2026-04-13T11:25:40.525,NF,NIFTY13APR2624200CE,0.9,3.7,7.05,0.8,76.7,77328680,1.18,0.85,1796535,0.9,1509560,10331620
2026-04-13T11:25:42.127,NF,NIFTY13APR2624200CE,0.9,3.7,7.05,0.8,76.7,77329525,1.18,0.85,1799005,0.9,1550250,10331620
2026-04-13T11:25:43.914,NF,NIFTY13APR2624200CE,0.95,3.7,7.05,0.8,76.7,77573990,1.18,0.9,1627145,0.95,1832805,10418590
2026-04-13T11:25:45.519,NF,NIFTY13APR2624200CE,0.9,3.7,7.05,0.8,76.7,77591995,1.18,0.9,1619410,0.95,1375465,10418590
2026-04-13T11:25:47.122,NF,NIFTY13APR2624200CE,0.9,3.7,7.05,0.8,76.7,77614095,1.18,0.9,1602510,0.95,1410890,10418590
2026-04-13T11:25:48.981,NF,NIFTY13APR2624200CE,0.9,3.7,7.05,0.8,76.7,77622090,1.18,0.9,1602055,0.95,1429090,10418590
2026-04-13T11:25:50.527,NF,NIFTY13APR2624200CE,0.95,3.7,7.05,0.8,76.7,77650755,1.18,0.9,1614925,0.95,1440010,10418590
2026-04-13T11:25:52.130,NF,NIFTY13APR2624200CE,0.95,3.7,7.05,0.8,76.7,77656995,1.18,0.9,1614860,0.95,1430650,10418590
2026-04-13T11:25:53.996,NF,NIFTY13APR2624200CE,0.9,3.7,7.05,0.8,76.7,77658230,1.18,0.9,1608620,0.95,1427660,10418590
2026-04-13T11:25:55.571,NF,NIFTY13APR2624200CE,0.95,3.7,7.05,0.8,76.7,77663040,1.18,0.9,1602445,0.95,1448005,10418590
2026-04-13T11:25:57.158,NF,NIFTY13APR2624200CE,0.9,3.7,7.05,0.8,76.7,77665900,1.18,0.9,1602185,0.95,1465165,10418590
2026-04-13T11:25:58.948,NF,NIFTY13APR2624200CE,0.9,3.7,7.05,0.8,76.7,77666160,1.18,0.9,1608880,0.95,1466660,10418590
2026-04-13T11:26:00.544,NF,NIFTY13APR2624200CE,0.95,3.7,7.05,0.8,76.7,77667395,1.18,0.9,1609855,0.95,1467700,10418590
2026-04-13T11:26:02.156,NF,NIFTY13APR2624200CE,0.9,3.7,7.05,0.8,76.7,77675520,1.18,0.9,1600560,0.95,1467895,10418590
2026-04-13T11:26:03.949,NF,NIFTY13APR2624200CE,0.95,3.7,7.05,0.8,76.7,77677470,1.18,0.9,1590875,0.95,1493440,10418590
2026-04-13T11:26:05.556,NF,NIFTY13APR2624200CE,0.9,3.7,7.05,0.8,76.7,77678315,1.18,0.9,1574105,0.95,1511055,10418590
2026-04-13T11:26:07.159,NF,NIFTY13APR2624200CE,0.9,3.7,7.05,0.8,76.7,77682865,1.18,0.9,1579240,0.95,1555580,10418590
2026-04-13T11:26:08.960,NF,NIFTY13APR2624200CE,0.9,3.7,7.05,0.8,76.7,77685855,1.18,0.9,1588730,0.95,1695330,10418590
2026-04-13T11:26:10.560,NF,NIFTY13APR2624200CE,0.95,3.7,7.05,0.8,76.7,77690080,1.18,0.9,1592890,0.95,1706380,10418590
2026-04-13T11:26:12.164,NF,NIFTY13APR2624200CE,0.95,3.7,7.05,0.8,76.7,77690730,1.18,0.9,1594905,0.95,1703715,10418590
2026-04-13T11:26:13.966,NF,NIFTY13APR2624200CE,0.95,3.7,7.05,0.8,76.7,77691445,1.18,0.9,1594710,0.95,1701310,10418590
2026-04-13T11:26:15.569,NF,NIFTY13APR2624200CE,0.95,3.7,7.05,0.8,76.7,77692745,1.18,0.9,1592110,0.95,1696825,10418590
2026-04-13T11:26:17.173,NF,NIFTY13APR2624200CE,0.95,3.7,7.05,0.8,76.7,77696645,1.18,0.9,1582685,0.95,1696305,10418590
2026-04-13T11:26:18.974,NF,NIFTY13APR2624200CE,0.95,3.7,7.05,0.8,76.7,77704900,1.18,0.9,1588015,0.95,1691950,10418590
2026-04-13T11:26:20.594,NF,NIFTY13APR2624200CE,0.9,3.7,7.05,0.8,76.7,77709385,1.18,0.9,1582685,0.95,1692860,10418590
2026-04-13T11:26:22.181,NF,NIFTY13APR2624200CE,0.95,3.7,7.05,0.8,76.7,77711010,1.18,0.9,1577745,0.95,1699035,10418590
2026-04-13T11:26:23.982,NF,NIFTY13APR2624200CE,0.95,3.7,7.05,0.8,76.7,77717835,1.18,0.9,1584635,0.95,1698580,10418590
2026-04-13T11:26:25.593,NF,NIFTY13APR2624200CE,0.95,3.7,7.05,0.8,76.7,77718550,1.18,0.9,1583985,0.95,1686295,10418590
2026-04-13T11:26:27.191,NF,NIFTY13APR2624200CE,0.9,3.7,7.05,0.8,76.7,77719460,1.18,0.9,1582555,0.95,1680640,10418590
2026-04-13T11:26:28.994,NF,NIFTY13APR2624200CE,0.95,3.7,7.05,0.8,76.7,77720370,1.18,0.9,1584115,0.95,1683435,10418590
2026-04-13T11:26:30.592,NF,NIFTY13APR2624200CE,0.95,3.7,7.05,0.8,76.7,77723945,1.18,0.9,1583725,0.95,1677130,10418590
2026-04-13T11:26:32.200,NF,NIFTY13APR2624200CE,0.95,3.7,7.05,0.8,76.7,77724595,1.18,0.9,1585740,0.95,1675765,10418590
2026-04-13T11:26:34.004,NF,NIFTY13APR2624200CE,0.95,3.7,7.05,0.8,76.7,77726740,1.18,0.9,1585350,0.95,1674400,10418590
2026-04-13T11:26:35.607,NF,NIFTY13APR2624200CE,0.9,3.7,7.05,0.8,76.7,77733955,1.18,0.9,1580215,0.95,1674725,10418590
2026-04-13T11:26:37.205,NF,NIFTY13APR2624200CE,0.95,3.7,7.05,0.8,76.7,77735125,1.18,0.9,1577420,0.95,1673555,10418590
2026-04-13T11:26:38.805,NF,NIFTY13APR2624200CE,0.95,3.7,7.05,0.8,76.7,77735905,1.18,0.9,1577225,0.95,1665625,10418590
2026-04-13T11:26:40.409,NF,NIFTY13APR2624200CE,0.95,3.7,7.05,0.8,76.7,77736360,1.18,0.9,1577095,0.95,1665300,10418590
2026-04-13T11:26:42.015,NF,NIFTY13APR2624200CE,0.95,3.7,7.05,0.8,76.7,77736620,1.18,0.9,1577420,0.95,1665040,10418590
2026-04-13T11:26:43.824,NF,NIFTY13APR2624200CE,0.95,3.7,7.05,0.8,76.7,77736945,1.18,0.9,1575470,0.95,1669915,10418590
2026-04-13T11:26:45.418,NF,NIFTY13APR2624200CE,0.95,3.7,7.05,0.8,76.7,77742145,1.18,0.9,1569945,0.95,1670500,10418590
2026-04-13T11:26:47.021,NF,NIFTY13APR2624200CE,0.95,3.7,7.05,0.8,76.7,77745135,1.18,0.9,1565850,0.95,1670175,10418590
2026-04-13T11:26:48.622,NF,NIFTY13APR2624200CE,0.9,3.7,7.05,0.8,76.7,77748385,1.18,0.9,1559090,0.95,1667120,10418590
2026-04-13T11:26:50.424,NF,NIFTY13APR2624200CE,0.95,3.7,7.05,0.8,76.7,77749100,1.18,0.9,1568125,0.95,1666470,10418590
2026-04-13T11:26:52.024,NF,NIFTY13APR2624200CE,0.95,3.7,7.05,0.8,76.7,77752610,1.18,0.9,1566825,0.95,1666210,10418590
2026-04-13T11:26:53.625,NF,NIFTY13APR2624200CE,0.9,3.7,7.05,0.8,76.7,77753780,1.18,0.9,1557010,0.95,1664390,10418590
2026-04-13T11:26:55.232,NF,NIFTY13APR2624200CE,0.95,3.7,7.05,0.8,76.7,77756705,1.18,0.9,1565135,0.95,1661790,10418590
2026-04-13T11:26:56.830,NF,NIFTY13APR2624200CE,0.95,3.7,7.05,0.8,76.7,77766780,1.18,0.9,1551745,0.95,1661660,10418590
2026-04-13T11:26:58.438,NF,NIFTY13APR2624200CE,0.95,3.7,7.05,0.8,76.7,77767430,1.18,0.9,1555710,0.95,1661465,10418590
2026-04-13T11:27:00.239,NF,NIFTY13APR2624200CE,0.95,3.7,7.05,0.8,76.7,77767950,1.18,0.9,1554865,0.95,1660685,10418590
2026-04-13T11:27:01.843,NF,NIFTY13APR2624200CE,0.95,3.7,7.05,0.8,76.7,77771005,1.18,0.9,1544140,0.95,1660880,10418590
2026-04-13T11:27:03.441,NF,NIFTY13APR2624200CE,0.9,3.7,7.05,0.8,76.7,77782120,1.18,0.9,1532830,0.95,1663545,10418590
2026-04-13T11:27:05.049,NF,NIFTY13APR2624200CE,0.9,3.7,7.05,0.8,76.7,77790700,1.18,0.9,1526265,0.95,1666990,10418590
2026-04-13T11:27:06.644,NF,NIFTY13APR2624200CE,0.95,3.7,7.05,0.8,76.7,77793235,1.18,0.9,1525485,0.95,1667185,10418590
2026-04-13T11:27:08.453,NF,NIFTY13APR2624200CE,0.9,3.7,7.05,0.8,76.7,77794015,1.18,0.9,1525615,0.95,1665560,10418590
2026-04-13T11:27:10.053,NF,NIFTY13APR2624200CE,0.9,3.7,7.05,0.8,76.7,77794730,1.18,0.9,1524770,0.95,1665430,10418590
2026-04-13T11:27:11.654,NF,NIFTY13APR2624200CE,0.9,3.7,7.05,0.8,76.7,77798760,1.18,0.9,1523470,0.95,1665950,10418590
2026-04-13T11:27:13.469,NF,NIFTY13APR2624200CE,0.9,3.7,7.05,0.8,76.7,77799735,1.18,0.9,1521650,0.95,1668485,10418590
2026-04-13T11:27:15.060,NF,NIFTY13APR2624200CE,0.9,3.7,7.05,0.8,76.7,77804480,1.18,0.9,1523340,0.95,1668420,10418590
2026-04-13T11:27:16.660,NF,NIFTY13APR2624200CE,0.9,3.7,7.05,0.8,76.7,77805715,1.18,0.9,1523860,0.95,1668550,10418590
2026-04-13T11:27:18.462,NF,NIFTY13APR2624200CE,0.95,3.7,7.05,0.8,76.7,77812085,1.18,0.9,1518790,0.95,1665430,10418590
2026-04-13T11:27:20.065,NF,NIFTY13APR2624200CE,0.9,3.7,7.05,0.8,76.7,77812735,1.18,0.9,1518205,0.95,1667640,10418590
2026-04-13T11:27:21.670,NF,NIFTY13APR2624200CE,0.9,3.7,7.05,0.8,76.7,77813255,1.18,0.9,1521650,0.95,1667705,10418590
2026-04-13T11:27:23.272,NF,NIFTY13APR2624200CE,0.9,3.7,7.05,0.8,76.7,77814165,1.18,0.9,1509820,0.95,1664195,10418590
2026-04-13T11:27:25.073,NF,NIFTY13APR2624200CE,0.9,3.7,7.05,0.8,76.7,77815985,1.18,0.9,1508585,0.95,1669265,10418590
2026-04-13T11:27:26.676,NF,NIFTY13APR2624200CE,0.9,3.7,7.05,0.8,76.7,77816245,1.18,0.9,1508780,0.95,1669395,10418590
2026-04-13T11:27:28.280,NF,NIFTY13APR2624200CE,0.95,3.7,7.05,0.8,76.7,77816310,1.18,0.9,1508715,0.95,1669330,10418590
2026-04-13T11:27:30.083,NF,NIFTY13APR2624200CE,0.9,3.7,7.05,0.8,76.7,77817740,1.18,0.9,1507155,0.95,1669265,10418590
2026-04-13T11:27:31.683,NF,NIFTY13APR2624200CE,0.9,3.7,7.05,0.8,76.7,77818780,1.18,0.9,1510665,0.95,1667640,10418590
2026-04-13T11:27:33.285,NF,NIFTY13APR2624200CE,0.95,3.7,7.05,0.8,76.7,77838540,1.18,0.9,1516320,0.95,1695135,10418590
2026-04-13T11:27:34.890,NF,NIFTY13APR2624200CE,0.9,3.7,7.05,0.8,76.7,77838605,1.18,0.9,1514370,0.95,1698580,10418590
2026-04-13T11:27:36.492,NF,NIFTY13APR2624200CE,0.9,3.7,7.05,0.8,76.7,77853750,1.18,0.9,1506440,0.95,1684410,10418590
2026-04-13T11:27:38.293,NF,NIFTY13APR2624200CE,0.95,3.7,7.05,0.8,76.7,77857650,1.18,0.9,1516580,0.95,1698125,10418590
2026-04-13T11:27:39.896,NF,NIFTY13APR2624200CE,0.95,3.7,7.05,0.8,76.7,77858950,1.18,0.9,1516515,0.95,1695070,10418590
2026-04-13T11:27:41.501,NF,NIFTY13APR2624200CE,0.95,3.7,7.05,0.8,76.7,77859600,1.18,0.9,1515800,0.95,1695200,10418590
2026-04-13T11:27:43.303,NF,NIFTY13APR2624200CE,0.95,3.7,7.05,0.8,76.7,77859925,1.18,0.9,1516060,0.95,1700075,10418590
2026-04-13T11:27:44.911,NF,NIFTY13APR2624200CE,0.9,3.7,7.05,0.8,76.7,77860055,1.18,0.9,1517295,0.95,1698580,10418590
2026-04-13T11:27:46.508,NF,NIFTY13APR2624200CE,0.95,3.7,7.05,0.8,76.7,77862850,1.18,0.9,1511835,0.95,1695655,10418590
2026-04-13T11:27:48.309,NF,NIFTY13APR2624200CE,0.95,3.7,7.05,0.8,76.7,77866620,1.18,0.9,1511575,0.95,1694160,10418590
2026-04-13T11:27:49.913,NF,NIFTY13APR2624200CE,0.95,3.7,7.05,0.8,76.7,77873965,1.18,0.9,1516970,0.95,1701310,10418590
2026-04-13T11:27:51.529,NF,NIFTY13APR2624200CE,0.9,3.7,7.05,0.8,76.7,77874225,1.18,0.9,1518465,0.95,1702805,10418590
2026-04-13T11:27:53.318,NF,NIFTY13APR2624200CE,0.9,3.7,7.05,0.8,76.7,77875655,1.18,0.9,1515085,0.95,1701375,10418590
2026-04-13T11:27:54.923,NF,NIFTY13APR2624200CE,0.95,3.7,7.05,0.8,76.7,77875785,1.18,0.9,1515280,0.95,1702675,10418590
2026-04-13T11:27:56.542,NF,NIFTY13APR2624200CE,0.95,3.7,7.05,0.8,76.7,77878515,1.18,0.9,1515280,0.95,1699945,10418590
2026-04-13T11:27:58.328,NF,NIFTY13APR2624200CE,0.9,3.7,7.05,0.8,76.7,77892490,1.18,0.9,1500395,0.95,1704625,10418590
2026-04-13T11:27:59.932,NF,NIFTY13APR2624200CE,0.9,3.7,7.05,0.8,76.7,77893595,1.18,0.9,1499355,0.95,1704690,10418590
2026-04-13T11:28:03.338,NF,NIFTY13APR2624200CE,0.9,3.7,7.05,0.8,76.7,77893790,1.18,0.9,1502150,0.95,1704755,10418590
2026-04-13T11:28:04.938,NF,NIFTY13APR2624200CE,0.95,3.7,7.05,0.8,76.7,77894830,1.18,0.9,1507935,0.95,1702545,10418590
2026-04-13T11:28:06.542,NF,NIFTY13APR2624200CE,0.95,3.7,7.05,0.8,76.7,77898340,1.18,0.9,1507545,0.95,1695395,10418590
2026-04-13T11:28:08.357,NF,NIFTY13APR2624200CE,0.95,3.7,7.05,0.8,76.7,77917060,1.18,0.9,1508520,0.95,1691950,10418590
2026-04-13T11:28:09.945,NF,NIFTY13APR2624200CE,0.9,3.7,7.05,0.8,76.7,77924145,1.18,0.9,1511510,0.95,1682590,10418590
2026-04-13T11:28:11.553,NF,NIFTY13APR2624200CE,0.95,3.7,7.05,0.8,76.7,77927005,1.18,0.9,1508520,0.95,1684735,10418590
2026-04-13T11:28:13.350,NF,NIFTY13APR2624200CE,0.9,3.7,7.05,0.8,76.7,77927850,1.18,0.9,1507480,0.95,1683955,10418590
2026-04-13T11:28:14.952,NF,NIFTY13APR2624200CE,0.95,3.7,7.05,0.8,76.7,77928500,1.18,0.9,1507025,0.95,1683370,10418590
2026-04-13T11:28:16.556,NF,NIFTY13APR2624200CE,0.9,3.7,7.05,0.8,76.7,77928565,1.18,0.9,1496430,0.95,1685320,10418590
2026-04-13T11:28:18.364,NF,NIFTY13APR2624200CE,0.9,3.7,7.05,0.8,76.7,77928890,1.18,0.9,1506570,0.95,1686360,10418590
2026-04-13T11:28:19.958,NF,NIFTY13APR2624200CE,0.95,3.7,7.05,0.8,76.7,77930385,1.18,0.9,1508325,0.95,1684410,10418590
2026-04-13T11:28:21.566,NF,NIFTY13APR2624200CE,0.95,3.7,7.05,0.8,76.7,77934220,1.18,0.9,1506050,0.95,1686490,10418590
2026-04-13T11:28:23.365,NF,NIFTY13APR2624200CE,0.9,3.7,7.05,0.8,76.7,77934610,1.18,0.9,1507545,0.95,1687790,10418590
2026-04-13T11:28:24.971,NF,NIFTY13APR2624200CE,0.9,3.7,7.05,0.8,76.7,77936495,1.18,0.9,1499290,0.95,1687010,10418590
2026-04-13T11:28:26.571,NF,NIFTY13APR2624200CE,0.9,3.7,7.05,0.8,76.7,77937600,1.18,0.9,1496625,0.95,1689675,10418590
2026-04-13T11:28:28.390,NF,NIFTY13APR2624200CE,0.9,3.7,7.05,0.8,76.7,77939550,1.18,0.9,1495975,0.95,1702220,10418590
2026-04-13T11:28:29.974,NF,NIFTY13APR2624200CE,0.9,3.7,7.05,0.8,76.7,77942995,1.18,0.9,1489020,0.95,1716325,10418590
2026-04-13T11:28:31.578,NF,NIFTY13APR2624200CE,0.9,3.7,7.05,0.8,76.7,78061035,1.18,0.85,1921335,0.9,1485510,10418590
2026-04-13T11:28:33.379,NF,NIFTY13APR2624200CE,0.85,3.7,7.05,0.8,76.7,78063375,1.18,0.85,1920165,0.9,1511315,10418590
2026-04-13T11:28:34.982,NF,NIFTY13APR2624200CE,0.9,3.7,7.05,0.8,76.7,78063765,1.18,0.85,1922050,0.9,1509560,10418590
2026-04-13T11:28:36.588,NF,NIFTY13APR2624200CE,0.85,3.7,7.05,0.8,76.7,78072605,1.18,0.85,1915615,0.9,1506505,10418590
2026-04-13T11:28:37.995,NF,NIFTY13APR2624200CE,0.85,3.7,7.05,0.8,76.7,78072800,1.18,0.85,1917110,0.9,1506310,10418590
2026-04-13T11:28:39.786,NF,NIFTY13APR2624200CE,0.85,3.7,7.05,0.8,76.7,78074555,1.18,0.85,1915355,0.9,1508065,10418590
2026-04-13T11:28:41.393,NF,NIFTY13APR2624200CE,0.9,3.7,7.05,0.8,76.7,78074620,1.18,0.85,1913925,0.9,1508000,10418590
2026-04-13T11:28:42.994,NF,NIFTY13APR2624200CE,0.85,3.7,7.05,0.8,76.7,78074685,1.18,0.85,1913730,0.9,1508000,10418590
2026-04-13T11:28:44.793,NF,NIFTY13APR2624200CE,0.85,3.7,7.05,0.8,76.7,78077740,1.18,0.85,1914900,0.9,1503645,10454210
2026-04-13T11:28:46.397,NF,NIFTY13APR2624200CE,0.85,3.7,7.05,0.8,76.7,78077935,1.18,0.85,1914705,0.9,1504815,10454210
2026-04-13T11:28:48.007,NF,NIFTY13APR2624200CE,0.85,3.7,7.05,0.8,76.7,78078585,1.18,0.85,1897935,0.9,1514110,10454210
2026-04-13T11:28:49.803,NF,NIFTY13APR2624200CE,0.9,3.7,7.05,0.8,76.7,78079105,1.18,0.85,1908335,0.9,1513915,10454210
2026-04-13T11:28:51.428,NF,NIFTY13APR2624200CE,0.9,3.7,7.05,0.8,76.7,78080600,1.18,0.85,1908660,0.9,1519375,10454210
2026-04-13T11:28:53.016,NF,NIFTY13APR2624200CE,0.85,3.7,7.05,0.8,76.7,78080665,1.18,0.85,1878825,0.9,1522365,10454210
2026-04-13T11:28:54.825,NF,NIFTY13APR2624200CE,0.85,3.7,7.05,0.8,76.7,78081705,1.18,0.85,1839110,0.9,1529060,10454210
2026-04-13T11:28:56.416,NF,NIFTY13APR2624200CE,0.9,3.7,7.05,0.8,76.7,78082940,1.18,0.85,1843075,0.9,1528410,10454210
2026-04-13T11:28:58.057,NF,NIFTY13APR2624200CE,0.9,3.7,7.05,0.8,76.7,78093210,1.18,0.85,1851655,0.9,1533025,10454210
2026-04-13T11:28:59.833,NF,NIFTY13APR2624200CE,0.9,3.7,7.05,0.8,76.7,78096070,1.18,0.85,1855165,0.9,1522170,10454210
2026-04-13T11:29:01.433,NF,NIFTY13APR2624200CE,0.85,3.7,7.05,0.8,76.7,78097240,1.18,0.85,1846780,0.9,1527890,10454210
2026-04-13T11:29:03.035,NF,NIFTY13APR2624200CE,0.9,3.7,7.05,0.8,76.7,78097500,1.18,0.85,1850355,0.9,1523665,10454210
2026-04-13T11:29:04.830,NF,NIFTY13APR2624200CE,0.9,3.7,7.05,0.8,76.7,78097565,1.18,0.85,1849900,0.9,1522820,10454210
2026-04-13T11:29:06.438,NF,NIFTY13APR2624200CE,0.85,3.7,7.05,0.8,76.7,78099775,1.18,0.85,1842230,0.9,1522105,10454210
2026-04-13T11:29:09.856,NF,NIFTY13APR2624200CE,0.9,3.7,7.05,0.8,76.7,78103480,1.18,0.85,1849380,0.9,1538615,10454210
2026-04-13T11:29:11.441,NF,NIFTY13APR2624200CE,0.9,3.7,7.05,0.8,76.7,78106990,1.18,0.85,1850160,0.9,1533350,10454210
2026-04-13T11:29:13.051,NF,NIFTY13APR2624200CE,0.9,3.7,7.05,0.8,76.7,78107770,1.18,0.85,1849705,0.9,1532765,10454210
2026-04-13T11:29:14.848,NF,NIFTY13APR2624200CE,0.9,3.7,7.05,0.8,76.7,78107835,1.18,0.85,1849315,0.9,1533155,10454210
2026-04-13T11:29:16.464,NF,NIFTY13APR2624200CE,0.9,3.7,7.05,0.8,76.7,78108810,1.18,0.85,1853020,0.9,1533480,10454210
2026-04-13T11:29:18.052,NF,NIFTY13APR2624200CE,0.9,3.7,7.05,0.8,76.7,78108875,1.18,0.85,1856075,0.9,1530230,10454210
2026-04-13T11:29:19.858,NF,NIFTY13APR2624200CE,0.85,3.7,7.05,0.8,76.7,78109720,1.18,0.85,1855165,0.9,1530230,10454210
2026-04-13T11:29:21.460,NF,NIFTY13APR2624200CE,0.9,3.7,7.05,0.8,76.7,78111085,1.18,0.85,1856335,0.9,1534650,10454210
2026-04-13T11:29:23.059,NF,NIFTY13APR2624200CE,0.9,3.7,7.05,0.8,76.7,78111215,1.18,0.85,1856465,0.9,1535235,10454210
2026-04-13T11:29:24.860,NF,NIFTY13APR2624200CE,0.85,3.7,7.05,0.8,76.7,78114725,1.18,0.85,1839305,0.9,1533935,10454210
2026-04-13T11:29:26.463,NF,NIFTY13APR2624200CE,0.9,3.7,7.05,0.8,76.7,78117195,1.18,0.85,1851720,0.9,1530165,10454210
2026-04-13T11:29:28.068,NF,NIFTY13APR2624200CE,0.85,3.7,7.05,0.8,76.7,78121355,1.18,0.85,1842425,0.9,1531400,10454210
2026-04-13T11:29:29.869,NF,NIFTY13APR2624200CE,0.9,3.7,7.05,0.8,76.7,78125580,1.18,0.85,1847040,0.9,1533350,10454210
2026-04-13T11:29:31.475,NF,NIFTY13APR2624200CE,0.85,3.7,7.05,0.8,76.7,78129805,1.18,0.85,1837615,0.9,1528280,10454210
2026-04-13T11:29:33.076,NF,NIFTY13APR2624200CE,0.85,3.7,7.05,0.8,76.7,78131625,1.18,0.85,1842035,0.9,1531140,10454210
2026-04-13T11:29:34.876,NF,NIFTY13APR2624200CE,0.9,3.7,7.05,0.8,76.7,78131690,1.18,0.85,1843075,0.9,1531920,10454210
2026-04-13T11:29:36.480,NF,NIFTY13APR2624200CE,0.85,3.7,7.05,0.8,76.7,78132340,1.18,0.85,1837160,0.9,1538030,10454210
2026-04-13T11:29:38.486,NF,NIFTY13APR2624200CE,0.9,3.7,7.05,0.8,76.7,78133250,1.18,0.85,1841060,0.9,1532505,10454210
2026-04-13T11:29:40.295,NF,NIFTY13APR2624200CE,0.85,3.7,7.05,0.8,76.7,78133315,1.18,0.85,1842295,0.9,1532245,10454210
2026-04-13T11:29:41.889,NF,NIFTY13APR2624200CE,0.9,3.7,7.05,0.8,76.7,78135590,1.18,0.85,1842035,0.9,1544140,10454210
2026-04-13T11:29:43.493,NF,NIFTY13APR2624200CE,0.9,3.7,7.05,0.8,76.7,78163670,1.18,0.85,1757730,0.9,1546220,10454210
2026-04-13T11:29:45.302,NF,NIFTY13APR2624200CE,0.9,3.7,7.05,0.8,76.7,78168610,1.18,0.85,1756950,0.9,1564615,10454210
2026-04-13T11:29:46.902,NF,NIFTY13APR2624200CE,0.9,3.7,7.05,0.8,76.7,78169000,1.18,0.85,1746875,0.9,1549730,10454210
2026-04-13T11:29:48.517,NF,NIFTY13APR2624200CE,0.85,3.7,7.05,0.8,76.7,78184665,1.18,0.85,1745705,0.9,1546480,10454210
2026-04-13T11:29:50.308,NF,NIFTY13APR2624200CE,0.9,3.7,7.05,0.8,76.7,78184990,1.18,0.85,1745445,0.9,1544400,10454210
2026-04-13T11:29:51.931,NF,NIFTY13APR2624200CE,0.9,3.7,7.05,0.8,76.7,78185055,1.18,0.85,1745055,0.9,1548625,10454210
2026-04-13T11:29:53.523,NF,NIFTY13APR2624200CE,0.85,3.7,7.05,0.8,76.7,78187070,1.18,0.85,1744275,0.9,1548820,10454210
2026-04-13T11:29:55.309,NF,NIFTY13APR2624200CE,0.85,3.7,7.05,0.8,76.7,78187135,1.18,0.85,1744340,0.9,1548950,10454210
2026-04-13T11:29:56.914,NF,NIFTY13APR2624200CE,0.85,3.7,7.05,0.8,76.7,78187330,1.18,0.85,1744145,0.9,1549015,10454210
2026-04-13T11:29:58.517,NF,NIFTY13APR2624200CE,0.85,3.7,7.05,0.8,76.7,78189020,1.18,0.85,1742520,0.9,1549210,10454210
2026-04-13T11:30:00.330,NF,NIFTY13APR2624200CE,0.85,3.7,7.05,0.8,76.7,78190255,1.18,0.85,1737385,0.9,1540110,10454210
2026-04-13T11:30:01.934,NF,NIFTY13APR2624200CE,0.9,3.7,7.05,0.8,76.7,78193765,1.18,0.85,1744210,0.9,1552265,10454210
2026-04-13T11:30:03.554,NF,NIFTY13APR2624200CE,0.9,3.7,7.05,0.8,76.7,78194155,1.18,0.85,1743690,0.9,1551355,10454210
2026-04-13T11:30:05.374,NF,NIFTY13APR2624200CE,0.85,3.7,7.05,0.8,76.7,78200330,1.18,0.85,1742780,0.9,1546220,10454210
2026-04-13T11:30:06.937,NF,NIFTY13APR2624200CE,0.85,3.7,7.05,0.8,76.7,78216580,1.18,0.85,1741090,0.9,1546350,10454210
2026-04-13T11:30:08.536,NF,NIFTY13APR2624200CE,0.9,3.7,7.05,0.8,76.7,78217295,1.18,0.85,1749670,0.9,1546480,10454210
2026-04-13T11:30:10.336,NF,NIFTY13APR2624200CE,0.9,3.7,7.05,0.8,76.7,78218985,1.18,0.85,1749475,0.9,1544920,10454210
2026-04-13T11:30:11.948,NF,NIFTY13APR2624200CE,0.9,3.7,7.05,0.8,76.7,78219050,1.18,0.85,1752075,0.9,1546415,10454210
2026-04-13T11:30:13.562,NF,NIFTY13APR2624200CE,0.85,3.7,7.05,0.8,76.7,78222495,1.18,0.85,1741675,0.9,1549535,10454210
2026-04-13T11:30:15.348,NF,NIFTY13APR2624200CE,0.9,3.7,7.05,0.8,76.7,78224185,1.18,0.85,1748890,0.9,1546285,10454210
2026-04-13T11:30:16.952,NF,NIFTY13APR2624200CE,0.9,3.7,7.05,0.8,76.7,78226070,1.18,0.85,1747200,0.9,1542255,10454210
2026-04-13T11:30:20.353,NF,NIFTY13APR2624200CE,0.9,3.7,7.05,0.8,76.7,78226265,1.18,0.85,1747850,0.9,1541150,10454210
2026-04-13T11:30:21.966,NF,NIFTY13APR2624200CE,0.85,3.7,7.05,0.8,76.7,78228280,1.18,0.85,1747200,0.9,1553500,10454210
2026-04-13T11:30:23.569,NF,NIFTY13APR2624200CE,0.85,3.7,7.05,0.8,76.7,78228930,1.18,0.85,1749995,0.9,1552070,10454210
2026-04-13T11:30:28.575,NF,NIFTY13APR2624200CE,0.9,3.7,7.05,0.8,76.7,78228995,1.18,0.85,1749605,0.9,1550315,10454210
2026-04-13T11:30:30.410,NF,NIFTY13APR2624200CE,0.85,3.7,7.05,0.8,76.7,78231010,1.18,0.85,1748370,0.9,1552135,10454210
2026-04-13T11:30:31.970,NF,NIFTY13APR2624200CE,0.85,3.7,7.05,0.8,76.7,78232180,1.18,0.85,1748565,0.9,1544335,10454210
2026-04-13T11:30:33.589,NF,NIFTY13APR2624200CE,0.9,3.7,7.05,0.8,76.7,78234195,1.18,0.85,1750320,0.9,1542320,10454210
2026-04-13T11:30:35.373,NF,NIFTY13APR2624200CE,0.9,3.7,7.05,0.8,76.7,78234975,1.18,0.85,1774630,0.9,1541150,10454210
2026-04-13T11:30:38.975,NF,NIFTY13APR2624200CE,0.9,3.7,7.05,0.8,76.7,78235625,1.18,0.85,1772680,0.9,1543425,10454210
2026-04-13T11:30:40.582,NF,NIFTY13APR2624200CE,0.85,3.7,7.05,0.8,76.7,78235755,1.18,0.85,1772550,0.9,1541995,10454210
2026-04-13T11:30:42.192,NF,NIFTY13APR2624200CE,0.85,3.7,7.05,0.8,76.7,78237250,1.18,0.85,1771380,0.9,1546350,10454210
2026-04-13T11:30:43.795,NF,NIFTY13APR2624200CE,0.9,3.7,7.05,0.8,76.7,78247390,1.18,0.85,1771315,0.9,1549730,10454210
2026-04-13T11:30:45.386,NF,NIFTY13APR2624200CE,0.85,3.7,7.05,0.8,76.7,78254865,1.18,0.85,1758510,0.9,1550705,10454210
2026-04-13T11:30:47.189,NF,NIFTY13APR2624200CE,0.85,3.7,7.05,0.8,76.7,78255255,1.18,0.85,1756885,0.9,1550640,10454210
2026-04-13T11:30:48.793,NF,NIFTY13APR2624200CE,0.85,3.7,7.05,0.8,76.7,78255580,1.18,0.85,1761110,0.9,1550900,10454210
2026-04-13T11:30:52.010,NF,NIFTY13APR2624200CE,0.85,3.7,7.05,0.8,76.7,78256880,1.18,0.85,1764295,0.9,1546220,10454210
2026-04-13T11:30:53.602,NF,NIFTY13APR2624200CE,0.85,3.7,7.05,0.8,76.7,78257855,1.18,0.85,1755910,0.9,1548560,10454210
2026-04-13T11:30:55.398,NF,NIFTY13APR2624200CE,0.85,3.7,7.05,0.8,76.7,78259545,1.18,0.85,1756170,0.9,1549990,10454210
2026-04-13T11:30:57.002,NF,NIFTY13APR2624200CE,0.85,3.7,7.05,0.8,76.7,78263965,1.18,0.85,1746745,0.9,1550185,10454210
2026-04-13T11:30:58.606,NF,NIFTY13APR2624200CE,0.85,3.7,7.05,0.8,76.7,78270660,1.18,0.85,1752725,0.9,1550900,10454210
2026-04-13T11:31:00.407,NF,NIFTY13APR2624200CE,0.9,3.7,7.05,0.8,76.7,78282620,1.18,0.85,1756690,0.9,1551745,10454210
2026-04-13T11:31:02.018,NF,NIFTY13APR2624200CE,0.85,3.7,7.05,0.8,76.7,78283400,1.18,0.85,1756170,0.9,1549860,10454210
2026-04-13T11:31:03.613,NF,NIFTY13APR2624200CE,0.85,3.7,7.05,0.8,76.7,78283660,1.18,0.85,1755520,0.9,1551875,10454210
2026-04-13T11:31:07.017,NF,NIFTY13APR2624200CE,0.85,3.7,7.05,0.8,76.7,78284440,1.18,0.85,1754025,0.9,1550900,10454210
2026-04-13T11:31:08.620,NF,NIFTY13APR2624200CE,0.9,3.7,7.05,0.8,76.7,78286975,1.18,0.85,1769885,0.9,1551030,10454210
2026-04-13T11:31:10.421,NF,NIFTY13APR2624200CE,0.85,3.7,7.05,0.8,76.7,78287235,1.18,0.85,1769755,0.9,1552785,10454210
2026-04-13T11:31:12.024,NF,NIFTY13APR2624200CE,0.85,3.7,7.05,0.8,76.7,78290875,1.18,0.85,1769040,0.9,1551160,10454210
2026-04-13T11:31:13.628,NF,NIFTY13APR2624200CE,0.85,3.7,7.05,0.8,76.7,78290940,1.18,0.85,1768195,0.9,1554475,10454210
2026-04-13T11:31:15.429,NF,NIFTY13APR2624200CE,0.9,3.7,7.05,0.8,76.7,78292370,1.18,0.85,1763190,0.9,1557205,10454210
2026-04-13T11:31:17.039,NF,NIFTY13APR2624200CE,0.85,3.7,7.05,0.8,76.7,78293800,1.18,0.85,1765660,0.9,1552460,10454210
2026-04-13T11:31:20.442,NF,NIFTY13APR2624200CE,0.9,3.7,7.05,0.8,76.7,78298350,1.18,0.85,1763645,0.9,1553045,10454210
2026-04-13T11:31:22.043,NF,NIFTY13APR2624200CE,0.9,3.7,7.05,0.8,76.7,78298480,1.18,0.85,1769755,0.9,1554865,10454210
2026-04-13T11:31:23.649,NF,NIFTY13APR2624200CE,0.85,3.7,7.05,0.8,76.7,78299065,1.18,0.85,1766765,0.9,1554475,10454210
2026-04-13T11:31:25.246,NF,NIFTY13APR2624200CE,0.85,3.7,7.05,0.8,76.7,78299390,1.18,0.85,1771055,0.9,1554540,10454210
2026-04-13T11:31:27.045,NF,NIFTY13APR2624200CE,0.9,3.7,7.05,0.8,76.7,78301925,1.18,0.85,1768715,0.9,1552785,10454210
2026-04-13T11:31:28.659,NF,NIFTY13APR2624200CE,0.9,3.7,7.05,0.8,76.7,78314145,1.18,0.85,1772030,0.9,1539850,10454210
2026-04-13T11:31:31.855,NF,NIFTY13APR2624200CE,0.85,3.7,7.05,0.8,76.7,78314210,1.18,0.85,1769885,0.9,1539850,10454210
2026-04-13T11:31:33.455,NF,NIFTY13APR2624200CE,0.85,3.7,7.05,0.8,76.7,78314275,1.18,0.85,1769820,0.9,1539785,10454210
2026-04-13T11:31:35.256,NF,NIFTY13APR2624200CE,0.85,3.7,7.05,0.8,76.7,78315380,1.18,0.85,1767935,0.9,1540240,10454210
2026-04-13T11:31:38.468,NF,NIFTY13APR2624200CE,0.85,3.7,7.05,0.8,76.7,78316550,1.18,0.85,1753310,0.9,1542385,10454210
2026-04-13T11:31:40.067,NF,NIFTY13APR2624200CE,0.9,3.7,7.05,0.8,76.7,78318565,1.18,0.85,1766050,0.9,1555710,10454210
2026-04-13T11:31:41.871,NF,NIFTY13APR2624200CE,0.9,3.7,7.05,0.8,76.7,78323440,1.18,0.85,1785095,0.9,1563380,10454210
2026-04-13T11:31:43.484,NF,NIFTY13APR2624200CE,0.85,3.7,7.05,0.8,76.7,78324220,1.18,0.85,1782040,0.9,1566630,10454210
2026-04-13T11:31:45.074,NF,NIFTY13APR2624200CE,0.85,3.7,7.05,0.8,76.7,78325390,1.18,0.85,1780090,0.9,1566435,10454210
2026-04-13T11:31:46.673,NF,NIFTY13APR2624200CE,0.85,3.7,7.05,0.8,76.7,78328380,1.18,0.85,1772875,0.9,1564485,10479300
2026-04-13T11:31:48.299,NF,NIFTY13APR2624200CE,0.85,3.7,7.05,0.8,76.7,78331565,1.18,0.85,1763515,0.9,1564485,10479300
2026-04-13T11:31:50.077,NF,NIFTY13APR2624200CE,0.85,3.7,7.05,0.8,76.7,78331630,1.18,0.85,1770405,0.9,1566435,10479300
2026-04-13T11:31:51.680,NF,NIFTY13APR2624200CE,0.9,3.7,7.05,0.8,76.7,78334230,1.18,0.85,1775670,0.9,1560975,10479300
2026-04-13T11:31:53.284,NF,NIFTY13APR2624200CE,0.9,3.7,7.05,0.8,76.7,78335400,1.18,0.85,1776125,0.9,1559415,10479300
2026-04-13T11:31:55.084,NF,NIFTY13APR2624200CE,0.9,3.7,7.05,0.8,76.7,78348790,1.18,0.85,1776320,0.9,1543100,10479300
2026-04-13T11:31:56.687,NF,NIFTY13APR2624200CE,0.9,3.7,7.05,0.8,76.7,78354445,1.18,0.85,1763905,0.9,1546805,10479300
2026-04-13T11:31:58.303,NF,NIFTY13APR2624200CE,0.9,3.7,7.05,0.8,76.7,78528905,1.18,0.85,1577030,0.9,1547195,10479300
2026-04-13T11:32:00.095,NF,NIFTY13APR2624200CE,0.85,3.7,7.05,0.8,76.7,78537485,1.18,0.85,1604200,0.9,1546740,10479300
2026-04-13T11:32:01.724,NF,NIFTY13APR2624200CE,0.85,3.7,7.05,0.8,76.7,78570635,1.18,0.85,1526330,0.9,1552720,10479300
2026-04-13T11:32:03.314,NF,NIFTY13APR2624200CE,0.85,3.7,7.05,0.8,76.7,78599105,1.18,0.85,1498120,0.9,1565980,10479300
2026-04-13T11:32:05.108,NF,NIFTY13APR2624200CE,0.85,3.7,7.05,0.8,76.7,78607815,1.18,0.85,1489410,0.9,1569555,10479300
2026-04-13T11:32:06.703,NF,NIFTY13APR2624200CE,0.8,3.7,7.05,0.8,76.7,78705705,1.18,0.8,1873300,0.85,1497275,10479300
2026-04-13T11:32:08.314,NF,NIFTY13APR2624200CE,0.8,3.7,7.05,0.8,76.7,78708435,1.18,0.8,1874405,0.85,1495195,10479300
2026-04-13T11:32:10.106,NF,NIFTY13APR2624200CE,0.8,3.7,7.05,0.8,76.7,78741845,1.18,0.8,1867320,0.85,1509495,10479300
2026-04-13T11:32:11.712,NF,NIFTY13APR2624200CE,0.8,3.7,7.05,0.8,76.7,78742560,1.18,0.8,1867255,0.85,1509040,10479300
2026-04-13T11:32:13.313,NF,NIFTY13APR2624200CE,0.8,3.7,7.05,0.8,76.7,78744900,1.18,0.8,1867255,0.85,1504295,10479300
2026-04-13T11:32:15.121,NF,NIFTY13APR2624200CE,0.85,3.7,7.05,0.8,76.7,78749515,1.18,0.8,1867385,0.85,1501045,10479300
2026-04-13T11:32:16.719,NF,NIFTY13APR2624200CE,0.85,3.7,7.05,0.8,76.7,78753350,1.18,0.8,1866995,0.85,1497600,10479300
2026-04-13T11:32:18.323,NF,NIFTY13APR2624200CE,0.8,3.7,7.05,0.8,76.7,78755885,1.18,0.8,1867840,0.85,1494480,10479300
2026-04-13T11:32:19.928,NF,NIFTY13APR2624200CE,0.85,3.7,7.05,0.8,76.7,78758030,1.18,0.8,1867710,0.85,1493050,10479300
2026-04-13T11:32:21.734,NF,NIFTY13APR2624200CE,0.8,3.7,7.05,0.8,76.7,78758290,1.18,0.8,1867580,0.85,1492920,10479300
2026-04-13T11:32:23.331,NF,NIFTY13APR2624200CE,0.85,3.7,7.05,0.8,76.7,78759655,1.18,0.8,1867970,0.85,1490710,10479300
2026-04-13T11:32:24.935,NF,NIFTY13APR2624200CE,0.8,3.7,7.05,0.8,76.7,78770315,1.18,0.8,1866735,0.85,1552460,10479300
2026-04-13T11:32:26.538,NF,NIFTY13APR2624200CE,0.8,3.7,7.05,0.8,76.7,78770705,1.18,0.8,1866540,0.85,1562990,10479300
2026-04-13T11:32:28.138,NF,NIFTY13APR2624200CE,0.8,3.7,7.05,0.8,76.7,78771810,1.18,0.8,1864590,0.85,1564810,10479300
2026-04-13T11:32:29.947,NF,NIFTY13APR2624200CE,0.85,3.7,7.05,0.8,76.7,78773110,1.18,0.8,1865825,0.85,1560260,10479300
2026-04-13T11:32:31.573,NF,NIFTY13APR2624200CE,0.8,3.7,7.05,0.8,76.7,78780975,1.18,0.8,1861665,0.85,1555320,10479300
2026-04-13T11:32:33.145,NF,NIFTY13APR2624200CE,0.85,3.7,7.05,0.8,76.7,78784810,1.18,0.8,1861535,0.85,1550575,10479300
2026-04-13T11:32:34.956,NF,NIFTY13APR2624200CE,0.8,3.7,7.05,0.8,76.7,78789945,1.18,0.8,1860560,0.85,1547650,10479300
2026-04-13T11:32:36.554,NF,NIFTY13APR2624200CE,0.85,3.7,7.05,0.8,76.7,78791505,1.18,0.8,1861470,0.85,1545895,10479300
2026-04-13T11:32:38.952,NF,NIFTY13APR2624200CE,0.85,3.7,7.05,0.8,76.7,78800085,1.18,0.8,1858285,0.85,1542385,10479300
2026-04-13T11:32:40.558,NF,NIFTY13APR2624200CE,0.85,3.7,7.05,0.8,76.7,78801450,1.18,0.8,1858285,0.85,1541735,10479300
2026-04-13T11:32:42.160,NF,NIFTY13APR2624200CE,0.8,3.7,7.05,0.8,76.7,78803400,1.18,0.8,1858155,0.85,1538615,10479300
2026-04-13T11:32:43.963,NF,NIFTY13APR2624200CE,0.8,3.7,7.05,0.8,76.7,78808080,1.18,0.8,1854255,0.85,1538680,10479300
2026-04-13T11:32:45.564,NF,NIFTY13APR2624200CE,0.8,3.7,7.05,0.8,76.7,78815295,1.18,0.8,1846910,0.85,1533870,10479300
2026-04-13T11:32:47.168,NF,NIFTY13APR2624200CE,0.8,3.7,7.05,0.8,76.7,78819065,1.18,0.8,1843205,0.85,1534715,10479300
2026-04-13T11:32:48.979,NF,NIFTY13APR2624200CE,0.8,3.7,7.05,0.8,76.7,78821600,1.18,0.8,1844050,0.85,1534195,10479300
2026-04-13T11:32:50.574,NF,NIFTY13APR2624200CE,0.8,3.7,7.05,0.8,76.7,78831805,1.18,0.8,1845220,0.85,1522820,10479300
2026-04-13T11:32:52.179,NF,NIFTY13APR2624200CE,0.8,3.7,7.05,0.8,76.7,78860340,1.18,0.8,1841710,0.85,1516125,10479300
2026-04-13T11:32:53.988,NF,NIFTY13APR2624200CE,0.8,3.7,7.05,0.8,76.7,78865020,1.18,0.8,1840605,0.85,1514500,10479300
2026-04-13T11:32:55.582,NF,NIFTY13APR2624200CE,0.85,3.7,7.05,0.8,76.7,78865540,1.18,0.8,1840605,0.85,1514175,10479300
2026-04-13T11:32:57.193,NF,NIFTY13APR2624200CE,0.8,3.7,7.05,0.8,76.7,78868400,1.18,0.8,1839955,0.85,1512745,10479300
2026-04-13T11:32:58.989,NF,NIFTY13APR2624200CE,0.8,3.7,7.05,0.8,76.7,78869765,1.18,0.8,1838590,0.85,1512485,10479300
2026-04-13T11:33:00.591,NF,NIFTY13APR2624200CE,0.85,3.7,7.05,0.8,76.7,78870740,1.18,0.8,1837420,0.85,1505725,10479300
2026-04-13T11:33:02.207,NF,NIFTY13APR2624200CE,0.85,3.7,7.05,0.8,76.7,78871780,1.18,0.8,1837680,0.85,1510925,10479300
2026-04-13T11:33:03.994,NF,NIFTY13APR2624200CE,0.85,3.7,7.05,0.8,76.7,78872430,1.18,0.8,1837615,0.85,1510470,10479300
2026-04-13T11:33:05.596,NF,NIFTY13APR2624200CE,0.85,3.7,7.05,0.8,76.7,78879645,1.18,0.8,1836640,0.85,1502540,10479300
2026-04-13T11:33:07.233,NF,NIFTY13APR2624200CE,0.85,3.7,7.05,0.8,76.7,78881985,1.18,0.8,1834755,0.85,1501565,10479300
2026-04-13T11:33:09.002,NF,NIFTY13APR2624200CE,0.8,3.7,7.05,0.8,76.7,78887315,1.18,0.8,1830465,0.85,1499940,10479300
2026-04-13T11:33:10.615,NF,NIFTY13APR2624200CE,0.85,3.7,7.05,0.8,76.7,78892970,1.18,0.8,1828450,0.85,1492985,10479300
2026-04-13T11:33:12.213,NF,NIFTY13APR2624200CE,0.8,3.7,7.05,0.8,76.7,78896675,1.18,0.8,1819545,0.85,1493180,10479300
2026-04-13T11:33:14.021,NF,NIFTY13APR2624200CE,0.8,3.7,7.05,0.8,76.7,78899275,1.18,0.8,1818700,0.85,1493830,10479300
2026-04-13T11:33:15.612,NF,NIFTY13APR2624200CE,0.85,3.7,7.05,0.8,76.7,78899925,1.18,0.8,1819415,0.85,1491360,10479300
2026-04-13T11:33:17.216,NF,NIFTY13APR2624200CE,0.85,3.7,7.05,0.8,76.7,78910195,1.18,0.8,1814605,0.85,1488370,10479300
2026-04-13T11:33:19.020,NF,NIFTY13APR2624200CE,0.8,3.7,7.05,0.8,76.7,78922285,1.18,0.8,1802515,0.85,1488435,10479300
2026-04-13T11:33:20.624,NF,NIFTY13APR2624200CE,0.85,3.7,7.05,0.8,76.7,78925015,1.18,0.8,1800370,0.85,1488500,10479300
2026-04-13T11:33:22.226,NF,NIFTY13APR2624200CE,0.8,3.7,7.05,0.8,76.7,78930345,1.18,0.8,1809015,0.85,1485315,10479300
2026-04-13T11:33:24.030,NF,NIFTY13APR2624200CE,0.85,3.7,7.05,0.8,76.7,78936650,1.18,0.8,1807975,0.85,1482390,10479300
2026-04-13T11:33:25.634,NF,NIFTY13APR2624200CE,0.8,3.7,7.05,0.8,76.7,78937365,1.18,0.8,1807715,0.85,1481155,10479300
2026-04-13T11:33:27.235,NF,NIFTY13APR2624200CE,0.8,3.7,7.05,0.8,76.7,78939055,1.18,0.8,1805115,0.85,1481155,10479300
2026-04-13T11:33:29.036,NF,NIFTY13APR2624200CE,0.85,3.7,7.05,0.8,76.7,78942955,1.18,0.8,1801280,0.85,1479465,10479300
2026-04-13T11:33:30.637,NF,NIFTY13APR2624200CE,0.8,3.7,7.05,0.8,76.7,78943735,1.18,0.8,1800500,0.85,1480180,10479300
2026-04-13T11:33:32.241,NF,NIFTY13APR2624200CE,0.8,3.7,7.05,0.8,76.7,78947310,1.18,0.8,1794390,0.85,1478555,10479300
2026-04-13T11:33:34.042,NF,NIFTY13APR2624200CE,0.85,3.7,7.05,0.8,76.7,78955240,1.18,0.8,1796275,0.85,1476345,10479300
2026-04-13T11:33:35.647,NF,NIFTY13APR2624200CE,0.8,3.7,7.05,0.8,76.7,78958360,1.18,0.8,1795625,0.85,1474525,10479300
2026-04-13T11:33:37.260,NF,NIFTY13APR2624200CE,0.8,3.7,7.05,0.8,76.7,78962325,1.18,0.8,1798875,0.85,1472965,10479300
2026-04-13T11:33:38.251,NF,NIFTY13APR2624200CE,0.85,3.7,7.05,0.8,76.7,78965120,1.18,0.8,1798745,0.85,1470170,10479300
2026-04-13T11:33:39.854,NF,NIFTY13APR2624200CE,0.85,3.7,7.05,0.8,76.7,78975260,1.18,0.8,1803555,0.85,1460225,10479300
2026-04-13T11:33:41.457,NF,NIFTY13APR2624200CE,0.8,3.7,7.05,0.8,76.7,78978380,1.18,0.8,1795365,0.85,1460095,10479300
2026-04-13T11:33:43.260,NF,NIFTY13APR2624200CE,0.85,3.7,7.05,0.8,76.7,78988260,1.18,0.8,1791270,0.85,1453075,10479300
2026-04-13T11:33:44.862,NF,NIFTY13APR2624200CE,0.85,3.7,7.05,0.8,76.7,78990340,1.18,0.8,1792440,0.85,1452750,10479300
2026-04-13T11:33:46.467,NF,NIFTY13APR2624200CE,0.8,3.7,7.05,0.8,76.7,78992225,1.18,0.8,1786070,0.85,1452035,10479300
2026-04-13T11:33:48.269,NF,NIFTY13APR2624200CE,0.8,3.7,7.05,0.8,76.7,78995475,1.18,0.8,1770795,0.85,1458145,10479300
2026-04-13T11:33:49.870,NF,NIFTY13APR2624200CE,0.8,3.7,7.05,0.8,76.7,78997555,1.18,0.8,1770925,0.85,1453790,10479300
2026-04-13T11:33:51.480,NF,NIFTY13APR2624200CE,0.85,3.7,7.05,0.8,76.7,79000285,1.18,0.8,1772225,0.85,1452750,10479300
2026-04-13T11:33:53.275,NF,NIFTY13APR2624200CE,0.85,3.7,7.05,0.8,76.7,79003080,1.18,0.8,1777035,0.85,1450930,10479300
2026-04-13T11:33:54.884,NF,NIFTY13APR2624200CE,0.8,3.7,7.05,0.8,76.7,79007630,1.18,0.8,1757340,0.85,1450605,10479300
2026-04-13T11:33:56.481,NF,NIFTY13APR2624200CE,0.8,3.7,7.05,0.8,76.7,79008280,1.18,0.8,1756105,0.85,1455545,10479300
2026-04-13T11:33:58.282,NF,NIFTY13APR2624200CE,0.8,3.7,7.05,0.8,76.7,79009970,1.18,0.8,1731015,0.85,1463020,10479300
2026-04-13T11:33:59.888,NF,NIFTY13APR2624200CE,0.85,3.7,7.05,0.8,76.7,79014000,1.18,0.8,1726075,0.85,1450020,10479300
2026-04-13T11:34:01.489,NF,NIFTY13APR2624200CE,0.8,3.7,7.05,0.8,76.7,79016080,1.18,0.8,1733160,0.85,1460810,10479300
2026-04-13T11:34:03.313,NF,NIFTY13APR2624200CE,0.85,3.7,7.05,0.8,76.7,79018485,1.18,0.8,1735305,0.85,1461330,10479300
2026-04-13T11:34:04.894,NF,NIFTY13APR2624200CE,0.85,3.7,7.05,0.8,76.7,79028690,1.18,0.8,1744275,0.85,1450735,10479300
2026-04-13T11:34:06.502,NF,NIFTY13APR2624200CE,0.8,3.7,7.05,0.8,76.7,79037660,1.18,0.8,1746940,0.85,1456325,10479300
2026-04-13T11:34:08.305,NF,NIFTY13APR2624200CE,0.85,3.7,7.05,0.8,76.7,79041430,1.18,0.8,1759615,0.85,1452750,10479300
2026-04-13T11:34:09.901,NF,NIFTY13APR2624200CE,0.85,3.7,7.05,0.8,76.7,79042275,1.18,0.8,1766050,0.85,1450605,10479300
2026-04-13T11:34:11.506,NF,NIFTY13APR2624200CE,0.85,3.7,7.05,0.8,76.7,79044940,1.18,0.8,1765530,0.85,1447485,10479300
2026-04-13T11:34:13.308,NF,NIFTY13APR2624200CE,0.8,3.7,7.05,0.8,76.7,79045265,1.18,0.8,1758575,0.85,1447810,10479300
2026-04-13T11:34:14.909,NF,NIFTY13APR2624200CE,0.85,3.7,7.05,0.8,76.7,79055275,1.18,0.8,1766895,0.85,1437735,10479300
2026-04-13T11:34:16.512,NF,NIFTY13APR2624200CE,0.85,3.7,7.05,0.8,76.7,79058135,1.18,0.8,1767870,0.85,1434745,10479300
2026-04-13T11:34:18.313,NF,NIFTY13APR2624200CE,0.8,3.7,7.05,0.8,76.7,79059045,1.18,0.8,1758445,0.85,1435135,10479300
2026-04-13T11:34:21.519,NF,NIFTY13APR2624200CE,0.8,3.7,7.05,0.8,76.7,79060605,1.18,0.8,1756820,0.85,1449435,10479300
2026-04-13T11:34:23.324,NF,NIFTY13APR2624200CE,0.85,3.7,7.05,0.8,76.7,79068535,1.18,0.8,1742845,0.85,1453140,10479300
2026-04-13T11:34:24.924,NF,NIFTY13APR2624200CE,0.8,3.7,7.05,0.8,76.7,79071915,1.18,0.8,1734525,0.85,1455285,10479300
2026-04-13T11:34:26.529,NF,NIFTY13APR2624200CE,0.8,3.7,7.05,0.8,76.7,79076530,1.18,0.8,1739270,0.85,1458015,10479300
2026-04-13T11:34:29.942,NF,NIFTY13APR2624200CE,0.85,3.7,7.05,0.8,76.7,79115660,1.18,0.8,1753440,0.85,1472965,10479300
2026-04-13T11:34:31.535,NF,NIFTY13APR2624200CE,0.8,3.7,7.05,0.8,76.7,79117870,1.18,0.8,1761175,0.85,1488955,10479300
2026-04-13T11:34:33.337,NF,NIFTY13APR2624200CE,0.8,3.7,7.05,0.8,76.7,79121575,1.18,0.8,1744405,0.85,1491035,10479300
2026-04-13T11:34:34.943,NF,NIFTY13APR2624200CE,0.75,3.7,7.05,0.75,76.7,79281085,1.17,0.75,2081495,0.8,1442220,10479300
2026-04-13T11:34:36.541,NF,NIFTY13APR2624200CE,0.8,3.7,7.05,0.75,76.7,79343550,1.17,0.75,2030795,0.8,1511055,10479300
2026-04-13T11:34:38.759,NF,NIFTY13APR2624200CE,0.75,3.7,7.05,0.75,76.7,79347515,1.17,0.75,2034500,0.8,1600820,10479300
2026-04-13T11:34:40.545,NF,NIFTY13APR2624200CE,0.8,3.7,7.05,0.75,76.7,79350050,1.17,0.75,2034955,0.8,1601990,10479300
2026-04-13T11:34:42.149,NF,NIFTY13APR2624200CE,0.75,3.7,7.05,0.75,76.7,79353105,1.17,0.75,2027740,0.8,1662570,10479300
2026-04-13T11:34:43.754,NF,NIFTY13APR2624200CE,0.75,3.7,7.05,0.75,76.7,79362140,1.17,0.75,2018315,0.8,1666990,10479300
2026-04-13T11:34:45.555,NF,NIFTY13APR2624200CE,0.8,3.7,7.05,0.75,76.7,79364805,1.17,0.75,2017925,0.8,1696305,10479300
2026-04-13T11:34:47.158,NF,NIFTY13APR2624200CE,0.85,3.7,7.05,0.75,76.7,79715675,1.17,0.8,508365,0.85,1680705,10696855
2026-04-13T11:34:48.762,NF,NIFTY13APR2624200CE,0.85,3.7,7.05,0.75,76.7,79716455,1.17,0.8,1655290,0.85,1685710,10696855
2026-04-13T11:34:50.573,NF,NIFTY13APR2624200CE,0.85,3.7,7.05,0.75,76.7,79732250,1.17,0.8,1665300,0.85,1692730,10696855
2026-04-13T11:34:52.184,NF,NIFTY13APR2624200CE,0.8,3.7,7.05,0.75,76.7,79733680,1.17,0.8,1672385,0.85,1699035,10696855
2026-04-13T11:34:53.771,NF,NIFTY13APR2624200CE,0.8,3.7,7.05,0.75,76.7,79746810,1.17,0.8,1679730,0.85,1704885,10696855
2026-04-13T11:34:55.630,NF,NIFTY13APR2624200CE,0.85,3.7,7.05,0.75,76.7,79750580,1.17,0.8,1685515,0.85,1693185,10696855
2026-04-13T11:34:58.911,NF,NIFTY13APR2624200CE,0.8,3.7,7.05,0.75,76.7,79751425,1.17,0.8,1683890,0.85,1694615,10696855
2026-04-13T11:35:00.579,NF,NIFTY13APR2624200CE,0.8,3.7,7.05,0.75,76.7,79752335,1.17,0.8,1685190,0.85,1692860,10696855
2026-04-13T11:35:02.180,NF,NIFTY13APR2624200CE,0.8,3.7,7.05,0.75,76.7,79752855,1.17,0.8,1678495,0.85,1691040,10696855
2026-04-13T11:35:03.787,NF,NIFTY13APR2624200CE,0.8,3.7,7.05,0.75,76.7,79769040,1.17,0.8,1685450,0.85,1676870,10696855
2026-04-13T11:35:05.586,NF,NIFTY13APR2624200CE,0.85,3.7,7.05,0.75,76.7,79770925,1.17,0.8,1683760,0.85,1676740,10696855
2026-04-13T11:35:07.189,NF,NIFTY13APR2624200CE,0.8,3.7,7.05,0.75,76.7,79770990,1.17,0.8,1683630,0.85,1674595,10696855
2026-04-13T11:35:08.797,NF,NIFTY13APR2624200CE,0.8,3.7,7.05,0.75,76.7,79771120,1.17,0.8,1672970,0.85,1676545,10696855
2026-04-13T11:35:10.597,NF,NIFTY13APR2624200CE,0.85,3.7,7.05,0.75,76.7,79777555,1.17,0.8,1682135,0.85,1668225,10696855
2026-04-13T11:35:12.234,NF,NIFTY13APR2624200CE,0.8,3.7,7.05,0.75,76.7,79779375,1.17,0.8,1685970,0.85,1664000,10696855
2026-04-13T11:35:13.799,NF,NIFTY13APR2624200CE,0.85,3.7,7.05,0.75,76.7,79779960,1.17,0.8,1803490,0.85,1683630,10696855
2026-04-13T11:35:15.600,NF,NIFTY13APR2624200CE,0.85,3.7,7.05,0.75,76.7,79783210,1.17,0.8,1812850,0.85,1680185,10696855
2026-04-13T11:35:17.203,NF,NIFTY13APR2624200CE,0.8,3.7,7.05,0.75,76.7,79789645,1.17,0.8,1807845,0.85,1707875,10696855
2026-04-13T11:35:18.807,NF,NIFTY13APR2624200CE,0.85,3.7,7.05,0.75,76.7,79792115,1.17,0.8,1796470,0.85,1740375,10696855
2026-04-13T11:35:20.608,NF,NIFTY13APR2624200CE,0.8,3.7,7.05,0.75,76.7,79793415,1.17,0.8,1796275,0.85,1754090,10696855
2026-04-13T11:35:22.213,NF,NIFTY13APR2624200CE,0.8,3.7,7.05,0.75,76.7,79804985,1.17,0.8,1813890,0.85,1726140,10696855
2026-04-13T11:35:23.814,NF,NIFTY13APR2624200CE,0.85,3.7,7.05,0.75,76.7,79806675,1.17,0.8,1807585,0.85,1723280,10696855
2026-04-13T11:35:25.617,NF,NIFTY13APR2624200CE,0.8,3.7,7.05,0.75,76.7,79818765,1.17,0.8,1792440,0.85,1724060,10696855
2026-04-13T11:35:27.224,NF,NIFTY13APR2624200CE,0.85,3.7,7.05,0.75,76.7,79829490,1.17,0.8,1780220,0.85,1723020,10696855
2026-04-13T11:35:28.824,NF,NIFTY13APR2624200CE,0.8,3.7,7.05,0.75,76.7,79856335,1.17,0.8,1764360,0.85,1716390,10696855
2026-04-13T11:35:30.631,NF,NIFTY13APR2624200CE,0.85,3.7,7.05,0.75,76.7,79867385,1.17,0.8,1767480,0.85,1704755,10696855
2026-04-13T11:35:32.233,NF,NIFTY13APR2624200CE,0.85,3.7,7.05,0.75,76.7,79877460,1.17,0.8,1768585,0.85,1691105,10696855
2026-04-13T11:35:33.841,NF,NIFTY13APR2624200CE,0.8,3.7,7.05,0.75,76.7,79877850,1.17,0.8,1768455,0.85,1692925,10696855
2026-04-13T11:35:35.636,NF,NIFTY13APR2624200CE,0.8,3.7,7.05,0.75,76.7,79880580,1.17,0.8,1758315,0.85,1692925,10696855
2026-04-13T11:35:37.237,NF,NIFTY13APR2624200CE,0.8,3.7,7.05,0.75,76.7,79881165,1.17,0.8,1761565,0.85,1694355,10696855
2026-04-13T11:35:38.839,NF,NIFTY13APR2624200CE,0.85,3.7,7.05,0.75,76.7,79904435,1.17,0.8,1729390,0.85,1709565,10696855
2026-04-13T11:35:40.445,NF,NIFTY13APR2624200CE,0.85,3.7,7.05,0.75,76.7,79905410,1.17,0.8,1730495,0.85,1710345,10696855
2026-04-13T11:35:42.246,NF,NIFTY13APR2624200CE,0.8,3.7,7.05,0.75,76.7,79912755,1.17,0.8,1736215,0.85,1695915,10696855
2026-04-13T11:35:43.851,NF,NIFTY13APR2624200CE,0.8,3.7,7.05,0.75,76.7,79956630,1.17,0.8,1712425,0.85,1710800,10696855
2026-04-13T11:35:45.479,NF,NIFTY13APR2624200CE,0.85,3.7,7.05,0.75,76.7,79968395,1.17,0.8,1737840,0.85,1709240,10696855
2026-04-13T11:35:47.255,NF,NIFTY13APR2624200CE,0.85,3.7,7.05,0.75,76.7,79970020,1.17,0.8,1741155,0.85,1707810,10696855
2026-04-13T11:35:48.855,NF,NIFTY13APR2624200CE,0.85,3.7,7.05,0.75,76.7,79971255,1.17,0.8,1738815,0.85,1706705,10696855
2026-04-13T11:35:50.469,NF,NIFTY13APR2624200CE,0.85,3.7,7.05,0.75,76.7,79973465,1.17,0.8,1734590,0.85,1703195,10696855
2026-04-13T11:35:52.260,NF,NIFTY13APR2624200CE,0.85,3.7,7.05,0.75,76.7,79975480,1.17,0.8,1783990,0.85,1703130,10696855
2026-04-13T11:35:53.864,NF,NIFTY13APR2624200CE,0.85,3.7,7.05,0.75,76.7,79977300,1.17,0.8,1791530,0.85,1703065,10696855
2026-04-13T11:35:55.471,NF,NIFTY13APR2624200CE,0.85,3.7,7.05,0.75,76.7,79977755,1.17,0.8,1793415,0.85,1720940,10696855
2026-04-13T11:35:57.267,NF,NIFTY13APR2624200CE,0.85,3.7,7.05,0.75,76.7,79978210,1.17,0.8,1793610,0.85,1720680,10696855
2026-04-13T11:35:58.876,NF,NIFTY13APR2624200CE,0.85,3.7,7.05,0.75,76.7,79983800,1.17,0.8,1792050,0.85,1717950,10696855
2026-04-13T11:36:00.475,NF,NIFTY13APR2624200CE,0.85,3.7,7.05,0.75,76.7,79990820,1.17,0.8,1791725,0.85,1732575,10696855
2026-04-13T11:36:02.275,NF,NIFTY13APR2624200CE,0.8,3.7,7.05,0.75,76.7,80020915,1.17,0.8,1777035,0.85,1774565,10696855
2026-04-13T11:36:03.887,NF,NIFTY13APR2624200CE,0.8,3.7,7.05,0.75,76.7,80060500,1.17,0.8,1779700,0.85,1799395,10696855
2026-04-13T11:36:05.488,NF,NIFTY13APR2624200CE,0.8,3.7,7.05,0.75,76.7,80064985,1.17,0.8,1724125,0.85,1799590,10696855
2026-04-13T11:36:08.892,NF,NIFTY13APR2624200CE,0.8,3.7,7.05,0.75,76.7,80065050,1.17,0.8,1724255,0.85,1801670,10696855
2026-04-13T11:36:10.511,NF,NIFTY13APR2624200CE,0.8,3.7,7.05,0.75,76.7,80065245,1.17,0.8,1722240,0.85,1807260,10696855
2026-04-13T11:36:12.299,NF,NIFTY13APR2624200CE,0.8,3.7,7.05,0.75,76.7,80066155,1.17,0.8,1713855,0.85,1825525,10696855
2026-04-13T11:36:13.899,NF,NIFTY13APR2624200CE,0.85,3.7,7.05,0.75,76.7,80067650,1.17,0.8,1712620,0.85,1829685,10696855
2026-04-13T11:36:15.500,NF,NIFTY13APR2624200CE,0.8,3.7,7.05,0.75,76.7,80068105,1.17,0.8,1711905,0.85,1830855,10696855
2026-04-13T11:36:17.301,NF,NIFTY13APR2624200CE,0.85,3.7,7.05,0.75,76.7,80069535,1.17,0.8,1710995,0.85,1830920,10696855
2026-04-13T11:36:18.903,NF,NIFTY13APR2624200CE,0.8,3.7,7.05,0.75,76.7,80071030,1.17,0.8,1711905,0.85,1825720,10696855
2026-04-13T11:36:20.508,NF,NIFTY13APR2624200CE,0.8,3.7,7.05,0.75,76.7,80071095,1.17,0.8,1712165,0.85,1819220,10696855
2026-04-13T11:36:22.308,NF,NIFTY13APR2624200CE,0.85,3.7,7.05,0.75,76.7,80071680,1.17,0.8,1711970,0.85,1817595,10696855
2026-04-13T11:36:23.919,NF,NIFTY13APR2624200CE,0.85,3.7,7.05,0.75,76.7,80071940,1.17,0.8,1712555,0.85,1817270,10696855
2026-04-13T11:36:25.527,NF,NIFTY13APR2624200CE,0.85,3.7,7.05,0.75,76.7,80075450,1.17,0.8,1719315,0.85,1815645,10696855
2026-04-13T11:36:27.319,NF,NIFTY13APR2624200CE,0.85,3.7,7.05,0.75,76.7,80079220,1.17,0.8,1718405,0.85,1810835,10696855
2026-04-13T11:36:28.923,NF,NIFTY13APR2624200CE,0.85,3.7,7.05,0.75,76.7,80080780,1.17,0.8,1718340,0.85,1814540,10696855
2026-04-13T11:36:30.525,NF,NIFTY13APR2624200CE,0.8,3.7,7.05,0.75,76.7,80084030,1.17,0.8,1717690,0.85,1798615,10696855
2026-04-13T11:36:32.327,NF,NIFTY13APR2624200CE,0.85,3.7,7.05,0.75,76.7,80085525,1.17,0.8,1716975,0.85,1797835,10696855
2026-04-13T11:36:33.932,NF,NIFTY13APR2624200CE,0.85,3.7,7.05,0.75,76.7,80085655,1.17,0.8,1716650,0.85,1799590,10696855
2026-04-13T11:36:35.531,NF,NIFTY13APR2624200CE,0.85,3.7,7.05,0.75,76.7,80086500,1.17,0.8,1716325,0.85,1812850,10696855
2026-04-13T11:36:37.333,NF,NIFTY13APR2624200CE,0.8,3.7,7.05,0.75,76.7,80089360,1.17,0.8,1713075,0.85,1814150,10696855
2026-04-13T11:36:39.538,NF,NIFTY13APR2624200CE,0.8,3.7,7.05,0.75,76.7,80095535,1.17,0.8,1706900,0.85,1818245,10696855
2026-04-13T11:36:41.342,NF,NIFTY13APR2624200CE,0.8,3.7,7.05,0.75,76.7,80096120,1.17,0.8,1708330,0.85,1813045,10696855
2026-04-13T11:36:42.940,NF,NIFTY13APR2624200CE,0.85,3.7,7.05,0.75,76.7,80102425,1.17,0.8,1707420,0.85,1799200,10696855
2026-04-13T11:36:44.544,NF,NIFTY13APR2624200CE,0.8,3.7,7.05,0.75,76.7,80103465,1.17,0.8,1710930,0.85,1793740,10696855
2026-04-13T11:36:46.363,NF,NIFTY13APR2624200CE,0.85,3.7,7.05,0.75,76.7,80105740,1.17,0.8,1710150,0.85,1792440,10696855
2026-04-13T11:36:47.950,NF,NIFTY13APR2624200CE,0.8,3.7,7.05,0.75,76.7,80106065,1.17,0.8,1713725,0.85,1791140,10696855
2026-04-13T11:36:49.556,NF,NIFTY13APR2624200CE,0.8,3.7,7.05,0.75,76.7,80107885,1.17,0.8,1705665,0.85,1795690,10696855
2026-04-13T11:36:51.365,NF,NIFTY13APR2624200CE,0.8,3.7,7.05,0.75,76.7,80110030,1.17,0.8,1705990,0.85,1813955,10696855
2026-04-13T11:36:54.560,NF,NIFTY13APR2624200CE,0.85,3.7,7.05,0.75,76.7,80110745,1.17,0.8,1715935,0.85,1808105,10696855
2026-04-13T11:36:56.375,NF,NIFTY13APR2624200CE,0.8,3.7,7.05,0.75,76.7,80111720,1.17,0.8,1705080,0.85,1808495,10696855
2026-04-13T11:36:57.969,NF,NIFTY13APR2624200CE,0.85,3.7,7.05,0.75,76.7,80112370,1.17,0.8,1716520,0.85,1809600,10696855
2026-04-13T11:37:01.371,NF,NIFTY13APR2624200CE,0.8,3.7,7.05,0.75,76.7,80115425,1.17,0.8,1703520,0.85,1810900,10696855
2026-04-13T11:37:02.999,NF,NIFTY13APR2624200CE,0.8,3.7,7.05,0.75,76.7,80117635,1.17,0.8,1700660,0.85,1811615,10696855
2026-04-13T11:37:04.593,NF,NIFTY13APR2624200CE,0.8,3.7,7.05,0.75,76.7,80119260,1.17,0.8,1699100,0.85,1814215,10696855
2026-04-13T11:37:06.377,NF,NIFTY13APR2624200CE,0.8,3.7,7.05,0.75,76.7,80341430,1.17,0.75,1986790,0.8,1630525,10696855
2026-04-13T11:37:07.990,NF,NIFTY13APR2624200CE,0.8,3.7,7.05,0.75,76.7,80342405,1.17,0.75,1987310,0.8,1920360,10696855
2026-04-13T11:37:09.615,NF,NIFTY13APR2624200CE,0.8,3.7,7.05,0.75,76.7,80642835,1.17,0.75,2167230,0.8,729300,10696855
2026-04-13T11:37:11.393,NF,NIFTY13APR2624200CE,0.75,3.7,7.05,0.75,76.7,80648945,1.17,0.75,2163070,0.8,1447355,10696855
2026-04-13T11:37:13.002,NF,NIFTY13APR2624200CE,0.8,3.7,7.05,0.75,76.7,80651155,1.17,0.75,2161770,0.8,1518855,10696855
2026-04-13T11:37:14.599,NF,NIFTY13APR2624200CE,0.75,3.7,7.05,0.75,76.7,80655575,1.17,0.75,2163720,0.8,1517360,10696855
2026-04-13T11:37:17.997,NF,NIFTY13APR2624200CE,0.75,3.7,7.05,0.75,76.7,80656485,1.17,0.75,2162030,0.8,1519050,10696855
2026-04-13T11:37:19.597,NF,NIFTY13APR2624200CE,0.8,3.7,7.05,0.75,76.7,80672150,1.17,0.75,2173535,0.8,1507350,10696855
2026-04-13T11:37:21.400,NF,NIFTY13APR2624200CE,0.8,3.7,7.05,0.75,76.7,80742805,1.17,0.8,1829620,0.85,1977430,10696855
2026-04-13T11:37:23.015,NF,NIFTY13APR2624200CE,0.8,3.7,7.05,0.75,76.7,80743975,1.17,0.8,1827735,0.85,1975740,10696855
2026-04-13T11:37:24.636,NF,NIFTY13APR2624200CE,0.8,3.7,7.05,0.75,76.7,80744170,1.17,0.8,1835925,0.85,1980420,10696855
2026-04-13T11:37:26.409,NF,NIFTY13APR2624200CE,0.8,3.7,7.05,0.75,76.7,80747875,1.17,0.8,1829035,0.85,1975675,10696855
2026-04-13T11:37:28.011,NF,NIFTY13APR2624200CE,0.8,3.7,7.05,0.75,76.7,80753075,1.17,0.8,1820195,0.85,1975675,10696855
2026-04-13T11:37:29.614,NF,NIFTY13APR2624200CE,0.85,3.7,7.05,0.75,76.7,80758860,1.17,0.8,1823315,0.85,1971060,10696855
2026-04-13T11:37:31.217,NF,NIFTY13APR2624200CE,0.8,3.7,7.05,0.75,76.7,80767765,1.17,0.8,1820520,0.85,1981980,10696855
2026-04-13T11:37:33.018,NF,NIFTY13APR2624200CE,0.8,3.7,7.05,0.75,76.7,80775760,1.17,0.8,1832545,0.85,1973530,10696855
2026-04-13T11:37:34.620,NF,NIFTY13APR2624200CE,0.85,3.7,7.05,0.75,76.7,80785185,1.17,0.8,1844180,0.85,1956630,10696855
2026-04-13T11:37:36.228,NF,NIFTY13APR2624200CE,0.85,3.7,7.05,0.75,76.7,80791295,1.17,0.8,1841775,0.85,1926535,10696855
2026-04-13T11:37:38.830,NF,NIFTY13APR2624200CE,0.8,3.7,7.05,0.75,76.7,80797210,1.17,0.8,1836120,0.85,1923675,10696855
2026-04-13T11:37:40.430,NF,NIFTY13APR2624200CE,0.8,3.7,7.05,0.75,76.7,80800655,1.17,0.8,1835665,0.85,1921790,10696855
2026-04-13T11:37:43.835,NF,NIFTY13APR2624200CE,0.8,3.7,7.05,0.75,76.7,80801955,1.17,0.8,1826825,0.85,1929135,10696855
2026-04-13T11:37:45.530,NF,NIFTY13APR2624200CE,0.85,3.7,7.05,0.75,76.7,80805270,1.17,0.8,1824355,0.85,1927705,10696855
2026-04-13T11:37:47.042,NF,NIFTY13APR2624200CE,0.85,3.7,7.05,0.75,76.7,80810860,1.17,0.8,1827410,0.85,1920555,10767445
2026-04-13T11:37:48.844,NF,NIFTY13APR2624200CE,0.85,3.7,7.05,0.75,76.7,80812615,1.17,0.8,1827475,0.85,1918930,10767445
2026-04-13T11:37:50.445,NF,NIFTY13APR2624200CE,0.8,3.7,7.05,0.75,76.7,80813785,1.17,0.8,1819155,0.85,1924520,10767445
2026-04-13T11:37:52.052,NF,NIFTY13APR2624200CE,0.85,3.7,7.05,0.75,76.7,80815020,1.17,0.8,1825785,0.85,1919840,10767445
2026-04-13T11:37:53.660,NF,NIFTY13APR2624200CE,0.85,3.7,7.05,0.75,76.7,80834520,1.17,0.8,1832935,0.85,1874080,10767445
2026-04-13T11:37:55.451,NF,NIFTY13APR2624200CE,0.85,3.7,7.05,0.75,76.7,80850055,1.17,0.8,1855035,0.85,1820650,10767445
2026-04-13T11:37:57.057,NF,NIFTY13APR2624200CE,0.8,3.7,7.05,0.75,76.7,80855515,1.17,0.8,1837875,0.85,1820715,10767445
2026-04-13T11:37:58.665,NF,NIFTY13APR2624200CE,0.8,3.7,7.05,0.75,76.7,80861690,1.17,0.8,1804400,0.85,1835470,10767445
2026-04-13T11:38:00.460,NF,NIFTY13APR2624200CE,0.8,3.7,7.05,0.75,76.7,80914665,1.17,0.8,1772355,0.85,1886170,10767445
2026-04-13T11:38:02.077,NF,NIFTY13APR2624200CE,0.8,3.7,7.05,0.75,76.7,80915120,1.17,0.8,1769300,0.85,1889030,10767445
2026-04-13T11:38:03.671,NF,NIFTY13APR2624200CE,0.85,3.7,7.05,0.75,76.7,80919605,1.17,0.8,1776385,0.85,1872455,10767445
2026-04-13T11:38:05.468,NF,NIFTY13APR2624200CE,0.8,3.7,7.05,0.75,76.7,80925520,1.17,0.8,1768390,0.85,1874925,10767445
2026-04-13T11:38:07.083,NF,NIFTY13APR2624200CE,0.8,3.7,7.05,0.75,76.7,80926040,1.17,0.8,1775280,0.85,1866995,10767445
2026-04-13T11:38:08.688,NF,NIFTY13APR2624200CE,0.8,3.7,7.05,0.75,76.7,80978300,1.17,0.8,1763710,0.85,1917435,10767445
2026-04-13T11:38:10.477,NF,NIFTY13APR2624200CE,0.85,3.7,7.05,0.75,76.7,80983630,1.17,0.8,1767935,0.85,1912690,10767445
2026-04-13T11:38:12.095,NF,NIFTY13APR2624200CE,0.85,3.7,7.05,0.75,76.7,80986750,1.17,0.8,1758900,0.85,1909700,10767445
2026-04-13T11:38:13.683,NF,NIFTY13APR2624200CE,0.85,3.7,7.05,0.75,76.7,80988245,1.17,0.8,1765595,0.85,1910090,10767445
2026-04-13T11:38:15.485,NF,NIFTY13APR2624200CE,0.85,3.7,7.05,0.75,76.7,80991755,1.17,0.8,1760720,0.85,1902745,10767445
2026-04-13T11:38:17.091,NF,NIFTY13APR2624200CE,0.85,3.7,7.05,0.75,76.7,81016975,1.17,0.8,1772160,0.85,1887405,10767445
2026-04-13T11:38:18.691,NF,NIFTY13APR2624200CE,0.85,3.7,7.05,0.75,76.7,81025750,1.17,0.8,1781650,0.85,1872715,10767445
2026-04-13T11:38:20.491,NF,NIFTY13APR2624200CE,0.85,3.7,7.05,0.75,76.7,81039400,1.17,0.8,1800565,0.85,1295125,10767445
2026-04-13T11:38:22.141,NF,NIFTY13APR2624200CE,0.8,3.7,7.05,0.75,76.7,81044925,1.17,0.8,1812460,0.85,1294085,10767445
2026-04-13T11:38:23.697,NF,NIFTY13APR2624200CE,0.85,3.7,7.05,0.75,76.7,81046615,1.17,0.8,1799590,0.85,1292720,10767445
2026-04-13T11:38:25.498,NF,NIFTY13APR2624200CE,0.8,3.7,7.05,0.75,76.7,81047525,1.17,0.8,1772290,0.85,1576640,10767445
2026-04-13T11:38:27.103,NF,NIFTY13APR2624200CE,0.8,3.7,7.05,0.75,76.7,81048890,1.17,0.8,1773005,0.85,1576445,10767445
2026-04-13T11:38:28.705,NF,NIFTY13APR2624200CE,0.85,3.7,7.05,0.75,76.7,81052335,1.17,0.8,1790425,0.85,1575795,10767445
2026-04-13T11:38:30.511,NF,NIFTY13APR2624200CE,0.85,3.7,7.05,0.75,76.7,81059680,1.17,0.8,1802970,0.85,1593085,10767445
2026-04-13T11:38:32.118,NF,NIFTY13APR2624200CE,0.85,3.7,7.05,0.75,76.7,81060980,1.17,0.8,1824875,0.85,1591915,10767445
2026-04-13T11:38:33.717,NF,NIFTY13APR2624200CE,0.9,3.7,7.05,0.75,76.7,81319615,1.17,0.85,1497210,0.9,1761890,10767445
2026-04-13T11:38:35.519,NF,NIFTY13APR2624200CE,0.85,3.7,7.05,0.75,76.7,81328910,1.17,0.85,1487850,0.9,1761695,10767445
2026-04-13T11:38:37.125,NF,NIFTY13APR2624200CE,0.85,3.7,7.05,0.75,76.7,81337100,1.17,0.85,1450085,0.9,1764035,10767445
2026-04-13T11:38:38.930,NF,NIFTY13APR2624200CE,0.85,3.7,7.05,0.75,76.7,81346135,1.17,0.85,1437670,0.9,1764685,10767445
2026-04-13T11:38:40.722,NF,NIFTY13APR2624200CE,0.85,3.7,7.05,0.75,76.7,81373175,1.17,0.85,1426425,0.9,1764490,10767445
2026-04-13T11:38:42.407,NF,NIFTY13APR2624200CE,0.8,3.7,7.05,0.75,76.7,81409835,1.17,0.8,1977625,0.85,1492400,10767445
2026-04-13T11:38:43.935,NF,NIFTY13APR2624200CE,0.85,3.7,7.05,0.75,76.7,81411330,1.17,0.8,2055625,0.85,1667965,10767445
2026-04-13T11:38:45.744,NF,NIFTY13APR2624200CE,0.85,3.7,7.05,0.75,76.7,81414125,1.17,0.8,2044250,0.85,1691625,10767445
2026-04-13T11:38:47.337,NF,NIFTY13APR2624200CE,0.85,3.7,7.05,0.75,76.7,81414320,1.17,0.8,2045290,0.85,1735045,10767445
2026-04-13T11:38:48.937,NF,NIFTY13APR2624200CE,0.8,3.7,7.05,0.75,76.7,81432325,1.17,0.8,2050165,0.85,1754025,10767445
2026-04-13T11:38:50.746,NF,NIFTY13APR2624200CE,0.8,3.7,7.05,0.75,76.7,81434730,1.17,0.8,2050035,0.85,1740440,10767445
2026-04-13T11:38:52.347,NF,NIFTY13APR2624200CE,0.85,3.7,7.05,0.75,76.7,81434925,1.17,0.8,2225535,0.85,1793935,10767445
2026-04-13T11:38:55.748,NF,NIFTY13APR2624200CE,0.8,3.7,7.05,0.75,76.7,81442205,1.17,0.8,2225080,0.85,1798355,10767445
2026-04-13T11:38:57.364,NF,NIFTY13APR2624200CE,0.85,3.7,7.05,0.75,76.7,81450265,1.17,0.8,2236065,0.85,1786655,10767445
2026-04-13T11:38:58.953,NF,NIFTY13APR2624200CE,0.85,3.7,7.05,0.75,76.7,81452345,1.17,0.8,2230930,0.85,1780805,10767445
2026-04-13T11:39:00.763,NF,NIFTY13APR2624200CE,0.8,3.7,7.05,0.75,76.7,81459885,1.17,0.8,2246140,0.85,1782495,10767445
2026-04-13T11:39:02.375,NF,NIFTY13APR2624200CE,0.85,3.7,7.05,0.75,76.7,81478215,1.17,0.8,2252770,0.85,1760915,10767445
2026-04-13T11:39:03.961,NF,NIFTY13APR2624200CE,0.8,3.7,7.05,0.75,76.7,81483220,1.17,0.8,2249065,0.85,1769560,10767445
2026-04-13T11:39:05.768,NF,NIFTY13APR2624200CE,0.85,3.7,7.05,0.75,76.7,81498105,1.17,0.8,2296775,0.85,1773655,10767445
2026-04-13T11:39:07.366,NF,NIFTY13APR2624200CE,0.8,3.7,7.05,0.75,76.7,81499990,1.17,0.8,2316925,0.85,1760980,10767445
2026-04-13T11:39:08.972,NF,NIFTY13APR2624200CE,0.85,3.7,7.05,0.75,76.7,81508505,1.16,0.8,2319070,0.85,1765855,10767445
2026-04-13T11:39:10.797,NF,NIFTY13APR2624200CE,0.8,3.7,7.05,0.75,76.7,81520725,1.16,0.8,2288325,0.85,1771055,10767445
2026-04-13T11:39:12.379,NF,NIFTY13APR2624200CE,0.85,3.7,7.05,0.75,76.7,81521115,1.16,0.8,2279290,0.85,1773720,10767445
2026-04-13T11:39:13.978,NF,NIFTY13APR2624200CE,0.8,3.7,7.05,0.75,76.7,81522675,1.16,0.8,2288065,0.85,1767935,10767445
2026-04-13T11:39:15.778,NF,NIFTY13APR2624200CE,0.8,3.7,7.05,0.75,76.7,81523650,1.16,0.8,2308280,0.85,1767350,10767445
2026-04-13T11:39:17.383,NF,NIFTY13APR2624200CE,0.8,3.7,7.05,0.75,76.7,81524430,1.16,0.8,2317705,0.85,1768390,10767445
2026-04-13T11:39:18.987,NF,NIFTY13APR2624200CE,0.8,3.7,7.05,0.75,76.7,81526965,1.16,0.8,2311465,0.85,1771250,10767445
2026-04-13T11:39:20.789,NF,NIFTY13APR2624200CE,0.85,3.7,7.05,0.75,76.7,81527875,1.16,0.8,2324010,0.85,1764035,10767445
2026-04-13T11:39:22.399,NF,NIFTY13APR2624200CE,0.8,3.7,7.05,0.75,76.7,81528590,1.16,0.8,2322125,0.85,1770600,10767445
2026-04-13T11:39:23.995,NF,NIFTY13APR2624200CE,0.8,3.7,7.05,0.75,76.7,81531580,1.16,0.8,2320435,0.85,1763385,10767445
2026-04-13T11:39:25.795,NF,NIFTY13APR2624200CE,0.8,3.7,7.05,0.75,76.7,81535090,1.16,0.8,2331030,0.85,1762995,10767445
2026-04-13T11:39:27.401,NF,NIFTY13APR2624200CE,0.8,3.7,7.05,0.75,76.7,81540875,1.16,0.8,2330250,0.85,1760265,10767445
2026-04-13T11:39:29.005,NF,NIFTY13APR2624200CE,0.8,3.7,7.05,0.75,76.7,81542890,1.16,0.8,2319525,0.85,1759940,10767445
2026-04-13T11:39:30.804,NF,NIFTY13APR2624200CE,0.8,3.7,7.05,0.75,76.7,81548090,1.16,0.8,2309320,0.85,1755260,10767445
2026-04-13T11:39:32.408,NF,NIFTY13APR2624200CE,0.8,3.7,7.05,0.75,76.7,81549195,1.16,0.8,2319395,0.85,1755000,10767445
2026-04-13T11:39:34.012,NF,NIFTY13APR2624200CE,0.85,3.7,7.05,0.75,76.7,81553095,1.16,0.8,2321735,0.85,1751750,10767445
2026-04-13T11:39:35.819,NF,NIFTY13APR2624200CE,0.8,3.7,7.05,0.75,76.7,81553355,1.16,0.8,2306460,0.85,1759485,10767445
2026-04-13T11:39:37.416,NF,NIFTY13APR2624200CE,0.8,3.7,7.05,0.75,76.7,81560895,1.16,0.8,2271815,0.85,1771380,10767445
2026-04-13T11:39:39.019,NF,NIFTY13APR2624200CE,0.8,3.7,7.05,0.75,76.7,81596710,1.16,0.8,2270385,0.85,1611610,10767445
2026-04-13T11:39:40.830,NF,NIFTY13APR2624200CE,0.85,3.7,7.05,0.75,76.7,81624335,1.16,0.8,2272920,0.85,1622790,10767445
2026-04-13T11:39:42.425,NF,NIFTY13APR2624200CE,0.8,3.7,7.05,0.75,76.7,81629795,1.16,0.8,2266225,0.85,1643655,10767445
2026-04-13T11:39:44.032,NF,NIFTY13APR2624200CE,0.8,3.7,7.05,0.75,76.7,81631875,1.16,0.8,2272335,0.85,1641900,10767445
2026-04-13T11:39:45.840,NF,NIFTY13APR2624200CE,0.8,3.7,7.05,0.75,76.7,81633175,1.16,0.8,2267005,0.85,1641575,10767445
2026-04-13T11:39:47.443,NF,NIFTY13APR2624200CE,0.8,3.7,7.05,0.75,76.7,81634215,1.16,0.8,2265185,0.85,1639820,10767445
2026-04-13T11:39:49.044,NF,NIFTY13APR2624200CE,0.8,3.7,7.05,0.75,76.7,81634865,1.16,0.8,2264665,0.85,1650155,10767445
2026-04-13T11:39:50.840,NF,NIFTY13APR2624200CE,0.8,3.7,7.05,0.75,76.7,81673865,1.16,0.8,2037035,0.85,1653340,10767445
2026-04-13T11:39:52.441,NF,NIFTY13APR2624200CE,0.8,3.7,7.05,0.75,76.7,81674060,1.16,0.8,2022670,0.85,1652950,10767445
2026-04-13T11:39:54.045,NF,NIFTY13APR2624200CE,0.8,3.7,7.05,0.75,76.7,81675425,1.16,0.8,2031640,0.85,1653405,10767445
2026-04-13T11:39:55.845,NF,NIFTY13APR2624200CE,0.8,3.7,7.05,0.75,76.7,81675685,1.16,0.8,2033590,0.85,1656590,10767445
2026-04-13T11:39:57.449,NF,NIFTY13APR2624200CE,0.8,3.7,7.05,0.75,76.7,81677505,1.16,0.8,1911390,0.85,1659905,10767445
2026-04-13T11:39:59.061,NF,NIFTY13APR2624200CE,0.85,3.7,7.05,0.75,76.7,81678090,1.16,0.8,1906190,0.85,1658020,10767445
2026-04-13T11:40:00.862,NF,NIFTY13APR2624200CE,0.8,3.7,7.05,0.75,76.7,81680105,1.16,0.8,1905995,0.85,1659450,10767445
2026-04-13T11:40:02.460,NF,NIFTY13APR2624200CE,0.8,3.7,7.05,0.75,76.7,81683095,1.16,0.8,1905020,0.85,1662115,10767445
2026-04-13T11:40:04.068,NF,NIFTY13APR2624200CE,0.8,3.7,7.05,0.75,76.7,81683940,1.16,0.8,1900145,0.85,1664000,10767445
2026-04-13T11:40:05.884,NF,NIFTY13APR2624200CE,0.8,3.7,7.05,0.75,76.7,81684850,1.16,0.8,1899170,0.85,1667705,10767445
2026-04-13T11:40:07.478,NF,NIFTY13APR2624200CE,0.8,3.7,7.05,0.75,76.7,81690115,1.16,0.8,1897350,0.85,1669135,10767445
2026-04-13T11:40:09.074,NF,NIFTY13APR2624200CE,0.85,3.7,7.05,0.75,76.7,81695640,1.16,0.8,1896895,0.85,1663870,10767445
2026-04-13T11:40:10.871,NF,NIFTY13APR2624200CE,0.85,3.7,7.05,0.75,76.7,81702400,1.16,0.8,1896895,0.85,1665365,10767445
2026-04-13T11:40:12.492,NF,NIFTY13APR2624200CE,0.85,3.7,7.05,0.75,76.7,81705845,1.16,0.8,1896440,0.85,1661270,10767445
2026-04-13T11:40:14.086,NF,NIFTY13APR2624200CE,0.8,3.7,7.05,0.75,76.7,81706885,1.16,0.8,1896310,0.85,1663545,10767445
2026-04-13T11:40:15.879,NF,NIFTY13APR2624200CE,0.85,3.7,7.05,0.75,76.7,81708705,1.16,0.8,1895920,0.85,1665040,10767445
2026-04-13T11:40:17.484,NF,NIFTY13APR2624200CE,0.85,3.7,7.05,0.75,76.7,81713450,1.16,0.8,1895270,0.85,1653535,10767445
2026-04-13T11:40:19.105,NF,NIFTY13APR2624200CE,0.8,3.7,7.05,0.75,76.7,81714360,1.16,0.8,1893710,0.85,1644110,10767445
2026-04-13T11:40:20.892,NF,NIFTY13APR2624200CE,0.85,3.7,7.05,0.75,76.7,81720665,1.16,0.8,1893125,0.85,1637610,10767445
2026-04-13T11:40:22.494,NF,NIFTY13APR2624200CE,0.8,3.7,7.05,0.75,76.7,81729505,1.16,0.8,1893320,0.85,1627080,10767445
2026-04-13T11:40:24.103,NF,NIFTY13APR2624200CE,0.8,3.7,7.05,0.75,76.7,81729570,1.16,0.8,1894620,0.85,1644565,10767445
2026-04-13T11:40:25.897,NF,NIFTY13APR2624200CE,0.8,3.7,7.05,0.75,76.7,81760185,1.16,0.8,1914185,0.85,1639495,10767445
2026-04-13T11:40:27.503,NF,NIFTY13APR2624200CE,0.8,3.7,7.05,0.75,76.7,81761355,1.16,0.8,1916200,0.85,1636050,10767445
2026-04-13T11:40:29.108,NF,NIFTY13APR2624200CE,0.8,3.7,7.05,0.75,76.7,81762460,1.16,0.8,1914185,0.85,1635530,10767445
2026-04-13T11:40:30.907,NF,NIFTY13APR2624200CE,0.85,3.7,7.05,0.75,76.7,81763500,1.16,0.8,1916655,0.85,1633840,10767445
2026-04-13T11:40:32.512,NF,NIFTY13APR2624200CE,0.8,3.7,7.05,0.75,76.7,81763565,1.16,0.8,1912820,0.85,1633970,10767445
2026-04-13T11:40:34.118,NF,NIFTY13APR2624200CE,0.8,3.7,7.05,0.75,76.7,81798665,1.16,0.8,1874145,0.85,1654445,10767445
2026-04-13T11:40:35.919,NF,NIFTY13APR2624200CE,0.85,3.7,7.05,0.75,76.7,81833570,1.16,0.8,1876095,0.85,1648725,10767445
2026-04-13T11:40:37.530,NF,NIFTY13APR2624200CE,0.85,3.7,7.05,0.75,76.7,81833895,1.16,0.8,1874470,0.85,1648595,10767445
2026-04-13T11:40:39.127,NF,NIFTY13APR2624200CE,0.8,3.7,7.05,0.75,76.7,81834285,1.16,0.8,1939665,0.85,1678430,10767445
2026-04-13T11:40:40.731,NF,NIFTY13APR2624200CE,0.85,3.7,7.05,0.75,76.7,81835130,1.16,0.8,1971840,0.85,1674530,10767445
2026-04-13T11:40:42.527,NF,NIFTY13APR2624200CE,0.8,3.7,7.05,0.75,76.7,81843515,1.16,0.8,1961895,0.85,1666665,10767445
2026-04-13T11:40:44.139,NF,NIFTY13APR2624200CE,0.8,3.7,7.05,0.75,76.7,81844295,1.16,0.8,1963585,0.85,1670695,10767445
2026-04-13T11:40:45.754,NF,NIFTY13APR2624200CE,0.85,3.7,7.05,0.75,76.7,81845010,1.16,0.8,1967030,0.85,1667315,10767445
2026-04-13T11:40:47.628,NF,NIFTY13APR2624200CE,0.85,3.7,7.05,0.75,76.7,81845270,1.16,0.8,1952990,0.85,1674465,10767445
2026-04-13T11:40:49.137,NF,NIFTY13APR2624200CE,0.8,3.7,7.05,0.75,76.7,81845660,1.16,0.8,1898195,0.85,1681355,10761530
2026-04-13T11:40:50.742,NF,NIFTY13APR2624200CE,0.85,3.7,7.05,0.75,76.7,81847090,1.16,0.8,1896115,0.85,1692730,10761530
2026-04-13T11:40:52.565,NF,NIFTY13APR2624200CE,0.85,3.7,7.05,0.75,76.7,81854500,1.16,0.8,1882075,0.85,1706250,10761530
2026-04-13T11:40:54.145,NF,NIFTY13APR2624200CE,0.8,3.7,7.05,0.75,76.7,81920670,1.16,0.8,1820845,0.85,1768975,10761530
2026-04-13T11:40:55.760,NF,NIFTY13APR2624200CE,0.8,3.7,7.05,0.75,76.7,81922230,1.16,0.8,1821105,0.85,1796145,10761530
2026-04-13T11:40:57.549,NF,NIFTY13APR2624200CE,0.8,3.7,7.05,0.75,76.7,81922750,1.16,0.8,1823445,0.85,1794390,10761530
2026-04-13T11:40:59.152,NF,NIFTY13APR2624200CE,0.8,3.7,7.05,0.75,76.7,81922880,1.16,0.8,1822990,0.85,1793025,10761530
2026-04-13T11:41:00.764,NF,NIFTY13APR2624200CE,0.75,3.7,7.05,0.75,76.7,82046120,1.16,0.75,2182050,0.8,1463865,10761530
2026-04-13T11:41:02.566,NF,NIFTY13APR2624200CE,0.8,3.7,7.05,0.75,76.7,82050930,1.16,0.75,2179450,0.8,1693250,10761530
2026-04-13T11:41:04.164,NF,NIFTY13APR2624200CE,0.8,3.7,7.05,0.75,76.7,82052490,1.16,0.75,2179060,0.8,1701375,10761530
2026-04-13T11:41:05.762,NF,NIFTY13APR2624200CE,0.8,3.7,7.05,0.75,76.7,82056780,1.16,0.75,2178540,0.8,1686880,10761530
2026-04-13T11:41:07.562,NF,NIFTY13APR2624200CE,0.75,3.7,7.05,0.75,76.7,82058470,1.16,0.75,2177565,0.8,1752270,10761530
2026-04-13T11:41:09.169,NF,NIFTY13APR2624200CE,0.75,3.7,7.05,0.75,76.7,82058535,1.16,0.75,2178930,0.8,1841905,10761530
2026-04-13T11:41:10.767,NF,NIFTY13APR2624200CE,0.8,3.7,7.05,0.75,76.7,82059380,1.16,0.75,2178540,0.8,1839240,10761530
2026-04-13T11:41:12.575,NF,NIFTY13APR2624200CE,0.75,3.7,7.05,0.75,76.7,82059705,1.16,0.75,2177955,0.8,1839240,10761530
2026-04-13T11:41:14.172,NF,NIFTY13APR2624200CE,0.75,3.7,7.05,0.75,76.7,82059835,1.16,0.75,2179580,0.8,1841320,10761530
2026-04-13T11:41:15.779,NF,NIFTY13APR2624200CE,0.75,3.7,7.05,0.75,76.7,82061980,1.16,0.75,2176785,0.8,1842035,10761530
2026-04-13T11:41:17.578,NF,NIFTY13APR2624200CE,0.75,3.7,7.05,0.75,76.7,82062760,1.16,0.75,2176460,0.8,1843660,10761530
2026-04-13T11:41:19.182,NF,NIFTY13APR2624200CE,0.75,3.7,7.05,0.75,76.7,82062890,1.16,0.75,2176720,0.8,1841840,10761530
2026-04-13T11:41:20.791,NF,NIFTY13APR2624200CE,0.75,3.7,7.05,0.75,76.7,82062955,1.16,0.75,2176655,0.8,1841840,10761530
2026-04-13T11:41:22.596,NF,NIFTY13APR2624200CE,0.8,3.7,7.05,0.75,76.7,82067440,1.16,0.75,2174575,0.8,1839240,10761530
2026-04-13T11:41:24.188,NF,NIFTY13APR2624200CE,0.75,3.7,7.05,0.75,76.7,82069455,1.16,0.75,2171975,0.8,1840865,10761530
2026-04-13T11:41:25.797,NF,NIFTY13APR2624200CE,0.8,3.7,7.05,0.75,76.7,82070885,1.16,0.75,2172885,0.8,1839695,10761530
2026-04-13T11:41:27.593,NF,NIFTY13APR2624200CE,0.75,3.7,7.05,0.75,76.7,82071990,1.16,0.75,2172430,0.8,1844180,10761530
2026-04-13T11:41:29.194,NF,NIFTY13APR2624200CE,0.8,3.7,7.05,0.75,76.7,82074005,1.16,0.75,2169830,0.8,1838785,10761530
2026-04-13T11:41:30.797,NF,NIFTY13APR2624200CE,0.8,3.7,7.05,0.75,76.7,82077840,1.16,0.75,2168790,0.8,1835145,10761530
2026-04-13T11:41:32.617,NF,NIFTY13APR2624200CE,0.75,3.7,7.05,0.75,76.7,82078555,1.16,0.75,2167230,0.8,1843140,10761530
2026-04-13T11:41:34.203,NF,NIFTY13APR2624200CE,0.75,3.7,7.05,0.75,76.7,82078750,1.16,0.75,2168790,0.8,1841190,10761530
2026-04-13T11:41:35.810,NF,NIFTY13APR2624200CE,0.75,3.7,7.05,0.75,76.7,82078815,1.16,0.75,2168530,0.8,1853085,10761530
2026-04-13T11:41:37.605,NF,NIFTY13APR2624200CE,0.75,3.7,7.05,0.75,76.7,82080245,1.16,0.75,2166905,0.8,1851070,10761530
2026-04-13T11:41:39.418,NF,NIFTY13APR2624200CE,0.8,3.7,7.05,0.75,76.7,82087655,1.16,0.75,2152930,0.8,1856400,10761530
2026-04-13T11:41:41.010,NF,NIFTY13APR2624200CE,0.8,3.7,7.05,0.75,76.7,82088695,1.16,0.75,2153580,0.8,1854840,10761530
2026-04-13T11:41:42.620,NF,NIFTY13APR2624200CE,0.75,3.7,7.05,0.75,76.7,82089605,1.16,0.75,2158715,0.8,1852630,10761530
2026-04-13T11:41:44.415,NF,NIFTY13APR2624200CE,0.75,3.7,7.05,0.75,76.7,82091880,1.16,0.75,2153840,0.8,1852695,10761530
2026-04-13T11:41:46.028,NF,NIFTY13APR2624200CE,0.8,3.7,7.05,0.75,76.7,82092010,1.16,0.75,2154750,0.8,1851200,10761530
2026-04-13T11:41:47.626,NF,NIFTY13APR2624200CE,0.75,3.7,7.05,0.75,76.7,82092400,1.16,0.75,2153060,0.8,1851135,10761530
2026-04-13T11:41:49.423,NF,NIFTY13APR2624200CE,0.75,3.7,7.05,0.75,76.7,82095390,1.16,0.75,2156115,0.8,1848080,10761530
2026-04-13T11:41:51.029,NF,NIFTY13APR2624200CE,0.75,3.7,7.05,0.75,76.7,82095585,1.16,0.75,2157935,0.8,1851655,10761530
2026-04-13T11:41:52.635,NF,NIFTY13APR2624200CE,0.75,3.7,7.05,0.75,76.7,82097405,1.16,0.75,2153255,0.8,1856465,10761530
2026-04-13T11:41:54.441,NF,NIFTY13APR2624200CE,0.8,3.7,7.05,0.75,76.7,82099095,1.16,0.75,2152800,0.8,1846455,10761530
2026-04-13T11:41:56.048,NF,NIFTY13APR2624200CE,0.8,3.7,7.05,0.75,76.7,82100720,1.16,0.75,2159365,0.8,1843400,10761530
2026-04-13T11:41:57.649,NF,NIFTY13APR2624200CE,0.75,3.7,7.05,0.75,76.7,82106570,1.16,0.75,2146105,0.8,1854060,10761530
2026-04-13T11:41:59.451,NF,NIFTY13APR2624200CE,0.8,3.7,7.05,0.75,76.7,82106960,1.16,0.75,2145975,0.8,1852045,10761530
2026-04-13T11:42:01.043,NF,NIFTY13APR2624200CE,0.8,3.7,7.05,0.75,76.7,82107415,1.16,0.75,2152865,0.8,1839695,10761530
2026-04-13T11:42:02.658,NF,NIFTY13APR2624200CE,0.75,3.7,7.05,0.75,76.7,82107675,1.16,0.75,2149550,0.8,1841255,10761530
2026-04-13T11:42:04.250,NF,NIFTY13APR2624200CE,0.75,3.7,7.05,0.75,76.7,82108390,1.16,0.75,2131480,0.8,1856790,10761530
2026-04-13T11:42:06.050,NF,NIFTY13APR2624200CE,0.8,3.7,7.05,0.75,76.7,82109625,1.16,0.75,2144740,0.8,1845870,10761530
2026-04-13T11:42:09.253,NF,NIFTY13APR2624200CE,0.75,3.7,7.05,0.75,76.7,82110145,1.16,0.75,2131155,0.8,1861730,10761530
2026-04-13T11:42:10.858,NF,NIFTY13APR2624200CE,0.75,3.7,7.05,0.75,76.7,82111055,1.16,0.75,2129855,0.8,1861015,10761530
2026-04-13T11:42:12.662,NF,NIFTY13APR2624200CE,0.8,3.7,7.05,0.75,76.7,82130750,1.16,0.75,2132650,0.8,1840345,10761530
2026-04-13T11:42:14.271,NF,NIFTY13APR2624200CE,0.75,3.7,7.05,0.75,76.7,82132570,1.16,0.75,2131025,0.8,1836965,10761530
2026-04-13T11:42:15.883,NF,NIFTY13APR2624200CE,0.75,3.7,7.05,0.75,76.7,82133675,1.16,0.75,2126735,0.8,1844960,10761530
2026-04-13T11:42:17.667,NF,NIFTY13APR2624200CE,0.75,3.7,7.05,0.75,76.7,82134845,1.16,0.75,2124525,0.8,1844115,10761530
2026-04-13T11:42:19.272,NF,NIFTY13APR2624200CE,0.75,3.7,7.05,0.75,76.7,82140630,1.16,0.75,2121990,0.8,1832220,10761530
2026-04-13T11:42:20.875,NF,NIFTY13APR2624200CE,0.75,3.7,7.05,0.75,76.7,82141280,1.16,0.75,2121275,0.8,1840800,10761530
2026-04-13T11:42:22.676,NF,NIFTY13APR2624200CE,0.8,3.7,7.05,0.75,76.7,82144075,1.16,0.75,2120625,0.8,1834495,10761530
2026-04-13T11:42:24.283,NF,NIFTY13APR2624200CE,0.75,3.7,7.05,0.75,76.7,82145830,1.16,0.75,2118740,0.8,1831895,10761530
2026-04-13T11:42:25.881,NF,NIFTY13APR2624200CE,0.75,3.7,7.05,0.75,76.7,82154085,1.16,0.75,2091830,0.8,1840410,10761530
2026-04-13T11:42:27.683,NF,NIFTY13APR2624200CE,0.75,3.7,7.05,0.75,76.7,82156880,1.16,0.75,2093975,0.8,1845025,10761530
2026-04-13T11:42:29.285,NF,NIFTY13APR2624200CE,0.75,3.7,7.05,0.75,76.7,82163380,1.16,0.75,2089295,0.8,1844700,10761530
2026-04-13T11:42:30.894,NF,NIFTY13APR2624200CE,0.75,3.7,7.05,0.75,76.7,82168060,1.16,0.75,2088515,0.8,1841190,10761530
2026-04-13T11:42:32.691,NF,NIFTY13APR2624200CE,0.8,3.7,7.05,0.75,76.7,82173000,1.16,0.75,2092155,0.8,1835990,10761530
2026-04-13T11:42:34.292,NF,NIFTY13APR2624200CE,0.75,3.7,7.05,0.75,76.7,82174495,1.16,0.75,2089555,0.8,1833650,10761530
2026-04-13T11:42:35.894,NF,NIFTY13APR2624200CE,0.75,3.7,7.05,0.75,76.7,82175665,1.16,0.75,2090595,0.8,1836380,10761530
2026-04-13T11:42:37.694,NF,NIFTY13APR2624200CE,0.75,3.7,7.05,0.75,76.7,82177095,1.16,0.75,2087865,0.8,1836575,10761530
2026-04-13T11:42:39.299,NF,NIFTY13APR2624200CE,0.75,3.7,7.05,0.75,76.7,82183205,1.16,0.75,2074865,0.8,1838525,10761530
2026-04-13T11:42:40.903,NF,NIFTY13APR2624200CE,0.75,3.7,7.05,0.75,76.7,82190290,1.16,0.75,2070250,0.8,1838070,10761530
2026-04-13T11:42:42.701,NF,NIFTY13APR2624200CE,0.8,3.7,7.05,0.75,76.7,82194190,1.16,0.75,2070705,0.8,1823770,10761530
2026-04-13T11:42:44.306,NF,NIFTY13APR2624200CE,0.75,3.7,7.05,0.75,76.7,82195230,1.16,0.75,2068690,0.8,1834950,10761530
2026-04-13T11:42:45.906,NF,NIFTY13APR2624200CE,0.8,3.7,7.05,0.75,76.7,82196270,1.16,0.75,2046525,0.8,1864980,10761530
2026-04-13T11:42:47.708,NF,NIFTY13APR2624200CE,0.75,3.7,7.05,0.75,76.7,82197310,1.16,0.75,2045810,0.8,1865500,10761530
2026-04-13T11:42:49.313,NF,NIFTY13APR2624200CE,0.75,3.7,7.05,0.75,76.7,82198740,1.16,0.75,2047240,0.8,1863615,10761530
2026-04-13T11:42:50.915,NF,NIFTY13APR2624200CE,0.75,3.7,7.05,0.75,76.7,82200040,1.16,0.75,2043340,0.8,1858090,10761530
2026-04-13T11:42:52.717,NF,NIFTY13APR2624200CE,0.75,3.7,7.05,0.75,76.7,82257045,1.16,0.75,1601925,0.8,1871285,10761530
2026-04-13T11:42:54.317,NF,NIFTY13APR2624200CE,0.75,3.7,7.05,0.75,76.7,82258215,1.16,0.75,1599195,0.8,1862575,10761530
2026-04-13T11:42:55.921,NF,NIFTY13APR2624200CE,0.75,3.7,7.05,0.75,76.7,82267120,1.16,0.75,1612650,0.8,1879215,10761530
2026-04-13T11:42:57.729,NF,NIFTY13APR2624200CE,0.75,3.7,7.05,0.75,76.7,82267835,1.16,0.75,1635075,0.8,1882335,10761530
2026-04-13T11:42:59.324,NF,NIFTY13APR2624200CE,0.75,3.7,7.05,0.75,76.7,82275050,1.16,0.75,1689220,0.8,1902485,10761530
2026-04-13T11:43:00.932,NF,NIFTY13APR2624200CE,0.8,3.7,7.05,0.75,76.7,82276155,1.16,0.75,1708655,0.8,1905605,10761530
2026-04-13T11:43:02.530,NF,NIFTY13APR2624200CE,0.8,3.7,7.05,0.75,76.7,82277325,1.16,0.75,1715805,0.8,1896375,10761530
2026-04-13T11:43:04.339,NF,NIFTY13APR2624200CE,0.75,3.7,7.05,0.75,76.7,82277910,1.16,0.75,1704365,0.8,1901120,10761530
2026-04-13T11:43:05.935,NF,NIFTY13APR2624200CE,0.8,3.7,7.05,0.75,76.7,82278235,1.16,0.75,1711450,0.8,1897155,10761530
2026-04-13T11:43:07.536,NF,NIFTY13APR2624200CE,0.75,3.7,7.05,0.75,76.7,82279990,1.16,0.75,1702935,0.8,1896700,10761530
2026-04-13T11:43:10.951,NF,NIFTY13APR2624200CE,0.75,3.7,7.05,0.75,76.7,82280055,1.16,0.75,1704495,0.8,1898975,10761530
2026-04-13T11:43:12.550,NF,NIFTY13APR2624200CE,0.75,3.7,7.05,0.75,76.7,82281745,1.16,0.75,1708785,0.8,1895920,10761530
2026-04-13T11:43:14.151,NF,NIFTY13APR2624200CE,0.75,3.7,7.05,0.75,76.7,82282005,1.16,0.75,1708135,0.8,1895660,10761530
2026-04-13T11:43:15.946,NF,NIFTY13APR2624200CE,0.75,3.7,7.05,0.75,76.7,82282070,1.16,0.75,1701960,0.8,1899170,10761530
2026-04-13T11:43:17.561,NF,NIFTY13APR2624200CE,0.8,3.7,7.05,0.75,76.7,82282395,1.16,0.75,1710735,0.8,1916525,10761530
2026-04-13T11:43:19.166,NF,NIFTY13APR2624200CE,0.8,3.7,7.05,0.75,76.7,82283760,1.16,0.75,1712165,0.8,1915225,10761530
2026-04-13T11:43:20.953,NF,NIFTY13APR2624200CE,0.8,3.7,7.05,0.75,76.7,82292340,1.16,0.75,1707225,0.8,1915940,10761530
2026-04-13T11:43:22.573,NF,NIFTY13APR2624200CE,0.8,3.7,7.05,0.75,76.7,82292535,1.16,0.75,1709370,0.8,1915420,10761530
2026-04-13T11:43:24.177,NF,NIFTY13APR2624200CE,0.8,3.7,7.05,0.75,76.7,82293120,1.16,0.75,1704950,0.8,1917370,10761530
2026-04-13T11:43:25.773,NF,NIFTY13APR2624200CE,0.8,3.7,7.05,0.75,76.7,82293250,1.16,0.75,1705535,0.8,1930435,10761530
2026-04-13T11:43:27.566,NF,NIFTY13APR2624200CE,0.75,3.7,7.05,0.75,76.7,82295005,1.16,0.75,1701440,0.8,1937325,10761530
2026-04-13T11:43:29.178,NF,NIFTY13APR2624200CE,0.8,3.7,7.05,0.75,76.7,82295135,1.16,0.75,1703910,0.8,1942655,10761530
2026-04-13T11:43:32.570,NF,NIFTY13APR2624200CE,0.8,3.7,7.05,0.75,76.7,82296695,1.16,0.75,1704300,0.8,1936740,10761530
2026-04-13T11:43:35.795,NF,NIFTY13APR2624200CE,0.75,3.7,7.05,0.75,76.7,82297345,1.16,0.75,1706055,0.8,1945775,10761530
2026-04-13T11:43:37.578,NF,NIFTY13APR2624200CE,0.8,3.7,7.05,0.75,76.7,82297995,1.16,0.75,1710865,0.8,1919775,10761530
2026-04-13T11:43:38.980,NF,NIFTY13APR2624200CE,0.8,3.7,7.05,0.75,76.7,82298710,1.16,0.75,1726205,0.8,1914120,10761530
2026-04-13T11:43:40.586,NF,NIFTY13APR2624200CE,0.75,3.7,7.05,0.75,76.7,82298905,1.16,0.75,1719835,0.8,1913795,10761530
2026-04-13T11:43:42.199,NF,NIFTY13APR2624200CE,0.75,3.7,7.05,0.75,76.7,82300595,1.16,0.75,1720355,0.8,1915550,10761530
2026-04-13T11:43:43.990,NF,NIFTY13APR2624200CE,0.75,3.7,7.05,0.75,76.7,82302090,1.16,0.75,1715025,0.8,1920555,10761530
2026-04-13T11:43:45.591,NF,NIFTY13APR2624200CE,0.8,3.7,7.05,0.75,76.7,82302155,1.16,0.75,1716390,0.8,1913730,10761530
2026-04-13T11:43:47.204,NF,NIFTY13APR2624200CE,0.75,3.7,7.05,0.75,76.7,82302220,1.16,0.75,1720160,0.8,1916330,10761530
2026-04-13T11:43:49.000,NF,NIFTY13APR2624200CE,0.75,3.7,7.05,0.75,76.7,82303390,1.16,0.75,1724580,0.8,1915680,10785515
2026-04-13T11:43:50.626,NF,NIFTY13APR2624200CE,0.75,3.7,7.05,0.75,76.7,82306965,1.16,0.75,1717495,0.8,1917565,10785515
2026-04-13T11:43:52.246,NF,NIFTY13APR2624200CE,0.8,3.7,7.05,0.75,76.7,82307550,1.16,0.75,1727700,0.8,1916395,10785515
2026-04-13T11:43:54.003,NF,NIFTY13APR2624200CE,0.8,3.7,7.05,0.75,76.7,82326855,1.16,0.75,1662895,0.8,1913795,10785515
2026-04-13T11:43:55.621,NF,NIFTY13APR2624200CE,0.8,3.7,7.05,0.75,76.7,82329195,1.16,0.75,1684020,0.8,1912560,10785515
2026-04-13T11:43:57.234,NF,NIFTY13APR2624200CE,0.8,3.7,7.05,0.75,76.7,82329390,1.16,0.75,1704950,0.8,1911845,10785515
2026-04-13T11:43:59.010,NF,NIFTY13APR2624200CE,0.8,3.7,7.05,0.75,76.7,82329650,1.16,0.75,1709890,0.8,1911325,10785515
2026-04-13T11:44:00.620,NF,NIFTY13APR2624200CE,0.8,3.7,7.05,0.75,76.7,82336475,1.16,0.75,1715545,0.8,1935895,10785515
2026-04-13T11:44:02.230,NF,NIFTY13APR2624200CE,0.8,3.7,7.05,0.75,76.7,82338230,1.16,0.75,1701505,0.8,1949740,10785515
2026-04-13T11:44:04.028,NF,NIFTY13APR2624200CE,0.8,3.7,7.05,0.75,76.7,82339465,1.16,0.75,1707095,0.8,1945515,10785515
2026-04-13T11:44:05.622,NF,NIFTY13APR2624200CE,0.8,3.7,7.05,0.75,76.7,82354805,1.16,0.75,1708395,0.8,1934075,10785515
2026-04-13T11:44:07.226,NF,NIFTY13APR2624200CE,0.8,3.7,7.05,0.75,76.7,82362995,1.16,0.75,1705470,0.8,1929265,10785515
2026-04-13T11:44:09.036,NF,NIFTY13APR2624200CE,0.75,3.7,7.05,0.75,76.7,82399265,1.16,0.75,1685060,0.8,1965990,10785515
2026-04-13T11:44:10.671,NF,NIFTY13APR2624200CE,0.75,3.7,7.05,0.75,76.7,82399330,1.16,0.75,1688700,0.8,1970605,10785515
2026-04-13T11:44:12.236,NF,NIFTY13APR2624200CE,0.75,3.7,7.05,0.75,76.7,82404400,1.16,0.75,1711710,0.8,1977690,10785515
2026-04-13T11:44:14.035,NF,NIFTY13APR2624200CE,0.8,3.7,7.05,0.75,76.7,82405505,1.16,0.75,1723995,0.8,1966640,10785515
2026-04-13T11:44:15.642,NF,NIFTY13APR2624200CE,0.75,3.7,7.05,0.75,76.7,82408235,1.16,0.75,1725035,0.8,1967030,10785515
2026-04-13T11:44:17.242,NF,NIFTY13APR2624200CE,0.75,3.7,7.05,0.75,76.7,82411420,1.16,0.75,1716975,0.8,1969955,10785515
2026-04-13T11:44:18.846,NF,NIFTY13APR2624200CE,0.75,3.7,7.05,0.75,76.7,82417465,1.16,0.75,1711320,0.8,1990690,10785515
2026-04-13T11:44:20.644,NF,NIFTY13APR2624200CE,0.75,3.7,7.05,0.75,76.7,82423315,1.16,0.75,1704365,0.8,1989910,10785515
2026-04-13T11:44:22.254,NF,NIFTY13APR2624200CE,0.75,3.7,7.05,0.75,76.7,82435925,1.16,0.75,1706120,0.8,2022800,10785515
2026-04-13T11:44:23.858,NF,NIFTY13APR2624200CE,0.75,3.7,7.05,0.75,76.7,82437225,1.16,0.75,1712555,0.8,2014155,10785515
2026-04-13T11:44:25.453,NF,NIFTY13APR2624200CE,0.8,3.7,7.05,0.75,76.7,82440085,1.16,0.75,1714375,0.8,2009930,10785515
2026-04-13T11:44:27.055,NF,NIFTY13APR2624200CE,0.8,3.7,7.05,0.75,76.7,82442035,1.16,0.75,1715090,0.8,2009215,10785515
2026-04-13T11:44:28.857,NF,NIFTY13APR2624200CE,0.8,3.7,7.05,0.75,76.7,82443595,1.16,0.75,1712165,0.8,2007655,10785515
2026-04-13T11:44:30.460,NF,NIFTY13APR2624200CE,0.8,3.7,7.05,0.75,76.7,82444765,1.16,0.75,1712230,0.8,2006225,10785515
2026-04-13T11:44:32.084,NF,NIFTY13APR2624200CE,0.75,3.7,7.05,0.75,76.7,82447820,1.16,0.75,1705145,0.8,2007005,10785515
2026-04-13T11:44:33.665,NF,NIFTY13APR2624200CE,0.8,3.7,7.05,0.75,76.7,82453150,1.16,0.75,1718145,0.8,2008955,10785515
2026-04-13T11:44:35.474,NF,NIFTY13APR2624200CE,0.8,3.7,7.05,0.75,76.7,82454190,1.16,0.75,1724710,0.8,2007590,10785515
2026-04-13T11:44:37.076,NF,NIFTY13APR2624200CE,0.8,3.7,7.05,0.75,76.7,82454515,1.16,0.75,1726985,0.8,2002910,10785515
2026-04-13T11:44:38.879,NF,NIFTY13APR2624200CE,0.8,3.7,7.05,0.75,76.7,82456400,1.16,0.75,1721200,0.8,2002455,10785515
2026-04-13T11:44:40.480,NF,NIFTY13APR2624200CE,0.8,3.7,7.05,0.75,76.7,82460170,1.16,0.75,1726725,0.8,1997515,10785515
2026-04-13T11:44:42.296,NF,NIFTY13APR2624200CE,0.8,3.7,7.05,0.75,76.7,82467970,1.16,0.75,1734135,0.8,1989260,10785515
2026-04-13T11:44:43.886,NF,NIFTY13APR2624200CE,0.8,3.7,7.05,0.75,76.7,82476160,1.16,0.75,1749865,0.8,1974635,10785515
2026-04-13T11:44:45.484,NF,NIFTY13APR2624200CE,0.8,3.7,7.05,0.75,76.7,82484285,1.16,0.75,1749735,0.8,1964820,10785515
2026-04-13T11:44:47.101,NF,NIFTY13APR2624200CE,0.8,3.7,7.05,0.75,76.7,82486430,1.16,0.75,1744470,0.8,1968200,10785515
2026-04-13T11:44:48.887,NF,NIFTY13APR2624200CE,0.8,3.7,7.05,0.75,76.7,82487535,1.16,0.75,1744405,0.8,1966900,10785515
2026-04-13T11:44:50.490,NF,NIFTY13APR2624200CE,0.8,3.7,7.05,0.75,76.7,82488575,1.16,0.75,1744925,0.8,1984190,10785515
2026-04-13T11:44:52.098,NF,NIFTY13APR2624200CE,0.8,3.7,7.05,0.75,76.7,82490070,1.16,0.75,1726075,0.8,1988025,10785515
2026-04-13T11:44:53.894,NF,NIFTY13APR2624200CE,0.75,3.7,7.05,0.75,76.7,82490395,1.16,0.75,1727245,0.8,1994590,10785515
2026-04-13T11:44:55.496,NF,NIFTY13APR2624200CE,0.8,3.7,7.05,0.75,76.7,82507165,1.16,0.75,1720095,0.8,2009865,10785515
2026-04-13T11:44:57.100,NF,NIFTY13APR2624200CE,0.8,3.7,7.05,0.75,76.7,82508530,1.16,0.75,1728675,0.8,2010710,10785515
2026-04-13T11:44:58.903,NF,NIFTY13APR2624200CE,0.8,3.7,7.05,0.75,76.7,82508660,1.16,0.75,1727895,0.8,2010840,10785515
2026-04-13T11:45:00.598,NF,NIFTY13APR2624200CE,0.8,3.7,7.05,0.75,76.7,82510870,1.16,0.75,1729390,0.8,2007265,10785515
2026-04-13T11:45:02.108,NF,NIFTY13APR2624200CE,0.8,3.7,7.05,0.75,76.7,82511065,1.16,0.75,1705470,0.8,2014220,10785515
2026-04-13T11:45:03.914,NF,NIFTY13APR2624200CE,0.8,3.7,7.05,0.75,76.7,82512820,1.16,0.75,1708655,0.8,2019160,10785515
2026-04-13T11:45:05.509,NF,NIFTY13APR2624200CE,0.8,3.7,7.05,0.75,76.7,82514380,1.16,0.75,1707550,0.8,2022670,10785515
2026-04-13T11:45:07.120,NF,NIFTY13APR2624200CE,0.75,3.7,7.05,0.75,76.7,82515420,1.16,0.75,1703715,0.8,2015780,10785515
2026-04-13T11:45:08.918,NF,NIFTY13APR2624200CE,0.8,3.7,7.05,0.75,76.7,82516980,1.16,0.75,1708070,0.8,2017730,10785515
2026-04-13T11:45:10.516,NF,NIFTY13APR2624200CE,0.8,3.7,7.05,0.75,76.7,82518800,1.16,0.75,1708200,0.8,2012660,10785515
2026-04-13T11:45:12.121,NF,NIFTY13APR2624200CE,0.8,3.7,7.05,0.75,76.7,82518930,1.16,0.75,1707680,0.8,2010710,10785515
2026-04-13T11:45:13.730,NF,NIFTY13APR2624200CE,0.75,3.7,7.05,0.75,76.7,82521205,1.16,0.75,1714115,0.8,2016170,10785515
2026-04-13T11:45:15.324,NF,NIFTY13APR2624200CE,0.8,3.7,7.05,0.75,76.7,82521270,1.16,0.75,1712490,0.8,2015910,10785515
2026-04-13T11:45:17.147,NF,NIFTY13APR2624200CE,0.75,3.7,7.05,0.75,76.7,82521400,1.16,0.75,1710865,0.8,2007980,10785515
2026-04-13T11:45:18.734,NF,NIFTY13APR2624200CE,0.8,3.7,7.05,0.75,76.7,82521465,1.16,0.75,1733290,0.8,2002845,10785515
2026-04-13T11:45:20.331,NF,NIFTY13APR2624200CE,0.75,3.7,7.05,0.75,76.7,82527965,1.16,0.75,1710995,0.8,2003105,10785515
2026-04-13T11:45:21.932,NF,NIFTY13APR2624200CE,0.8,3.7,7.05,0.75,76.7,82528225,1.16,0.75,1720355,0.8,2002910,10785515
2026-04-13T11:45:23.548,NF,NIFTY13APR2624200CE,0.75,3.7,7.05,0.75,76.7,82528485,1.16,0.75,1718145,0.8,2004015,10785515
2026-04-13T11:45:25.142,NF,NIFTY13APR2624200CE,0.75,3.7,7.05,0.75,76.7,82529655,1.16,0.75,1716130,0.8,2000375,10785515
2026-04-13T11:45:26.938,NF,NIFTY13APR2624200CE,0.8,3.7,7.05,0.75,76.7,82530110,1.16,0.75,1713920,0.8,2002585,10785515
2026-04-13T11:45:28.541,NF,NIFTY13APR2624200CE,0.8,3.7,7.05,0.75,76.7,82534075,1.16,0.75,1709370,0.8,2003170,10785515
2026-04-13T11:45:30.144,NF,NIFTY13APR2624200CE,0.75,3.7,7.05,0.75,76.7,82534335,1.16,0.75,1712880,0.8,2002975,10785515
2026-04-13T11:45:31.746,NF,NIFTY13APR2624200CE,0.8,3.7,7.05,0.75,76.7,82536090,1.16,0.75,1709890,0.8,2002065,10785515
2026-04-13T11:45:33.351,NF,NIFTY13APR2624200CE,0.75,3.7,7.05,0.75,76.7,82536155,1.16,0.75,1713465,0.8,2002130,10785515
2026-04-13T11:45:35.150,NF,NIFTY13APR2624200CE,0.8,3.7,7.05,0.75,76.7,82536350,1.16,0.75,1704105,0.8,2001870,10785515
2026-04-13T11:45:36.752,NF,NIFTY13APR2624200CE,0.75,3.7,7.05,0.75,76.7,82536415,1.16,0.75,1711255,0.8,2001090,10785515
2026-04-13T11:45:38.754,NF,NIFTY13APR2624200CE,0.75,3.7,7.05,0.75,76.7,82537390,1.16,0.75,1712750,0.8,2000960,10785515
2026-04-13T11:45:40.359,NF,NIFTY13APR2624200CE,0.8,3.7,7.05,0.75,76.7,82540250,1.16,0.75,1708590,0.8,2000830,10785515
2026-04-13T11:45:41.978,NF,NIFTY13APR2624200CE,0.8,3.7,7.05,0.75,76.7,82542200,1.16,0.75,1711710,0.8,1998490,10785515
2026-04-13T11:45:43.768,NF,NIFTY13APR2624200CE,0.8,3.7,7.05,0.75,76.7,82544150,1.16,0.75,1712360,0.8,1996670,10785515
2026-04-13T11:45:45.369,NF,NIFTY13APR2624200CE,0.8,3.7,7.05,0.75,76.7,82545450,1.16,0.75,1713530,0.8,1995370,10785515
2026-04-13T11:45:46.969,NF,NIFTY13APR2624200CE,0.8,3.7,7.05,0.75,76.7,82550390,1.16,0.75,1779310,0.8,1993875,10785515
2026-04-13T11:45:48.580,NF,NIFTY13APR2624200CE,0.8,3.7,7.05,0.75,76.7,82553250,1.16,0.75,1779440,0.8,1991015,10785515
2026-04-13T11:45:50.379,NF,NIFTY13APR2624200CE,0.8,3.7,7.05,0.75,76.7,82558385,1.16,0.75,1789775,0.8,1983995,10785515
2026-04-13T11:45:53.580,NF,NIFTY13APR2624200CE,0.75,3.7,7.05,0.75,76.7,82559360,1.16,0.75,1805960,0.8,1982630,10785515
2026-04-13T11:45:55.183,NF,NIFTY13APR2624200CE,0.8,3.7,7.05,0.75,76.7,82562610,1.16,0.75,1803360,0.8,1983280,10785515
2026-04-13T11:45:56.985,NF,NIFTY13APR2624200CE,0.75,3.7,7.05,0.75,76.7,82562870,1.16,0.75,1804075,0.8,1981395,10785515
2026-04-13T11:45:58.596,NF,NIFTY13APR2624200CE,0.8,3.7,7.05,0.75,76.7,82566185,1.16,0.75,1817985,0.8,1979705,10785515
2026-04-13T11:46:00.190,NF,NIFTY13APR2624200CE,0.75,3.7,7.05,0.75,76.7,82568070,1.16,0.75,1807130,0.8,1976715,10785515
2026-04-13T11:46:01.805,NF,NIFTY13APR2624200CE,0.8,3.7,7.05,0.75,76.7,82573465,1.16,0.75,1816880,0.8,1972685,10785515
2026-04-13T11:46:03.398,NF,NIFTY13APR2624200CE,0.8,3.7,7.05,0.75,76.7,82577950,1.16,0.75,1801995,0.8,1975025,10785515
2026-04-13T11:46:05.198,NF,NIFTY13APR2624200CE,0.8,3.7,7.05,0.75,76.7,82582760,1.16,0.75,1800890,0.8,1973335,10785515
2026-04-13T11:46:06.803,NF,NIFTY13APR2624200CE,0.75,3.7,7.05,0.75,76.7,82585295,1.16,0.75,1803815,0.8,1983540,10785515
2026-04-13T11:46:08.405,NF,NIFTY13APR2624200CE,0.75,3.7,7.05,0.75,76.7,82588740,1.16,0.75,1799525,0.8,1983280,10785515
2026-04-13T11:46:10.016,NF,NIFTY13APR2624200CE,0.75,3.7,7.05,0.75,76.7,82595890,1.16,0.75,1817010,0.8,1983280,10785515
2026-04-13T11:46:11.612,NF,NIFTY13APR2624200CE,0.8,3.7,7.05,0.75,76.7,82596475,1.16,0.75,1795300,0.8,1986595,10785515
2026-04-13T11:46:13.228,NF,NIFTY13APR2624200CE,0.75,3.7,7.05,0.75,76.7,82597125,1.16,0.75,1805180,0.8,1987830,10785515
2026-04-13T11:46:14.828,NF,NIFTY13APR2624200CE,0.8,3.7,7.05,0.75,76.7,82597190,1.16,0.75,1801930,0.8,1987830,10785515
2026-04-13T11:46:16.617,NF,NIFTY13APR2624200CE,0.8,3.7,7.05,0.75,76.7,82617080,1.16,0.75,1822340,0.8,1961180,10785515
2026-04-13T11:46:18.231,NF,NIFTY13APR2624200CE,0.75,3.7,7.05,0.75,76.7,82642885,1.16,0.75,1851655,0.8,1954420,10785515
2026-04-13T11:46:19.851,NF,NIFTY13APR2624200CE,0.75,3.7,7.05,0.75,76.7,82662775,1.16,0.75,1852370,0.8,1938040,10785515
2026-04-13T11:46:21.444,NF,NIFTY13APR2624200CE,0.75,3.7,7.05,0.75,76.7,82665115,1.16,0.75,1879605,0.8,1937585,10785515
2026-04-13T11:46:23.239,NF,NIFTY13APR2624200CE,0.75,3.7,7.05,0.75,76.7,82668300,1.16,0.75,1875120,0.8,1959100,10785515
2026-04-13T11:46:24.831,NF,NIFTY13APR2624200CE,0.75,3.7,7.05,0.75,76.7,82668495,1.16,0.75,1919060,0.8,1959165,10785515
2026-04-13T11:46:26.451,NF,NIFTY13APR2624200CE,0.8,3.7,7.05,0.75,76.7,82671225,1.16,0.75,1908660,0.8,1960920,10785515
2026-04-13T11:46:28.236,NF,NIFTY13APR2624200CE,0.8,3.7,7.05,0.75,76.7,82671875,1.16,0.75,1904890,0.8,1964495,10785515
2026-04-13T11:46:29.839,NF,NIFTY13APR2624200CE,0.75,3.7,7.05,0.75,76.7,82673955,1.16,0.75,1891890,0.8,1962675,10785515
2026-04-13T11:46:31.453,NF,NIFTY13APR2624200CE,0.75,3.7,7.05,0.75,76.7,82674800,1.16,0.75,1890265,0.8,1962805,10785515
2026-04-13T11:46:33.054,NF,NIFTY13APR2624200CE,0.75,3.7,7.05,0.75,76.7,82677335,1.16,0.75,1890200,0.8,1962480,10785515
2026-04-13T11:46:34.846,NF,NIFTY13APR2624200CE,0.8,3.7,7.05,0.75,76.7,82679415,1.16,0.75,1881750,0.8,1964105,10785515
2026-04-13T11:46:36.450,NF,NIFTY13APR2624200CE,0.8,3.7,7.05,0.75,76.7,82679545,1.16,0.75,1883765,0.8,1965535,10785515
2026-04-13T11:46:38.051,NF,NIFTY13APR2624200CE,0.75,3.7,7.05,0.75,76.7,82686435,1.16,0.75,1887405,0.8,1968915,10785515
2026-04-13T11:46:39.459,NF,NIFTY13APR2624200CE,0.75,3.7,7.05,0.75,76.7,82694430,1.16,0.75,1896765,0.8,1960660,10785515
2026-04-13T11:46:41.268,NF,NIFTY13APR2624200CE,0.75,3.7,7.05,0.75,76.7,82703595,1.16,0.75,1881165,0.8,1981395,10785515
2026-04-13T11:46:42.869,NF,NIFTY13APR2624200CE,0.75,3.7,7.05,0.75,76.7,82708340,1.16,0.75,1903135,0.8,1973530,10785515
2026-04-13T11:46:44.463,NF,NIFTY13APR2624200CE,0.75,3.7,7.05,0.75,76.7,82710615,1.16,0.75,1891825,0.8,1971255,10785515
2026-04-13T11:46:46.270,NF,NIFTY13APR2624200CE,0.8,3.7,7.05,0.75,76.7,82713280,1.16,0.75,1902095,0.8,1969045,10785515
2026-04-13T11:46:47.868,NF,NIFTY13APR2624200CE,0.8,3.7,7.05,0.75,76.7,82713345,1.16,0.75,1902160,0.8,1968980,10785515
2026-04-13T11:46:49.481,NF,NIFTY13APR2624200CE,0.8,3.7,7.05,0.75,76.7,82719000,1.16,0.75,1892605,0.8,1968265,10785515
2026-04-13T11:46:51.087,NF,NIFTY13APR2624200CE,0.8,3.7,7.05,0.75,76.7,82722510,1.16,0.75,1897415,0.8,1965080,10859745
2026-04-13T11:46:54.475,NF,NIFTY13APR2624200CE,0.8,3.7,7.05,0.75,76.7,82723745,1.16,0.75,1894685,0.8,1963520,10859745
2026-04-13T11:46:56.084,NF,NIFTY13APR2624200CE,0.8,3.7,7.05,0.75,76.7,82723940,1.16,0.75,1896505,0.8,1963715,10859745
2026-04-13T11:47:00.935,NF,NIFTY13APR2624200CE,0.8,3.7,7.05,0.75,76.7,82724265,1.16,0.75,2042690,0.8,1963650,10859745
2026-04-13T11:47:02.688,NF,NIFTY13APR2624200CE,0.8,3.7,7.05,0.75,76.7,82724590,1.16,0.75,2041910,0.8,1982760,10859745
2026-04-13T11:47:04.299,NF,NIFTY13APR2624200CE,0.75,3.7,7.05,0.75,76.7,82725110,1.16,0.75,2065310,0.8,1982630,10859745
2026-04-13T11:47:05.895,NF,NIFTY13APR2624200CE,0.75,3.7,7.05,0.75,76.7,82725565,1.16,0.75,2052505,0.8,1982370,10859745
2026-04-13T11:47:07.496,NF,NIFTY13APR2624200CE,0.75,3.7,7.05,0.75,76.7,82729660,1.16,0.75,2053870,0.8,1983605,10859745
2026-04-13T11:47:09.295,NF,NIFTY13APR2624200CE,0.75,3.7,7.05,0.75,76.7,82729790,1.16,0.75,2060890,0.8,1984125,10859745
2026-04-13T11:47:10.910,NF,NIFTY13APR2624200CE,0.8,3.7,7.05,0.75,76.7,82732780,1.16,0.75,2056470,0.8,1982370,10859745
2026-04-13T11:47:12.501,NF,NIFTY13APR2624200CE,0.75,3.7,7.05,0.75,76.7,82733365,1.16,0.75,2078830,0.8,1982630,10859745
2026-04-13T11:47:14.106,NF,NIFTY13APR2624200CE,0.75,3.7,7.05,0.75,76.7,82734730,1.16,0.75,2066220,0.8,1991860,10859745
2026-04-13T11:47:15.904,NF,NIFTY13APR2624200CE,0.8,3.7,7.05,0.75,76.7,82736355,1.16,0.75,2064855,0.8,1995695,10859745
2026-04-13T11:47:17.506,NF,NIFTY13APR2624200CE,0.75,3.7,7.05,0.75,76.7,82738565,1.16,0.75,2048215,0.8,2082925,10859745
2026-04-13T11:47:19.118,NF,NIFTY13APR2624200CE,0.75,3.7,7.05,0.75,76.7,82744350,1.16,0.75,1924845,0.8,2080650,10859745
2026-04-13T11:47:20.713,NF,NIFTY13APR2624200CE,0.75,3.7,7.05,0.75,76.7,82747145,1.16,0.75,1856595,0.8,2081105,10859745
2026-04-13T11:47:22.514,NF,NIFTY13APR2624200CE,0.75,3.7,7.05,0.75,76.7,82748575,1.16,0.75,1860820,0.8,2080780,10859745
2026-04-13T11:47:24.117,NF,NIFTY13APR2624200CE,0.75,3.7,7.05,0.75,76.7,82749940,1.16,0.75,1859455,0.8,2080325,10859745
2026-04-13T11:47:25.738,NF,NIFTY13APR2624200CE,0.8,3.7,7.05,0.75,76.7,82759625,1.16,0.75,1882270,0.8,1986595,10859745
2026-04-13T11:47:27.324,NF,NIFTY13APR2624200CE,0.8,3.7,7.05,0.75,76.7,82760340,1.16,0.75,1884090,0.8,1986140,10859745
2026-04-13T11:47:29.141,NF,NIFTY13APR2624200CE,0.75,3.7,7.05,0.75,76.7,82762225,1.16,0.75,1875055,0.8,1988025,10859745
2026-04-13T11:47:30.726,NF,NIFTY13APR2624200CE,0.75,3.7,7.05,0.75,76.7,82764175,1.16,0.75,1872845,0.8,1985360,10859745
2026-04-13T11:47:32.332,NF,NIFTY13APR2624200CE,0.8,3.7,7.05,0.75,76.7,82769050,1.16,0.75,1873950,0.8,1984840,10859745
2026-04-13T11:47:34.144,NF,NIFTY13APR2624200CE,0.8,3.7,7.05,0.75,76.7,82774640,1.16,0.75,1878240,0.8,1977625,10859745
2026-04-13T11:47:35.739,NF,NIFTY13APR2624200CE,0.8,3.7,7.05,0.75,76.7,82777955,1.16,0.75,1894880,0.8,1970800,10859745
2026-04-13T11:47:37.340,NF,NIFTY13APR2624200CE,0.8,3.7,7.05,0.75,76.7,82778345,1.16,0.75,1894165,0.8,1970345,10859745
2026-04-13T11:47:38.739,NF,NIFTY13APR2624200CE,0.8,3.7,7.05,0.75,76.7,82778605,1.16,0.75,1893125,0.8,1971515,10859745
2026-04-13T11:47:40.352,NF,NIFTY13APR2624200CE,0.75,3.7,7.05,0.75,76.7,82778930,1.16,0.75,1891435,0.8,1971970,10859745
2026-04-13T11:47:42.155,NF,NIFTY13APR2624200CE,0.75,3.7,7.05,0.75,76.7,82779710,1.16,0.75,1890460,0.8,1971320,10859745
2026-04-13T11:47:43.744,NF,NIFTY13APR2624200CE,0.8,3.7,7.05,0.75,76.7,82779840,1.16,0.75,1896310,0.8,1969240,10859745
2026-04-13T11:47:45.350,NF,NIFTY13APR2624200CE,0.75,3.7,7.05,0.75,76.7,82784650,1.16,0.75,1894555,0.8,1968005,10859745
2026-04-13T11:47:47.199,NF,NIFTY13APR2624200CE,0.8,3.7,7.05,0.75,76.7,82790955,1.16,0.75,1893580,0.8,1960465,10859745
2026-04-13T11:47:48.752,NF,NIFTY13APR2624200CE,0.75,3.7,7.05,0.75,76.7,82791930,1.16,0.75,1893970,0.8,1961505,10859745
2026-04-13T11:47:50.355,NF,NIFTY13APR2624200CE,0.8,3.7,7.05,0.75,76.7,82793815,1.16,0.75,1906320,0.8,1962220,10859745
2026-04-13T11:47:52.158,NF,NIFTY13APR2624200CE,0.75,3.7,7.05,0.75,76.7,82794790,1.16,0.75,1904955,0.8,1960790,10859745
2026-04-13T11:47:53.765,NF,NIFTY13APR2624200CE,0.8,3.7,7.05,0.75,76.7,82795375,1.16,0.75,1904305,0.8,1960530,10859745
2026-04-13T11:47:55.375,NF,NIFTY13APR2624200CE,0.75,3.7,7.05,0.75,76.7,82795440,1.16,0.75,1902875,0.8,1961960,10859745
2026-04-13T11:47:57.162,NF,NIFTY13APR2624200CE,0.8,3.7,7.05,0.75,76.7,82795960,1.16,0.75,1908530,0.8,1960725,10859745
2026-04-13T11:47:58.763,NF,NIFTY13APR2624200CE,0.75,3.7,7.05,0.75,76.7,82797975,1.16,0.75,1908660,0.8,1961375,10859745
2026-04-13T11:48:00.375,NF,NIFTY13APR2624200CE,0.8,3.7,7.05,0.75,76.7,82799145,1.16,0.75,1903850,0.8,1961570,10859745
2026-04-13T11:48:02.168,NF,NIFTY13APR2624200CE,0.8,3.7,7.05,0.75,76.7,82802655,1.16,0.75,1900925,0.8,1963065,10859745
2026-04-13T11:48:03.778,NF,NIFTY13APR2624200CE,0.75,3.7,7.05,0.75,76.7,82802850,1.16,0.75,1904565,0.8,1960075,10859745
2026-04-13T11:48:05.376,NF,NIFTY13APR2624200CE,0.75,3.7,7.05,0.75,76.7,82803435,1.16,0.75,1903850,0.8,1963260,10859745
2026-04-13T11:48:07.176,NF,NIFTY13APR2624200CE,0.8,3.7,7.05,0.75,76.7,82804735,1.16,0.75,1902485,0.8,1958775,10859745
2026-04-13T11:48:08.778,NF,NIFTY13APR2624200CE,0.8,3.7,7.05,0.75,76.7,82805710,1.16,0.75,1900860,0.8,1958060,10859745
2026-04-13T11:48:10.385,NF,NIFTY13APR2624200CE,0.8,3.7,7.05,0.75,76.7,82806295,1.16,0.75,1904045,0.8,1957605,10859745
2026-04-13T11:48:12.181,NF,NIFTY13APR2624200CE,0.8,3.7,7.05,0.75,76.7,82813445,1.16,0.75,2021630,0.8,1950910,10859745
2026-04-13T11:48:13.792,NF,NIFTY13APR2624200CE,0.8,3.7,7.05,0.75,76.7,82814420,1.16,0.75,2009800,0.8,1954875,10859745
2026-04-13T11:48:15.389,NF,NIFTY13APR2624200CE,0.75,3.7,7.05,0.75,76.7,82816565,1.16,0.75,2002195,0.8,1956305,10859745
2026-04-13T11:48:17.189,NF,NIFTY13APR2624200CE,0.75,3.7,7.05,0.75,76.7,82817865,1.16,0.75,2002910,0.8,1958515,10859745
2026-04-13T11:48:20.398,NF,NIFTY13APR2624200CE,0.8,3.7,7.05,0.75,76.7,82823975,1.16,0.75,2091245,0.8,1953640,10859745
2026-04-13T11:48:22.198,NF,NIFTY13APR2624200CE,0.75,3.7,7.05,0.75,76.7,82828395,1.16,0.75,2093260,0.8,1953510,10859745
2026-04-13T11:48:23.805,NF,NIFTY13APR2624200CE,0.75,3.7,7.05,0.75,76.7,82830540,1.16,0.75,2081495,0.8,1953510,10859745
2026-04-13T11:48:25.403,NF,NIFTY13APR2624200CE,0.75,3.7,7.05,0.75,76.7,82832035,1.16,0.75,2079870,0.8,1952860,10859745
2026-04-13T11:48:27.201,NF,NIFTY13APR2624200CE,0.8,3.7,7.05,0.75,76.7,82832425,1.16,0.75,2075970,0.8,1954420,10859745
2026-04-13T11:48:28.810,NF,NIFTY13APR2624200CE,0.8,3.7,7.05,0.75,76.7,82832490,1.16,0.75,2084875,0.8,1954485,10859745
2026-04-13T11:48:30.411,NF,NIFTY13APR2624200CE,0.75,3.7,7.05,0.75,76.7,82834765,1.16,0.75,2078635,0.8,1952600,10859745
2026-04-13T11:48:32.212,NF,NIFTY13APR2624200CE,0.8,3.7,7.05,0.75,76.7,82835415,1.16,0.75,2082990,0.8,1950260,10859745
2026-04-13T11:48:33.814,NF,NIFTY13APR2624200CE,0.8,3.7,7.05,0.75,76.7,82836455,1.16,0.75,2082665,0.8,1950000,10859745
2026-04-13T11:48:35.417,NF,NIFTY13APR2624200CE,0.8,3.7,7.05,0.75,76.7,82839900,1.16,0.75,2083705,0.8,1947205,10859745
2026-04-13T11:48:37.224,NF,NIFTY13APR2624200CE,0.8,3.7,7.05,0.75,76.7,82853355,1.16,0.75,2084095,0.8,1932125,10859745
2026-04-13T11:48:39.248,NF,NIFTY13APR2624200CE,0.8,3.7,7.05,0.75,76.7,82854005,1.16,0.75,2083250,0.8,1933035,10859745
2026-04-13T11:48:40.823,NF,NIFTY13APR2624200CE,0.75,3.7,7.05,0.75,76.7,82854330,1.16,0.75,2081495,0.8,1932775,10859745
2026-04-13T11:48:42.435,NF,NIFTY13APR2624200CE,0.8,3.7,7.05,0.75,76.7,82854525,1.16,0.75,2078830,0.8,1932580,10859745
2026-04-13T11:48:44.230,NF,NIFTY13APR2624200CE,0.75,3.7,7.05,0.75,76.7,82856020,1.16,0.75,2065700,0.8,1943370,10859745
2026-04-13T11:48:45.855,NF,NIFTY13APR2624200CE,0.8,3.7,7.05,0.75,76.7,82856930,1.16,0.75,2081755,0.8,1935180,10859745
2026-04-13T11:48:47.445,NF,NIFTY13APR2624200CE,0.8,3.7,7.05,0.75,76.7,82857190,1.16,0.75,2078570,0.8,1936935,10859745
2026-04-13T11:48:49.239,NF,NIFTY13APR2624200CE,0.8,3.7,7.05,0.75,76.7,82859075,1.16,0.75,2075580,0.8,1935310,10859745
2026-04-13T11:48:50.840,NF,NIFTY13APR2624200CE,0.8,3.7,7.05,0.75,76.7,82864080,1.16,0.75,2088450,0.8,1934400,10859745
2026-04-13T11:48:52.446,NF,NIFTY13APR2624200CE,0.8,3.7,7.05,0.75,76.7,82864730,1.16,0.75,2081755,0.8,1934335,10859745
2026-04-13T11:48:54.244,NF,NIFTY13APR2624200CE,0.8,3.7,7.05,0.75,76.7,82869085,1.16,0.75,2077985,0.8,1933490,10859745
2026-04-13T11:48:55.867,NF,NIFTY13APR2624200CE,0.75,3.7,7.05,0.75,76.7,82870125,1.16,0.75,2081235,0.8,1932775,10859745
2026-04-13T11:48:59.252,NF,NIFTY13APR2624200CE,0.8,3.7,7.05,0.75,76.7,82876300,1.16,0.75,2083575,0.8,1928420,10859745
2026-04-13T11:49:00.854,NF,NIFTY13APR2624200CE,0.75,3.7,7.05,0.75,76.7,82876625,1.16,0.75,2085200,0.8,1928940,10859745
2026-04-13T11:49:02.459,NF,NIFTY13APR2624200CE,0.75,3.7,7.05,0.75,76.7,82881565,1.16,0.75,2081365,0.8,1924455,10859745
2026-04-13T11:49:04.257,NF,NIFTY13APR2624200CE,0.75,3.7,7.05,0.75,76.7,82882215,1.16,0.75,2083510,0.8,1922050,10859745
2026-04-13T11:49:05.863,NF,NIFTY13APR2624200CE,0.75,3.7,7.05,0.75,76.7,82882800,1.16,0.75,2082015,0.8,1923870,10859745
2026-04-13T11:49:07.465,NF,NIFTY13APR2624200CE,0.8,3.7,7.05,0.75,76.7,82884295,1.16,0.75,2085070,0.8,1936740,10859745
2026-04-13T11:49:09.266,NF,NIFTY13APR2624200CE,0.75,3.7,7.05,0.75,76.7,82885920,1.16,0.75,2086565,0.8,1939600,10859745
2026-04-13T11:49:10.878,NF,NIFTY13APR2624200CE,0.8,3.7,7.05,0.75,76.7,82887675,1.16,0.75,2085590,0.8,1932970,10859745
2026-04-13T11:49:12.474,NF,NIFTY13APR2624200CE,0.75,3.7,7.05,0.75,76.7,82888130,1.16,0.75,2082340,0.8,1934595,10859745
2026-04-13T11:49:14.281,NF,NIFTY13APR2624200CE,0.8,3.7,7.05,0.75,76.7,82893005,1.16,0.75,2073630,0.8,1933490,10859745
2026-04-13T11:49:15.876,NF,NIFTY13APR2624200CE,0.8,3.7,7.05,0.75,76.7,82898205,1.16,0.75,2066610,0.8,1931410,10859745
2026-04-13T11:49:17.482,NF,NIFTY13APR2624200CE,0.8,3.7,7.05,0.75,76.7,82900805,1.16,0.75,2072265,0.8,1930175,10859745
2026-04-13T11:49:19.280,NF,NIFTY13APR2624200CE,0.8,3.7,7.05,0.75,76.7,82903665,1.16,0.75,2070315,0.8,1928095,10859745
2026-04-13T11:49:20.895,NF,NIFTY13APR2624200CE,0.8,3.7,7.05,0.75,76.7,82905355,1.16,0.75,2077790,0.8,1928355,10859745
2026-04-13T11:49:22.488,NF,NIFTY13APR2624200CE,0.75,3.7,7.05,0.75,76.7,82913415,1.16,0.75,2063685,0.8,1920685,10859745
2026-04-13T11:49:24.291,NF,NIFTY13APR2624200CE,0.8,3.7,7.05,0.75,76.7,82916665,1.16,0.75,2065765,0.8,1914185,10859745
2026-04-13T11:49:25.890,NF,NIFTY13APR2624200CE,0.8,3.7,7.05,0.75,76.7,82922125,1.16,0.75,2088645,0.8,1912560,10859745
2026-04-13T11:49:27.499,NF,NIFTY13APR2624200CE,0.8,3.7,7.05,0.75,76.7,82923685,1.16,0.75,2085785,0.8,1913535,10859745
2026-04-13T11:49:29.297,NF,NIFTY13APR2624200CE,0.75,3.7,7.05,0.75,76.7,82924400,1.16,0.75,2081495,0.8,1915160,10859745
2026-04-13T11:49:30.899,NF,NIFTY13APR2624200CE,0.8,3.7,7.05,0.75,76.7,82927780,1.16,0.75,2088125,0.8,1912235,10859745
2026-04-13T11:49:32.502,NF,NIFTY13APR2624200CE,0.8,3.7,7.05,0.75,76.7,82929535,1.16,0.75,2086435,0.8,1911910,10859745
2026-04-13T11:49:34.318,NF,NIFTY13APR2624200CE,0.8,3.7,7.05,0.75,76.7,82931615,1.16,0.75,2086305,0.8,1910415,10859745
2026-04-13T11:49:35.908,NF,NIFTY13APR2624200CE,0.75,3.7,7.05,0.75,76.7,82934735,1.16,0.75,2074800,0.8,1914055,10859745
2026-04-13T11:49:37.510,NF,NIFTY13APR2624200CE,0.75,3.7,7.05,0.75,76.7,82944160,1.16,0.75,2061735,0.8,1927900,10859745
2026-04-13T11:49:38.910,NF,NIFTY13APR2624200CE,0.8,3.7,7.05,0.75,76.7,82945525,1.16,0.75,2088320,0.8,1926925,10859745
2026-04-13T11:49:40.526,NF,NIFTY13APR2624200CE,0.75,3.7,7.05,0.75,76.7,82957875,1.16,0.75,2078765,0.8,1915810,10859745
2026-04-13T11:49:42.316,NF,NIFTY13APR2624200CE,0.75,3.7,7.05,0.75,76.7,82958135,1.16,0.75,2082015,0.8,1915615,10859745
2026-04-13T11:49:43.922,NF,NIFTY13APR2624200CE,0.75,3.7,7.05,0.75,76.7,82960345,1.16,0.75,2083770,0.8,1915550,10859745
2026-04-13T11:49:45.527,NF,NIFTY13APR2624200CE,0.75,3.7,7.05,0.75,76.7,82960670,1.16,0.75,2077725,0.8,1915420,10859745
2026-04-13T11:49:47.324,NF,NIFTY13APR2624200CE,0.8,3.7,7.05,0.75,76.7,82965025,1.16,0.75,2082665,0.8,1913470,10859745
2026-04-13T11:49:48.993,NF,NIFTY13APR2624200CE,0.75,3.7,7.05,0.75,76.7,82968860,1.16,0.75,2084940,0.8,1908985,10859745
2026-04-13T11:49:50.532,NF,NIFTY13APR2624200CE,0.8,3.7,7.05,0.75,76.7,82972630,1.16,0.75,2083445,0.8,1904695,10853635
2026-04-13T11:49:52.335,NF,NIFTY13APR2624200CE,0.8,3.7,7.05,0.75,76.7,82980300,1.16,0.75,2085070,0.8,1900535,10853635
2026-04-13T11:49:53.941,NF,NIFTY13APR2624200CE,0.8,3.7,7.05,0.75,76.7,82986540,1.16,0.75,2092545,0.8,1882855,10853635
2026-04-13T11:49:55.547,NF,NIFTY13APR2624200CE,0.8,3.7,7.05,0.75,76.7,82995250,1.16,0.75,2170025,0.8,1879670,10853635
2026-04-13T11:49:57.341,NF,NIFTY13APR2624200CE,0.8,3.7,7.05,0.75,76.7,83001165,1.16,0.75,2167555,0.8,1874015,10853635
2026-04-13T11:49:58.943,NF,NIFTY13APR2624200CE,0.8,3.7,7.05,0.75,76.7,83225545,1.16,0.75,2184325,0.8,365625,10853635
2026-04-13T11:50:00.551,NF,NIFTY13APR2624200CE,0.85,3.7,7.05,0.75,76.7,83405920,1.16,0.8,1522820,0.85,1193920,10853635
2026-04-13T11:50:02.621,NF,NIFTY13APR2624200CE,0.85,3.7,7.05,0.75,76.7,83416970,1.16,0.8,1819935,0.85,1335490,10853635
2026-04-13T11:50:03.953,NF,NIFTY13APR2624200CE,0.8,3.7,7.05,0.75,76.7,83420545,1.16,0.8,1909960,0.85,1798420,10853635
2026-04-13T11:50:05.554,NF,NIFTY13APR2624200CE,0.85,3.7,7.05,0.75,76.7,83421845,1.16,0.8,1899235,0.85,1797575,10853635
2026-04-13T11:50:07.366,NF,NIFTY13APR2624200CE,0.8,3.7,7.05,0.75,76.7,83705765,1.16,0.8,1397240,0.85,1804270,10853635
2026-04-13T11:50:08.966,NF,NIFTY13APR2624200CE,0.8,3.7,7.05,0.75,76.7,83706805,1.16,0.8,1482260,0.85,1826370,10853635
2026-04-13T11:50:10.563,NF,NIFTY13APR2624200CE,0.8,3.7,7.05,0.75,76.7,83765370,1.15,0.8,1321905,0.85,1864460,10853635
2026-04-13T11:50:12.366,NF,NIFTY13APR2624200CE,0.8,3.7,7.05,0.75,76.7,83811715,1.15,0.8,1483040,0.85,1866865,10853635
2026-04-13T11:50:13.967,NF,NIFTY13APR2624200CE,0.8,3.7,7.05,0.75,76.7,83845515,1.15,0.8,1880515,0.85,1858350,10853635
2026-04-13T11:50:15.570,NF,NIFTY13APR2624200CE,0.85,3.7,7.05,0.75,76.7,83975255,1.15,0.85,676650,0.9,1759745,10853635
2026-04-13T11:50:17.371,NF,NIFTY13APR2624200CE,0.9,3.7,7.05,0.75,76.7,84048380,1.15,0.85,1131715,0.9,1748890,10853635
2026-04-13T11:50:18.978,NF,NIFTY13APR2624200CE,0.9,3.7,7.05,0.75,76.7,84134895,1.15,0.85,1131260,0.9,1665820,10853635
2026-04-13T11:50:20.584,NF,NIFTY13APR2624200CE,0.85,3.7,7.05,0.75,76.7,84164730,1.15,0.85,1115010,0.9,1656460,10853635
2026-04-13T11:50:22.379,NF,NIFTY13APR2624200CE,0.85,3.7,7.05,0.75,76.7,84268080,1.15,0.85,691990,0.9,1677130,10853635
2026-04-13T11:50:23.981,NF,NIFTY13APR2624200CE,0.8,3.7,7.05,0.75,76.7,84338540,1.15,0.8,2285010,0.85,1575860,10853635
2026-04-13T11:50:25.586,NF,NIFTY13APR2624200CE,0.8,3.7,7.05,0.75,76.7,84397820,1.15,0.8,2228655,0.85,1700205,10853635
2026-04-13T11:50:27.385,NF,NIFTY13APR2624200CE,0.8,3.7,7.05,0.75,76.7,84465875,1.15,0.8,2221050,0.85,1768650,10853635
2026-04-13T11:50:28.992,NF,NIFTY13APR2624200CE,0.8,3.7,7.05,0.75,76.7,84521970,1.15,0.8,2323945,0.85,1803880,10853635
2026-04-13T11:50:30.594,NF,NIFTY13APR2624200CE,0.8,3.7,7.05,0.75,76.7,84586775,1.15,0.8,2328885,0.85,1824290,10853635
2026-04-13T11:50:32.393,NF,NIFTY13APR2624200CE,0.85,3.7,7.05,0.75,76.7,84669650,1.15,0.8,2311985,0.85,1833910,10853635
2026-04-13T11:50:33.997,NF,NIFTY13APR2624200CE,0.9,3.7,7.05,0.75,76.7,84855810,1.15,0.85,1217190,0.9,1654120,10853635
2026-04-13T11:50:35.598,NF,NIFTY13APR2624200CE,0.85,3.7,7.05,0.75,76.7,84975605,1.15,0.85,1326650,0.9,1643525,10853635
2026-04-13T11:50:37.400,NF,NIFTY13APR2624200CE,0.9,3.7,7.05,0.75,76.7,85102680,1.15,0.85,1310465,0.9,1580410,10853635
2026-04-13T11:50:38.203,NF,NIFTY13APR2624200CE,0.9,3.7,7.05,0.75,76.7,85196800,1.15,0.85,1341990,0.9,1537770,10853635
2026-04-13T11:50:39.805,NF,NIFTY13APR2624200CE,0.9,3.7,7.05,0.75,76.7,85259460,1.15,0.85,1337180,0.9,1566500,10853635
2026-04-13T11:50:41.606,NF,NIFTY13APR2624200CE,0.85,3.7,7.05,0.75,76.7,85378280,1.15,0.85,1349400,0.9,1581970,10853635
2026-04-13T11:50:43.209,NF,NIFTY13APR2624200CE,0.85,3.7,7.05,0.75,76.7,85435285,1.15,0.85,1418885,0.9,1628640,10853635
2026-04-13T11:50:44.811,NF,NIFTY13APR2624200CE,0.85,3.7,7.05,0.75,76.7,85701265,1.15,0.85,1213290,0.9,1634230,10853635
2026-04-13T11:50:46.612,NF,NIFTY13APR2624200CE,0.9,3.7,7.05,0.75,76.7,85815275,1.15,0.85,1413945,0.9,1667835,10853635
2026-04-13T11:50:48.238,NF,NIFTY13APR2624200CE,0.9,3.7,7.05,0.75,76.7,85895030,1.15,0.85,1450670,0.9,1736930,10853635
2026-04-13T11:50:49.818,NF,NIFTY13APR2624200CE,0.85,3.7,7.05,0.75,76.7,85960420,1.15,0.85,1460225,0.9,1730170,10853635
2026-04-13T11:50:51.618,NF,NIFTY13APR2624200CE,0.85,3.7,7.05,0.75,76.7,86228415,1.15,0.85,1473420,0.9,1749670,10853635
2026-04-13T11:50:53.230,NF,NIFTY13APR2624200CE,0.9,3.7,7.05,0.75,76.7,86292570,1.15,0.85,1515150,0.9,1746550,10853635
2026-04-13T11:50:54.832,NF,NIFTY13APR2624200CE,0.9,3.7,7.05,0.75,76.7,86390395,1.15,0.85,1534845,0.9,1640145,10853635
2026-04-13T11:50:56.632,NF,NIFTY13APR2624200CE,0.85,3.7,7.05,0.75,76.7,86463715,1.15,0.85,1534585,0.9,1777490,10853635
2026-04-13T11:50:58.229,NF,NIFTY13APR2624200CE,0.95,3.7,7.05,0.75,76.7,86657545,1.14,0.9,1303705,0.95,1828580,10853635
2026-04-13T11:50:59.836,NF,NIFTY13APR2624200CE,1.0,3.7,7.05,0.75,76.7,87105720,1.14,0.95,915915,1.0,1764555,10853635
2026-04-13T11:51:01.634,NF,NIFTY13APR2624200CE,1.0,3.7,7.05,0.75,76.7,87943765,1.14,1.0,1338870,1.05,1368575,10853635
2026-04-13T11:51:03.246,NF,NIFTY13APR2624200CE,1.0,3.7,7.05,0.75,76.7,88179845,1.14,0.95,1494220,1.0,1617070,10853635
2026-04-13T11:51:04.840,NF,NIFTY13APR2624200CE,1.0,3.7,7.05,0.75,76.7,88295610,1.14,0.95,1633710,1.0,1737905,10853635
2026-04-13T11:51:06.642,NF,NIFTY13APR2624200CE,0.95,3.7,7.05,0.75,76.7,88389210,1.14,0.95,1594710,1.0,1709370,10853635
2026-04-13T11:51:08.254,NF,NIFTY13APR2624200CE,1.0,3.7,7.05,0.75,76.7,88499775,1.14,0.95,1541085,1.0,1710865,10853635
2026-04-13T11:51:09.854,NF,NIFTY13APR2624200CE,0.95,3.7,7.05,0.75,76.7,88572640,1.14,0.95,1502735,1.0,1812525,10853635
2026-04-13T11:51:11.649,NF,NIFTY13APR2624200CE,0.9,3.7,7.05,0.75,76.7,88732735,1.14,0.9,1484730,0.95,1906125,10853635
2026-04-13T11:51:13.256,NF,NIFTY13APR2624200CE,0.9,3.7,7.05,0.75,76.7,88778950,1.14,0.9,1477060,0.95,1900600,10853635
2026-04-13T11:51:14.853,NF,NIFTY13APR2624200CE,0.95,3.7,7.05,0.75,76.7,88898160,1.14,0.9,1454895,0.95,1598870,10853635
2026-04-13T11:51:16.659,NF,NIFTY13APR2624200CE,0.9,3.7,7.05,0.75,76.7,88962900,1.14,0.9,1431950,0.95,1740635,10853635
2026-04-13T11:51:18.257,NF,NIFTY13APR2624200CE,0.85,3.7,7.05,0.75,76.7,89130080,1.14,0.85,1667965,0.9,1581905,10853635
2026-04-13T11:51:19.869,NF,NIFTY13APR2624200CE,0.9,3.7,7.05,0.75,76.7,89177530,1.14,0.85,1715675,0.9,1775475,10853635
2026-04-13T11:51:21.664,NF,NIFTY13APR2624200CE,0.9,3.7,7.05,0.75,76.7,89229985,1.14,0.85,1713530,0.9,1770210,10853635
2026-04-13T11:51:23.273,NF,NIFTY13APR2624200CE,0.85,3.7,7.05,0.75,76.7,89291345,1.14,0.85,1683695,0.9,1807520,10853635
2026-04-13T11:51:24.872,NF,NIFTY13APR2624200CE,0.85,3.7,7.05,0.75,76.7,89338340,1.14,0.85,1644565,0.9,1708265,10853635
2026-04-13T11:51:26.668,NF,NIFTY13APR2624200CE,0.85,3.7,7.05,0.75,76.7,89396710,1.14,0.85,1656200,0.9,1751100,10853635
2026-04-13T11:51:28.300,NF,NIFTY13APR2624200CE,0.85,3.7,7.05,0.75,76.7,89408540,1.14,0.85,1649960,0.9,1700920,10853635
2026-04-13T11:51:29.876,NF,NIFTY13APR2624200CE,0.9,3.7,7.05,0.75,76.7,89435320,1.14,0.85,1646775,0.9,1706900,10853635
2026-04-13T11:51:31.683,NF,NIFTY13APR2624200CE,0.85,3.7,7.05,0.75,76.7,89478740,1.14,0.85,1629420,0.9,1698710,10853635
2026-04-13T11:51:33.295,NF,NIFTY13APR2624200CE,0.9,3.7,7.05,0.75,76.7,89520470,1.14,0.85,1787175,0.9,1716390,10853635
2026-04-13T11:51:34.886,NF,NIFTY13APR2624200CE,0.9,3.7,7.05,0.75,76.7,89558300,1.14,0.85,1787630,0.9,1691430,10853635
2026-04-13T11:51:36.685,NF,NIFTY13APR2624200CE,0.9,3.7,7.05,0.75,76.7,89768835,1.14,0.85,1805830,0.9,1532375,10853635
2026-04-13T11:51:38.089,NF,NIFTY13APR2624200CE,0.9,3.7,7.05,0.75,76.7,89823110,1.14,0.85,1813955,0.9,1569425,10853635
2026-04-13T11:51:39.887,NF,NIFTY13APR2624200CE,0.85,3.7,7.05,0.75,76.7,89842155,1.14,0.85,1830790,0.9,1606865,10853635
2026-04-13T11:51:41.493,NF,NIFTY13APR2624200CE,0.9,3.7,7.05,0.75,76.7,89851190,1.14,0.85,1840670,0.9,1596985,10853635
2026-04-13T11:51:43.102,NF,NIFTY13APR2624200CE,0.85,3.7,7.05,0.75,76.7,89861005,1.14,0.85,1878370,0.9,1617395,10853635
2026-04-13T11:51:44.907,NF,NIFTY13APR2624200CE,0.9,3.7,7.05,0.75,76.7,89897535,1.14,0.85,1925950,0.9,1616355,10853635
2026-04-13T11:51:46.506,NF,NIFTY13APR2624200CE,0.9,3.7,7.05,0.75,76.7,89912485,1.14,0.85,1898975,0.9,1631045,10853635
2026-04-13T11:51:48.131,NF,NIFTY13APR2624200CE,0.85,3.7,7.05,0.75,76.7,89970660,1.14,0.85,1912755,0.9,1635920,10853635
2026-04-13T11:51:49.916,NF,NIFTY13APR2624200CE,0.9,3.7,7.05,0.75,76.7,90064130,1.14,0.85,1865825,0.9,1656720,10853635
2026-04-13T11:51:51.522,NF,NIFTY13APR2624200CE,0.9,3.7,7.05,0.75,76.7,90080185,1.14,0.85,1871675,0.9,1646580,10853635
2026-04-13T11:51:53.140,NF,NIFTY13APR2624200CE,0.9,3.7,7.05,0.75,76.7,90142390,1.14,0.85,1918215,0.9,1614535,10853635
2026-04-13T11:51:54.923,NF,NIFTY13APR2624200CE,0.95,3.7,7.05,0.75,76.7,90238980,1.14,0.9,1667705,0.95,1713140,10853635
2026-04-13T11:51:56.514,NF,NIFTY13APR2624200CE,0.9,3.7,7.05,0.75,76.7,90261080,1.14,0.9,1760005,0.95,1736930,10853635
2026-04-13T11:51:58.124,NF,NIFTY13APR2624200CE,0.9,3.7,7.05,0.75,76.7,90568920,1.14,0.85,2023515,0.9,1566500,10853635
2026-04-13T11:51:59.919,NF,NIFTY13APR2624200CE,0.95,3.7,7.05,0.75,76.7,90813255,1.14,0.9,1671150,0.95,1808105,10853635
2026-04-13T11:52:01.529,NF,NIFTY13APR2624200CE,0.95,3.7,7.05,0.75,76.7,91167570,1.13,0.9,1508260,0.95,1367470,10853635
2026-04-13T11:52:03.503,NF,NIFTY13APR2624200CE,0.95,3.7,7.05,0.75,76.7,91363740,1.13,0.9,1805310,0.95,1622075,10853635
2026-04-13T11:52:04.924,NF,NIFTY13APR2624200CE,0.95,3.7,7.05,0.75,76.7,91440700,1.13,0.9,1846130,0.95,1693250,10853635
2026-04-13T11:52:06.536,NF,NIFTY13APR2624200CE,0.9,3.7,7.05,0.75,76.7,91454675,1.13,0.9,1844440,0.95,1679990,10853635
2026-04-13T11:52:08.134,NF,NIFTY13APR2624200CE,0.85,3.7,7.05,0.75,76.7,91834275,1.13,0.85,2109705,0.9,1301105,10853635
2026-04-13T11:52:09.930,NF,NIFTY13APR2624200CE,0.9,3.7,7.05,0.75,76.7,91874705,1.13,0.85,2116400,0.9,1660295,10853635
2026-04-13T11:52:11.535,NF,NIFTY13APR2624200CE,0.85,3.7,7.05,0.75,76.7,91916565,1.13,0.85,2085525,0.9,1671865,10853635
2026-04-13T11:52:13.136,NF,NIFTY13APR2624200CE,0.85,3.7,7.05,0.75,76.7,91924235,1.13,0.85,2057250,0.9,1796665,10853635
2026-04-13T11:52:14.948,NF,NIFTY13APR2624200CE,0.9,3.7,7.05,0.75,76.7,91934635,1.13,0.85,2058485,0.9,1797055,10853635
2026-04-13T11:52:16.541,NF,NIFTY13APR2624200CE,0.85,3.7,7.05,0.75,76.7,91974545,1.13,0.85,2053935,0.9,1764295,10853635
2026-04-13T11:52:18.151,NF,NIFTY13APR2624200CE,0.85,3.7,7.05,0.75,76.7,91993785,1.13,0.85,1621620,0.9,1846325,10853635
2026-04-13T11:52:19.954,NF,NIFTY13APR2624200CE,0.85,3.7,7.05,0.75,76.7,92278095,1.13,0.85,1930565,0.9,1904630,10853635
2026-04-13T11:52:21.553,NF,NIFTY13APR2624200CE,0.85,3.7,7.05,0.75,76.7,92337050,1.13,0.85,1568125,0.9,1936935,10853635
2026-04-13T11:52:23.159,NF,NIFTY13APR2624200CE,0.85,3.7,7.05,0.75,76.7,92438710,1.13,0.85,1621750,0.9,2002260,10853635
2026-04-13T11:52:24.954,NF,NIFTY13APR2624200CE,0.85,3.7,7.05,0.75,76.7,92448070,1.13,0.85,1616810,0.9,2008760,10853635
2026-04-13T11:52:26.552,NF,NIFTY13APR2624200CE,0.85,3.7,7.05,0.75,76.7,92461460,1.13,0.85,1609205,0.9,1993940,10853635
2026-04-13T11:52:28.157,NF,NIFTY13APR2624200CE,0.85,3.7,7.05,0.75,76.7,92467310,1.13,0.85,1608100,0.9,2002520,10853635
2026-04-13T11:52:29.958,NF,NIFTY13APR2624200CE,0.85,3.7,7.05,0.75,76.7,92556295,1.13,0.8,2999035,0.85,1096875,10853635
2026-04-13T11:52:31.560,NF,NIFTY13APR2624200CE,0.8,3.7,7.05,0.75,76.7,92568385,1.13,0.8,2999035,0.85,1186770,10853635
2026-04-13T11:52:33.164,NF,NIFTY13APR2624200CE,0.85,3.7,7.05,0.75,76.7,92573780,1.13,0.8,2989870,0.85,1186705,10853635
2026-04-13T11:52:34.973,NF,NIFTY13APR2624200CE,0.85,3.7,7.05,0.75,76.7,92692210,1.13,0.85,1792310,0.9,1925820,10853635
2026-04-13T11:52:36.571,NF,NIFTY13APR2624200CE,0.9,3.7,7.05,0.75,76.7,92710865,1.13,0.85,1802775,0.9,1931410,10853635
2026-04-13T11:52:38.171,NF,NIFTY13APR2624200CE,0.9,3.7,7.05,0.75,76.7,92722240,1.13,0.85,1895205,0.9,1927315,10853635
2026-04-13T11:52:39.972,NF,NIFTY13APR2624200CE,0.9,3.7,7.05,0.75,76.7,92731275,1.13,0.85,1888835,0.9,1926925,10853635
2026-04-13T11:52:41.593,NF,NIFTY13APR2624200CE,0.9,3.7,7.05,0.75,76.7,92736865,1.13,0.85,1891760,0.9,1920880,10853635
2026-04-13T11:52:43.188,NF,NIFTY13APR2624200CE,0.85,3.7,7.05,0.75,76.7,92765075,1.13,0.85,1543945,0.9,1922115,10853635
2026-04-13T11:52:44.983,NF,NIFTY13APR2624200CE,0.85,3.7,7.05,0.75,76.7,92798095,1.13,0.85,1547650,0.9,1937325,10853635
2026-04-13T11:52:46.588,NF,NIFTY13APR2624200CE,0.85,3.7,7.05,0.75,76.7,92952925,1.13,0.8,2988180,0.85,1159340,10853635
2026-04-13T11:52:48.189,NF,NIFTY13APR2624200CE,0.85,3.7,7.05,0.75,76.7,92962090,1.13,0.8,2990195,0.85,1177865,10853635
2026-04-13T11:52:50.022,NF,NIFTY13APR2624200CE,0.8,3.7,7.05,0.75,76.7,92981395,1.13,0.8,2973490,0.85,1198080,10853635
2026-04-13T11:52:51.596,NF,NIFTY13APR2624200CE,0.8,3.7,7.05,0.75,76.7,93007135,1.13,0.8,2952560,0.85,1253720,10223070
2026-04-13T11:52:53.197,NF,NIFTY13APR2624200CE,0.8,3.7,7.05,0.75,76.7,93018835,1.13,0.8,2933060,0.85,1337115,10223070
2026-04-13T11:52:54.998,NF,NIFTY13APR2624200CE,0.8,3.7,7.05,0.75,76.7,93047175,1.13,0.8,2926235,0.85,1313455,10223070
2026-04-13T11:52:56.606,NF,NIFTY13APR2624200CE,0.8,3.7,7.05,0.75,76.7,93075320,1.13,0.8,2906540,0.85,1331200,10223070
2026-04-13T11:52:58.214,NF,NIFTY13APR2624200CE,0.8,3.7,7.05,0.75,76.7,93102490,1.13,0.8,2882100,0.85,1354535,10223070
2026-04-13T11:53:00.006,NF,NIFTY13APR2624200CE,0.8,3.7,7.05,0.75,76.7,93124850,1.13,0.8,2172560,0.85,1448330,10223070
2026-04-13T11:53:01.624,NF,NIFTY13APR2624200CE,0.85,3.7,7.05,0.75,76.7,93158130,1.13,0.8,2236390,0.85,1419600,10223070
2026-04-13T11:53:03.215,NF,NIFTY13APR2624200CE,0.8,3.7,7.05,0.75,76.7,93160860,1.13,0.8,2252900,0.85,1433770,10223070
2026-04-13T11:53:05.015,NF,NIFTY13APR2624200CE,0.85,3.7,7.05,0.75,76.7,93175160,1.13,0.8,2239120,0.85,1424865,10223070
2026-04-13T11:53:06.619,NF,NIFTY13APR2624200CE,0.85,3.7,7.05,0.75,76.7,93182830,1.13,0.8,2256930,0.85,1421355,10223070
2026-04-13T11:53:08.223,NF,NIFTY13APR2624200CE,0.85,3.7,7.05,0.75,76.7,93188225,1.13,0.8,2305485,0.85,1418235,10223070
2026-04-13T11:53:10.035,NF,NIFTY13APR2624200CE,0.85,3.7,7.05,0.75,76.7,93220855,1.13,0.8,2377505,0.85,1415245,10223070
2026-04-13T11:53:11.627,NF,NIFTY13APR2624200CE,0.9,3.7,7.05,0.75,76.7,93376725,1.13,0.85,1612715,0.9,1976585,10223070
2026-04-13T11:53:13.238,NF,NIFTY13APR2624200CE,0.85,3.7,7.05,0.75,76.7,93570035,1.13,0.85,1496950,0.9,2048540,10223070
2026-04-13T11:53:15.058,NF,NIFTY13APR2624200CE,0.85,3.7,7.05,0.75,76.7,93619760,1.13,0.85,1675440,0.9,2135445,10223070
2026-04-13T11:53:16.648,NF,NIFTY13APR2624200CE,0.85,3.7,7.05,0.75,76.7,93641470,1.13,0.85,1666990,0.9,2155985,10223070
2026-04-13T11:53:18.241,NF,NIFTY13APR2624200CE,0.85,3.7,7.05,0.75,76.7,93645240,1.13,0.85,1654640,0.9,2144155,10223070
2026-04-13T11:53:20.045,NF,NIFTY13APR2624200CE,0.85,3.7,7.05,0.75,76.7,93648490,1.13,0.85,1658800,0.9,2142660,10223070
2026-04-13T11:53:21.645,NF,NIFTY13APR2624200CE,0.85,3.7,7.05,0.75,76.7,93812030,1.13,0.85,1207635,0.9,2133365,10223070
2026-04-13T11:53:23.262,NF,NIFTY13APR2624200CE,0.8,3.7,7.05,0.75,76.7,93911350,1.13,0.8,2271165,0.85,1807975,10223070
2026-04-13T11:53:25.048,NF,NIFTY13APR2624200CE,0.85,3.7,7.05,0.75,76.7,93912000,1.13,0.8,2274155,0.85,1818830,10223070
2026-04-13T11:53:26.652,NF,NIFTY13APR2624200CE,0.85,3.7,7.05,0.75,76.7,93915835,1.13,0.8,2296580,0.85,1881295,10223070
2026-04-13T11:53:28.254,NF,NIFTY13APR2624200CE,0.85,3.7,7.05,0.75,76.7,93918045,1.13,0.8,2294240,0.85,1880255,10223070
2026-04-13T11:53:30.064,NF,NIFTY13APR2624200CE,0.8,3.7,7.05,0.75,76.7,93926040,1.13,0.8,2285400,0.85,1876485,10223070
2026-04-13T11:53:31.673,NF,NIFTY13APR2624200CE,0.85,3.7,7.05,0.75,76.7,93926495,1.13,0.8,2290860,0.85,1878630,10223070
2026-04-13T11:53:33.278,NF,NIFTY13APR2624200CE,0.85,3.7,7.05,0.75,76.7,93936895,1.13,0.8,2282930,0.85,1875250,10223070
2026-04-13T11:53:35.064,NF,NIFTY13APR2624200CE,0.85,3.7,7.05,0.75,76.7,93951000,1.13,0.8,2287285,0.85,1860820,10223070
2026-04-13T11:53:36.677,NF,NIFTY13APR2624200CE,0.85,3.7,7.05,0.75,76.7,94241485,1.13,0.8,2318810,0.85,1503710,10223070
2026-04-13T11:53:38.276,NF,NIFTY13APR2624200CE,0.85,3.7,7.05,0.75,76.7,94248505,1.13,0.8,2320760,0.85,1519245,10223070
2026-04-13T11:53:40.075,NF,NIFTY13APR2624200CE,0.85,3.7,7.05,0.75,76.7,94331900,1.13,0.85,2421445,0.9,2008370,10223070
2026-04-13T11:53:41.677,NF,NIFTY13APR2624200CE,0.9,3.7,7.05,0.75,76.7,94335605,1.13,0.85,2418130,0.9,2004665,10223070
2026-04-13T11:53:43.287,NF,NIFTY13APR2624200CE,0.85,3.7,7.05,0.75,76.7,94360370,1.13,0.85,2400645,0.9,1984385,10223070
2026-04-13T11:53:45.088,NF,NIFTY13APR2624200CE,0.9,3.7,7.05,0.75,76.7,94365050,1.12,0.85,2411370,0.9,1974635,10223070
2026-04-13T11:53:46.682,NF,NIFTY13APR2624200CE,0.9,3.7,7.05,0.75,76.7,94375450,1.12,0.85,2407210,0.9,1967225,10223070
2026-04-13T11:53:48.297,NF,NIFTY13APR2624200CE,0.9,3.7,7.05,0.75,76.7,94376880,1.12,0.85,2407210,0.9,1969110,10223070
2026-04-13T11:53:50.092,NF,NIFTY13APR2624200CE,0.85,3.7,7.05,0.75,76.7,94382340,1.12,0.85,2412215,0.9,1953965,10223070
2026-04-13T11:53:51.690,NF,NIFTY13APR2624200CE,0.85,3.7,7.05,0.75,76.7,94393260,1.12,0.85,2418390,0.9,1950325,10223070
2026-04-13T11:53:53.294,NF,NIFTY13APR2624200CE,0.85,3.7,7.05,0.75,76.7,94394950,1.12,0.85,2418260,0.9,1951170,10223070
2026-04-13T11:53:55.099,NF,NIFTY13APR2624200CE,0.85,3.7,7.05,0.75,76.7,94395340,1.12,0.85,2422940,0.9,1949025,10223070
2026-04-13T11:53:56.699,NF,NIFTY13APR2624200CE,0.85,3.7,7.05,0.75,76.7,94407950,1.12,0.85,2456870,0.9,1942395,10223070
2026-04-13T11:53:58.306,NF,NIFTY13APR2624200CE,0.85,3.7,7.05,0.75,76.7,94410355,1.12,0.85,2464605,0.9,1937585,10223070
2026-04-13T11:54:00.121,NF,NIFTY13APR2624200CE,0.9,3.7,7.05,0.75,76.7,94414125,1.12,0.85,2462395,0.9,1937975,10223070
2026-04-13T11:54:01.715,NF,NIFTY13APR2624200CE,0.9,3.7,7.05,0.75,76.7,94416465,1.12,0.85,2468245,0.9,1928485,10223070
2026-04-13T11:54:03.315,NF,NIFTY13APR2624200CE,0.9,3.7,7.05,0.75,76.7,94641820,1.12,0.9,1068015,0.95,1852240,10223070
2026-04-13T11:54:05.111,NF,NIFTY13APR2624200CE,0.9,3.7,7.05,0.75,76.7,94652870,1.12,0.9,1203085,0.95,1836705,10223070
2026-04-13T11:54:06.713,NF,NIFTY13APR2624200CE,0.95,3.7,7.05,0.75,76.7,94654820,1.12,0.9,1203800,0.95,1834040,10223070
2026-04-13T11:54:08.323,NF,NIFTY13APR2624200CE,0.95,3.7,7.05,0.75,76.7,94661580,1.12,0.9,1275690,0.95,1854060,10223070
2026-04-13T11:54:10.120,NF,NIFTY13APR2624200CE,0.9,3.7,7.05,0.75,76.7,94757780,1.12,0.85,2838875,0.9,1635595,10223070
2026-04-13T11:54:11.735,NF,NIFTY13APR2624200CE,0.9,3.7,7.05,0.75,76.7,94762070,1.12,0.85,2843165,0.9,1649310,10223070
2026-04-13T11:54:13.328,NF,NIFTY13APR2624200CE,0.9,3.7,7.05,0.75,76.7,94766750,1.12,0.85,2867280,0.9,1661335,10223070
2026-04-13T11:54:15.127,NF,NIFTY13APR2624200CE,0.9,3.7,7.05,0.75,76.7,94949725,1.12,0.9,1442220,0.95,1885845,10223070
2026-04-13T11:54:16.728,NF,NIFTY13APR2624200CE,0.95,3.7,7.05,0.75,76.7,94956160,1.12,0.9,1478750,0.95,1880645,10223070
2026-04-13T11:54:18.337,NF,NIFTY13APR2624200CE,0.9,3.7,7.05,0.75,76.7,94959020,1.12,0.9,1481220,0.95,1881555,10223070
2026-04-13T11:54:20.133,NF,NIFTY13APR2624200CE,0.95,3.7,7.05,0.75,76.7,94962205,1.12,0.9,1485120,0.95,1883765,10223070
2026-04-13T11:54:21.738,NF,NIFTY13APR2624200CE,0.9,3.7,7.05,0.75,76.7,95027205,1.12,0.85,2558855,0.9,1737320,10223070
2026-04-13T11:54:23.357,NF,NIFTY13APR2624200CE,0.9,3.7,7.05,0.75,76.7,95031300,1.12,0.85,2562885,0.9,1735240,10223070
2026-04-13T11:54:25.142,NF,NIFTY13APR2624200CE,0.9,3.7,7.05,0.75,76.7,95032535,1.12,0.85,2572245,0.9,1830465,10223070
2026-04-13T11:54:26.743,NF,NIFTY13APR2624200CE,0.9,3.7,7.05,0.75,76.7,95038450,1.12,0.85,2567305,0.9,1826630,10223070
2026-04-13T11:54:28.346,NF,NIFTY13APR2624200CE,0.9,3.7,7.05,0.75,76.7,95040270,1.12,0.85,2558855,0.9,1829815,10223070
2026-04-13T11:54:30.151,NF,NIFTY13APR2624200CE,0.9,3.7,7.05,0.75,76.7,95042480,1.12,0.85,2558855,0.9,1824225,10223070
2026-04-13T11:54:31.765,NF,NIFTY13APR2624200CE,0.9,3.7,7.05,0.75,76.7,95050150,1.12,0.85,2584790,0.9,1817530,10223070
2026-04-13T11:54:33.354,NF,NIFTY13APR2624200CE,0.9,3.7,7.05,0.75,76.7,95055805,1.12,0.85,2590380,0.9,1810510,10223070
2026-04-13T11:54:34.958,NF,NIFTY13APR2624200CE,0.9,3.7,7.05,0.75,76.7,95063085,1.12,0.85,2588040,0.9,1844245,10223070
2026-04-13T11:54:36.761,NF,NIFTY13APR2624200CE,0.9,3.7,7.05,0.75,76.7,95088175,1.12,0.85,2637765,0.9,1824810,10223070
2026-04-13T11:54:38.370,NF,NIFTY13APR2624200CE,0.9,3.7,7.05,0.75,76.7,95166175,1.12,0.9,1538030,0.95,1871415,10223070
2026-04-13T11:54:39.965,NF,NIFTY13APR2624200CE,0.95,3.7,7.05,0.75,76.7,95166630,1.12,0.9,1561105,0.95,1875835,10223070
2026-04-13T11:54:41.769,NF,NIFTY13APR2624200CE,0.95,3.7,7.05,0.75,76.7,95180865,1.12,0.9,1574430,0.95,1868750,10223070
2026-04-13T11:54:43.372,NF,NIFTY13APR2624200CE,0.95,3.7,7.05,0.75,76.7,95181840,1.12,0.9,1607320,0.95,1868035,10223070
2026-04-13T11:54:44.975,NF,NIFTY13APR2624200CE,0.95,3.7,7.05,0.75,76.7,95184505,1.12,0.9,1610895,0.95,1864070,10223070
2026-04-13T11:54:46.788,NF,NIFTY13APR2624200CE,0.95,3.7,7.05,0.75,76.7,95214730,1.12,0.9,1646320,0.95,1828905,10223070
2026-04-13T11:54:48.378,NF,NIFTY13APR2624200CE,0.95,3.7,7.05,0.75,76.7,95224090,1.12,0.9,1663675,0.95,1679795,10223070
2026-04-13T11:54:49.977,NF,NIFTY13APR2624200CE,0.9,3.7,7.05,0.75,76.7,95305665,1.12,0.9,1807975,0.95,1740050,10223070
2026-04-13T11:54:51.586,NF,NIFTY13APR2624200CE,0.95,3.7,7.05,0.75,76.7,95312555,1.12,0.9,1839305,0.95,1763645,10223070
2026-04-13T11:54:53.382,NF,NIFTY13APR2624200CE,0.95,3.7,7.05,0.75,76.7,95315155,1.12,0.9,1836315,0.95,1764815,10223070
2026-04-13T11:54:54.987,NF,NIFTY13APR2624200CE,0.95,3.7,7.05,0.75,76.7,95318470,1.12,0.9,1844700,0.95,1764555,10223070
2026-04-13T11:54:56.589,NF,NIFTY13APR2624200CE,0.95,3.7,7.05,0.75,76.7,95333550,1.12,0.9,1836705,0.95,1739790,10223070
2026-04-13T11:54:58.395,NF,NIFTY13APR2624200CE,0.9,3.7,7.05,0.75,76.7,95356690,1.12,0.9,1847950,0.95,1728155,10223070
2026-04-13T11:54:59.999,NF,NIFTY13APR2624200CE,0.95,3.7,7.05,0.75,76.7,95367675,1.12,0.9,2023255,0.95,1762800,10223070
2026-04-13T11:55:01.614,NF,NIFTY13APR2624200CE,1.0,3.7,7.05,0.75,76.7,95484025,1.12,0.95,1515280,1.0,1760525,10223070
2026-04-13T11:55:03.400,NF,NIFTY13APR2624200CE,1.0,3.7,7.05,0.75,76.7,95490720,1.12,0.95,1771185,1.0,1730495,10223070
2026-04-13T11:55:05.023,NF,NIFTY13APR2624200CE,1.0,3.7,7.05,0.75,76.7,95678765,1.12,0.95,1823250,1.0,579865,10223070
2026-04-13T11:55:06.606,NF,NIFTY13APR2624200CE,1.05,3.7,7.05,0.75,76.7,95737135,1.12,1.0,1772940,1.05,1429935,10223070
2026-04-13T11:55:08.408,NF,NIFTY13APR2624200CE,1.05,3.7,7.05,0.75,76.7,95760275,1.12,1.0,1746615,1.05,1478620,10223070
2026-04-13T11:55:10.012,NF,NIFTY13APR2624200CE,1.0,3.7,7.05,0.75,76.7,95770480,1.12,1.0,1667835,1.05,1468155,10223070
2026-04-13T11:55:11.616,NF,NIFTY13APR2624200CE,1.05,3.7,7.05,0.75,76.7,95794140,1.12,1.0,1569230,1.05,1513525,10223070
2026-04-13T11:55:13.433,NF,NIFTY13APR2624200CE,1.0,3.7,7.05,0.75,76.7,95827680,1.12,1.0,1644305,1.05,1509625,10223070
2026-04-13T11:55:15.020,NF,NIFTY13APR2624200CE,1.0,3.7,7.05,0.75,76.7,95907955,1.12,0.95,2123420,1.0,1596725,10223070
2026-04-13T11:55:16.626,NF,NIFTY13APR2624200CE,1.0,3.7,7.05,0.75,76.7,95932590,1.12,0.95,2120560,1.0,1720550,10223070
2026-04-13T11:55:18.466,NF,NIFTY13APR2624200CE,1.0,3.7,7.05,0.75,76.7,95972565,1.12,0.95,2099435,1.0,1765140,10223070
2026-04-13T11:55:20.028,NF,NIFTY13APR2624200CE,0.95,3.7,7.05,0.75,76.7,95977440,1.12,0.95,2079610,1.0,1771705,10223070
2026-04-13T11:55:21.638,NF,NIFTY13APR2624200CE,0.95,3.7,7.05,0.75,76.7,95980885,1.12,0.95,2066025,1.0,1750515,10223070
2026-04-13T11:55:23.433,NF,NIFTY13APR2624200CE,1.0,3.7,7.05,0.75,76.7,95991415,1.12,0.95,2164630,1.0,1718535,10223070
2026-04-13T11:55:25.039,NF,NIFTY13APR2624200CE,1.0,3.7,7.05,0.75,76.7,96228340,1.12,1.0,1024790,1.05,1658540,10223070
2026-04-13T11:55:26.646,NF,NIFTY13APR2624200CE,1.0,3.7,7.05,0.75,76.7,96229965,1.12,1.0,1669135,1.05,1673945,10223070
2026-04-13T11:55:28.442,NF,NIFTY13APR2624200CE,1.0,3.7,7.05,0.75,76.7,96257200,1.12,1.0,1776905,1.05,1647360,10223070
2026-04-13T11:55:30.049,NF,NIFTY13APR2624200CE,1.05,3.7,7.05,0.75,76.7,96266235,1.12,1.0,1838265,1.05,1640600,10223070
2026-04-13T11:55:31.652,NF,NIFTY13APR2624200CE,1.05,3.7,7.05,0.75,76.7,96292365,1.12,1.0,1887405,1.05,1631370,10223070
2026-04-13T11:55:33.448,NF,NIFTY13APR2624200CE,1.0,3.7,7.05,0.75,76.7,96311930,1.12,1.0,1819090,1.05,1617330,10223070
2026-04-13T11:55:35.062,NF,NIFTY13APR2624200CE,1.0,3.7,7.05,0.75,76.7,96314335,1.12,1.0,1820910,1.05,1603940,10223070
2026-04-13T11:55:36.655,NF,NIFTY13APR2624200CE,1.05,3.7,7.05,0.75,76.7,96352620,1.12,1.0,1763190,1.05,1635725,10223070
2026-04-13T11:55:38.255,NF,NIFTY13APR2624200CE,1.0,3.7,7.05,0.75,76.7,96355350,1.12,1.0,1763515,1.05,1634685,10223070
2026-04-13T11:55:39.861,NF,NIFTY13APR2624200CE,1.0,3.7,7.05,0.75,76.7,96531240,1.12,1.0,1774500,1.05,1304355,10223070
2026-04-13T11:55:41.463,NF,NIFTY13APR2624200CE,1.05,3.7,7.05,0.75,76.7,96604690,1.12,1.0,1614990,1.05,1357655,10223070
2026-04-13T11:55:43.063,NF,NIFTY13APR2624200CE,1.0,3.7,7.05,0.75,76.7,96651230,1.12,1.0,1570595,1.05,1411540,10223070
2026-04-13T11:55:44.670,NF,NIFTY13APR2624200CE,1.0,3.7,7.05,0.75,76.7,96666050,1.12,1.0,1566175,1.05,1407705,10223070
2026-04-13T11:55:46.272,NF,NIFTY13APR2624200CE,1.05,3.7,7.05,0.75,76.7,96683015,1.12,1.0,1555775,1.05,1391520,10223070
2026-04-13T11:55:47.875,NF,NIFTY13APR2624200CE,1.0,3.7,7.05,0.75,76.7,96690425,1.12,1.0,1555060,1.05,1401855,10223070
2026-04-13T11:55:49.475,NF,NIFTY13APR2624200CE,1.05,3.7,7.05,0.75,76.7,96707845,1.12,1.0,1600950,1.05,1384760,10223070
2026-04-13T11:55:51.086,NF,NIFTY13APR2624200CE,1.0,3.7,7.05,0.75,76.7,96722145,1.12,1.0,1583205,1.05,1380015,10223070
2026-04-13T11:55:52.879,NF,NIFTY13APR2624200CE,1.0,3.7,7.05,0.75,76.7,96732285,1.12,1.0,1599585,1.05,1407835,10212020
2026-04-13T11:55:54.482,NF,NIFTY13APR2624200CE,1.05,3.7,7.05,0.75,76.7,96756855,1.12,1.0,1622335,1.05,1421615,10212020
2026-04-13T11:55:56.085,NF,NIFTY13APR2624200CE,1.05,3.7,7.05,0.75,76.7,96764785,1.12,1.0,1617655,1.05,1414010,10212020
2026-04-13T11:55:57.694,NF,NIFTY13APR2624200CE,1.0,3.7,7.05,0.75,76.7,96772845,1.12,1.0,1614015,1.05,1400620,10212020
2026-04-13T11:55:59.304,NF,NIFTY13APR2624200CE,1.05,3.7,7.05,0.75,76.7,96792020,1.12,1.0,1604525,1.05,1391455,10212020
2026-04-13T11:56:00.892,NF,NIFTY13APR2624200CE,1.0,3.7,7.05,0.75,76.7,96796960,1.12,1.0,1633255,1.05,1387425,10212020
2026-04-13T11:56:02.695,NF,NIFTY13APR2624200CE,1.0,3.7,7.05,0.75,76.7,96808465,1.12,1.0,1619800,1.05,1391520,10212020
2026-04-13T11:56:04.302,NF,NIFTY13APR2624200CE,1.0,3.7,7.05,0.75,76.7,96819125,1.12,1.0,1614470,1.05,1413035,10212020
2026-04-13T11:56:05.899,NF,NIFTY13APR2624200CE,1.05,3.7,7.05,0.75,76.7,96830305,1.12,1.0,1581060,1.05,1451255,10212020
2026-04-13T11:56:07.503,NF,NIFTY13APR2624200CE,1.05,3.7,7.05,0.75,76.7,96840445,1.12,1.0,1577420,1.05,1444105,10212020
2026-04-13T11:56:09.302,NF,NIFTY13APR2624200CE,1.0,3.7,7.05,0.75,76.7,96849415,1.12,1.0,1593280,1.05,1444235,10212020
2026-04-13T11:56:10.907,NF,NIFTY13APR2624200CE,1.0,3.7,7.05,0.75,76.7,96864820,1.12,1.0,1581385,1.05,1483950,10212020
2026-04-13T11:56:12.511,NF,NIFTY13APR2624200CE,1.0,3.7,7.05,0.75,76.7,96874635,1.12,1.0,1613105,1.05,1472250,10212020
2026-04-13T11:56:14.111,NF,NIFTY13APR2624200CE,1.0,3.7,7.05,0.75,76.7,96902520,1.12,1.0,1584960,1.05,1527630,10212020
2026-04-13T11:56:15.917,NF,NIFTY13APR2624200CE,1.0,3.7,7.05,0.75,76.7,96922930,1.12,1.0,1601210,1.05,1520545,10212020
2026-04-13T11:56:17.521,NF,NIFTY13APR2624200CE,1.05,3.7,7.05,0.75,76.7,97296550,1.12,1.0,1867060,1.05,403650,10212020
2026-04-13T11:56:19.121,NF,NIFTY13APR2624200CE,1.05,3.7,7.05,0.75,76.7,97369220,1.12,1.0,1884285,1.05,1683695,10212020
2026-04-13T11:56:20.933,NF,NIFTY13APR2624200CE,1.0,3.7,7.05,0.75,76.7,97376370,1.12,1.0,1882075,1.05,1720810,10212020
2026-04-13T11:56:22.524,NF,NIFTY13APR2624200CE,1.05,3.7,7.05,0.75,76.7,97388655,1.12,1.0,1905215,1.05,1682005,10212020
2026-04-13T11:56:24.142,NF,NIFTY13APR2624200CE,1.05,3.7,7.05,0.75,76.7,97444750,1.12,1.0,1911260,1.05,1766310,10212020
2026-04-13T11:56:25.736,NF,NIFTY13APR2624200CE,1.05,3.7,7.05,0.75,76.7,97450860,1.12,1.0,1927900,1.05,1946230,10212020
2026-04-13T11:56:27.331,NF,NIFTY13APR2624200CE,1.0,3.7,7.05,0.75,76.7,97469385,1.12,1.0,1669655,1.05,2007785,10212020
2026-04-13T11:56:28.936,NF,NIFTY13APR2624200CE,1.0,3.7,7.05,0.75,76.7,97497855,1.12,1.0,1648270,1.05,2048995,10212020
2026-04-13T11:56:30.537,NF,NIFTY13APR2624200CE,1.0,3.7,7.05,0.75,76.7,97640660,1.12,0.95,1874860,1.0,1763710,10212020
2026-04-13T11:56:32.156,NF,NIFTY13APR2624200CE,1.0,3.7,7.05,0.75,76.7,97644365,1.12,0.95,1902485,1.0,1752335,10212020
2026-04-13T11:56:33.751,NF,NIFTY13APR2624200CE,1.0,3.7,7.05,0.75,76.7,97683040,1.12,0.95,1899690,1.0,1721005,10212020
2026-04-13T11:56:35.357,NF,NIFTY13APR2624200CE,1.0,3.7,7.05,0.75,76.7,97706375,1.12,0.95,1743430,1.0,1737970,10212020
2026-04-13T11:56:36.962,NF,NIFTY13APR2624200CE,0.95,3.7,7.05,0.75,76.7,97708260,1.12,0.95,1816425,1.0,1730755,10212020
2026-04-13T11:56:38.759,NF,NIFTY13APR2624200CE,1.0,3.7,7.05,0.75,76.7,97720350,1.12,0.95,1734005,1.0,1748565,10212020
2026-04-13T11:56:40.353,NF,NIFTY13APR2624200CE,0.95,3.7,7.05,0.75,76.7,97732765,1.12,0.95,1721460,1.0,1748500,10212020
2026-04-13T11:56:41.959,NF,NIFTY13APR2624200CE,1.0,3.7,7.05,0.75,76.7,97737445,1.12,0.95,1749605,1.0,1743495,10212020
2026-04-13T11:56:43.560,NF,NIFTY13APR2624200CE,1.0,3.7,7.05,0.75,76.7,97737770,1.12,0.95,1755260,1.0,1736995,10212020
2026-04-13T11:56:45.361,NF,NIFTY13APR2624200CE,0.95,3.7,7.05,0.75,76.7,97763185,1.12,0.95,1726075,1.0,1741870,10212020
2026-04-13T11:56:46.967,NF,NIFTY13APR2624200CE,1.0,3.7,7.05,0.75,76.7,97765330,1.12,0.95,1750840,1.0,1751750,10212020
2026-04-13T11:56:48.568,NF,NIFTY13APR2624200CE,0.95,3.7,7.05,0.75,76.7,97771440,1.12,0.95,1751815,1.0,1740830,10212020
2026-04-13T11:56:50.177,NF,NIFTY13APR2624200CE,0.95,3.7,7.05,0.75,76.7,97774690,1.12,0.95,1746420,1.0,1739400,10212020
2026-04-13T11:56:51.777,NF,NIFTY13APR2624200CE,0.95,3.7,7.05,0.75,76.7,97781645,1.12,0.95,1745900,1.0,1732445,10212020
2026-04-13T11:56:53.575,NF,NIFTY13APR2624200CE,0.95,3.7,7.05,0.75,76.7,97784050,1.12,0.95,1744275,1.0,1758965,10212020
2026-04-13T11:56:55.192,NF,NIFTY13APR2624200CE,0.95,3.7,7.05,0.75,76.7,97836505,1.12,0.95,1586455,1.0,1779050,10212020
2026-04-13T11:56:56.797,NF,NIFTY13APR2624200CE,1.0,3.7,7.05,0.75,76.7,97840535,1.12,0.95,1583985,1.0,1785615,10212020
2026-04-13T11:56:58.583,NF,NIFTY13APR2624200CE,1.0,3.7,7.05,0.75,76.7,97848465,1.12,0.95,1584310,1.0,1776710,10212020
2026-04-13T11:57:00.187,NF,NIFTY13APR2624200CE,1.0,3.7,7.05,0.75,76.7,97869590,1.12,0.95,1612195,1.0,660530,10212020
2026-04-13T11:57:01.803,NF,NIFTY13APR2624200CE,1.0,3.7,7.05,0.75,76.7,97879600,1.12,0.95,1610635,1.0,1559870,10212020
2026-04-13T11:57:03.603,NF,NIFTY13APR2624200CE,0.95,3.7,7.05,0.75,76.7,97889610,1.12,0.95,1644500,1.0,1537705,10212020
2026-04-13T11:57:05.205,NF,NIFTY13APR2624200CE,0.95,3.7,7.05,0.75,76.7,97904560,1.12,0.95,1625715,1.0,1545180,10212020
2026-04-13T11:57:06.799,NF,NIFTY13APR2624200CE,1.0,3.7,7.05,0.75,76.7,97908200,1.12,0.95,1627730,1.0,1543425,10212020
2026-04-13T11:57:08.602,NF,NIFTY13APR2624200CE,0.95,3.7,7.05,0.75,76.7,98015970,1.12,0.95,1700790,1.0,1762930,10212020
2026-04-13T11:57:10.234,NF,NIFTY13APR2624200CE,1.0,3.7,7.05,0.75,76.7,98035340,1.12,0.95,1690845,1.0,1794585,10212020
2026-04-13T11:57:11.810,NF,NIFTY13APR2624200CE,1.0,3.7,7.05,0.75,76.7,98037940,1.12,0.95,1681810,1.0,1792050,10212020
2026-04-13T11:57:13.615,NF,NIFTY13APR2624200CE,0.95,3.7,7.05,0.75,76.7,98038460,1.12,0.95,1675375,1.0,1796405,10212020
2026-04-13T11:57:15.220,NF,NIFTY13APR2624200CE,1.0,3.7,7.05,0.75,76.7,98052435,1.12,0.95,1738815,1.0,1801475,10212020
2026-04-13T11:57:16.816,NF,NIFTY13APR2624200CE,1.0,3.7,7.05,0.75,76.7,98059780,1.12,0.95,1782235,1.0,1832740,10212020
2026-04-13T11:57:18.619,NF,NIFTY13APR2624200CE,1.0,3.7,7.05,0.75,76.7,98062640,1.12,0.95,1780610,1.0,1830725,10212020
2026-04-13T11:57:20.232,NF,NIFTY13APR2624200CE,1.0,3.7,7.05,0.75,76.7,98071740,1.12,0.95,1782365,1.0,1837420,10212020
2026-04-13T11:57:21.837,NF,NIFTY13APR2624200CE,0.95,3.7,7.05,0.75,76.7,98081165,1.12,0.95,1778400,1.0,1831765,10212020
2026-04-13T11:57:23.443,NF,NIFTY13APR2624200CE,0.95,3.7,7.05,0.75,76.7,98085130,1.12,0.95,1794325,1.0,1820780,10212020
2026-04-13T11:57:25.230,NF,NIFTY13APR2624200CE,1.0,3.7,7.05,0.75,76.7,98089420,1.12,0.95,1793805,1.0,1814475,10212020
2026-04-13T11:57:26.838,NF,NIFTY13APR2624200CE,1.0,3.7,7.05,0.75,76.7,98097740,1.12,0.95,1812330,1.0,1824615,10212020
2026-04-13T11:57:28.438,NF,NIFTY13APR2624200CE,0.95,3.7,7.05,0.75,76.7,98102420,1.12,0.95,1816165,1.0,1848535,10212020
2026-04-13T11:57:30.240,NF,NIFTY13APR2624200CE,1.0,3.7,7.05,0.75,76.7,98109830,1.12,0.95,1810445,1.0,1848145,10212020
2026-04-13T11:57:31.844,NF,NIFTY13APR2624200CE,1.0,3.7,7.05,0.75,76.7,98117565,1.12,0.95,1806675,1.0,1845545,10212020
2026-04-13T11:57:33.447,NF,NIFTY13APR2624200CE,0.95,3.7,7.05,0.75,76.7,98146230,1.12,0.95,1780025,1.0,1850095,10212020
2026-04-13T11:57:35.258,NF,NIFTY13APR2624200CE,0.95,3.7,7.05,0.75,76.7,98171515,1.12,0.95,1776710,1.0,1862640,10212020
2026-04-13T11:57:36.851,NF,NIFTY13APR2624200CE,1.0,3.7,7.05,0.75,76.7,98177885,1.12,0.95,1771055,1.0,1863745,10212020
2026-04-13T11:57:38.853,NF,NIFTY13APR2624200CE,1.0,3.7,7.05,0.75,76.7,98180485,1.12,0.95,1774890,1.0,1868685,10212020
2026-04-13T11:57:40.458,NF,NIFTY13APR2624200CE,1.0,3.7,7.05,0.75,76.7,98186465,1.12,0.95,1769040,1.0,1869335,10212020
2026-04-13T11:57:42.066,NF,NIFTY13APR2624200CE,1.0,3.7,7.05,0.75,76.7,98186660,1.12,0.95,1771055,1.0,1869530,10212020
2026-04-13T11:57:43.666,NF,NIFTY13APR2624200CE,0.95,3.7,7.05,0.75,76.7,98187700,1.12,0.95,1755585,1.0,1881035,10212020
2026-04-13T11:57:45.466,NF,NIFTY13APR2624200CE,1.0,3.7,7.05,0.75,76.7,98197125,1.12,0.95,1753375,1.0,1872455,10212020
2026-04-13T11:57:47.069,NF,NIFTY13APR2624200CE,0.95,3.7,7.05,0.75,76.7,98201935,1.12,0.95,1747200,1.0,1873560,10212020
2026-04-13T11:57:48.681,NF,NIFTY13APR2624200CE,1.0,3.7,7.05,0.75,76.7,98206745,1.12,0.95,1748110,1.0,1871415,10212020
2026-04-13T11:57:50.294,NF,NIFTY13APR2624200CE,0.95,3.7,7.05,0.75,76.7,98221305,1.12,0.95,1740765,1.0,1864330,10212020
2026-04-13T11:57:52.080,NF,NIFTY13APR2624200CE,0.95,3.7,7.05,0.75,76.7,98241000,1.12,0.95,1751100,1.0,1847560,10212020
2026-04-13T11:57:53.570,NF,NIFTY13APR2624200CE,0.95,3.7,7.05,0.75,76.7,98243210,1.12,0.95,1749540,1.0,1840735,10212020
2026-04-13T11:57:55.084,NF,NIFTY13APR2624200CE,1.0,3.7,7.05,0.75,76.7,98244965,1.12,0.95,1750060,1.0,1838850,10212020
2026-04-13T11:57:56.886,NF,NIFTY13APR2624200CE,1.0,3.7,7.05,0.75,76.7,98260565,1.12,0.95,1755065,1.0,1824290,10212020
2026-04-13T11:57:58.490,NF,NIFTY13APR2624200CE,1.0,3.7,7.05,0.75,76.7,98262710,1.12,0.95,1757795,1.0,1819870,10212020
2026-04-13T11:58:00.105,NF,NIFTY13APR2624200CE,1.0,3.7,7.05,0.75,76.7,98456735,1.12,0.95,1891890,1.0,1500915,10212020
2026-04-13T11:58:01.907,NF,NIFTY13APR2624200CE,0.95,3.7,7.05,0.75,76.7,98462260,1.12,0.95,1885910,1.0,1636700,10212020
2026-04-13T11:58:03.507,NF,NIFTY13APR2624200CE,1.0,3.7,7.05,0.75,76.7,98464340,1.12,0.95,1889160,1.0,1720355,10212020
2026-04-13T11:58:05.206,NF,NIFTY13APR2624200CE,1.0,3.7,7.05,0.75,76.7,98474545,1.12,0.95,1881490,1.0,1719575,10212020
2026-04-13T11:58:06.906,NF,NIFTY13APR2624200CE,1.0,3.7,7.05,0.75,76.7,98474870,1.12,0.95,1872650,1.0,1739855,10212020
2026-04-13T11:58:08.507,NF,NIFTY13APR2624200CE,1.0,3.7,7.05,0.75,76.7,98481175,1.12,0.95,1881295,1.0,1705275,10212020
2026-04-13T11:58:10.115,NF,NIFTY13APR2624200CE,1.0,3.7,7.05,0.75,76.7,98506265,1.12,0.95,1848210,1.0,1721980,10212020
2026-04-13T11:58:11.721,NF,NIFTY13APR2624200CE,1.0,3.7,7.05,0.75,76.7,98518745,1.12,0.95,1860625,1.0,1707680,10212020
2026-04-13T11:58:13.323,NF,NIFTY13APR2624200CE,1.0,3.7,7.05,0.75,76.7,98519005,1.12,0.95,1856725,1.0,1709435,10212020
2026-04-13T11:58:14.929,NF,NIFTY13APR2624200CE,1.0,3.7,7.05,0.75,76.7,98519200,1.12,0.95,1845415,1.0,1721590,10212020
2026-04-13T11:58:16.528,NF,NIFTY13APR2624200CE,1.0,3.7,7.05,0.75,76.7,98521670,1.12,0.95,1852630,1.0,1715610,10212020
2026-04-13T11:58:18.321,NF,NIFTY13APR2624200CE,1.0,3.7,7.05,0.75,76.7,98524205,1.12,0.95,1867775,1.0,1718275,10212020
2026-04-13T11:58:19.926,NF,NIFTY13APR2624200CE,0.95,3.7,7.05,0.75,76.7,98554040,1.12,0.95,1828190,1.0,1728415,10212020
2026-04-13T11:58:21.528,NF,NIFTY13APR2624200CE,1.0,3.7,7.05,0.75,76.7,98617415,1.12,0.95,1814475,1.0,1718145,10212020
2026-04-13T11:58:23.332,NF,NIFTY13APR2624200CE,0.95,3.7,7.05,0.75,76.7,98640945,1.12,0.95,1840800,1.0,1681875,10212020
2026-04-13T11:58:24.933,NF,NIFTY13APR2624200CE,0.95,3.7,7.05,0.75,76.7,98648420,1.12,0.95,1839760,1.0,1666730,10212020
2026-04-13T11:58:26.544,NF,NIFTY13APR2624200CE,1.0,3.7,7.05,0.75,76.7,98656480,1.12,0.95,1843140,1.0,1672775,10212020
2026-04-13T11:58:28.138,NF,NIFTY13APR2624200CE,1.0,3.7,7.05,0.75,76.7,98656545,1.12,0.95,1842620,1.0,1677910,10212020
2026-04-13T11:58:29.938,NF,NIFTY13APR2624200CE,0.95,3.7,7.05,0.75,76.7,98657000,1.12,0.95,1843335,1.0,1677715,10212020
2026-04-13T11:58:31.540,NF,NIFTY13APR2624200CE,1.0,3.7,7.05,0.75,76.7,98664865,1.12,0.95,1843790,1.0,1684215,10212020
2026-04-13T11:58:33.144,NF,NIFTY13APR2624200CE,0.95,3.7,7.05,0.75,76.7,98668505,1.12,0.95,1838330,1.0,1683760,10212020
2026-04-13T11:58:34.748,NF,NIFTY13APR2624200CE,0.95,3.7,7.05,0.75,76.7,98669415,1.12,0.95,1822860,1.0,1697215,10212020
2026-04-13T11:58:36.355,NF,NIFTY13APR2624200CE,0.95,3.7,7.05,0.75,76.7,98690085,1.12,0.95,1837225,1.0,1666535,10212020
2026-04-13T11:58:38.156,NF,NIFTY13APR2624200CE,1.0,3.7,7.05,0.75,76.7,98698080,1.12,0.95,1822600,1.0,1673425,10212020
2026-04-13T11:58:39.955,NF,NIFTY13APR2624200CE,0.95,3.7,7.05,0.75,76.7,98713485,1.12,0.95,1799200,1.0,1688050,10212020
2026-04-13T11:58:41.566,NF,NIFTY13APR2624200CE,1.0,3.7,7.05,0.75,76.7,98728305,1.12,0.95,1794455,1.0,1673165,10212020
2026-04-13T11:58:43.174,NF,NIFTY13APR2624200CE,1.0,3.7,7.05,0.75,76.7,98744620,1.12,0.95,1783600,1.0,1673945,10212020
2026-04-13T11:58:44.962,NF,NIFTY13APR2624200CE,1.0,3.7,7.05,0.75,76.7,98744945,1.12,0.95,1784770,1.0,1673555,10212020
2026-04-13T11:58:46.567,NF,NIFTY13APR2624200CE,1.0,3.7,7.05,0.75,76.7,98754825,1.12,0.95,1799590,1.0,1648985,10212020
2026-04-13T11:58:48.169,NF,NIFTY13APR2624200CE,1.0,3.7,7.05,0.75,76.7,98763210,1.12,0.95,1803295,1.0,1641380,10212020
2026-04-13T11:58:49.787,NF,NIFTY13APR2624200CE,0.95,3.7,7.05,0.75,76.7,98770230,1.12,0.95,1797510,1.0,1638130,10212020
2026-04-13T11:58:51.585,NF,NIFTY13APR2624200CE,1.0,3.7,7.05,0.75,76.7,98778615,1.12,0.95,1798030,1.0,1636050,10212020
2026-04-13T11:58:53.181,NF,NIFTY13APR2624200CE,1.0,3.7,7.05,0.75,76.7,98778810,1.12,0.95,1790360,1.0,1649570,10307960
2026-04-13T11:58:54.780,NF,NIFTY13APR2624200CE,0.95,3.7,7.05,0.75,76.7,98779980,1.12,0.95,1778855,1.0,1654250,10307960
2026-04-13T11:58:56.591,NF,NIFTY13APR2624200CE,1.0,3.7,7.05,0.75,76.7,98791615,1.12,0.95,1782170,1.0,1637415,10307960
2026-04-13T11:58:58.192,NF,NIFTY13APR2624200CE,1.0,3.7,7.05,0.75,76.7,98791875,1.12,0.95,1778140,1.0,1641315,10307960
2026-04-13T11:58:59.788,NF,NIFTY13APR2624200CE,0.95,3.7,7.05,0.75,76.7,98795060,1.12,0.95,1778855,1.0,1637480,10307960
2026-04-13T11:59:01.591,NF,NIFTY13APR2624200CE,0.95,3.7,7.05,0.75,76.7,98795515,1.12,0.95,1775345,1.0,1646645,10307960
2026-04-13T11:59:03.204,NF,NIFTY13APR2624200CE,1.0,3.7,7.05,0.75,76.7,98796815,1.12,0.95,1783990,1.0,1633775,10307960
2026-04-13T11:59:04.796,NF,NIFTY13APR2624200CE,1.0,3.7,7.05,0.75,76.7,98807085,1.12,0.95,1775410,1.0,1639495,10307960
2026-04-13T11:59:06.597,NF,NIFTY13APR2624200CE,1.0,3.7,7.05,0.75,76.7,98807995,1.12,0.95,1787695,1.0,1650675,10307960
2026-04-13T11:59:08.202,NF,NIFTY13APR2624200CE,0.95,3.7,7.05,0.75,76.7,98808710,1.12,0.95,1790360,1.0,1648595,10307960
2026-04-13T11:59:09.816,NF,NIFTY13APR2624200CE,1.0,3.7,7.05,0.75,76.7,98811375,1.12,0.95,1776385,1.0,1657695,10307960
2026-04-13T11:59:11.604,NF,NIFTY13APR2624200CE,0.95,3.7,7.05,0.75,76.7,98838155,1.12,0.95,1765790,1.0,1650545,10307960
2026-04-13T11:59:13.230,NF,NIFTY13APR2624200CE,1.0,3.7,7.05,0.75,76.7,98839325,1.12,0.95,1764425,1.0,1647035,10307960
2026-04-13T11:59:14.819,NF,NIFTY13APR2624200CE,0.95,3.7,7.05,0.75,76.7,98841470,1.12,0.95,1761110,1.0,1652365,10307960
2026-04-13T11:59:16.613,NF,NIFTY13APR2624200CE,0.95,3.7,7.05,0.75,76.7,98864155,1.12,0.95,1762475,1.0,1658150,10307960
2026-04-13T11:59:18.216,NF,NIFTY13APR2624200CE,0.95,3.7,7.05,0.75,76.7,98962305,1.12,0.9,1861145,0.95,1422915,10307960
2026-04-13T11:59:19.834,NF,NIFTY13APR2624200CE,0.9,3.7,7.05,0.75,76.7,98973940,1.12,0.9,1851395,0.95,1597115,10307960
2026-04-13T11:59:21.621,NF,NIFTY13APR2624200CE,0.9,3.7,7.05,0.75,76.7,98992530,1.12,0.9,1836575,0.95,1638195,10307960
2026-04-13T11:59:23.231,NF,NIFTY13APR2624200CE,0.95,3.7,7.05,0.75,76.7,99000720,1.12,0.9,1832870,0.95,1627405,10307960
2026-04-13T11:59:24.828,NF,NIFTY13APR2624200CE,0.9,3.7,7.05,0.75,76.7,99023795,1.12,0.9,1808170,0.95,1657305,10307960
2026-04-13T11:59:26.632,NF,NIFTY13APR2624200CE,0.95,3.7,7.05,0.75,76.7,99036665,1.12,0.9,1801735,0.95,1684930,10307960
2026-04-13T11:59:28.233,NF,NIFTY13APR2624200CE,0.9,3.7,7.05,0.75,76.7,99040630,1.12,0.9,1792115,0.95,1687920,10307960
2026-04-13T11:59:29.839,NF,NIFTY13APR2624200CE,0.9,3.7,7.05,0.75,76.7,99045050,1.12,0.9,1827020,0.95,1683760,10307960
2026-04-13T11:59:31.452,NF,NIFTY13APR2624200CE,0.9,3.7,7.05,0.75,76.7,99072740,1.12,0.9,1822795,0.95,1684670,10307960
2026-04-13T11:59:33.237,NF,NIFTY13APR2624200CE,0.9,3.7,7.05,0.75,76.7,99086845,1.12,0.9,1831245,0.95,1702610,10307960
2026-04-13T11:59:34.841,NF,NIFTY13APR2624200CE,0.95,3.7,7.05,0.75,76.7,99099130,1.12,0.9,1826435,0.95,1707810,10307960
2026-04-13T11:59:36.444,NF,NIFTY13APR2624200CE,0.9,3.7,7.05,0.75,76.7,99128835,1.12,0.9,1799655,0.95,1702415,10307960
2026-04-13T11:59:38.244,NF,NIFTY13APR2624200CE,0.9,3.7,7.05,0.75,76.7,99157630,1.12,0.9,1776710,0.95,1698710,10307960
2026-04-13T11:59:39.849,NF,NIFTY13APR2624200CE,0.95,3.7,7.05,0.75,76.7,99160685,1.12,0.9,1774955,0.95,1696760,10307960
2026-04-13T11:59:41.450,NF,NIFTY13APR2624200CE,0.9,3.7,7.05,0.75,76.7,99187205,1.12,0.9,1742130,0.95,1700725,10307960
2026-04-13T11:59:43.053,NF,NIFTY13APR2624200CE,0.9,3.7,7.05,0.75,76.7,99188440,1.12,0.9,1701960,0.95,1703195,10307960
2026-04-13T11:59:44.853,NF,NIFTY13APR2624200CE,0.9,3.7,7.05,0.75,76.7,99210605,1.12,0.9,1687530,0.95,1701960,10307960
2026-04-13T11:59:46.462,NF,NIFTY13APR2624200CE,0.9,3.7,7.05,0.75,76.7,99217040,1.12,0.9,1688245,0.95,1708980,10307960
2026-04-13T11:59:48.061,NF,NIFTY13APR2624200CE,0.95,3.7,7.05,0.75,76.7,99221590,1.12,0.9,1687920,0.95,1702025,10307960
2026-04-13T11:59:49.862,NF,NIFTY13APR2624200CE,0.95,3.7,7.05,0.75,76.7,99224840,1.12,0.9,1689350,0.95,1699100,10307960
2026-04-13T11:59:51.464,NF,NIFTY13APR2624200CE,0.95,3.7,7.05,0.75,76.7,99234850,1.12,0.9,1738750,0.95,1688505,10307960
2026-04-13T11:59:53.067,NF,NIFTY13APR2624200CE,0.9,3.7,7.05,0.75,76.7,99238620,1.12,0.9,1731600,0.95,1688440,10307960
2026-04-13T11:59:54.669,NF,NIFTY13APR2624200CE,0.9,3.7,7.05,0.75,76.7,99242325,1.12,0.9,1729390,0.95,1689090,10307960
2026-04-13T11:59:56.278,NF,NIFTY13APR2624200CE,0.9,3.7,7.05,0.75,76.7,99253765,1.12,0.9,1735370,0.95,1691625,10307960
2026-04-13T11:59:58.074,NF,NIFTY13APR2624200CE,0.9,3.7,7.05,0.75,76.7,99264880,1.12,0.9,1709565,0.95,1691755,10307960
2026-04-13T11:59:59.673,NF,NIFTY13APR2624200CE,0.9,3.7,7.05,0.75,76.7,99268845,1.12,0.9,1731860,0.95,1688895,10307960
2026-04-13T12:00:01.278,NF,NIFTY13APR2624200CE,0.95,3.7,7.05,0.75,76.7,99276255,1.12,0.9,1726660,0.95,1686295,10307960
2026-04-13T12:00:02.893,NF,NIFTY13APR2624200CE,0.9,3.7,7.05,0.75,76.7,99281065,1.12,0.9,1722955,0.95,1679015,10307960
2026-04-13T12:00:04.680,NF,NIFTY13APR2624200CE,0.95,3.7,7.05,0.75,76.7,99284055,1.12,0.9,1707550,0.95,1677260,10307960
2026-04-13T12:00:06.291,NF,NIFTY13APR2624200CE,0.9,3.7,7.05,0.75,76.7,99284705,1.12,0.9,1702155,0.95,1677325,10307960
2026-04-13T12:00:07.896,NF,NIFTY13APR2624200CE,0.9,3.7,7.05,0.75,76.7,99287630,1.12,0.9,1733355,0.95,1675115,10307960
2026-04-13T12:00:09.487,NF,NIFTY13APR2624200CE,0.9,3.7,7.05,0.75,76.7,99291270,1.12,0.9,1724450,0.95,1687270,10307960
2026-04-13T12:00:11.092,NF,NIFTY13APR2624200CE,0.9,3.7,7.05,0.75,76.7,99306675,1.12,0.9,1751750,0.95,1672385,10307960
2026-04-13T12:00:12.891,NF,NIFTY13APR2624200CE,0.9,3.7,7.05,0.75,76.7,99308625,1.12,0.9,1750905,0.95,1688830,10307960
2026-04-13T12:00:14.505,NF,NIFTY13APR2624200CE,0.9,3.7,7.05,0.75,76.7,99309210,1.12,0.9,1739465,0.95,1689220,10307960
2026-04-13T12:00:16.111,NF,NIFTY13APR2624200CE,0.9,3.7,7.05,0.75,76.7,99309990,1.12,0.9,1733225,0.95,1694290,10307960
2026-04-13T12:00:17.712,NF,NIFTY13APR2624200CE,0.9,3.7,7.05,0.75,76.7,99312525,1.12,0.9,1723215,0.95,1689350,10307960
2026-04-13T12:00:19.316,NF,NIFTY13APR2624200CE,0.9,3.7,7.05,0.75,76.7,99314605,1.12,0.9,1735240,0.95,1690975,10307960
2026-04-13T12:00:21.118,NF,NIFTY13APR2624200CE,0.9,3.7,7.05,0.75,76.7,99315840,1.12,0.9,1741545,0.95,1687465,10307960
2026-04-13T12:00:22.707,NF,NIFTY13APR2624200CE,0.95,3.7,7.05,0.75,76.7,99317660,1.12,0.9,1725555,0.95,1689610,10307960
2026-04-13T12:00:24.312,NF,NIFTY13APR2624200CE,0.9,3.7,7.05,0.75,76.7,99453770,1.12,0.85,2832765,0.9,1194830,10307960
2026-04-13T12:00:25.927,NF,NIFTY13APR2624200CE,0.9,3.7,7.05,0.75,76.7,99454030,1.12,0.85,2855060,0.9,1364415,10307960
2026-04-13T12:00:27.726,NF,NIFTY13APR2624200CE,0.85,3.7,7.05,0.75,76.7,99454615,1.12,0.85,2851290,0.9,1422135,10307960
2026-04-13T12:00:29.321,NF,NIFTY13APR2624200CE,0.85,3.7,7.05,0.75,76.7,99461050,1.12,0.85,2853695,0.9,1456650,10307960
2026-04-13T12:00:30.922,NF,NIFTY13APR2624200CE,0.9,3.7,7.05,0.75,76.7,99461505,1.12,0.85,2848365,0.9,1452815,10307960
2026-04-13T12:00:32.526,NF,NIFTY13APR2624200CE,0.9,3.7,7.05,0.75,76.7,99461765,1.12,0.85,2852395,0.9,1452945,10307960
2026-04-13T12:00:34.127,NF,NIFTY13APR2624200CE,0.9,3.7,7.05,0.75,76.7,99485945,1.12,0.85,2888990,0.9,1464840,10307960
2026-04-13T12:00:35.731,NF,NIFTY13APR2624200CE,0.85,3.7,7.05,0.75,76.7,99487505,1.12,0.85,2893865,0.9,1464125,10307960
2026-04-13T12:00:37.334,NF,NIFTY13APR2624200CE,0.85,3.7,7.05,0.75,76.7,99511295,1.12,0.85,2889640,0.9,1614795,10307960
2026-04-13T12:00:38.934,NF,NIFTY13APR2624200CE,0.9,3.7,7.05,0.75,76.7,99511880,1.12,0.85,2870855,0.9,1609140,10307960
2026-04-13T12:00:40.538,NF,NIFTY13APR2624200CE,0.85,3.7,7.05,0.75,76.7,99518705,1.12,0.85,2863705,0.9,1640730,10307960
2026-04-13T12:00:42.155,NF,NIFTY13APR2624200CE,0.9,3.7,7.05,0.75,76.7,99559135,1.12,0.85,2879370,0.9,1641315,10307960
2026-04-13T12:00:43.954,NF,NIFTY13APR2624200CE,0.85,3.7,7.05,0.75,76.7,99566610,1.12,0.85,2876185,0.9,1653145,10307960
2026-04-13T12:00:45.543,NF,NIFTY13APR2624200CE,0.9,3.7,7.05,0.75,76.7,99586435,1.12,0.85,2894320,0.9,1632215,10307960
2026-04-13T12:00:47.158,NF,NIFTY13APR2624200CE,0.9,3.7,7.05,0.75,76.7,99690695,1.12,0.85,3183700,0.9,1586260,10307960
2026-04-13T12:00:48.950,NF,NIFTY13APR2624200CE,0.9,3.7,7.05,0.75,76.7,99691995,1.12,0.85,3181685,0.9,1587235,10307960
2026-04-13T12:00:50.551,NF,NIFTY13APR2624200CE,0.9,3.7,7.05,0.75,76.7,99697065,1.12,0.85,3184155,0.9,1607645,10307960
2026-04-13T12:00:52.167,NF,NIFTY13APR2624200CE,0.85,3.7,7.05,0.75,76.7,99697975,1.12,0.85,3185715,0.9,1597895,10307960
2026-04-13T12:00:53.972,NF,NIFTY13APR2624200CE,0.95,3.7,7.05,0.75,76.7,99770255,1.12,0.9,4431635,0.95,1778400,10307960
2026-04-13T12:00:55.574,NF,NIFTY13APR2624200CE,0.95,3.7,7.05,0.75,76.7,99774025,1.12,0.9,4496050,0.95,1839175,10307960
2026-04-13T12:00:57.161,NF,NIFTY13APR2624200CE,0.95,3.7,7.05,0.75,76.7,99785075,1.12,0.9,4496050,0.95,1831440,10307960
2026-04-13T12:00:58.969,NF,NIFTY13APR2624200CE,0.9,3.7,7.05,0.75,76.7,99785530,1.12,0.9,4480320,0.95,1831440,10307960
2026-04-13T12:01:00.582,NF,NIFTY13APR2624200CE,0.95,3.7,7.05,0.75,76.7,99789885,1.12,0.9,4478695,0.95,1824615,10307960
2026-04-13T12:01:02.184,NF,NIFTY13APR2624200CE,0.9,3.7,7.05,0.75,76.7,99794955,1.12,0.9,4473755,0.95,1828320,10307960
2026-04-13T12:01:03.968,NF,NIFTY13APR2624200CE,0.9,3.7,7.05,0.75,76.7,99795020,1.12,0.9,4474405,0.95,1830140,10307960
2026-04-13T12:01:05.574,NF,NIFTY13APR2624200CE,0.95,3.7,7.05,0.75,76.7,99795800,1.12,0.9,4476615,0.95,1824680,10307960
2026-04-13T12:01:07.272,NF,NIFTY13APR2624200CE,0.95,3.7,7.05,0.75,76.7,99799050,1.12,0.9,4471415,0.95,1826370,10307960
2026-04-13T12:01:08.974,NF,NIFTY13APR2624200CE,0.95,3.7,7.05,0.75,76.7,99801325,1.12,0.9,4466215,0.95,1827540,10307960
2026-04-13T12:01:10.576,NF,NIFTY13APR2624200CE,0.95,3.7,7.05,0.75,76.7,99819135,1.12,0.9,4466085,0.95,1810770,10307960
2026-04-13T12:01:12.186,NF,NIFTY13APR2624200CE,0.95,3.7,7.05,0.75,76.7,99896290,1.12,0.95,1629160,1.0,1719640,10307960
2026-04-13T12:01:13.791,NF,NIFTY13APR2624200CE,0.95,3.7,7.05,0.75,76.7,100013940,1.12,0.9,3964155,0.95,1647685,10307960
2026-04-13T12:01:15.584,NF,NIFTY13APR2624200CE,0.9,3.7,7.05,0.75,76.7,100017905,1.12,0.9,3963050,0.95,1634490,10307960
2026-04-13T12:01:17.186,NF,NIFTY13APR2624200CE,1.0,3.7,7.05,0.75,76.7,100077770,1.12,0.95,1644305,1.0,1722500,10307960
2026-04-13T12:01:18.799,NF,NIFTY13APR2624200CE,1.0,3.7,7.05,0.75,76.7,100085895,1.12,0.95,1629095,1.0,1736020,10307960
2026-04-13T12:01:20.610,NF,NIFTY13APR2624200CE,1.0,3.7,7.05,0.75,76.7,100099740,1.12,0.95,1669005,1.0,1744535,10307960
2026-04-13T12:01:22.194,NF,NIFTY13APR2624200CE,1.0,3.7,7.05,0.75,76.7,100103575,1.12,0.95,1742260,1.0,1732250,10307960
2026-04-13T12:01:23.797,NF,NIFTY13APR2624200CE,1.0,3.7,7.05,0.75,76.7,100105785,1.12,0.95,1813305,1.0,1729780,10307960
2026-04-13T12:01:25.623,NF,NIFTY13APR2624200CE,0.95,3.7,7.05,0.75,76.7,100114560,1.12,0.95,1861730,1.0,1722890,10307960
2026-04-13T12:01:27.220,NF,NIFTY13APR2624200CE,1.0,3.7,7.05,0.75,76.7,100118200,1.12,0.95,1891305,1.0,1726010,10307960
2026-04-13T12:01:28.803,NF,NIFTY13APR2624200CE,0.95,3.7,7.05,0.75,76.7,100197175,1.12,0.95,1433315,1.0,1732250,10307960
2026-04-13T12:01:30.603,NF,NIFTY13APR2624200CE,1.0,3.7,7.05,0.75,76.7,100254830,1.12,0.95,1588535,1.0,1741220,10307960
2026-04-13T12:01:32.214,NF,NIFTY13APR2624200CE,0.95,3.7,7.05,0.75,76.7,100257690,1.12,0.95,1590810,1.0,1741870,10307960
2026-04-13T12:01:33.811,NF,NIFTY13APR2624200CE,1.0,3.7,7.05,0.75,76.7,100258080,1.12,0.95,1590615,1.0,1752465,10307960
2026-04-13T12:01:35.633,NF,NIFTY13APR2624200CE,0.9,3.7,7.05,0.75,76.7,100297925,1.12,0.9,3937050,0.95,1409395,10307960
2026-04-13T12:01:37.222,NF,NIFTY13APR2624200CE,0.9,3.7,7.05,0.75,76.7,100298445,1.12,0.9,3948880,0.95,1404065,10307960
2026-04-13T12:01:38.414,NF,NIFTY13APR2624200CE,0.9,3.7,7.05,0.75,76.7,100298510,1.12,0.9,3948555,0.95,1402570,10307960
2026-04-13T12:01:40.020,NF,NIFTY13APR2624200CE,0.95,3.7,7.05,0.75,76.7,100302085,1.12,0.9,3949010,0.95,1402440,10307960
2026-04-13T12:01:41.623,NF,NIFTY13APR2624200CE,0.95,3.7,7.05,0.75,76.7,100312160,1.12,0.9,3936595,0.95,1392950,10307960
2026-04-13T12:01:43.422,NF,NIFTY13APR2624200CE,0.95,3.7,7.05,0.75,76.7,100315215,1.12,0.9,3937115,0.95,1392755,10307960
2026-04-13T12:01:45.057,NF,NIFTY13APR2624200CE,0.9,3.7,7.05,0.75,76.7,100316125,1.12,0.9,3930420,0.95,1441115,10307960
2026-04-13T12:01:46.631,NF,NIFTY13APR2624200CE,0.95,3.7,7.05,0.75,76.7,100325680,1.12,0.9,3931525,0.95,1460940,10307960
2026-04-13T12:01:48.249,NF,NIFTY13APR2624200CE,0.95,3.7,7.05,0.75,76.7,100328930,1.12,0.9,3932695,0.95,1446900,10307960
2026-04-13T12:01:50.037,NF,NIFTY13APR2624200CE,0.9,3.7,7.05,0.75,76.7,100331140,1.12,0.9,3929510,0.95,1475045,10307960
2026-04-13T12:01:51.658,NF,NIFTY13APR2624200CE,0.95,3.7,7.05,0.75,76.7,100336405,1.12,0.9,3931980,0.95,1466595,10307960
2026-04-13T12:01:53.255,NF,NIFTY13APR2624200CE,0.9,3.7,7.05,0.75,76.7,100337380,1.12,0.9,3928275,0.95,1464645,10307960
2026-04-13T12:01:54.851,NF,NIFTY13APR2624200CE,0.9,3.7,7.05,0.75,76.7,100339980,1.12,0.9,3926455,0.95,1485055,10374910
2026-04-13T12:01:56.642,NF,NIFTY13APR2624200CE,0.95,3.7,7.05,0.75,76.7,100348170,1.12,0.9,3936985,0.95,1465295,10374910
2026-04-13T12:01:58.246,NF,NIFTY13APR2624200CE,0.9,3.7,7.05,0.75,76.7,100349860,1.12,0.9,3933540,0.95,1459575,10374910
2026-04-13T12:01:59.864,NF,NIFTY13APR2624200CE,0.9,3.7,7.05,0.75,76.7,100351030,1.12,0.9,3928860,0.95,1476605,10374910
2026-04-13T12:02:01.673,NF,NIFTY13APR2624200CE,0.95,3.7,7.05,0.75,76.7,100401145,1.12,0.95,1518335,1.0,1730365,10374910
2026-04-13T12:02:03.252,NF,NIFTY13APR2624200CE,1.0,3.7,7.05,0.75,76.7,100401275,1.12,0.95,1581060,1.0,1743885,10374910
2026-04-13T12:02:04.855,NF,NIFTY13APR2624200CE,0.95,3.7,7.05,0.75,76.7,100477780,1.12,0.95,1475890,1.0,1760070,10374910
2026-04-13T12:02:06.457,NF,NIFTY13APR2624200CE,0.95,3.7,7.05,0.75,76.7,100485255,1.12,0.95,1508520,1.0,1750385,10374910
2026-04-13T12:02:08.078,NF,NIFTY13APR2624200CE,0.95,3.7,7.05,0.75,76.7,100493965,1.12,0.95,1508910,1.0,1769040,10374910
2026-04-13T12:02:09.862,NF,NIFTY13APR2624200CE,1.0,3.7,7.05,0.75,76.7,100497605,1.12,0.95,1541020,1.0,1744080,10374910
2026-04-13T12:02:11.466,NF,NIFTY13APR2624200CE,0.95,3.7,7.05,0.75,76.7,100506835,1.12,0.95,1539265,1.0,1743040,10374910
2026-04-13T12:02:13.072,NF,NIFTY13APR2624200CE,0.95,3.7,7.05,0.75,76.7,100513335,1.12,0.95,1533220,1.0,1777100,10374910
2026-04-13T12:02:14.677,NF,NIFTY13APR2624200CE,0.95,3.7,7.05,0.75,76.7,100517235,1.12,0.95,1535625,1.0,1756560,10374910
2026-04-13T12:02:16.277,NF,NIFTY13APR2624200CE,1.0,3.7,7.05,0.75,76.7,100520485,1.12,0.95,1555840,1.0,1749280,10374910
2026-04-13T12:02:17.882,NF,NIFTY13APR2624200CE,0.95,3.7,7.05,0.75,76.7,100530885,1.12,0.95,1555710,1.0,1768585,10374910
2026-04-13T12:02:19.689,NF,NIFTY13APR2624200CE,1.0,3.7,7.05,0.75,76.7,100534395,1.12,0.95,1567475,1.0,1737060,10374910
2026-04-13T12:02:21.282,NF,NIFTY13APR2624200CE,1.0,3.7,7.05,0.75,76.7,100541935,1.12,0.95,1567345,1.0,1731015,10374910
2026-04-13T12:02:22.887,NF,NIFTY13APR2624200CE,1.0,3.7,7.05,0.75,76.7,100542000,1.12,0.95,1567410,1.0,1760135,10374910
2026-04-13T12:02:24.508,NF,NIFTY13APR2624200CE,1.0,3.7,7.05,0.75,76.7,100544145,1.12,0.95,1566630,1.0,1725555,10374910
2026-04-13T12:02:26.295,NF,NIFTY13APR2624200CE,1.0,3.7,7.05,0.75,76.7,100553765,1.11,0.95,1567345,1.0,1714960,10374910
2026-04-13T12:02:27.898,NF,NIFTY13APR2624200CE,1.0,3.7,7.05,0.75,76.7,100556365,1.11,0.95,1567410,1.0,1713400,10374910
2026-04-13T12:02:29.508,NF,NIFTY13APR2624200CE,0.95,3.7,7.05,0.75,76.7,100560785,1.11,0.95,1572090,1.0,1726530,10374910
2026-04-13T12:02:31.305,NF,NIFTY13APR2624200CE,1.0,3.7,7.05,0.75,76.7,100575475,1.11,0.95,1581125,1.0,1716650,10374910
2026-04-13T12:02:32.903,NF,NIFTY13APR2624200CE,1.0,3.7,7.05,0.75,76.7,100579050,1.11,0.95,1567930,1.0,1715805,10374910
2026-04-13T12:02:34.507,NF,NIFTY13APR2624200CE,0.95,3.7,7.05,0.75,76.7,100579830,1.11,0.95,1567345,1.0,1727505,10374910
2026-04-13T12:02:36.305,NF,NIFTY13APR2624200CE,1.0,3.7,7.05,0.75,76.7,100585745,1.11,0.95,1580345,1.0,1711775,10374910
2026-04-13T12:02:37.908,NF,NIFTY13APR2624200CE,1.0,3.7,7.05,0.75,76.7,100596405,1.11,0.95,1575405,1.0,1702675,10374910
2026-04-13T12:02:39.930,NF,NIFTY13APR2624200CE,1.0,3.7,7.05,0.75,76.7,100596665,1.11,0.95,1578785,1.0,1701570,10374910
2026-04-13T12:02:41.723,NF,NIFTY13APR2624200CE,1.0,3.7,7.05,0.75,76.7,100612655,1.11,0.95,1584635,1.0,940225,10374910
2026-04-13T12:02:43.317,NF,NIFTY13APR2624200CE,1.0,3.7,7.05,0.75,76.7,100612720,1.11,0.95,1579500,1.0,940810,10374910
2026-04-13T12:02:44.920,NF,NIFTY13APR2624200CE,1.0,3.7,7.05,0.75,76.7,100619675,1.11,0.95,1577940,1.0,954460,10374910
2026-04-13T12:02:46.722,NF,NIFTY13APR2624200CE,1.0,3.7,7.05,0.75,76.7,100635405,1.11,0.95,1570465,1.0,1077310,10374910
2026-04-13T12:02:48.325,NF,NIFTY13APR2624200CE,0.95,3.7,7.05,0.75,76.7,100642685,1.11,0.95,1580995,1.0,1075425,10374910
2026-04-13T12:02:49.941,NF,NIFTY13APR2624200CE,1.0,3.7,7.05,0.75,76.7,100644245,1.11,0.95,1586910,1.0,1088555,10374910
2026-04-13T12:02:51.735,NF,NIFTY13APR2624200CE,1.0,3.7,7.05,0.75,76.7,100655490,1.11,0.95,1587755,1.0,1129960,10374910
2026-04-13T12:02:53.349,NF,NIFTY13APR2624200CE,0.95,3.7,7.05,0.75,76.7,100658415,1.11,0.95,1574625,1.0,1122550,10374910
2026-04-13T12:02:54.936,NF,NIFTY13APR2624200CE,0.95,3.7,7.05,0.75,76.7,100658545,1.11,0.95,1574625,1.0,1130285,10374910
2026-04-13T12:02:56.549,NF,NIFTY13APR2624200CE,0.95,3.7,7.05,0.75,76.7,100667645,1.11,0.95,1576835,1.0,1116505,10374910
2026-04-13T12:02:58.348,NF,NIFTY13APR2624200CE,0.95,3.7,7.05,0.75,76.7,100667905,1.11,0.95,1573065,1.0,1126580,10374910
2026-04-13T12:02:59.941,NF,NIFTY13APR2624200CE,1.0,3.7,7.05,0.75,76.7,100668750,1.11,0.95,1567085,1.0,1155960,10374910
2026-04-13T12:03:03.348,NF,NIFTY13APR2624200CE,1.0,3.7,7.05,0.75,76.7,100678760,1.11,0.95,1572350,1.0,1143285,10374910
2026-04-13T12:03:04.948,NF,NIFTY13APR2624200CE,1.0,3.7,7.05,0.75,76.7,100680320,1.11,0.95,1578980,1.0,1141660,10374910
2026-04-13T12:03:06.551,NF,NIFTY13APR2624200CE,1.0,3.7,7.05,0.75,76.7,100684025,1.11,0.95,1567150,1.0,1138345,10374910
2026-04-13T12:03:08.361,NF,NIFTY13APR2624200CE,1.0,3.7,7.05,0.75,76.7,100684350,1.11,0.95,1577550,1.0,1139450,10374910
2026-04-13T12:03:09.962,NF,NIFTY13APR2624200CE,0.95,3.7,7.05,0.75,76.7,100689095,1.11,0.95,1579890,1.0,1142830,10374910
2026-04-13T12:03:11.558,NF,NIFTY13APR2624200CE,1.0,3.7,7.05,0.75,76.7,100706515,1.11,0.95,1591850,1.0,1116245,10374910
2026-04-13T12:03:13.359,NF,NIFTY13APR2624200CE,0.95,3.7,7.05,0.75,76.7,100712950,1.11,0.95,1502085,1.0,1132300,10374910
2026-04-13T12:03:14.962,NF,NIFTY13APR2624200CE,0.95,3.7,7.05,0.75,76.7,100742915,1.11,0.95,1572285,1.0,1653340,10374910
2026-04-13T12:03:16.565,NF,NIFTY13APR2624200CE,0.95,3.7,7.05,0.75,76.7,100743630,1.11,0.95,1569815,1.0,1691690,10374910
2026-04-13T12:03:18.380,NF,NIFTY13APR2624200CE,1.0,3.7,7.05,0.75,76.7,100747465,1.11,0.95,1580930,1.0,1697020,10374910
2026-04-13T12:03:19.969,NF,NIFTY13APR2624200CE,0.95,3.7,7.05,0.75,76.7,100806030,1.11,0.9,4378335,0.95,1386125,10374910
2026-04-13T12:03:21.573,NF,NIFTY13APR2624200CE,0.95,3.7,7.05,0.75,76.7,100807395,1.11,0.9,4378400,0.95,1383070,10374910
2026-04-13T12:03:23.182,NF,NIFTY13APR2624200CE,0.95,3.7,7.05,0.75,76.7,100807460,1.11,0.9,4379050,0.95,1380470,10374910
2026-04-13T12:03:24.980,NF,NIFTY13APR2624200CE,0.95,3.7,7.05,0.75,76.7,100825335,1.11,0.9,4362345,0.95,1388790,10374910
2026-04-13T12:03:26.585,NF,NIFTY13APR2624200CE,0.95,3.7,7.05,0.75,76.7,100830600,1.11,0.9,4362410,0.95,1371695,10374910
2026-04-13T12:03:28.187,NF,NIFTY13APR2624200CE,0.95,3.7,7.05,0.75,76.7,100831055,1.11,0.9,4376905,0.95,1367600,10374910
2026-04-13T12:03:29.987,NF,NIFTY13APR2624200CE,0.9,3.7,7.05,0.75,76.7,100833135,1.11,0.9,4351620,0.95,1381965,10374910
2026-04-13T12:03:31.591,NF,NIFTY13APR2624200CE,0.95,3.7,7.05,0.75,76.7,100846330,1.11,0.9,4348370,0.95,1378845,10374910
2026-04-13T12:03:33.193,NF,NIFTY13APR2624200CE,0.95,3.7,7.05,0.75,76.7,100847045,1.11,0.9,4347785,0.95,1379560,10374910
2026-04-13T12:03:34.995,NF,NIFTY13APR2624200CE,0.9,3.7,7.05,0.75,76.7,100849255,1.11,0.9,4343755,0.95,1380145,10374910
2026-04-13T12:03:36.598,NF,NIFTY13APR2624200CE,0.9,3.7,7.05,0.75,76.7,100873175,1.11,0.9,3677765,0.95,1889485,10374910
2026-04-13T12:03:39.606,NF,NIFTY13APR2624200CE,0.9,3.7,7.05,0.75,76.7,100890530,1.11,0.9,3661190,0.95,1895270,10374910
2026-04-13T12:03:41.403,NF,NIFTY13APR2624200CE,0.9,3.7,7.05,0.75,76.7,100900020,1.11,0.9,3663660,0.95,1887210,10374910
2026-04-13T12:03:43.004,NF,NIFTY13APR2624200CE,0.9,3.7,7.05,0.75,76.7,100902360,1.11,0.9,3661580,0.95,1887925,10374910
2026-04-13T12:03:44.609,NF,NIFTY13APR2624200CE,0.9,3.7,7.05,0.75,76.7,100903335,1.11,0.9,3660995,0.95,1888965,10374910
2026-04-13T12:03:46.214,NF,NIFTY13APR2624200CE,0.9,3.7,7.05,0.75,76.7,100909770,1.11,0.9,3670095,0.95,1866020,10374910
2026-04-13T12:03:47.822,NF,NIFTY13APR2624200CE,0.9,3.7,7.05,0.75,76.7,100915100,1.11,0.9,3669380,0.95,1866540,10374910
2026-04-13T12:03:49.619,NF,NIFTY13APR2624200CE,0.95,3.7,7.05,0.75,76.7,100916140,1.11,0.9,3672955,0.95,1863550,10374910
2026-04-13T12:03:51.223,NF,NIFTY13APR2624200CE,0.95,3.7,7.05,0.75,76.7,100925240,1.11,0.9,3677115,0.95,1853020,10374910
2026-04-13T12:03:52.823,NF,NIFTY13APR2624200CE,0.95,3.7,7.05,0.75,76.7,100926215,1.11,0.9,3677700,0.95,1847755,10374910
2026-04-13T12:03:54.423,NF,NIFTY13APR2624200CE,0.95,3.7,7.05,0.75,76.7,100926475,1.11,0.9,3679520,0.95,1848275,10374910
2026-04-13T12:03:56.026,NF,NIFTY13APR2624200CE,0.95,3.7,7.05,0.75,76.7,101001875,1.11,0.95,1377350,1.0,1735825,10374910
2026-04-13T12:03:57.637,NF,NIFTY13APR2624200CE,0.95,3.7,7.05,0.75,76.7,101002135,1.11,0.95,1442350,1.0,1741935,10374910
2026-04-13T12:03:59.428,NF,NIFTY13APR2624200CE,1.0,3.7,7.05,0.75,76.7,101003955,1.11,0.95,1464320,1.0,1746940,10374910
2026-04-13T12:04:01.035,NF,NIFTY13APR2624200CE,0.95,3.7,7.05,0.75,76.7,101006815,1.11,0.95,1539915,1.0,1697020,10374910
2026-04-13T12:04:02.635,NF,NIFTY13APR2624200CE,1.0,3.7,7.05,0.75,76.7,101044710,1.11,0.95,1583205,1.0,1594840,10374910
2026-04-13T12:04:04.438,NF,NIFTY13APR2624200CE,1.0,3.7,7.05,0.75,76.7,101055045,1.11,0.95,1607255,1.0,1590940,10374910
2026-04-13T12:04:06.037,NF,NIFTY13APR2624200CE,0.95,3.7,7.05,0.75,76.7,101055955,1.11,0.95,1601990,1.0,1595230,10374910
2026-04-13T12:04:07.652,NF,NIFTY13APR2624200CE,0.95,3.7,7.05,0.75,76.7,101056930,1.11,0.95,1599390,1.0,1592435,10374910
2026-04-13T12:04:09.246,NF,NIFTY13APR2624200CE,0.95,3.7,7.05,0.75,76.7,101057580,1.11,0.95,1612910,1.0,1594645,10374910
2026-04-13T12:04:10.848,NF,NIFTY13APR2624200CE,1.0,3.7,7.05,0.75,76.7,101067525,1.11,0.95,1622270,1.0,1576705,10374910
2026-04-13T12:04:12.448,NF,NIFTY13APR2624200CE,0.95,3.7,7.05,0.75,76.7,101072855,1.11,0.95,1623440,1.0,1572740,10374910
2026-04-13T12:04:14.248,NF,NIFTY13APR2624200CE,0.95,3.7,7.05,0.75,76.7,101090535,1.11,0.95,1625390,1.0,1552655,10374910
2026-04-13T12:04:15.851,NF,NIFTY13APR2624200CE,1.0,3.7,7.05,0.75,76.7,101093200,1.11,0.95,1626495,1.0,1551160,10374910
2026-04-13T12:04:17.453,NF,NIFTY13APR2624200CE,0.95,3.7,7.05,0.75,76.7,101094565,1.11,0.95,1619735,1.0,1549990,10374910
2026-04-13T12:04:19.258,NF,NIFTY13APR2624200CE,1.0,3.7,7.05,0.75,76.7,101111920,1.11,0.95,1619735,1.0,1537575,10374910
2026-04-13T12:04:20.858,NF,NIFTY13APR2624200CE,1.0,3.7,7.05,0.75,76.7,101121865,1.11,0.95,1617590,1.0,1527955,10374910
2026-04-13T12:04:22.463,NF,NIFTY13APR2624200CE,1.0,3.7,7.05,0.75,76.7,101123880,1.11,0.95,1617590,1.0,1521000,10374910
2026-04-13T12:04:24.072,NF,NIFTY13APR2624200CE,1.0,3.7,7.05,0.75,76.7,101126025,1.11,0.95,1607385,1.0,1528410,10374910
2026-04-13T12:04:25.667,NF,NIFTY13APR2624200CE,1.0,3.7,7.05,0.75,76.7,101137725,1.11,0.95,1603745,1.0,1527565,10374910
2026-04-13T12:04:29.078,NF,NIFTY13APR2624200CE,1.0,3.7,7.05,0.75,76.7,101144615,1.11,0.95,1598545,1.0,1523795,10374910
2026-04-13T12:04:30.673,NF,NIFTY13APR2624200CE,1.0,3.7,7.05,0.75,76.7,101150920,1.11,0.95,1604395,1.0,1519830,10374910
2026-04-13T12:04:32.274,NF,NIFTY13APR2624200CE,1.0,3.7,7.05,0.75,76.7,101152870,1.11,0.95,1606410,1.0,1514630,10374910
2026-04-13T12:04:34.074,NF,NIFTY13APR2624200CE,1.0,3.7,7.05,0.75,76.7,101154105,1.11,0.95,1606345,1.0,1513265,10374910
2026-04-13T12:04:35.681,NF,NIFTY13APR2624200CE,1.0,3.7,7.05,0.75,76.7,101163400,1.11,0.95,1604915,1.0,1507090,10374910
2026-04-13T12:04:37.288,NF,NIFTY13APR2624200CE,1.0,3.7,7.05,0.75,76.7,101163465,1.11,0.95,1604785,1.0,1510535,10374910
2026-04-13T12:04:40.889,NF,NIFTY13APR2624200CE,1.0,3.7,7.05,0.75,76.7,101174775,1.11,0.95,1604330,1.0,1499875,10374910
2026-04-13T12:04:42.698,NF,NIFTY13APR2624200CE,1.0,3.7,7.05,0.75,76.7,101175035,1.11,0.95,1605110,1.0,1498575,10374910
2026-04-13T12:04:44.290,NF,NIFTY13APR2624200CE,1.0,3.7,7.05,0.75,76.7,101175165,1.11,0.95,1608295,1.0,1493310,10374910
2026-04-13T12:04:45.893,NF,NIFTY13APR2624200CE,1.0,3.7,7.05,0.75,76.7,101192195,1.11,0.95,1603030,1.0,1526395,10374910
2026-04-13T12:04:47.692,NF,NIFTY13APR2624200CE,0.95,3.7,7.05,0.75,76.7,101195770,1.11,0.95,1614340,1.0,1618045,10374910
2026-04-13T12:04:50.898,NF,NIFTY13APR2624200CE,1.0,3.7,7.05,0.75,76.7,101207730,1.11,0.95,1613560,1.0,1420380,10374910
2026-04-13T12:04:54.302,NF,NIFTY13APR2624200CE,1.0,3.7,7.05,0.75,76.7,101207795,1.11,0.95,1613690,1.0,1472055,10374910
2026-04-13T12:04:55.918,NF,NIFTY13APR2624200CE,0.95,3.7,7.05,0.75,76.7,101216440,1.11,0.95,1602770,1.0,1468805,10469615
2026-04-13T12:04:57.507,NF,NIFTY13APR2624200CE,1.0,3.7,7.05,0.75,76.7,101225605,1.11,0.95,1604785,1.0,1458275,10469615
2026-04-13T12:04:59.314,NF,NIFTY13APR2624200CE,1.0,3.7,7.05,0.75,76.7,101238930,1.11,0.95,1601795,1.0,1455155,10469615
2026-04-13T12:05:00.917,NF,NIFTY13APR2624200CE,0.95,3.7,7.05,0.75,76.7,101240360,1.11,0.95,1610700,1.0,1451190,10469615
2026-04-13T12:05:02.516,NF,NIFTY13APR2624200CE,0.95,3.7,7.05,0.75,76.7,101241140,1.11,0.95,1607710,1.0,1450475,10469615
2026-04-13T12:05:04.314,NF,NIFTY13APR2624200CE,0.95,3.7,7.05,0.75,76.7,101248030,1.11,0.95,1611740,1.0,1440270,10469615
2026-04-13T12:05:05.921,NF,NIFTY13APR2624200CE,1.0,3.7,7.05,0.75,76.7,101290085,1.11,0.95,1585545,1.0,1464905,10469615
2026-04-13T12:05:07.530,NF,NIFTY13APR2624200CE,1.0,3.7,7.05,0.75,76.7,101291060,1.11,0.95,1586130,1.0,1463150,10469615
2026-04-13T12:05:09.333,NF,NIFTY13APR2624200CE,1.0,3.7,7.05,0.75,76.7,101334155,1.11,0.95,1562665,1.0,1465035,10469615
2026-04-13T12:05:10.926,NF,NIFTY13APR2624200CE,1.0,3.7,7.05,0.75,76.7,101354110,1.11,0.95,1563380,1.0,1234675,10469615
2026-04-13T12:05:12.534,NF,NIFTY13APR2624200CE,0.95,3.7,7.05,0.75,76.7,101363990,1.11,0.95,1571245,1.0,1268410,10469615
2026-04-13T12:05:14.328,NF,NIFTY13APR2624200CE,1.0,3.7,7.05,0.75,76.7,101365290,1.11,0.95,1573845,1.0,1290055,10469615
2026-04-13T12:05:15.932,NF,NIFTY13APR2624200CE,0.95,3.7,7.05,0.75,76.7,101369255,1.11,0.95,1570660,1.0,1313585,10469615
2026-04-13T12:05:17.535,NF,NIFTY13APR2624200CE,1.0,3.7,7.05,0.75,76.7,101369645,1.11,0.95,1570400,1.0,1311960,10469615
2026-04-13T12:05:19.351,NF,NIFTY13APR2624200CE,1.0,3.7,7.05,0.75,76.7,101371075,1.11,0.95,1570920,1.0,1309490,10469615
2026-04-13T12:05:20.949,NF,NIFTY13APR2624200CE,0.95,3.7,7.05,0.75,76.7,101377250,1.11,0.95,1566565,1.0,1304615,10469615
2026-04-13T12:05:22.582,NF,NIFTY13APR2624200CE,1.0,3.7,7.05,0.75,76.7,101379070,1.11,0.95,1571635,1.0,1320735,10469615
2026-04-13T12:05:24.345,NF,NIFTY13APR2624200CE,1.0,3.7,7.05,0.75,76.7,101386805,1.11,0.95,1571635,1.0,1313455,10469615
2026-04-13T12:05:25.946,NF,NIFTY13APR2624200CE,1.0,3.7,7.05,0.75,76.7,101395125,1.11,0.95,1572545,1.0,1287975,10469615
2026-04-13T12:05:27.549,NF,NIFTY13APR2624200CE,1.0,3.7,7.05,0.75,76.7,101395580,1.11,0.95,1572350,1.0,1325350,10469615
2026-04-13T12:05:29.348,NF,NIFTY13APR2624200CE,0.95,3.7,7.05,0.75,76.7,101396295,1.11,0.95,1571050,1.0,1327235,10469615
2026-04-13T12:05:30.952,NF,NIFTY13APR2624200CE,0.95,3.7,7.05,0.75,76.7,101408060,1.11,0.95,1570660,1.0,1316510,10469615
2026-04-13T12:05:32.570,NF,NIFTY13APR2624200CE,0.95,3.7,7.05,0.75,76.7,101408125,1.11,0.95,1571830,1.0,1338285,10469615
2026-04-13T12:05:34.159,NF,NIFTY13APR2624200CE,1.0,3.7,7.05,0.75,76.7,101408645,1.11,0.95,1581970,1.0,1337960,10469615
2026-04-13T12:05:35.956,NF,NIFTY13APR2624200CE,1.0,3.7,7.05,0.75,76.7,101418850,1.11,0.95,1582165,1.0,1344915,10469615
2026-04-13T12:05:37.559,NF,NIFTY13APR2624200CE,0.95,3.7,7.05,0.75,76.7,101520315,1.11,0.95,1485380,1.0,1349010,10469615
2026-04-13T12:05:39.168,NF,NIFTY13APR2624200CE,0.95,3.7,7.05,0.75,76.7,101565620,1.11,0.95,1437150,1.0,1359020,10469615
2026-04-13T12:05:40.963,NF,NIFTY13APR2624200CE,0.95,3.7,7.05,0.75,76.7,101639005,1.11,0.95,1382940,1.0,1398995,10469615
2026-04-13T12:05:42.567,NF,NIFTY13APR2624200CE,0.95,3.7,7.05,0.75,76.7,101752365,1.11,0.9,3468725,0.95,1462630,10469615
2026-04-13T12:05:44.168,NF,NIFTY13APR2624200CE,0.9,3.7,7.05,0.75,76.7,101860070,1.11,0.9,3380260,0.95,1488500,10469615
2026-04-13T12:05:45.772,NF,NIFTY13APR2624200CE,0.95,3.7,7.05,0.75,76.7,101876775,1.11,0.9,3348735,0.95,1478880,10469615
2026-04-13T12:05:47.374,NF,NIFTY13APR2624200CE,0.95,3.7,7.05,0.75,76.7,101882950,1.11,0.9,3349645,0.95,1471990,10469615
2026-04-13T12:05:48.978,NF,NIFTY13APR2624200CE,0.9,3.7,7.05,0.75,76.7,101894910,1.11,0.9,3343015,0.95,1471535,10469615
2026-04-13T12:05:50.579,NF,NIFTY13APR2624200CE,0.95,3.7,7.05,0.75,76.7,101901215,1.11,0.9,3331315,0.95,1468285,10469615
2026-04-13T12:05:52.377,NF,NIFTY13APR2624200CE,0.95,3.7,7.05,0.75,76.7,101905830,1.11,0.9,3340090,0.95,1462500,10469615
2026-04-13T12:05:53.992,NF,NIFTY13APR2624200CE,0.95,3.7,7.05,0.75,76.7,101909795,1.11,0.9,3331835,0.95,1460420,10469615
2026-04-13T12:05:55.583,NF,NIFTY13APR2624200CE,0.95,3.7,7.05,0.75,76.7,101917725,1.11,0.9,3330535,0.95,1452555,10469615
2026-04-13T12:05:57.186,NF,NIFTY13APR2624200CE,0.95,3.7,7.05,0.75,76.7,101918375,1.11,0.9,3334500,0.95,1451775,10469615
2026-04-13T12:05:58.987,NF,NIFTY13APR2624200CE,0.95,3.7,7.05,0.75,76.7,101920325,1.11,0.9,3334240,0.95,1449630,10469615
2026-04-13T12:06:00.604,NF,NIFTY13APR2624200CE,0.95,3.7,7.05,0.75,76.7,102006060,1.11,0.9,889980,0.95,3803215,10469615
2026-04-13T12:06:02.198,NF,NIFTY13APR2624200CE,0.95,3.7,7.05,0.75,76.7,102045840,1.11,0.9,1269320,0.95,4818125,10469615
2026-04-13T12:06:03.797,NF,NIFTY13APR2624200CE,0.9,3.7,7.05,0.75,76.7,102236875,1.11,0.9,1489475,0.95,3466710,10469615
2026-04-13T12:06:05.399,NF,NIFTY13APR2624200CE,0.9,3.7,7.05,0.75,76.7,102239215,1.11,0.9,1491490,0.95,3466125,10469615
2026-04-13T12:06:07.007,NF,NIFTY13APR2624200CE,0.95,3.7,7.05,0.75,76.7,102240970,1.11,0.9,1488240,0.95,3463980,10469615
2026-04-13T12:06:08.604,NF,NIFTY13APR2624200CE,0.95,3.7,7.05,0.75,76.7,102241880,1.11,0.9,1486420,0.95,3464955,10469615
2026-04-13T12:06:10.215,NF,NIFTY13APR2624200CE,0.9,3.7,7.05,0.75,76.7,102243830,1.11,0.9,1485185,0.95,3471000,10469615
2026-04-13T12:06:11.810,NF,NIFTY13APR2624200CE,0.9,3.7,7.05,0.75,76.7,102244350,1.11,0.9,1487070,0.95,3468985,10469615
2026-04-13T12:06:13.413,NF,NIFTY13APR2624200CE,0.95,3.7,7.05,0.75,76.7,102244415,1.11,0.9,1486940,0.95,3475355,10469615
2026-04-13T12:06:15.215,NF,NIFTY13APR2624200CE,0.95,3.7,7.05,0.75,76.7,102245065,1.11,0.9,1486810,0.95,3475485,10469615
2026-04-13T12:06:16.816,NF,NIFTY13APR2624200CE,0.95,3.7,7.05,0.75,76.7,102252410,1.11,0.9,1492530,0.95,3460925,10469615
2026-04-13T12:06:18.420,NF,NIFTY13APR2624200CE,0.9,3.7,7.05,0.75,76.7,102253320,1.11,0.9,1491880,0.95,3460860,10469615
2026-04-13T12:06:20.038,NF,NIFTY13APR2624200CE,0.95,3.7,7.05,0.75,76.7,102253970,1.11,0.9,1492270,0.95,3460535,10469615
2026-04-13T12:06:21.850,NF,NIFTY13APR2624200CE,0.95,3.7,7.05,0.75,76.7,102259820,1.11,0.9,1512810,0.95,3455140,10469615
2026-04-13T12:06:23.434,NF,NIFTY13APR2624200CE,0.95,3.7,7.05,0.75,76.7,102260665,1.11,0.9,1515995,0.95,3451630,10469615
2026-04-13T12:06:25.031,NF,NIFTY13APR2624200CE,0.95,3.7,7.05,0.75,76.7,102261510,1.11,0.9,1516060,0.95,3449550,10469615
2026-04-13T12:06:26.652,NF,NIFTY13APR2624200CE,0.95,3.7,7.05,0.75,76.7,102272625,1.11,0.9,1582100,0.95,3439670,10469615
2026-04-13T12:06:28.447,NF,NIFTY13APR2624200CE,0.95,3.7,7.05,0.75,76.7,102276915,1.11,0.9,1585545,0.95,3466905,10469615
2026-04-13T12:06:30.052,NF,NIFTY13APR2624200CE,0.95,3.7,7.05,0.75,76.7,102279255,1.11,0.9,1582490,0.95,3465540,10469615
2026-04-13T12:06:31.646,NF,NIFTY13APR2624200CE,0.9,3.7,7.05,0.75,76.7,102291020,1.11,0.9,1603615,0.95,3454425,10469615
2026-04-13T12:06:33.446,NF,NIFTY13APR2624200CE,0.95,3.7,7.05,0.75,76.7,102307985,1.11,0.9,1618825,0.95,3436485,10469615
2026-04-13T12:06:35.048,NF,NIFTY13APR2624200CE,0.9,3.7,7.05,0.75,76.7,102309415,1.11,0.9,1616030,0.95,3440645,10469615
2026-04-13T12:06:36.657,NF,NIFTY13APR2624200CE,0.95,3.7,7.05,0.75,76.7,102353550,1.11,0.9,1688180,0.95,3452605,10469615
2026-04-13T12:06:39.454,NF,NIFTY13APR2624200CE,0.95,3.7,7.05,0.75,76.7,102364860,1.11,0.9,1890070,0.95,3460795,10469615
2026-04-13T12:06:41.062,NF,NIFTY13APR2624200CE,0.9,3.7,7.05,0.75,76.7,102372790,1.11,0.9,1914900,0.95,3452215,10469615
2026-04-13T12:06:42.665,NF,NIFTY13APR2624200CE,0.95,3.7,7.05,0.75,76.7,102373960,1.11,0.9,1953380,0.95,3451175,10469615
2026-04-13T12:06:44.463,NF,NIFTY13APR2624200CE,0.95,3.7,7.05,0.75,76.7,102375325,1.11,0.9,1953380,0.95,3460340,10469615
2026-04-13T12:06:46.068,NF,NIFTY13APR2624200CE,0.95,3.7,7.05,0.75,76.7,102383320,1.11,0.9,1951495,0.95,3451760,10469615
2026-04-13T12:06:47.670,NF,NIFTY13APR2624200CE,0.95,3.7,7.05,0.75,76.7,102383840,1.11,0.9,1951755,0.95,3451240,10469615
2026-04-13T12:06:49.470,NF,NIFTY13APR2624200CE,0.95,3.7,7.05,0.75,76.7,102387480,1.11,0.9,1951755,0.95,3447795,10469615
2026-04-13T12:06:51.169,NF,NIFTY13APR2624200CE,0.95,3.7,7.05,0.75,76.7,102406980,1.11,0.9,1979510,0.95,3503695,10469615
2026-04-13T12:06:52.677,NF,NIFTY13APR2624200CE,0.95,3.7,7.05,0.75,76.7,102409190,1.11,0.9,1980030,0.95,3502070,10469615
2026-04-13T12:06:54.483,NF,NIFTY13APR2624200CE,0.9,3.7,7.05,0.75,76.7,102414585,1.11,0.9,1978990,0.95,3497000,10469615
2026-04-13T12:06:56.080,NF,NIFTY13APR2624200CE,0.95,3.7,7.05,0.75,76.7,102418160,1.11,0.9,1919970,0.95,3496935,10469615
2026-04-13T12:06:57.685,NF,NIFTY13APR2624200CE,0.95,3.7,7.05,0.75,76.7,102421345,1.11,0.9,1980225,0.95,3494985,10469615
2026-04-13T12:06:59.287,NF,NIFTY13APR2624200CE,0.9,3.7,7.05,0.75,76.7,102426220,1.11,0.9,1949935,0.95,3502720,10469615
2026-04-13T12:07:01.086,NF,NIFTY13APR2624200CE,0.95,3.7,7.05,0.75,76.7,102439805,1.11,0.9,2261675,0.95,3482765,10469615
2026-04-13T12:07:02.705,NF,NIFTY13APR2624200CE,0.95,3.7,7.05,0.75,76.7,102446630,1.11,0.9,2206620,0.95,3481010,10469615
2026-04-13T12:07:04.297,NF,NIFTY13APR2624200CE,0.95,3.7,7.05,0.75,76.7,102468145,1.11,0.9,2236585,0.95,3456765,10469615
2026-04-13T12:07:05.903,NF,NIFTY13APR2624200CE,0.9,3.7,7.05,0.75,76.7,102470355,1.11,0.9,2205320,0.95,3462485,10469615
2026-04-13T12:07:07.499,NF,NIFTY13APR2624200CE,0.95,3.7,7.05,0.75,76.7,102471135,1.11,0.9,2203565,0.95,3461770,10469615
2026-04-13T12:07:09.299,NF,NIFTY13APR2624200CE,0.9,3.7,7.05,0.75,76.7,102482770,1.11,0.9,2233790,0.95,3461380,10469615
2026-04-13T12:07:10.900,NF,NIFTY13APR2624200CE,0.95,3.7,7.05,0.75,76.7,102498955,1.11,0.9,2305355,0.95,3442595,10469615
2026-04-13T12:07:12.505,NF,NIFTY13APR2624200CE,0.9,3.7,7.05,0.75,76.7,102500255,1.11,0.9,2239380,0.95,3442010,10469615
2026-04-13T12:07:14.110,NF,NIFTY13APR2624200CE,0.95,3.7,7.05,0.75,76.7,102502270,1.11,0.9,2268110,0.95,3441490,10469615
2026-04-13T12:07:15.718,NF,NIFTY13APR2624200CE,0.95,3.7,7.05,0.75,76.7,102504415,1.11,0.9,2222415,0.95,3439280,10469615
2026-04-13T12:07:17.311,NF,NIFTY13APR2624200CE,0.95,3.7,7.05,0.75,76.7,102505000,1.11,0.9,2220595,0.95,3438240,10469615
2026-04-13T12:07:19.113,NF,NIFTY13APR2624200CE,0.95,3.7,7.05,0.75,76.7,102533340,1.11,0.9,2338635,0.95,3423290,10469615
2026-04-13T12:07:20.714,NF,NIFTY13APR2624200CE,0.95,3.7,7.05,0.75,76.7,102539905,1.11,0.9,2241525,0.95,3425955,10469615
2026-04-13T12:07:22.317,NF,NIFTY13APR2624200CE,0.95,3.7,7.05,0.75,76.7,102544390,1.11,0.9,2240940,0.95,3420040,10469615
2026-04-13T12:07:23.921,NF,NIFTY13APR2624200CE,0.95,3.7,7.05,0.75,76.7,102547055,1.11,0.9,2244515,0.95,3420495,10469615
2026-04-13T12:07:25.527,NF,NIFTY13APR2624200CE,0.95,3.7,7.05,0.75,76.7,102557000,1.11,0.9,2252835,0.95,3398265,10469615
2026-04-13T12:07:27.326,NF,NIFTY13APR2624200CE,0.9,3.7,7.05,0.75,76.7,102562785,1.11,0.9,2247180,0.95,3402815,10469615
2026-04-13T12:07:28.928,NF,NIFTY13APR2624200CE,0.95,3.7,7.05,0.75,76.7,102566425,1.11,0.9,2242240,0.95,3396900,10469615
2026-04-13T12:07:30.533,NF,NIFTY13APR2624200CE,0.95,3.7,7.05,0.75,76.7,102574680,1.11,0.9,2237820,0.95,3383120,10469615
2026-04-13T12:07:32.144,NF,NIFTY13APR2624200CE,0.95,3.7,7.05,0.75,76.7,102574810,1.11,0.9,2238145,0.95,3384940,10469615
2026-04-13T12:07:33.943,NF,NIFTY13APR2624200CE,0.95,3.7,7.05,0.75,76.7,102575265,1.11,0.9,2236585,0.95,3393650,10469615
2026-04-13T12:07:35.541,NF,NIFTY13APR2624200CE,0.95,3.7,7.05,0.75,76.7,102603085,1.11,0.9,2242045,0.95,1456455,10469615
2026-04-13T12:07:37.165,NF,NIFTY13APR2624200CE,0.95,3.7,7.05,0.75,76.7,102603670,1.11,0.9,2241005,0.95,1535300,10469615
2026-04-13T12:07:38.949,NF,NIFTY13APR2624200CE,0.95,3.7,7.05,0.75,76.7,102606595,1.11,0.9,2145780,0.95,1534650,10469615
2026-04-13T12:07:40.552,NF,NIFTY13APR2624200CE,0.95,3.7,7.05,0.75,76.7,102613745,1.11,0.9,2185365,0.95,1557595,10469615
2026-04-13T12:07:42.152,NF,NIFTY13APR2624200CE,0.95,3.7,7.05,0.75,76.7,102614460,1.11,0.9,2223780,0.95,1576510,10469615
2026-04-13T12:07:43.953,NF,NIFTY13APR2624200CE,0.95,3.7,7.05,0.75,76.7,102617515,1.11,0.9,2224430,0.95,1596205,10469615
2026-04-13T12:07:45.557,NF,NIFTY13APR2624200CE,0.9,3.7,7.05,0.75,76.7,102629280,1.11,0.9,2231515,0.95,1636050,10469615
2026-04-13T12:07:47.165,NF,NIFTY13APR2624200CE,0.95,3.7,7.05,0.75,76.7,102731330,1.11,0.95,1608490,1.0,1822015,10469615
2026-04-13T12:07:48.963,NF,NIFTY13APR2624200CE,0.95,3.7,7.05,0.75,76.7,102733735,1.11,0.95,1604525,1.0,1830140,10469615
2026-04-13T12:07:50.566,NF,NIFTY13APR2624200CE,1.0,3.7,7.05,0.75,76.7,102743485,1.11,0.95,1616290,1.0,1760330,10469615
2026-04-13T12:07:52.174,NF,NIFTY13APR2624200CE,0.95,3.7,7.05,0.75,76.7,102744460,1.11,0.95,1618760,1.0,1775865,10469615
2026-04-13T12:07:53.771,NF,NIFTY13APR2624200CE,0.95,3.7,7.05,0.75,76.7,102745045,1.11,0.95,1636050,1.0,1883245,10469615
2026-04-13T12:07:55.407,NF,NIFTY13APR2624200CE,1.0,3.7,7.05,0.75,76.7,102751545,1.11,0.95,1783405,1.0,1897870,10469615
2026-04-13T12:07:58.779,NF,NIFTY13APR2624200CE,0.95,3.7,7.05,0.75,76.7,102787620,1.11,0.95,1796470,1.0,1643980,10525125
2026-04-13T12:08:00.407,NF,NIFTY13APR2624200CE,1.0,3.7,7.05,0.75,76.7,102924250,1.11,0.95,1710020,1.0,1646775,10525125
2026-04-13T12:08:02.016,NF,NIFTY13APR2624200CE,1.0,3.7,7.05,0.75,76.7,102934065,1.11,0.95,1734135,1.0,1652950,10525125
2026-04-13T12:08:03.593,NF,NIFTY13APR2624200CE,1.0,3.7,7.05,0.75,76.7,102939395,1.11,0.95,1623310,1.0,1652040,10525125
2026-04-13T12:08:05.211,NF,NIFTY13APR2624200CE,0.95,3.7,7.05,0.75,76.7,102940305,1.11,0.95,1607320,1.0,1648010,10525125
2026-04-13T12:08:06.994,NF,NIFTY13APR2624200CE,1.0,3.7,7.05,0.75,76.7,103061725,1.11,0.95,1238640,1.0,1664390,10525125
2026-04-13T12:08:08.606,NF,NIFTY13APR2624200CE,1.0,3.7,7.05,0.75,76.7,103065365,1.11,0.95,1363310,1.0,1665430,10525125
2026-04-13T12:08:10.198,NF,NIFTY13APR2624200CE,0.95,3.7,7.05,0.75,76.7,103074335,1.11,0.95,1391650,1.0,1662700,10525125
2026-04-13T12:08:11.802,NF,NIFTY13APR2624200CE,0.95,3.7,7.05,0.75,76.7,103086100,1.11,0.95,1434160,1.0,1665105,10525125
2026-04-13T12:08:13.415,NF,NIFTY13APR2624200CE,0.95,3.7,7.05,0.75,76.7,103089025,1.11,0.95,1459315,1.0,1671085,10525125
2026-04-13T12:08:15.207,NF,NIFTY13APR2624200CE,1.0,3.7,7.05,0.75,76.7,103092210,1.11,0.95,1461265,1.0,1686555,10525125
2026-04-13T12:08:16.810,NF,NIFTY13APR2624200CE,0.95,3.7,7.05,0.75,76.7,103110800,1.11,0.95,1455090,1.0,1672450,10525125
2026-04-13T12:08:18.424,NF,NIFTY13APR2624200CE,1.0,3.7,7.05,0.75,76.7,103111125,1.11,0.95,1479075,1.0,1668745,10525125
2026-04-13T12:08:20.015,NF,NIFTY13APR2624200CE,1.0,3.7,7.05,0.75,76.7,103117690,1.11,0.95,1474525,1.0,1668940,10525125
2026-04-13T12:08:21.631,NF,NIFTY13APR2624200CE,1.0,3.7,7.05,0.75,76.7,103133225,1.11,0.95,1472575,1.0,1673360,10525125
2026-04-13T12:08:23.427,NF,NIFTY13APR2624200CE,0.95,3.7,7.05,0.75,76.7,103175280,1.11,0.95,1470950,1.0,1671995,10525125
2026-04-13T12:08:25.032,NF,NIFTY13APR2624200CE,0.95,3.7,7.05,0.75,76.7,103197575,1.11,0.95,1461005,1.0,1698450,10525125
2026-04-13T12:08:26.626,NF,NIFTY13APR2624200CE,0.95,3.7,7.05,0.75,76.7,103205635,1.11,0.95,1503970,1.0,1693185,10525125
2026-04-13T12:08:28.238,NF,NIFTY13APR2624200CE,0.95,3.7,7.05,0.75,76.7,103208625,1.11,0.95,1498510,1.0,1693250,10525125
2026-04-13T12:08:29.836,NF,NIFTY13APR2624200CE,0.95,3.7,7.05,0.75,76.7,103238395,1.11,0.95,1503905,1.0,1702675,10525125
2026-04-13T12:08:31.441,NF,NIFTY13APR2624200CE,0.95,3.7,7.05,0.75,76.7,103245285,1.11,0.95,1496560,1.0,1700465,10525125
2026-04-13T12:08:33.238,NF,NIFTY13APR2624200CE,0.95,3.7,7.05,0.75,76.7,103246780,1.11,0.95,1505270,1.0,1701505,10525125
2026-04-13T12:08:34.837,NF,NIFTY13APR2624200CE,0.95,3.7,7.05,0.75,76.7,103248600,1.11,0.95,1490385,1.0,1698255,10525125
2026-04-13T12:08:36.440,NF,NIFTY13APR2624200CE,1.0,3.7,7.05,0.75,76.7,103256465,1.11,0.95,1516645,1.0,1692925,10525125
2026-04-13T12:08:38.049,NF,NIFTY13APR2624200CE,0.95,3.7,7.05,0.75,76.7,103258285,1.11,0.95,1516580,1.0,1691560,10525125
2026-04-13T12:08:41.261,NF,NIFTY13APR2624200CE,1.0,3.7,7.05,0.75,76.7,103266215,1.11,0.95,1525225,1.0,1692925,10525125
2026-04-13T12:08:43.054,NF,NIFTY13APR2624200CE,1.0,3.7,7.05,0.75,76.7,103268100,1.11,0.95,1541085,1.0,1691560,10525125
2026-04-13T12:08:44.662,NF,NIFTY13APR2624200CE,0.95,3.7,7.05,0.75,76.7,103269465,1.11,0.95,1530230,1.0,1702870,10525125
2026-04-13T12:08:46.289,NF,NIFTY13APR2624200CE,0.95,3.7,7.05,0.75,76.7,103279215,1.11,0.95,1524575,1.0,1714180,10525125
2026-04-13T12:08:48.064,NF,NIFTY13APR2624200CE,0.95,3.7,7.05,0.75,76.7,103305475,1.11,0.95,1523340,1.0,1746485,10525125
2026-04-13T12:08:49.666,NF,NIFTY13APR2624200CE,0.95,3.7,7.05,0.75,76.7,103387895,1.11,0.9,2437825,0.95,1516190,10525125
2026-04-13T12:08:51.265,NF,NIFTY13APR2624200CE,0.95,3.7,7.05,0.75,76.7,103393485,1.11,0.9,2442960,0.95,1510145,10525125
2026-04-13T12:08:53.068,NF,NIFTY13APR2624200CE,0.95,3.7,7.05,0.75,76.7,103393745,1.11,0.9,2445040,0.95,1508455,10525125
2026-04-13T12:08:54.677,NF,NIFTY13APR2624200CE,0.95,3.7,7.05,0.75,76.7,103405835,1.11,0.9,2433925,0.95,1524900,10525125
2026-04-13T12:08:56.274,NF,NIFTY13APR2624200CE,0.9,3.7,7.05,0.75,76.7,103563135,1.11,0.9,2624505,0.95,1119105,10525125
2026-04-13T12:08:58.073,NF,NIFTY13APR2624200CE,0.9,3.7,7.05,0.75,76.7,103565280,1.11,0.9,2626325,0.95,1151085,10525125
2026-04-13T12:08:59.678,NF,NIFTY13APR2624200CE,0.95,3.7,7.05,0.75,76.7,103566060,1.11,0.9,2626780,0.95,1148745,10525125
2026-04-13T12:09:01.303,NF,NIFTY13APR2624200CE,0.9,3.7,7.05,0.75,76.7,103566255,1.11,0.9,2624960,0.95,1148680,10525125
2026-04-13T12:09:03.083,NF,NIFTY13APR2624200CE,0.95,3.7,7.05,0.75,76.7,103601550,1.11,0.95,1613690,1.0,1746810,10525125
2026-04-13T12:09:04.702,NF,NIFTY13APR2624200CE,1.0,3.7,7.05,0.75,76.7,103607855,1.11,0.95,1613755,1.0,1761500,10525125
2026-04-13T12:09:06.315,NF,NIFTY13APR2624200CE,0.95,3.7,7.05,0.75,76.7,103608960,1.11,0.95,1621165,1.0,1758315,10525125
2026-04-13T12:09:08.137,NF,NIFTY13APR2624200CE,1.0,3.7,7.05,0.75,76.7,103610975,1.11,0.95,1629615,1.0,1749280,10525125
2026-04-13T12:09:09.716,NF,NIFTY13APR2624200CE,0.95,3.7,7.05,0.75,76.7,103611300,1.11,0.95,1627275,1.0,1748630,10525125
2026-04-13T12:09:11.313,NF,NIFTY13APR2624200CE,1.0,3.7,7.05,0.75,76.7,103613380,1.11,0.95,1635660,1.0,1748110,10525125
2026-04-13T12:09:13.108,NF,NIFTY13APR2624200CE,0.95,3.7,7.05,0.75,76.7,103616175,1.11,0.95,1628250,1.0,1738425,10525125
2026-04-13T12:09:14.700,NF,NIFTY13APR2624200CE,0.95,3.7,7.05,0.75,76.7,103619035,1.11,0.95,1633450,1.0,1737840,10525125
2026-04-13T12:09:19.708,NF,NIFTY13APR2624200CE,1.0,3.7,7.05,0.75,76.7,103622610,1.11,0.95,1633775,1.0,1740115,10525125
2026-04-13T12:09:21.313,NF,NIFTY13APR2624200CE,1.0,3.7,7.05,0.75,76.7,103625730,1.11,0.95,1654510,1.0,1751620,10525125
2026-04-13T12:09:23.124,NF,NIFTY13APR2624200CE,1.0,3.7,7.05,0.75,76.7,103626510,1.11,0.95,1671150,1.0,1671670,10525125
2026-04-13T12:09:24.717,NF,NIFTY13APR2624200CE,1.0,3.7,7.05,0.75,76.7,103627355,1.11,0.95,1672710,1.0,1735045,10525125
2026-04-13T12:09:26.320,NF,NIFTY13APR2624200CE,1.0,3.7,7.05,0.75,76.7,103639120,1.11,0.95,1668160,1.0,1695135,10525125
2026-04-13T12:09:28.121,NF,NIFTY13APR2624200CE,0.95,3.7,7.05,0.75,76.7,103641070,1.11,0.95,1665365,1.0,1693835,10525125
2026-04-13T12:09:29.752,NF,NIFTY13APR2624200CE,1.0,3.7,7.05,0.75,76.7,103645165,1.11,0.95,1681550,1.0,1689935,10525125
2026-04-13T12:09:31.331,NF,NIFTY13APR2624200CE,0.95,3.7,7.05,0.75,76.7,103652965,1.11,0.95,1683045,1.0,1685060,10525125
2026-04-13T12:09:33.133,NF,NIFTY13APR2624200CE,1.0,3.7,7.05,0.75,76.7,103672725,1.11,0.95,1687140,1.0,1589250,10525125
2026-04-13T12:09:34.734,NF,NIFTY13APR2624200CE,1.0,3.7,7.05,0.75,76.7,103685985,1.11,0.95,1686815,1.0,1566695,10525125
2026-04-13T12:09:36.363,NF,NIFTY13APR2624200CE,1.0,3.7,7.05,0.75,76.7,103763335,1.11,1.0,1410565,1.05,1996995,10525125
2026-04-13T12:09:38.144,NF,NIFTY13APR2624200CE,1.0,3.7,7.05,0.75,76.7,103766585,1.11,1.0,1409200,1.05,2009215,10525125
2026-04-13T12:09:39.740,NF,NIFTY13APR2624200CE,1.0,3.7,7.05,0.75,76.7,103772305,1.11,1.0,1410630,1.05,2019810,10525125
2026-04-13T12:09:41.345,NF,NIFTY13APR2624200CE,1.0,3.7,7.05,0.75,76.7,103786475,1.11,1.0,1436175,1.05,2008175,10525125
2026-04-13T12:09:44.758,NF,NIFTY13APR2624200CE,1.05,3.7,7.05,0.75,76.7,103797525,1.11,1.0,1446835,1.05,1986725,10525125
2026-04-13T12:09:46.352,NF,NIFTY13APR2624200CE,1.05,3.7,7.05,0.75,76.7,103800190,1.11,1.0,1467895,1.05,1997710,10525125
2026-04-13T12:09:49.756,NF,NIFTY13APR2624200CE,1.05,3.7,7.05,0.75,76.7,103801685,1.11,1.0,1449500,1.05,1999725,10525125
2026-04-13T12:09:51.361,NF,NIFTY13APR2624200CE,1.05,3.7,7.05,0.75,76.7,103808250,1.11,1.0,1451840,1.05,1975675,10525125
2026-04-13T12:09:54.591,NF,NIFTY13APR2624200CE,1.0,3.7,7.05,0.75,76.7,103809030,1.11,1.0,1466530,1.05,1959555,10525125
2026-04-13T12:09:56.370,NF,NIFTY13APR2624200CE,1.0,3.7,7.05,0.75,76.7,103845690,1.11,1.0,1487200,1.05,1947400,10525125
2026-04-13T12:09:57.982,NF,NIFTY13APR2624200CE,1.05,3.7,7.05,0.75,76.7,103876630,1.11,1.0,1446640,1.05,1938885,10525125
2026-04-13T12:09:59.576,NF,NIFTY13APR2624200CE,1.0,3.7,7.05,0.75,76.7,103877020,1.11,1.0,1447550,1.05,1940900,10525125
2026-04-13T12:10:01.400,NF,NIFTY13APR2624200CE,1.0,3.7,7.05,0.75,76.7,103891385,1.11,1.0,1447420,1.05,1941810,10525125
2026-04-13T12:10:02.983,NF,NIFTY13APR2624200CE,1.0,3.7,7.05,0.75,76.7,103894960,1.11,1.0,1447290,1.05,1937845,10525125
2026-04-13T12:10:04.587,NF,NIFTY13APR2624200CE,1.0,3.7,7.05,0.75,76.7,103904515,1.11,1.0,1469910,1.05,1934790,10525125
2026-04-13T12:10:06.208,NF,NIFTY13APR2624200CE,1.0,3.7,7.05,0.75,76.7,103918555,1.11,1.0,1500720,1.05,1933360,10525125
2026-04-13T12:10:07.988,NF,NIFTY13APR2624200CE,1.05,3.7,7.05,0.75,76.7,103920960,1.11,1.0,1573260,1.05,1932255,10525125
2026-04-13T12:10:09.617,NF,NIFTY13APR2624200CE,1.05,3.7,7.05,0.75,76.7,103921610,1.11,1.0,1652235,1.05,1929070,10525125
2026-04-13T12:10:11.195,NF,NIFTY13APR2624200CE,1.05,3.7,7.05,0.75,76.7,103939095,1.11,1.0,1771900,1.05,1919645,10525125
2026-04-13T12:10:12.996,NF,NIFTY13APR2624200CE,1.0,3.7,7.05,0.75,76.7,103940070,1.11,1.0,1695135,1.05,1911390,10525125
2026-04-13T12:10:14.599,NF,NIFTY13APR2624200CE,1.0,3.7,7.05,0.75,76.7,103942930,1.11,1.0,1732770,1.05,1905020,10525125
2026-04-13T12:10:16.224,NF,NIFTY13APR2624200CE,1.05,3.7,7.05,0.75,76.7,103944490,1.11,1.0,1719575,1.05,1898845,10525125
2026-04-13T12:10:18.006,NF,NIFTY13APR2624200CE,1.05,3.7,7.05,0.75,76.7,103956320,1.11,1.0,1701505,1.05,1886950,10525125
2026-04-13T12:10:19.619,NF,NIFTY13APR2624200CE,1.05,3.7,7.05,0.75,76.7,103957555,1.11,1.0,1697215,1.05,1887470,10525125
2026-04-13T12:10:21.210,NF,NIFTY13APR2624200CE,1.05,3.7,7.05,0.75,76.7,103966070,1.11,1.0,1696825,1.05,1877655,10525125
2026-04-13T12:10:23.026,NF,NIFTY13APR2624200CE,1.05,3.7,7.05,0.75,76.7,103968605,1.11,1.0,1779180,1.05,1876745,10525125
2026-04-13T12:10:24.623,NF,NIFTY13APR2624200CE,1.0,3.7,7.05,0.75,76.7,103969775,1.11,1.0,1700595,1.05,1876485,10525125
2026-04-13T12:10:26.239,NF,NIFTY13APR2624200CE,1.0,3.7,7.05,0.75,76.7,103979330,1.11,1.0,1696110,1.05,1868165,10525125
2026-04-13T12:10:27.824,NF,NIFTY13APR2624200CE,1.05,3.7,7.05,0.75,76.7,104085930,1.11,1.05,1133600,1.1,1336335,10525125
2026-04-13T12:10:29.442,NF,NIFTY13APR2624200CE,1.05,3.7,7.05,0.75,76.7,104089375,1.11,1.05,1131455,1.1,1400425,10525125
2026-04-13T12:10:31.226,NF,NIFTY13APR2624200CE,1.05,3.7,7.05,0.75,76.7,104156520,1.11,1.05,1093170,1.1,1322360,10525125
2026-04-13T12:10:32.831,NF,NIFTY13APR2624200CE,1.05,3.7,7.05,0.75,76.7,104156585,1.11,1.05,1252615,1.1,1349075,10525125
2026-04-13T12:10:34.446,NF,NIFTY13APR2624200CE,1.1,3.7,7.05,0.75,76.7,104157560,1.11,1.05,1475435,1.1,1321905,10525125
2026-04-13T12:10:36.239,NF,NIFTY13APR2624200CE,1.1,3.7,7.05,0.75,76.7,104171145,1.11,1.05,1598090,1.1,1269710,10525125
2026-04-13T12:10:37.835,NF,NIFTY13APR2624200CE,1.1,3.7,7.05,0.75,76.7,104171405,1.11,1.05,1598480,1.1,1267500,10525125
2026-04-13T12:10:39.438,NF,NIFTY13APR2624200CE,1.05,3.7,7.05,0.75,76.7,104203515,1.11,1.05,1577030,1.1,1308645,10525125
2026-04-13T12:10:41.042,NF,NIFTY13APR2624200CE,1.1,3.7,7.05,0.75,76.7,104206765,1.11,1.05,1556945,1.1,1304420,10525125
2026-04-13T12:10:42.642,NF,NIFTY13APR2624200CE,1.1,3.7,7.05,0.75,76.7,104207220,1.11,1.05,1568450,1.1,1308320,10525125
2026-04-13T12:10:44.258,NF,NIFTY13APR2624200CE,1.05,3.7,7.05,0.75,76.7,104235690,1.11,1.05,1473355,1.1,1315080,10525125
2026-04-13T12:10:45.848,NF,NIFTY13APR2624200CE,1.1,3.7,7.05,0.75,76.7,104240565,1.11,1.05,1538420,1.1,1312935,10525125
2026-04-13T12:10:47.451,NF,NIFTY13APR2624200CE,1.1,3.7,7.05,0.75,76.7,104241085,1.11,1.05,1552330,1.1,1269060,10525125
2026-04-13T12:10:49.074,NF,NIFTY13APR2624200CE,1.05,3.7,7.05,0.75,76.7,104243165,1.11,1.05,1566435,1.1,1278550,10525125
2026-04-13T12:10:50.877,NF,NIFTY13APR2624200CE,1.1,3.7,7.05,0.75,76.7,104247650,1.11,1.05,1561820,1.1,1261520,10525125
2026-04-13T12:10:52.482,NF,NIFTY13APR2624200CE,1.1,3.7,7.05,0.75,76.7,104252525,1.11,1.05,1556425,1.1,1268410,10525125
2026-04-13T12:10:54.060,NF,NIFTY13APR2624200CE,1.1,3.7,7.05,0.75,76.7,104254215,1.11,1.05,1559350,1.1,1274520,10525125
2026-04-13T12:10:55.671,NF,NIFTY13APR2624200CE,1.1,3.7,7.05,0.75,76.7,104340925,1.11,1.1,923780,1.15,1370070,10525125
2026-04-13T12:10:57.270,NF,NIFTY13APR2624200CE,1.1,3.7,7.05,0.75,76.7,104342745,1.11,1.1,954785,1.15,1387035,10725520
2026-04-13T12:10:58.867,NF,NIFTY13APR2624200CE,1.05,3.7,7.05,0.75,76.7,104414960,1.11,1.05,1814215,1.1,1485380,10725520
2026-04-13T12:11:00.668,NF,NIFTY13APR2624200CE,1.1,3.7,7.05,0.75,76.7,104416650,1.11,1.05,1698450,1.1,1567410,10725520
2026-04-13T12:11:02.275,NF,NIFTY13APR2624200CE,1.05,3.7,7.05,0.75,76.7,104418600,1.11,1.05,1638520,1.1,1596010,10725520
2026-04-13T12:11:03.879,NF,NIFTY13APR2624200CE,1.1,3.7,7.05,0.75,76.7,104425295,1.11,1.05,1660555,1.1,1599845,10725520
2026-04-13T12:11:05.476,NF,NIFTY13APR2624200CE,1.1,3.7,7.05,0.75,76.7,104431405,1.11,1.05,1715805,1.1,1590355,10725520
2026-04-13T12:11:07.080,NF,NIFTY13APR2624200CE,1.1,3.7,7.05,0.75,76.7,104437840,1.11,1.05,1725880,1.1,1582750,10725520
2026-04-13T12:11:08.880,NF,NIFTY13APR2624200CE,1.1,3.7,7.05,0.75,76.7,104442845,1.11,1.05,1788670,1.1,1554540,10725520
2026-04-13T12:11:10.484,NF,NIFTY13APR2624200CE,1.1,3.7,7.05,0.75,76.7,104449280,1.11,1.05,1818115,1.1,1566760,10725520
2026-04-13T12:11:12.086,NF,NIFTY13APR2624200CE,1.1,3.7,7.05,0.75,76.7,104453245,1.11,1.05,1726465,1.1,1537315,10725520
2026-04-13T12:11:13.688,NF,NIFTY13APR2624200CE,1.1,3.7,7.05,0.75,76.7,104458185,1.11,1.05,1809665,1.1,1517035,10725520
2026-04-13T12:11:15.297,NF,NIFTY13APR2624200CE,1.1,3.7,7.05,0.75,76.7,104466245,1.11,1.05,1838525,1.1,1515345,10725520
2026-04-13T12:11:16.894,NF,NIFTY13APR2624200CE,1.1,3.7,7.05,0.75,76.7,104467805,1.11,1.05,1794130,1.1,1510860,10725520
2026-04-13T12:11:18.694,NF,NIFTY13APR2624200CE,1.1,3.7,7.05,0.75,76.7,104469820,1.11,1.05,1788345,1.1,1528995,10725520
2026-04-13T12:11:20.297,NF,NIFTY13APR2624200CE,1.1,3.7,7.05,0.75,76.7,104472745,1.11,1.05,1817595,1.1,1527890,10725520
2026-04-13T12:11:21.901,NF,NIFTY13APR2624200CE,1.1,3.7,7.05,0.75,76.7,104475540,1.11,1.05,1818635,1.1,1527695,10725520
2026-04-13T12:11:23.510,NF,NIFTY13APR2624200CE,1.1,3.7,7.05,0.75,76.7,104489255,1.11,1.05,1843465,1.1,1513720,10725520
2026-04-13T12:11:25.304,NF,NIFTY13APR2624200CE,1.05,3.7,7.05,0.75,76.7,104506155,1.11,1.05,1808105,1.1,1506700,10725520
2026-04-13T12:11:26.907,NF,NIFTY13APR2624200CE,1.1,3.7,7.05,0.75,76.7,104537095,1.11,1.05,1854385,1.1,1528865,10725520
2026-04-13T12:11:28.517,NF,NIFTY13APR2624200CE,1.1,3.7,7.05,0.75,76.7,104557050,1.11,1.05,1815710,1.1,1543620,10725520
2026-04-13T12:11:30.121,NF,NIFTY13APR2624200CE,1.1,3.7,7.05,0.75,76.7,104563875,1.11,1.05,1807325,1.1,1548430,10725520
2026-04-13T12:11:31.717,NF,NIFTY13APR2624200CE,1.1,3.7,7.05,0.75,76.7,104571350,1.11,1.05,1814280,1.1,1539135,10725520
2026-04-13T12:11:33.519,NF,NIFTY13APR2624200CE,1.1,3.7,7.05,0.75,76.7,104572130,1.11,1.05,1781455,1.1,1543750,10725520
2026-04-13T12:11:35.126,NF,NIFTY13APR2624200CE,1.05,3.7,7.05,0.75,76.7,104583505,1.11,1.05,1706770,1.1,1545960,10725520
2026-04-13T12:11:36.731,NF,NIFTY13APR2624200CE,1.05,3.7,7.05,0.75,76.7,104603655,1.11,1.05,1568775,1.1,1631890,10725520
2026-04-13T12:11:38.128,NF,NIFTY13APR2624200CE,1.05,3.7,7.05,0.75,76.7,104610545,1.11,1.05,1570075,1.1,1657110,10725520
2026-04-13T12:11:39.932,NF,NIFTY13APR2624200CE,1.1,3.7,7.05,0.75,76.7,104619710,1.11,1.05,1575275,1.1,1620970,10725520
2026-04-13T12:11:41.530,NF,NIFTY13APR2624200CE,1.1,3.7,7.05,0.75,76.7,104626405,1.11,1.05,1567865,1.1,1664650,10725520
2026-04-13T12:11:43.134,NF,NIFTY13APR2624200CE,1.1,3.7,7.05,0.75,76.7,104626730,1.11,1.05,1588340,1.1,1658150,10725520
2026-04-13T12:11:44.942,NF,NIFTY13APR2624200CE,1.1,3.7,7.05,0.75,76.7,104630760,1.11,1.05,1574430,1.1,1686945,10725520
2026-04-13T12:11:46.558,NF,NIFTY13APR2624200CE,1.05,3.7,7.05,0.75,76.7,104683475,1.11,1.0,1818050,1.05,1622920,10725520
2026-04-13T12:11:48.142,NF,NIFTY13APR2624200CE,1.05,3.7,7.05,0.75,76.7,104688155,1.11,1.0,1821235,1.05,1628835,10725520
2026-04-13T12:11:49.940,NF,NIFTY13APR2624200CE,1.0,3.7,7.05,0.75,76.7,104693745,1.11,1.0,1809210,1.05,1638260,10725520
2026-04-13T12:11:51.546,NF,NIFTY13APR2624200CE,1.0,3.7,7.05,0.75,76.7,104707720,1.11,1.0,1832025,1.05,1601795,10725520
2026-04-13T12:11:53.148,NF,NIFTY13APR2624200CE,1.05,3.7,7.05,0.75,76.7,104713440,1.11,1.0,1823445,1.05,1611740,10725520
2026-04-13T12:11:54.950,NF,NIFTY13APR2624200CE,1.05,3.7,7.05,0.75,76.7,104720070,1.11,1.0,1805245,1.05,1597375,10725520
2026-04-13T12:11:56.563,NF,NIFTY13APR2624200CE,1.0,3.7,7.05,0.75,76.7,104861380,1.11,1.0,1524185,1.05,1210300,10725520
2026-04-13T12:11:58.156,NF,NIFTY13APR2624200CE,1.05,3.7,7.05,0.75,76.7,104863720,1.11,1.0,1544335,1.05,1328860,10725520
2026-04-13T12:11:59.960,NF,NIFTY13APR2624200CE,1.0,3.7,7.05,0.75,76.7,104868790,1.11,1.0,1562210,1.05,1369420,10725520
2026-04-13T12:12:01.561,NF,NIFTY13APR2624200CE,1.0,3.7,7.05,0.75,76.7,104909740,1.11,1.0,1600430,1.05,1542255,10725520
2026-04-13T12:12:03.163,NF,NIFTY13APR2624200CE,1.0,3.7,7.05,0.75,76.7,104917410,1.11,1.0,1670630,1.05,1588340,10725520
2026-04-13T12:12:04.970,NF,NIFTY13APR2624200CE,1.0,3.7,7.05,0.75,76.7,104924950,1.11,1.0,1679470,1.05,1586780,10725520
2026-04-13T12:12:06.572,NF,NIFTY13APR2624200CE,1.0,3.7,7.05,0.75,76.7,104927940,1.11,1.0,1708850,1.05,1604265,10725520
2026-04-13T12:12:08.169,NF,NIFTY13APR2624200CE,1.05,3.7,7.05,0.75,76.7,104930085,1.11,1.0,1710475,1.05,1606540,10725520
2026-04-13T12:12:09.970,NF,NIFTY13APR2624200CE,1.05,3.7,7.05,0.75,76.7,104936975,1.11,1.0,1704950,1.05,1610570,10725520
2026-04-13T12:12:11.576,NF,NIFTY13APR2624200CE,1.0,3.7,7.05,0.75,76.7,104942760,1.11,1.0,1707680,1.05,1601210,10725520
2026-04-13T12:12:13.178,NF,NIFTY13APR2624200CE,1.05,3.7,7.05,0.75,76.7,104943410,1.11,1.0,1709825,1.05,1600755,10725520
2026-04-13T12:12:14.977,NF,NIFTY13APR2624200CE,1.05,3.7,7.05,0.75,76.7,104945555,1.11,1.0,1704950,1.05,1611480,10725520
2026-04-13T12:12:16.584,NF,NIFTY13APR2624200CE,1.0,3.7,7.05,0.75,76.7,104948480,1.11,1.0,1719185,1.05,1603420,10725520
2026-04-13T12:12:18.190,NF,NIFTY13APR2624200CE,1.05,3.7,7.05,0.75,76.7,104949650,1.11,1.0,1719965,1.05,1604200,10725520
2026-04-13T12:12:19.998,NF,NIFTY13APR2624200CE,1.0,3.7,7.05,0.75,76.7,104960115,1.11,1.0,1717430,1.05,1598675,10725520
2026-04-13T12:12:21.587,NF,NIFTY13APR2624200CE,1.05,3.7,7.05,0.75,76.7,104970385,1.11,1.0,1709435,1.05,1613105,10725520
2026-04-13T12:12:23.194,NF,NIFTY13APR2624200CE,1.0,3.7,7.05,0.75,76.7,104970710,1.11,1.0,1706250,1.05,1619215,10725520
2026-04-13T12:12:24.991,NF,NIFTY13APR2624200CE,1.0,3.7,7.05,0.75,76.7,104974480,1.11,1.0,1696630,1.05,1642875,10725520
2026-04-13T12:12:26.607,NF,NIFTY13APR2624200CE,1.0,3.7,7.05,0.75,76.7,104987675,1.11,1.0,1678235,1.05,1647035,10725520
2026-04-13T12:12:28.201,NF,NIFTY13APR2624200CE,1.05,3.7,7.05,0.75,76.7,104989755,1.11,1.0,1692795,1.05,1624350,10725520
2026-04-13T12:12:29.999,NF,NIFTY13APR2624200CE,1.05,3.7,7.05,0.75,76.7,104993980,1.11,1.0,1699230,1.05,1627795,10725520
2026-04-13T12:12:31.635,NF,NIFTY13APR2624200CE,1.0,3.7,7.05,0.75,76.7,104999050,1.11,1.0,1701765,1.05,1634685,10725520
2026-04-13T12:12:33.217,NF,NIFTY13APR2624200CE,1.05,3.7,7.05,0.75,76.7,105000415,1.11,1.0,1778660,1.05,1630200,10725520
2026-04-13T12:12:35.005,NF,NIFTY13APR2624200CE,1.0,3.7,7.05,0.75,76.7,105001975,1.11,1.0,1927250,1.05,1682980,10725520
2026-04-13T12:12:36.609,NF,NIFTY13APR2624200CE,1.05,3.7,7.05,0.75,76.7,105007955,1.11,1.0,1944215,1.05,1685645,10725520
2026-04-13T12:12:38.615,NF,NIFTY13APR2624200CE,1.05,3.7,7.05,0.75,76.7,105008605,1.11,1.0,1918930,1.05,1749735,10725520
2026-04-13T12:12:40.221,NF,NIFTY13APR2624200CE,1.05,3.7,7.05,0.75,76.7,105011335,1.11,1.0,1926990,1.05,1748175,10725520
2026-04-13T12:12:41.827,NF,NIFTY13APR2624200CE,1.05,3.7,7.05,0.75,76.7,105017445,1.11,1.0,1962610,1.05,1766115,10725520
2026-04-13T12:12:43.617,NF,NIFTY13APR2624200CE,1.05,3.7,7.05,0.75,76.7,105021800,1.11,1.0,1920165,1.05,1788800,10725520
2026-04-13T12:12:45.225,NF,NIFTY13APR2624200CE,1.05,3.7,7.05,0.75,76.7,105027000,1.11,1.0,1914965,1.05,1780935,10725520
2026-04-13T12:12:46.830,NF,NIFTY13APR2624200CE,1.0,3.7,7.05,0.75,76.7,105031290,1.11,1.0,1899105,1.05,1752400,10725520
2026-04-13T12:12:48.425,NF,NIFTY13APR2624200CE,1.05,3.7,7.05,0.75,76.7,105037075,1.11,1.0,1811875,1.05,1737385,10725520
2026-04-13T12:12:50.028,NF,NIFTY13APR2624200CE,1.0,3.7,7.05,0.75,76.7,105039350,1.11,1.0,1808105,1.05,1762020,10725520
2026-04-13T12:12:51.638,NF,NIFTY13APR2624200CE,1.05,3.7,7.05,0.75,76.7,105045135,1.11,1.0,1819675,1.05,1720420,10725520
2026-04-13T12:12:53.438,NF,NIFTY13APR2624200CE,1.05,3.7,7.05,0.75,76.7,105045590,1.11,1.0,1817920,1.05,1729195,10725520
2026-04-13T12:12:55.033,NF,NIFTY13APR2624200CE,1.05,3.7,7.05,0.75,76.7,105048515,1.11,1.0,1824095,1.05,1724320,10725520
2026-04-13T12:12:56.636,NF,NIFTY13APR2624200CE,1.05,3.7,7.05,0.75,76.7,105054105,1.11,1.0,1823705,1.05,1721070,10725520
2026-04-13T12:12:58.237,NF,NIFTY13APR2624200CE,1.05,3.7,7.05,0.75,76.7,105055015,1.11,1.0,1816685,1.05,1722565,10725520
2026-04-13T12:12:59.844,NF,NIFTY13APR2624200CE,1.05,3.7,7.05,0.75,76.7,105057550,1.11,1.0,1812850,1.05,1721135,10725520
2026-04-13T12:13:01.444,NF,NIFTY13APR2624200CE,1.0,3.7,7.05,0.75,76.7,105059630,1.11,1.0,1809080,1.05,1719250,10725520
2026-04-13T12:13:03.046,NF,NIFTY13APR2624200CE,1.0,3.7,7.05,0.75,76.7,105060605,1.11,1.0,1816100,1.05,1719770,10725520
2026-04-13T12:13:04.650,NF,NIFTY13APR2624200CE,1.0,3.7,7.05,0.75,76.7,105064830,1.11,1.0,1809145,1.05,1716000,10725520
2026-04-13T12:13:06.254,NF,NIFTY13APR2624200CE,1.0,3.7,7.05,0.75,76.7,105070160,1.11,1.0,1808690,1.05,1716455,10725520
2026-04-13T12:13:07.852,NF,NIFTY13APR2624200CE,1.0,3.7,7.05,0.75,76.7,105071460,1.11,1.0,1809860,1.05,1716390,10725520
2026-04-13T12:13:09.457,NF,NIFTY13APR2624200CE,1.0,3.7,7.05,0.75,76.7,105076010,1.11,1.0,1813825,1.05,1707225,10725520
2026-04-13T12:13:11.058,NF,NIFTY13APR2624200CE,1.0,3.7,7.05,0.75,76.7,105084525,1.11,1.0,1891240,1.05,1712035,10725520
2026-04-13T12:13:12.660,NF,NIFTY13APR2624200CE,1.0,3.7,7.05,0.75,76.7,105085890,1.11,1.0,1931280,1.05,1720485,10725520
2026-04-13T12:13:14.289,NF,NIFTY13APR2624200CE,1.0,3.7,7.05,0.75,76.7,105087710,1.11,1.0,1916395,1.05,1731275,10725520
2026-04-13T12:13:15.861,NF,NIFTY13APR2624200CE,1.0,3.7,7.05,0.75,76.7,105089530,1.11,1.0,1921010,1.05,1728805,10725520
2026-04-13T12:13:17.467,NF,NIFTY13APR2624200CE,1.0,3.7,7.05,0.75,76.7,105101295,1.11,1.0,2022280,1.05,1737190,10725520
2026-04-13T12:13:19.068,NF,NIFTY13APR2624200CE,1.0,3.7,7.05,0.75,76.7,105105455,1.11,1.0,1926600,1.05,1778205,10725520
2026-04-13T12:13:20.678,NF,NIFTY13APR2624200CE,1.0,3.7,7.05,0.75,76.7,105112735,1.11,1.0,1966575,1.05,1763125,10725520
2026-04-13T12:13:22.470,NF,NIFTY13APR2624200CE,1.0,3.7,7.05,0.75,76.7,105117090,1.11,1.0,1928030,1.05,1769040,10725520
2026-04-13T12:13:24.111,NF,NIFTY13APR2624200CE,1.0,3.7,7.05,0.75,76.7,105121445,1.11,1.0,1913600,1.05,1768715,10725520
2026-04-13T12:13:25.675,NF,NIFTY13APR2624200CE,1.0,3.7,7.05,0.75,76.7,105129570,1.11,1.0,1915030,1.05,1754350,10725520
2026-04-13T12:13:27.286,NF,NIFTY13APR2624200CE,1.05,3.7,7.05,0.75,76.7,105129700,1.11,1.0,1913665,1.05,1753635,10725520
2026-04-13T12:13:28.878,NF,NIFTY13APR2624200CE,1.0,3.7,7.05,0.75,76.7,105130870,1.11,1.0,1917890,1.05,1740115,10725520
2026-04-13T12:13:30.482,NF,NIFTY13APR2624200CE,1.0,3.7,7.05,0.75,76.7,105134770,1.11,1.0,1924455,1.05,1776060,10725520
2026-04-13T12:13:32.084,NF,NIFTY13APR2624200CE,1.0,3.7,7.05,0.75,76.7,105144650,1.11,1.0,1908920,1.05,1770535,10725520
2026-04-13T12:13:33.687,NF,NIFTY13APR2624200CE,1.0,3.7,7.05,0.75,76.7,105153880,1.11,1.0,1908790,1.05,1783405,10725520
2026-04-13T12:13:35.289,NF,NIFTY13APR2624200CE,1.05,3.7,7.05,0.75,76.7,105174030,1.11,1.0,1920555,1.05,1753180,10725520
2026-04-13T12:13:36.892,NF,NIFTY13APR2624200CE,1.0,3.7,7.05,0.75,76.7,105182025,1.11,1.0,1899170,1.05,1791465,10725520
2026-04-13T12:13:38.691,NF,NIFTY13APR2624200CE,1.0,3.7,7.05,0.75,76.7,105183065,1.11,1.0,1906255,1.05,1770470,10725520
2026-04-13T12:13:40.301,NF,NIFTY13APR2624200CE,1.05,3.7,7.05,0.75,76.7,105185795,1.11,1.0,1903980,1.05,1760590,10725520
2026-04-13T12:13:41.917,NF,NIFTY13APR2624200CE,1.0,3.7,7.05,0.75,76.7,105191190,1.11,1.0,1914380,1.05,1760655,10725520
2026-04-13T12:13:43.501,NF,NIFTY13APR2624200CE,1.05,3.7,7.05,0.75,76.7,105193595,1.11,1.0,1982435,1.05,1766505,10725520
2026-04-13T12:13:45.103,NF,NIFTY13APR2624200CE,1.0,3.7,7.05,0.75,76.7,105210235,1.11,1.0,1883570,1.05,1785550,10725520
2026-04-13T12:13:46.712,NF,NIFTY13APR2624200CE,1.0,3.7,7.05,0.75,76.7,105216150,1.11,1.0,1854515,1.05,1792895,10725520
2026-04-13T12:13:48.506,NF,NIFTY13APR2624200CE,1.0,3.7,7.05,0.75,76.7,105217190,1.11,1.0,1925625,1.05,1787500,10725520
2026-04-13T12:13:50.109,NF,NIFTY13APR2624200CE,1.0,3.7,7.05,0.75,76.7,105217450,1.11,1.0,1982435,1.05,1773785,10725520
2026-04-13T12:13:51.713,NF,NIFTY13APR2624200CE,1.0,3.7,7.05,0.75,76.7,105224860,1.11,1.0,1996020,1.05,1777100,10725520
2026-04-13T12:13:53.314,NF,NIFTY13APR2624200CE,1.05,3.7,7.05,0.75,76.7,105225575,1.11,1.0,2002260,1.05,1759095,10725520
2026-04-13T12:13:54.928,NF,NIFTY13APR2624200CE,1.0,3.7,7.05,0.75,76.7,105237795,1.11,1.0,2000830,1.05,1731990,10725520
2026-04-13T12:13:56.717,NF,NIFTY13APR2624200CE,1.0,3.7,7.05,0.75,76.7,105249560,1.11,1.0,2003560,1.05,1752205,10725520
2026-04-13T12:13:58.320,NF,NIFTY13APR2624200CE,1.0,3.7,7.05,0.75,76.7,105264445,1.11,1.0,2007525,1.05,1727375,10838230
2026-04-13T12:13:59.922,NF,NIFTY13APR2624200CE,1.0,3.7,7.05,0.75,76.7,105269970,1.11,1.0,1963130,1.05,1732640,10838230
2026-04-13T12:14:01.538,NF,NIFTY13APR2624200CE,1.0,3.7,7.05,0.75,76.7,105281995,1.11,1.0,1910285,1.05,2038790,10838230
2026-04-13T12:14:03.129,NF,NIFTY13APR2624200CE,1.0,3.7,7.05,0.75,76.7,105284985,1.11,1.0,1905865,1.05,2064660,10838230
2026-04-13T12:14:04.929,NF,NIFTY13APR2624200CE,1.05,3.7,7.05,0.75,76.7,105288885,1.11,1.0,1925235,1.05,2030145,10838230
2026-04-13T12:14:06.534,NF,NIFTY13APR2624200CE,1.0,3.7,7.05,0.75,76.7,105293630,1.11,1.0,1913145,1.05,2026375,10838230
2026-04-13T12:14:08.143,NF,NIFTY13APR2624200CE,1.0,3.7,7.05,0.75,76.7,105297400,1.11,1.0,1999400,1.05,2026570,10838230
2026-04-13T12:14:09.771,NF,NIFTY13APR2624200CE,1.0,3.7,7.05,0.75,76.7,105309165,1.11,1.0,1916915,1.05,2060045,10838230
2026-04-13T12:14:11.343,NF,NIFTY13APR2624200CE,1.0,3.7,7.05,0.75,76.7,105321060,1.11,1.0,1973335,1.05,2062190,10838230
2026-04-13T12:14:13.143,NF,NIFTY13APR2624200CE,1.05,3.7,7.05,0.75,76.7,105337700,1.11,1.0,1951235,1.05,2058940,10838230
2026-04-13T12:14:14.746,NF,NIFTY13APR2624200CE,1.05,3.7,7.05,0.75,76.7,105355640,1.11,1.0,1985815,1.05,2053610,10838230
2026-04-13T12:14:16.359,NF,NIFTY13APR2624200CE,1.0,3.7,7.05,0.75,76.7,105362010,1.11,1.0,1991015,1.05,2044640,10838230
2026-04-13T12:14:17.953,NF,NIFTY13APR2624200CE,1.05,3.7,7.05,0.75,76.7,105367795,1.11,1.0,1987830,1.05,2048150,10838230
2026-04-13T12:14:19.557,NF,NIFTY13APR2624200CE,1.05,3.7,7.05,0.75,76.7,105373515,1.11,1.0,1988870,1.05,2043600,10838230
2026-04-13T12:14:21.160,NF,NIFTY13APR2624200CE,1.0,3.7,7.05,0.75,76.7,105381900,1.11,1.0,1973205,1.05,2028910,10838230
2026-04-13T12:14:22.971,NF,NIFTY13APR2624200CE,1.0,3.7,7.05,0.75,76.7,105397500,1.11,1.0,1877915,1.05,2037685,10838230
2026-04-13T12:14:24.562,NF,NIFTY13APR2624200CE,1.05,3.7,7.05,0.75,76.7,105478815,1.11,1.05,1050400,1.1,1631175,10838230
2026-04-13T12:14:26.172,NF,NIFTY13APR2624200CE,1.05,3.7,7.05,0.75,76.7,105484470,1.11,1.05,1170585,1.1,1661335,10838230
2026-04-13T12:14:27.772,NF,NIFTY13APR2624200CE,1.05,3.7,7.05,0.75,76.7,105563510,1.11,1.05,1508650,1.1,1616095,10838230
2026-04-13T12:14:29.373,NF,NIFTY13APR2624200CE,1.05,3.7,7.05,0.75,76.7,105569360,1.11,1.05,1485640,1.1,1650740,10838230
2026-04-13T12:14:30.977,NF,NIFTY13APR2624200CE,1.05,3.7,7.05,0.75,76.7,105571830,1.11,1.05,1519440,1.1,1626235,10838230
2026-04-13T12:14:32.778,NF,NIFTY13APR2624200CE,1.05,3.7,7.05,0.75,76.7,105573325,1.11,1.05,1517815,1.1,1625780,10838230
2026-04-13T12:14:34.381,NF,NIFTY13APR2624200CE,1.05,3.7,7.05,0.75,76.7,105578265,1.11,1.05,1757275,1.1,1637480,10838230
2026-04-13T12:14:35.984,NF,NIFTY13APR2624200CE,1.05,3.7,7.05,0.75,76.7,105579175,1.11,1.05,1605825,1.1,1638260,10838230
2026-04-13T12:14:37.587,NF,NIFTY13APR2624200CE,1.05,3.7,7.05,0.75,76.7,105584440,1.11,1.05,1551550,1.1,1646970,10838230
2026-04-13T12:14:38.790,NF,NIFTY13APR2624200CE,1.05,3.7,7.05,0.75,76.7,105733485,1.11,1.0,2169700,1.05,1605955,10838230
2026-04-13T12:14:40.590,NF,NIFTY13APR2624200CE,1.05,3.7,7.05,0.75,76.7,105744860,1.11,1.0,2248155,1.05,1608295,10838230
2026-04-13T12:14:42.196,NF,NIFTY13APR2624200CE,1.05,3.7,7.05,0.75,76.7,105804335,1.11,1.05,428740,1.1,1611415,10838230
2026-04-13T12:14:43.805,NF,NIFTY13APR2624200CE,1.05,3.7,7.05,0.75,76.7,105806545,1.11,1.05,1253785,1.1,1646775,10838230
2026-04-13T12:14:45.618,NF,NIFTY13APR2624200CE,1.1,3.7,7.05,0.75,76.7,105824680,1.11,1.05,1567020,1.1,1586455,10838230
2026-04-13T12:14:47.204,NF,NIFTY13APR2624200CE,1.05,3.7,7.05,0.75,76.7,105838525,1.11,1.05,1636245,1.1,1590160,10838230
2026-04-13T12:14:48.812,NF,NIFTY13APR2624200CE,1.05,3.7,7.05,0.75,76.7,105960920,1.11,1.0,2107950,1.05,1004640,10838230
2026-04-13T12:14:50.609,NF,NIFTY13APR2624200CE,1.0,3.7,7.05,0.75,76.7,105969500,1.11,1.0,2132000,1.05,1710150,10838230
2026-04-13T12:14:52.212,NF,NIFTY13APR2624200CE,1.0,3.7,7.05,0.75,76.7,105983150,1.11,1.0,2208570,1.05,1685970,10838230
2026-04-13T12:14:53.822,NF,NIFTY13APR2624200CE,1.05,3.7,7.05,0.75,76.7,105988545,1.11,1.0,2278835,1.05,1684670,10838230
2026-04-13T12:14:55.432,NF,NIFTY13APR2624200CE,1.0,3.7,7.05,0.75,76.7,106027285,1.11,1.0,2122900,1.05,1684410,10838230
2026-04-13T12:14:57.222,NF,NIFTY13APR2624200CE,1.05,3.7,7.05,0.75,76.7,106071550,1.11,1.0,2210195,1.05,1682200,10838230
2026-04-13T12:14:58.878,NF,NIFTY13APR2624200CE,1.0,3.7,7.05,0.75,76.7,106130440,1.11,1.0,2177825,1.05,1673035,10838230
2026-04-13T12:15:00.430,NF,NIFTY13APR2624200CE,1.1,3.7,7.05,0.75,76.7,106249130,1.11,1.05,1667380,1.1,1674205,10838230
2026-04-13T12:15:02.229,NF,NIFTY13APR2624200CE,1.1,3.7,7.05,0.75,76.7,106256605,1.11,1.05,1864720,1.1,1618695,10838230
2026-04-13T12:15:03.840,NF,NIFTY13APR2624200CE,1.05,3.7,7.05,0.75,76.7,106269475,1.11,1.05,1832740,1.1,1607060,10838230
2026-04-13T12:15:05.438,NF,NIFTY13APR2624200CE,1.1,3.7,7.05,0.75,76.7,106273895,1.11,1.05,1857115,1.1,1604265,10838230
2026-04-13T12:15:07.040,NF,NIFTY13APR2624200CE,1.1,3.7,7.05,0.75,76.7,106278835,1.11,1.05,1840280,1.1,1639430,10838230
2026-04-13T12:15:08.651,NF,NIFTY13APR2624200CE,1.1,3.7,7.05,0.75,76.7,106283450,1.11,1.05,1765530,1.1,1638975,10838230
2026-04-13T12:15:10.439,NF,NIFTY13APR2624200CE,1.05,3.7,7.05,0.75,76.7,106304445,1.11,1.05,1804205,1.1,1645020,10838230
2026-04-13T12:15:12.044,NF,NIFTY13APR2624200CE,1.05,3.7,7.05,0.75,76.7,106352285,1.11,1.05,1579630,1.1,1663090,10838230
2026-04-13T12:15:13.649,NF,NIFTY13APR2624200CE,1.05,3.7,7.05,0.75,76.7,106383875,1.11,1.05,1514630,1.1,1731535,10838230
2026-04-13T12:15:15.450,NF,NIFTY13APR2624200CE,1.05,3.7,7.05,0.75,76.7,106391285,1.11,1.05,1512940,1.1,1756755,10838230
2026-04-13T12:15:17.050,NF,NIFTY13APR2624200CE,1.05,3.7,7.05,0.75,76.7,106399735,1.11,1.05,1731340,1.1,1663480,10838230
2026-04-13T12:15:18.653,NF,NIFTY13APR2624200CE,1.05,3.7,7.05,0.75,76.7,106407015,1.11,1.05,1515345,1.1,1712035,10838230
2026-04-13T12:15:20.453,NF,NIFTY13APR2624200CE,1.05,3.7,7.05,0.75,76.7,106418650,1.11,1.05,1536990,1.1,1705665,10838230
2026-04-13T12:15:22.065,NF,NIFTY13APR2624200CE,1.1,3.7,7.05,0.75,76.7,106454855,1.11,1.05,1481155,1.1,1700270,10838230
2026-04-13T12:15:23.661,NF,NIFTY13APR2624200CE,1.05,3.7,7.05,0.75,76.7,106471690,1.11,1.05,1486355,1.1,1706835,10838230
2026-04-13T12:15:25.470,NF,NIFTY13APR2624200CE,1.05,3.7,7.05,0.75,76.7,106491060,1.11,1.05,1557660,1.1,1689350,10838230
2026-04-13T12:15:27.071,NF,NIFTY13APR2624200CE,1.05,3.7,7.05,0.75,76.7,106495740,1.11,1.05,1541280,1.1,1701180,10838230
2026-04-13T12:15:28.667,NF,NIFTY13APR2624200CE,1.1,3.7,7.05,0.75,76.7,106497170,1.11,1.05,1678820,1.1,1674595,10838230
2026-04-13T12:15:30.488,NF,NIFTY13APR2624200CE,1.05,3.7,7.05,0.75,76.7,106508675,1.11,1.05,1636050,1.1,1698580,10838230
2026-04-13T12:15:32.074,NF,NIFTY13APR2624200CE,1.05,3.7,7.05,0.75,76.7,106525055,1.11,1.05,1636830,1.1,1664000,10838230
2026-04-13T12:15:33.673,NF,NIFTY13APR2624200CE,1.1,3.7,7.05,0.75,76.7,106528630,1.11,1.05,1718015,1.1,1657435,10838230
2026-04-13T12:15:35.475,NF,NIFTY13APR2624200CE,1.05,3.7,7.05,0.75,76.7,106531360,1.11,1.05,1664585,1.1,1661400,10838230
2026-04-13T12:15:37.078,NF,NIFTY13APR2624200CE,1.1,3.7,7.05,0.75,76.7,106538445,1.11,1.05,1718665,1.1,1666600,10838230
2026-04-13T12:15:38.480,NF,NIFTY13APR2624200CE,1.1,3.7,7.05,0.75,76.7,106540005,1.11,1.05,1730885,1.1,1669460,10838230
2026-04-13T12:15:40.296,NF,NIFTY13APR2624200CE,1.05,3.7,7.05,0.75,76.7,106556320,1.11,1.05,1703845,1.1,1668095,10838230
2026-04-13T12:15:41.887,NF,NIFTY13APR2624200CE,1.05,3.7,7.05,0.75,76.7,106564835,1.11,1.05,1624805,1.1,1712100,10838230
2026-04-13T12:15:43.495,NF,NIFTY13APR2624200CE,1.05,3.7,7.05,0.75,76.7,106743975,1.11,1.0,2092480,1.05,1208155,10838230
2026-04-13T12:15:45.287,NF,NIFTY13APR2624200CE,1.0,3.7,7.05,0.75,76.7,106748590,1.11,1.0,2030210,1.05,1362205,10838230
2026-04-13T12:15:46.892,NF,NIFTY13APR2624200CE,1.0,3.7,7.05,0.75,76.7,106751190,1.11,1.0,2127385,1.05,1359540,10838230
2026-04-13T12:15:48.499,NF,NIFTY13APR2624200CE,1.0,3.7,7.05,0.75,76.7,106758925,1.11,1.0,2113475,1.05,1341275,10838230
2026-04-13T12:15:50.294,NF,NIFTY13APR2624200CE,1.0,3.7,7.05,0.75,76.7,106759510,1.11,1.0,2102425,1.05,1340300,10838230
2026-04-13T12:15:51.900,NF,NIFTY13APR2624200CE,1.0,3.7,7.05,0.75,76.7,106762370,1.11,1.0,2022865,1.05,1412125,10838230
2026-04-13T12:15:53.511,NF,NIFTY13APR2624200CE,1.0,3.7,7.05,0.75,76.7,106764125,1.11,1.0,2116985,1.05,1411540,10838230
2026-04-13T12:15:55.301,NF,NIFTY13APR2624200CE,1.0,3.7,7.05,0.75,76.7,106780700,1.11,1.0,2194855,1.05,1379105,10838230
2026-04-13T12:15:56.905,NF,NIFTY13APR2624200CE,1.0,3.7,7.05,0.75,76.7,106782845,1.11,1.0,2194400,1.05,1373710,10838230
2026-04-13T12:15:58.515,NF,NIFTY13APR2624200CE,1.0,3.7,7.05,0.75,76.7,106791230,1.11,1.0,2132845,1.05,1357005,10838230
2026-04-13T12:16:00.310,NF,NIFTY13APR2624200CE,1.05,3.7,7.05,0.75,76.7,106795195,1.11,1.0,2027480,1.05,1382095,10838230
2026-04-13T12:16:01.912,NF,NIFTY13APR2624200CE,1.0,3.7,7.05,0.75,76.7,106810600,1.11,1.0,2094495,1.05,1349985,10838230
2026-04-13T12:16:03.519,NF,NIFTY13APR2624200CE,1.05,3.7,7.05,0.75,76.7,106814370,1.11,1.0,2105155,1.05,1348555,10838230
2026-04-13T12:16:05.316,NF,NIFTY13APR2624200CE,1.0,3.7,7.05,0.75,76.7,106819570,1.11,1.0,2093455,1.05,1389245,10838230
2026-04-13T12:16:06.919,NF,NIFTY13APR2624200CE,1.05,3.7,7.05,0.75,76.7,106834260,1.11,1.0,2083120,1.05,1399060,10838230
2026-04-13T12:16:08.544,NF,NIFTY13APR2624200CE,1.0,3.7,7.05,0.75,76.7,106836015,1.11,1.0,1992185,1.05,1449500,10838230
2026-04-13T12:16:10.134,NF,NIFTY13APR2624200CE,1.0,3.7,7.05,0.75,76.7,106844855,1.11,1.0,1993550,1.05,1429285,10838230
2026-04-13T12:16:11.927,NF,NIFTY13APR2624200CE,1.05,3.7,7.05,0.75,76.7,106846090,1.11,1.0,2004990,1.05,1423565,10838230
2026-04-13T12:16:13.531,NF,NIFTY13APR2624200CE,1.05,3.7,7.05,0.75,76.7,106846740,1.11,1.0,2026635,1.05,1425840,10838230
2026-04-13T12:16:15.144,NF,NIFTY13APR2624200CE,1.05,3.7,7.05,0.75,76.7,106850445,1.11,1.0,2091700,1.05,1394445,10838230
2026-04-13T12:16:18.547,NF,NIFTY13APR2624200CE,1.0,3.7,7.05,0.75,76.7,106852460,1.11,1.0,2083770,1.05,1417715,10838230
2026-04-13T12:16:20.150,NF,NIFTY13APR2624200CE,1.05,3.7,7.05,0.75,76.7,106856360,1.11,1.0,2169050,1.05,1404520,10838230
2026-04-13T12:16:21.749,NF,NIFTY13APR2624200CE,1.05,3.7,7.05,0.75,76.7,106860780,1.11,1.0,2088255,1.05,1399710,10838230
2026-04-13T12:16:23.553,NF,NIFTY13APR2624200CE,1.05,3.7,7.05,0.75,76.7,106867540,1.11,1.0,2076685,1.05,1408680,10838230
2026-04-13T12:16:25.151,NF,NIFTY13APR2624200CE,1.0,3.7,7.05,0.75,76.7,106868385,1.11,1.0,2074670,1.05,1399580,10838230
2026-04-13T12:16:26.752,NF,NIFTY13APR2624200CE,1.05,3.7,7.05,0.75,76.7,106874625,1.11,1.0,2006030,1.05,1415765,10838230
2026-04-13T12:16:28.560,NF,NIFTY13APR2624200CE,1.05,3.7,7.05,0.75,76.7,106889510,1.11,1.0,2097875,1.05,1386970,10838230
2026-04-13T12:16:30.153,NF,NIFTY13APR2624200CE,1.0,3.7,7.05,0.75,76.7,106901795,1.11,1.0,2077270,1.05,1379170,10838230
2026-04-13T12:16:31.781,NF,NIFTY13APR2624200CE,1.05,3.7,7.05,0.75,76.7,106909595,1.11,1.0,2063165,1.05,1371435,10838230
2026-04-13T12:16:33.564,NF,NIFTY13APR2624200CE,1.05,3.7,7.05,0.75,76.7,106915120,1.11,1.0,2103140,1.05,1361815,10838230
2026-04-13T12:16:35.161,NF,NIFTY13APR2624200CE,1.0,3.7,7.05,0.75,76.7,106917070,1.11,1.0,2040545,1.05,1357395,10838230
2026-04-13T12:16:36.774,NF,NIFTY13APR2624200CE,1.05,3.7,7.05,0.75,76.7,106952690,1.11,1.05,1266135,1.1,1643460,10838230
2026-04-13T12:16:38.577,NF,NIFTY13APR2624200CE,1.1,3.7,7.05,0.75,76.7,106956525,1.11,1.05,1270815,1.1,1639560,10838230
2026-04-13T12:16:40.208,NF,NIFTY13APR2624200CE,1.1,3.7,7.05,0.75,76.7,107015610,1.11,1.05,1568710,1.1,1598415,10838230
2026-04-13T12:16:41.776,NF,NIFTY13APR2624200CE,1.1,3.7,7.05,0.75,76.7,107017755,1.11,1.05,1562860,1.1,1622140,10838230
2026-04-13T12:16:43.373,NF,NIFTY13APR2624200CE,1.05,3.7,7.05,0.75,76.7,107019770,1.11,1.05,1568645,1.1,1595620,10838230
2026-04-13T12:16:44.987,NF,NIFTY13APR2624200CE,1.1,3.7,7.05,0.75,76.7,107025425,1.11,1.05,1579955,1.1,1587040,10838230
2026-04-13T12:16:46.779,NF,NIFTY13APR2624200CE,1.05,3.7,7.05,0.75,76.7,107035175,1.11,1.05,1692015,1.1,1573715,10838230
2026-04-13T12:16:48.387,NF,NIFTY13APR2624200CE,1.1,3.7,7.05,0.75,76.7,107036215,1.11,1.05,1648530,1.1,1545830,10838230
2026-04-13T12:16:49.985,NF,NIFTY13APR2624200CE,1.05,3.7,7.05,0.75,76.7,107039985,1.11,1.05,1651975,1.1,1550575,10838230
2026-04-13T12:16:51.588,NF,NIFTY13APR2624200CE,1.05,3.7,7.05,0.75,76.7,107044535,1.11,1.05,1696370,1.1,1570595,10838230
2026-04-13T12:16:53.385,NF,NIFTY13APR2624200CE,1.1,3.7,7.05,0.75,76.7,107046225,1.11,1.05,1736995,1.1,1566110,10838230
2026-04-13T12:16:54.992,NF,NIFTY13APR2624200CE,1.05,3.7,7.05,0.75,76.7,107052660,1.11,1.05,1736215,1.1,1563640,10838230
2026-04-13T12:16:56.597,NF,NIFTY13APR2624200CE,1.1,3.7,7.05,0.75,76.7,107058185,1.11,1.05,1649375,1.1,1565525,10838230
2026-04-13T12:16:58.192,NF,NIFTY13APR2624200CE,1.1,3.7,7.05,0.75,76.7,107069365,1.11,1.05,1803035,1.1,1562210,10838230
2026-04-13T12:16:59.898,NF,NIFTY13APR2624200CE,1.05,3.7,7.05,0.75,76.7,107083015,1.11,1.05,1706705,1.1,1548820,10677550
2026-04-13T12:17:01.435,NF,NIFTY13APR2624200CE,1.1,3.7,7.05,0.75,76.7,107092505,1.11,1.05,1704235,1.1,1539980,10677550
2026-04-13T12:17:03.201,NF,NIFTY13APR2624200CE,1.1,3.7,7.05,0.75,76.7,107095690,1.11,1.05,1679925,1.1,1541215,10677550
2026-04-13T12:17:04.810,NF,NIFTY13APR2624200CE,1.1,3.7,7.05,0.75,76.7,107097055,1.11,1.05,1665365,1.1,1539850,10677550
2026-04-13T12:17:06.434,NF,NIFTY13APR2624200CE,1.05,3.7,7.05,0.75,76.7,107112460,1.11,1.05,1840670,1.1,1519310,10677550
2026-04-13T12:17:08.015,NF,NIFTY13APR2624200CE,1.05,3.7,7.05,0.75,76.7,107115125,1.11,1.05,1772680,1.1,1515410,10677550
2026-04-13T12:17:09.612,NF,NIFTY13APR2624200CE,1.1,3.7,7.05,0.75,76.7,107121170,1.11,1.05,1677650,1.1,1528280,10677550
2026-04-13T12:17:11.415,NF,NIFTY13APR2624200CE,1.05,3.7,7.05,0.75,76.7,107122600,1.11,1.05,1673165,1.1,1521975,10677550
2026-04-13T12:17:13.027,NF,NIFTY13APR2624200CE,1.1,3.7,7.05,0.75,76.7,107130595,1.11,1.05,1710410,1.1,1527240,10677550
2026-04-13T12:17:14.619,NF,NIFTY13APR2624200CE,1.1,3.7,7.05,0.75,76.7,107132090,1.11,1.05,1735565,1.1,1527955,10677550
2026-04-13T12:17:16.220,NF,NIFTY13APR2624200CE,1.1,3.7,7.05,0.75,76.7,107242850,1.11,1.1,1085435,1.15,1490320,10677550
2026-04-13T12:17:17.820,NF,NIFTY13APR2624200CE,1.1,3.7,7.05,0.75,76.7,107265665,1.11,1.1,1316445,1.15,1489475,10677550
2026-04-13T12:17:19.621,NF,NIFTY13APR2624200CE,1.1,3.7,7.05,0.75,76.7,107269045,1.11,1.1,1330420,1.15,1498640,10677550
2026-04-13T12:17:21.223,NF,NIFTY13APR2624200CE,1.1,3.7,7.05,0.75,76.7,107275610,1.11,1.1,1362985,1.15,1491815,10677550
2026-04-13T12:17:22.825,NF,NIFTY13APR2624200CE,1.1,3.7,7.05,0.75,76.7,107286855,1.11,1.1,1357590,1.15,1498575,10677550
2026-04-13T12:17:24.431,NF,NIFTY13APR2624200CE,1.1,3.7,7.05,0.75,76.7,107382470,1.11,1.1,1401790,1.15,1565655,10677550
2026-04-13T12:17:26.032,NF,NIFTY13APR2624200CE,1.15,3.7,7.05,0.75,76.7,107392610,1.11,1.1,1386840,1.15,1559025,10677550
2026-04-13T12:17:27.834,NF,NIFTY13APR2624200CE,1.1,3.7,7.05,0.75,76.7,107407430,1.11,1.1,1368510,1.15,1580995,10677550
2026-04-13T12:17:29.443,NF,NIFTY13APR2624200CE,1.1,3.7,7.05,0.75,76.7,107411070,1.11,1.1,1366430,1.15,1591460,10677550
2026-04-13T12:17:31.042,NF,NIFTY13APR2624200CE,1.15,3.7,7.05,0.75,76.7,107421015,1.11,1.1,1406990,1.15,1571570,10677550
2026-04-13T12:17:32.658,NF,NIFTY13APR2624200CE,1.1,3.7,7.05,0.75,76.7,107422575,1.11,1.1,1388075,1.15,1570205,10677550
2026-04-13T12:17:34.441,NF,NIFTY13APR2624200CE,1.1,3.7,7.05,0.75,76.7,107505775,1.11,1.1,1293825,1.15,1546545,10677550
2026-04-13T12:17:36.056,NF,NIFTY13APR2624200CE,1.15,3.7,7.05,0.75,76.7,107509675,1.11,1.1,1321970,1.15,1544140,10677550
2026-04-13T12:17:37.649,NF,NIFTY13APR2624200CE,1.1,3.7,7.05,0.75,76.7,107513510,1.11,1.1,1304940,1.15,1561755,10677550
2026-04-13T12:17:39.248,NF,NIFTY13APR2624200CE,1.15,3.7,7.05,0.75,76.7,107514875,1.11,1.1,1359800,1.15,1529970,10677550
2026-04-13T12:17:40.854,NF,NIFTY13APR2624200CE,1.15,3.7,7.05,0.75,76.7,107523065,1.11,1.1,1358760,1.15,1540890,10677550
2026-04-13T12:17:42.652,NF,NIFTY13APR2624200CE,1.15,3.7,7.05,0.75,76.7,107525470,1.11,1.1,1332630,1.15,1521520,10677550
2026-04-13T12:17:44.258,NF,NIFTY13APR2624200CE,1.15,3.7,7.05,0.75,76.7,107525600,1.11,1.1,1331200,1.15,1523080,10677550
2026-04-13T12:17:45.858,NF,NIFTY13APR2624200CE,1.15,3.7,7.05,0.75,76.7,107531320,1.11,1.1,1334190,1.15,1521260,10677550
2026-04-13T12:17:47.662,NF,NIFTY13APR2624200CE,1.1,3.7,7.05,0.75,76.7,107531840,1.11,1.1,1335945,1.15,1517295,10677550
2026-04-13T12:17:49.263,NF,NIFTY13APR2624200CE,1.15,3.7,7.05,0.75,76.7,107532945,1.11,1.1,1578655,1.15,1502475,10677550
2026-04-13T12:17:50.871,NF,NIFTY13APR2624200CE,1.15,3.7,7.05,0.75,76.7,107539900,1.11,1.1,1592435,1.15,1485315,10677550
2026-04-13T12:17:52.668,NF,NIFTY13APR2624200CE,1.15,3.7,7.05,0.75,76.7,107542630,1.11,1.1,1534325,1.15,1488305,10677550
2026-04-13T12:17:54.270,NF,NIFTY13APR2624200CE,1.1,3.7,7.05,0.75,76.7,107542890,1.11,1.1,1534260,1.15,1499680,10677550
2026-04-13T12:17:55.874,NF,NIFTY13APR2624200CE,1.1,3.7,7.05,0.75,76.7,107556670,1.11,1.1,1522235,1.15,1503320,10677550
2026-04-13T12:17:57.677,NF,NIFTY13APR2624200CE,1.1,3.7,7.05,0.75,76.7,107557775,1.11,1.1,1525420,1.15,1500070,10677550
2026-04-13T12:17:59.285,NF,NIFTY13APR2624200CE,1.1,3.7,7.05,0.75,76.7,107565185,1.11,1.1,1530100,1.15,1495520,10677550
2026-04-13T12:18:00.883,NF,NIFTY13APR2624200CE,1.1,3.7,7.05,0.75,76.7,107584880,1.11,1.1,1557595,1.15,1490775,10677550
2026-04-13T12:18:02.691,NF,NIFTY13APR2624200CE,1.15,3.7,7.05,0.75,76.7,107588195,1.11,1.1,1614275,1.15,1478425,10677550
2026-04-13T12:18:04.289,NF,NIFTY13APR2624200CE,1.1,3.7,7.05,0.75,76.7,107594110,1.11,1.1,1574560,1.15,1464905,10677550
2026-04-13T12:18:05.893,NF,NIFTY13APR2624200CE,1.15,3.7,7.05,0.75,76.7,107598270,1.11,1.1,1613170,1.15,1462045,10677550
2026-04-13T12:18:07.696,NF,NIFTY13APR2624200CE,1.1,3.7,7.05,0.75,76.7,107601325,1.11,1.1,1528345,1.15,1465750,10677550
2026-04-13T12:18:09.363,NF,NIFTY13APR2624200CE,1.15,3.7,7.05,0.75,76.7,107602560,1.11,1.1,1549925,1.15,1462760,10677550
2026-04-13T12:18:10.914,NF,NIFTY13APR2624200CE,1.1,3.7,7.05,0.75,76.7,107801785,1.11,1.1,1313455,1.15,1571505,10677550
2026-04-13T12:18:12.701,NF,NIFTY13APR2624200CE,1.1,3.7,7.05,0.75,76.7,107846700,1.11,1.1,1298960,1.15,1594060,10677550
2026-04-13T12:18:14.302,NF,NIFTY13APR2624200CE,1.1,3.7,7.05,0.75,76.7,107859310,1.11,1.1,1318395,1.15,1597830,10677550
2026-04-13T12:18:15.906,NF,NIFTY13APR2624200CE,1.1,3.7,7.05,0.75,76.7,107860155,1.11,1.1,1305460,1.15,1603160,10677550
2026-04-13T12:18:17.706,NF,NIFTY13APR2624200CE,1.1,3.7,7.05,0.75,76.7,107861910,1.11,1.1,1285245,1.15,1601145,10677550
2026-04-13T12:18:19.313,NF,NIFTY13APR2624200CE,1.15,3.7,7.05,0.75,76.7,107875430,1.11,1.1,1284075,1.15,1630070,10677550
2026-04-13T12:18:20.928,NF,NIFTY13APR2624200CE,1.1,3.7,7.05,0.75,76.7,107889145,1.11,1.1,1267890,1.15,1599650,10677550
2026-04-13T12:18:22.713,NF,NIFTY13APR2624200CE,1.1,3.7,7.05,0.75,76.7,107894735,1.11,1.1,1267695,1.15,1622335,10677550
2026-04-13T12:18:24.314,NF,NIFTY13APR2624200CE,1.1,3.7,7.05,0.75,76.7,107898895,1.11,1.1,1263860,1.15,1623960,10677550
2026-04-13T12:18:25.937,NF,NIFTY13APR2624200CE,1.1,3.7,7.05,0.75,76.7,107923790,1.11,1.1,1287260,1.15,1618435,10677550
2026-04-13T12:18:27.721,NF,NIFTY13APR2624200CE,1.1,3.7,7.05,0.75,76.7,107939455,1.11,1.1,1276990,1.15,1628705,10677550
2026-04-13T12:18:29.325,NF,NIFTY13APR2624200CE,1.1,3.7,7.05,0.75,76.7,107941600,1.11,1.1,1281085,1.15,1634555,10677550
2026-04-13T12:18:30.932,NF,NIFTY13APR2624200CE,1.1,3.7,7.05,0.75,76.7,107952520,1.11,1.1,1275625,1.15,1611870,10677550
2026-04-13T12:18:32.735,NF,NIFTY13APR2624200CE,1.1,3.7,7.05,0.75,76.7,107972410,1.11,1.1,1257425,1.15,1606865,10677550
2026-04-13T12:18:34.334,NF,NIFTY13APR2624200CE,1.1,3.7,7.05,0.75,76.7,107974360,1.11,1.1,1276795,1.15,1610700,10677550
2026-04-13T12:18:35.937,NF,NIFTY13APR2624200CE,1.15,3.7,7.05,0.75,76.7,107983655,1.11,1.1,1261260,1.15,1606150,10677550
2026-04-13T12:18:37.733,NF,NIFTY13APR2624200CE,1.1,3.7,7.05,0.75,76.7,108050670,1.11,1.05,1843920,1.1,1383525,10677550
2026-04-13T12:18:39.336,NF,NIFTY13APR2624200CE,1.05,3.7,7.05,0.75,76.7,108057495,1.11,1.05,1686295,1.1,1388270,10677550
2026-04-13T12:18:40.942,NF,NIFTY13APR2624200CE,1.05,3.7,7.05,0.75,76.7,108060940,1.11,1.05,1681355,1.1,1387035,10677550
2026-04-13T12:18:42.742,NF,NIFTY13APR2624200CE,1.1,3.7,7.05,0.75,76.7,108063215,1.11,1.05,1702285,1.1,1369030,10677550
2026-04-13T12:18:44.342,NF,NIFTY13APR2624200CE,1.1,3.7,7.05,0.75,76.7,108068025,1.11,1.05,1688115,1.1,1360710,10677550
2026-04-13T12:18:45.946,NF,NIFTY13APR2624200CE,1.1,3.7,7.05,0.75,76.7,108080115,1.11,1.05,1690780,1.1,1351220,10677550
2026-04-13T12:18:47.751,NF,NIFTY13APR2624200CE,1.1,3.7,7.05,0.75,76.7,108081935,1.11,1.05,1689675,1.1,1355185,10677550
2026-04-13T12:18:49.350,NF,NIFTY13APR2624200CE,1.1,3.7,7.05,0.75,76.7,108083755,1.11,1.05,1682850,1.1,1368900,10677550
2026-04-13T12:18:50.951,NF,NIFTY13APR2624200CE,1.1,3.7,7.05,0.75,76.7,108094155,1.11,1.05,1681225,1.1,1361100,10677550
2026-04-13T12:18:52.561,NF,NIFTY13APR2624200CE,1.1,3.7,7.05,0.75,76.7,108247555,1.11,1.05,1754090,1.1,767390,10677550
2026-04-13T12:18:54.157,NF,NIFTY13APR2624200CE,1.1,3.7,7.05,0.75,76.7,108248270,1.11,1.05,1716780,1.1,1277445,10677550
2026-04-13T12:18:55.966,NF,NIFTY13APR2624200CE,1.1,3.7,7.05,0.75,76.7,108249440,1.11,1.05,1712685,1.1,1331460,10677550
2026-04-13T12:18:57.563,NF,NIFTY13APR2624200CE,1.1,3.7,7.05,0.75,76.7,108252365,1.11,1.05,1718210,1.1,1321580,10677550
2026-04-13T12:18:59.169,NF,NIFTY13APR2624200CE,1.05,3.7,7.05,0.75,76.7,108253795,1.11,1.05,1720485,1.1,1316380,10677550
2026-04-13T12:19:00.765,NF,NIFTY13APR2624200CE,1.1,3.7,7.05,0.75,76.7,108260425,1.11,1.05,1727115,1.1,1287455,10677550
2026-04-13T12:19:02.369,NF,NIFTY13APR2624200CE,1.1,3.7,7.05,0.75,76.7,108263155,1.11,1.05,1707225,1.1,1306175,10677550
2026-04-13T12:19:04.178,NF,NIFTY13APR2624200CE,1.05,3.7,7.05,0.75,76.7,108264650,1.11,1.05,1701570,1.1,1358435,10677550
2026-04-13T12:19:05.774,NF,NIFTY13APR2624200CE,1.1,3.7,7.05,0.75,76.7,108266925,1.11,1.05,1705535,1.1,1361230,10677550
2026-04-13T12:19:07.378,NF,NIFTY13APR2624200CE,1.1,3.7,7.05,0.75,76.7,108271735,1.11,1.05,1704820,1.1,1365650,10677550
2026-04-13T12:19:09.183,NF,NIFTY13APR2624200CE,1.1,3.7,7.05,0.75,76.7,108280770,1.11,1.05,1695135,1.1,1367665,10677550
2026-04-13T12:19:10.783,NF,NIFTY13APR2624200CE,1.05,3.7,7.05,0.75,76.7,108292080,1.11,1.05,1689480,1.1,1335945,10677550
2026-04-13T12:19:12.394,NF,NIFTY13APR2624200CE,1.1,3.7,7.05,0.75,76.7,108293510,1.11,1.05,1695070,1.1,1354925,10677550
2026-04-13T12:19:14.188,NF,NIFTY13APR2624200CE,1.1,3.7,7.05,0.75,76.7,108299815,1.11,1.05,1679210,1.1,1380080,10677550
2026-04-13T12:19:15.796,NF,NIFTY13APR2624200CE,1.1,3.7,7.05,0.75,76.7,108310865,1.11,1.05,1695330,1.1,1373320,10677550
2026-04-13T12:19:17.396,NF,NIFTY13APR2624200CE,1.1,3.7,7.05,0.75,76.7,108321720,1.11,1.05,1706445,1.1,1334970,10677550
2026-04-13T12:19:18.996,NF,NIFTY13APR2624200CE,1.1,3.7,7.05,0.75,76.7,108323475,1.11,1.05,1740050,1.1,1333995,10677550
2026-04-13T12:19:20.599,NF,NIFTY13APR2624200CE,1.1,3.7,7.05,0.75,76.7,108329520,1.11,1.05,1779245,1.1,1328015,10677550
2026-04-13T12:19:22.402,NF,NIFTY13APR2624200CE,1.1,3.7,7.05,0.75,76.7,108331600,1.11,1.05,1784510,1.1,1322360,10677550
2026-04-13T12:19:24.007,NF,NIFTY13APR2624200CE,1.05,3.7,7.05,0.75,76.7,108332120,1.11,1.05,1775020,1.1,1325935,10677550
2026-04-13T12:19:25.606,NF,NIFTY13APR2624200CE,1.1,3.7,7.05,0.75,76.7,108337125,1.11,1.05,1853475,1.1,1318655,10677550
2026-04-13T12:19:27.208,NF,NIFTY13APR2624200CE,1.1,3.7,7.05,0.75,76.7,108338295,1.11,1.05,1727180,1.1,1279200,10677550
2026-04-13T12:19:28.812,NF,NIFTY13APR2624200CE,1.1,3.7,7.05,0.75,76.7,108339725,1.11,1.05,1727635,1.1,1291745,10677550
2026-04-13T12:19:30.618,NF,NIFTY13APR2624200CE,1.1,3.7,7.05,0.75,76.7,108345055,1.11,1.05,1725685,1.1,1280110,10677550
2026-04-13T12:19:32.216,NF,NIFTY13APR2624200CE,1.05,3.7,7.05,0.75,76.7,108346745,1.11,1.05,1688830,1.1,1371565,10677550
2026-04-13T12:19:33.821,NF,NIFTY13APR2624200CE,1.05,3.7,7.05,0.75,76.7,108347135,1.11,1.05,1681680,1.1,1364480,10677550
2026-04-13T12:19:35.619,NF,NIFTY13APR2624200CE,1.1,3.7,7.05,0.75,76.7,108351685,1.11,1.05,1675570,1.1,1381770,10677550
2026-04-13T12:19:37.231,NF,NIFTY13APR2624200CE,1.05,3.7,7.05,0.75,76.7,108360200,1.11,1.05,1742065,1.1,1197300,10677550
2026-04-13T12:19:39.024,NF,NIFTY13APR2624200CE,1.05,3.7,7.05,0.75,76.7,108507100,1.11,1.05,1755000,1.1,1663610,10677550
2026-04-13T12:19:40.628,NF,NIFTY13APR2624200CE,1.05,3.7,7.05,0.75,76.7,108543890,1.11,1.05,1709370,1.1,1728285,10677550
2026-04-13T12:19:42.431,NF,NIFTY13APR2624200CE,1.05,3.7,7.05,0.75,76.7,108548895,1.11,1.05,1705925,1.1,1727700,10677550
2026-04-13T12:19:44.032,NF,NIFTY13APR2624200CE,1.05,3.7,7.05,0.75,76.7,108550065,1.11,1.05,1782820,1.1,1726855,10677550
2026-04-13T12:19:45.635,NF,NIFTY13APR2624200CE,1.05,3.7,7.05,0.75,76.7,108559750,1.11,1.05,1721135,1.1,1718990,10677550
2026-04-13T12:19:47.442,NF,NIFTY13APR2624200CE,1.05,3.7,7.05,0.75,76.7,108565990,1.11,1.05,1806610,1.1,1697735,10677550
2026-04-13T12:19:49.043,NF,NIFTY13APR2624200CE,1.1,3.7,7.05,0.75,76.7,108583020,1.11,1.05,1918995,1.1,1496040,10677550
2026-04-13T12:19:50.640,NF,NIFTY13APR2624200CE,1.1,3.7,7.05,0.75,76.7,108593225,1.11,1.05,1855100,1.1,1493245,10677550
2026-04-13T12:19:52.261,NF,NIFTY13APR2624200CE,1.1,3.7,7.05,0.75,76.7,108596475,1.11,1.05,1843010,1.1,1491880,10677550
2026-04-13T12:19:54.045,NF,NIFTY13APR2624200CE,1.1,3.7,7.05,0.75,76.7,108608240,1.11,1.05,1842360,1.1,1492855,10677550
2026-04-13T12:19:55.647,NF,NIFTY13APR2624200CE,1.1,3.7,7.05,0.75,76.7,108629690,1.11,1.05,1812590,1.1,1478100,10677550
2026-04-13T12:19:57.251,NF,NIFTY13APR2624200CE,1.1,3.7,7.05,0.75,76.7,108633200,1.11,1.05,1863225,1.1,1480050,10677550
2026-04-13T12:19:59.067,NF,NIFTY13APR2624200CE,1.1,3.7,7.05,0.75,76.7,108640935,1.11,1.05,1889680,1.1,1472835,10677550
2026-04-13T12:20:00.668,NF,NIFTY13APR2624200CE,1.1,3.7,7.05,0.75,76.7,108682275,1.11,1.05,1865305,1.1,1454180,10841480
2026-04-13T12:20:02.261,NF,NIFTY13APR2624200CE,1.1,3.7,7.05,0.75,76.7,108695990,1.11,1.05,1839500,1.1,1317225,10841480
2026-04-13T12:20:04.126,NF,NIFTY13APR2624200CE,1.05,3.7,7.05,0.75,76.7,108706845,1.11,1.05,1858025,1.1,1312675,10841480
2026-04-13T12:20:05.664,NF,NIFTY13APR2624200CE,1.1,3.7,7.05,0.75,76.7,108710225,1.11,1.05,1874145,1.1,1304940,10841480
2026-04-13T12:20:07.344,NF,NIFTY13APR2624200CE,1.1,3.7,7.05,0.75,76.7,108714970,1.11,1.05,1812655,1.1,1301040,10841480
2026-04-13T12:20:10.740,NF,NIFTY13APR2624200CE,1.05,3.7,7.05,0.75,76.7,108735640,1.11,1.05,1778270,1.1,1322620,10841480
2026-04-13T12:20:12.376,NF,NIFTY13APR2624200CE,1.05,3.7,7.05,0.75,76.7,108742400,1.11,1.05,1751035,1.1,1317810,10841480
2026-04-13T12:20:13.890,NF,NIFTY13APR2624200CE,1.05,3.7,7.05,0.75,76.7,108745650,1.11,1.05,1744600,1.1,1314755,10841480
2026-04-13T12:20:15.680,NF,NIFTY13APR2624200CE,1.1,3.7,7.05,0.75,76.7,108749550,1.11,1.05,1718990,1.1,1337895,10841480
2026-04-13T12:20:17.277,NF,NIFTY13APR2624200CE,1.05,3.7,7.05,0.75,76.7,108753905,1.11,1.05,1723020,1.1,1486290,10841480
2026-04-13T12:20:18.882,NF,NIFTY13APR2624200CE,1.1,3.7,7.05,0.75,76.7,108756700,1.11,1.05,1730040,1.1,1338285,10841480
2026-04-13T12:20:20.681,NF,NIFTY13APR2624200CE,1.1,3.7,7.05,0.75,76.7,108766385,1.11,1.05,1822015,1.1,1308515,10841480
2026-04-13T12:20:22.285,NF,NIFTY13APR2624200CE,1.05,3.7,7.05,0.75,76.7,108768985,1.11,1.05,1737385,1.1,1320280,10841480
2026-04-13T12:20:23.887,NF,NIFTY13APR2624200CE,1.05,3.7,7.05,0.75,76.7,108771845,1.11,1.05,1732510,1.1,1318915,10841480
2026-04-13T12:20:25.502,NF,NIFTY13APR2624200CE,1.1,3.7,7.05,0.75,76.7,108775290,1.11,1.05,1721915,1.1,1312415,10841480
2026-04-13T12:20:27.091,NF,NIFTY13APR2624200CE,1.05,3.7,7.05,0.75,76.7,108778215,1.11,1.05,1706445,1.1,1321905,10841480
2026-04-13T12:20:28.893,NF,NIFTY13APR2624200CE,1.05,3.7,7.05,0.75,76.7,108782895,1.11,1.05,1707940,1.1,1453335,10841480
2026-04-13T12:20:30.532,NF,NIFTY13APR2624200CE,1.05,3.7,7.05,0.75,76.7,108787120,1.11,1.05,1714375,1.1,1324310,10841480
2026-04-13T12:20:32.105,NF,NIFTY13APR2624200CE,1.05,3.7,7.05,0.75,76.7,108789980,1.11,1.05,1815060,1.1,1300585,10841480
2026-04-13T12:20:33.912,NF,NIFTY13APR2624200CE,1.1,3.7,7.05,0.75,76.7,108803175,1.11,1.05,1872780,1.1,1293630,10841480
2026-04-13T12:20:35.500,NF,NIFTY13APR2624200CE,1.05,3.7,7.05,0.75,76.7,108807530,1.11,1.05,1844440,1.1,1297530,10841480
2026-04-13T12:20:37.106,NF,NIFTY13APR2624200CE,1.1,3.7,7.05,0.75,76.7,108810065,1.11,1.05,1785810,1.1,1304940,10841480
2026-04-13T12:20:38.516,NF,NIFTY13APR2624200CE,1.05,3.7,7.05,0.75,76.7,108811495,1.11,1.05,1744600,1.1,1293760,10841480
2026-04-13T12:20:40.112,NF,NIFTY13APR2624200CE,1.05,3.7,7.05,0.75,76.7,108811885,1.11,1.05,1739530,1.1,1304550,10841480
2026-04-13T12:20:41.912,NF,NIFTY13APR2624200CE,1.05,3.7,7.05,0.75,76.7,108816825,1.11,1.05,1731210,1.1,1302665,10841480
2026-04-13T12:20:43.514,NF,NIFTY13APR2624200CE,1.05,3.7,7.05,0.75,76.7,108817995,1.11,1.05,1736995,1.1,1301820,10841480
2026-04-13T12:20:45.120,NF,NIFTY13APR2624200CE,1.05,3.7,7.05,0.75,76.7,108856735,1.11,1.05,1766245,1.1,1506375,10841480
2026-04-13T12:20:46.924,NF,NIFTY13APR2624200CE,1.05,3.7,7.05,0.75,76.7,108865900,1.11,1.05,1830725,1.1,1498055,10841480
2026-04-13T12:20:48.523,NF,NIFTY13APR2624200CE,1.05,3.7,7.05,0.75,76.7,108867655,1.11,1.05,1835600,1.1,1497600,10841480
2026-04-13T12:20:50.126,NF,NIFTY13APR2624200CE,1.05,3.7,7.05,0.75,76.7,108868825,1.11,1.05,1799135,1.1,1499225,10841480
2026-04-13T12:20:51.927,NF,NIFTY13APR2624200CE,1.05,3.7,7.05,0.75,76.7,108869215,1.11,1.05,1765140,1.1,1489930,10841480
2026-04-13T12:20:53.530,NF,NIFTY13APR2624200CE,1.05,3.7,7.05,0.75,76.7,108869475,1.11,1.05,1760200,1.1,1501370,10841480
2026-04-13T12:20:55.137,NF,NIFTY13APR2624200CE,1.05,3.7,7.05,0.75,76.7,108877470,1.11,1.05,1742000,1.1,1504425,10841480
2026-04-13T12:20:56.931,NF,NIFTY13APR2624200CE,1.05,3.7,7.05,0.75,76.7,108884035,1.11,1.05,1737060,1.1,1500525,10841480
2026-04-13T12:20:58.536,NF,NIFTY13APR2624200CE,1.1,3.7,7.05,0.75,76.7,108885465,1.11,1.05,1739335,1.1,1492920,10841480
2026-04-13T12:21:00.139,NF,NIFTY13APR2624200CE,1.05,3.7,7.05,0.75,76.7,108887155,1.11,1.05,1834040,1.1,1491035,10841480
2026-04-13T12:21:01.938,NF,NIFTY13APR2624200CE,1.1,3.7,7.05,0.75,76.7,108887350,1.11,1.05,1764295,1.1,1492010,10841480
2026-04-13T12:21:03.557,NF,NIFTY13APR2624200CE,1.05,3.7,7.05,0.75,76.7,108889300,1.11,1.05,1771185,1.1,1492530,10841480
2026-04-13T12:21:05.146,NF,NIFTY13APR2624200CE,1.05,3.7,7.05,0.75,76.7,108899635,1.11,1.05,1764945,1.1,1521650,10841480
2026-04-13T12:21:06.954,NF,NIFTY13APR2624200CE,1.1,3.7,7.05,0.75,76.7,108902105,1.11,1.05,1831180,1.1,1307020,10841480
2026-04-13T12:21:08.548,NF,NIFTY13APR2624200CE,1.1,3.7,7.05,0.75,76.7,108908020,1.11,1.05,1903785,1.1,1327365,10841480
2026-04-13T12:21:10.167,NF,NIFTY13APR2624200CE,1.1,3.7,7.05,0.75,76.7,108914325,1.11,1.05,1858220,1.1,1323725,10841480
2026-04-13T12:21:11.953,NF,NIFTY13APR2624200CE,1.1,3.7,7.05,0.75,76.7,108923815,1.11,1.05,1853670,1.1,1320800,10841480
2026-04-13T12:21:13.556,NF,NIFTY13APR2624200CE,1.05,3.7,7.05,0.75,76.7,108930185,1.11,1.05,1838590,1.1,1323595,10841480
2026-04-13T12:21:15.161,NF,NIFTY13APR2624200CE,1.05,3.7,7.05,0.75,76.7,108936685,1.11,1.05,1845545,1.1,1310010,10841480
2026-04-13T12:21:16.963,NF,NIFTY13APR2624200CE,1.1,3.7,7.05,0.75,76.7,108942145,1.11,1.05,1861730,1.1,1310530,10841480
2026-04-13T12:21:18.561,NF,NIFTY13APR2624200CE,1.05,3.7,7.05,0.75,76.7,108942990,1.11,1.05,1842620,1.1,1305070,10841480
2026-04-13T12:21:20.165,NF,NIFTY13APR2624200CE,1.1,3.7,7.05,0.75,76.7,108945135,1.11,1.05,1914640,1.1,1303185,10841480
2026-04-13T12:21:21.968,NF,NIFTY13APR2624200CE,1.1,3.7,7.05,0.75,76.7,109001165,1.11,1.1,1614275,1.15,1611675,10841480
2026-04-13T12:21:23.569,NF,NIFTY13APR2624200CE,1.1,3.7,7.05,0.75,76.7,109004285,1.11,1.1,1625910,1.15,1591200,10841480
2026-04-13T12:21:25.175,NF,NIFTY13APR2624200CE,1.15,3.7,7.05,0.75,76.7,109005390,1.11,1.1,1654120,1.15,1588730,10841480
2026-04-13T12:21:26.972,NF,NIFTY13APR2624200CE,1.15,3.7,7.05,0.75,76.7,109010525,1.11,1.1,1687595,1.15,1382160,10841480
2026-04-13T12:21:28.576,NF,NIFTY13APR2624200CE,1.15,3.7,7.05,0.75,76.7,109034185,1.11,1.1,1806090,1.15,1377610,10841480
2026-04-13T12:21:30.178,NF,NIFTY13APR2624200CE,1.1,3.7,7.05,0.75,76.7,109042115,1.11,1.1,1747525,1.15,1371175,10841480
2026-04-13T12:21:31.982,NF,NIFTY13APR2624200CE,1.1,3.7,7.05,0.75,76.7,109045105,1.11,1.1,1746160,1.15,1369550,10841480
2026-04-13T12:21:33.583,NF,NIFTY13APR2624200CE,1.15,3.7,7.05,0.75,76.7,109050305,1.11,1.1,1727440,1.15,1394640,10841480
2026-04-13T12:21:35.187,NF,NIFTY13APR2624200CE,1.15,3.7,7.05,0.75,76.7,109051540,1.11,1.1,1653665,1.15,1418430,10841480
2026-04-13T12:21:36.985,NF,NIFTY13APR2624200CE,1.1,3.7,7.05,0.75,76.7,109163145,1.11,1.1,1189370,1.15,1440985,10841480
2026-04-13T12:21:38.389,NF,NIFTY13APR2624200CE,1.1,3.7,7.05,0.75,76.7,109241730,1.11,1.05,1858090,1.1,1452360,10841480
2026-04-13T12:21:39.992,NF,NIFTY13APR2624200CE,1.05,3.7,7.05,0.75,76.7,109242575,1.11,1.05,1907295,1.1,1540045,10841480
2026-04-13T12:21:41.793,NF,NIFTY13APR2624200CE,1.05,3.7,7.05,0.75,76.7,109243745,1.11,1.05,1829165,1.1,1567085,10841480
2026-04-13T12:21:43.396,NF,NIFTY13APR2624200CE,1.1,3.7,7.05,0.75,76.7,109245630,1.11,1.05,1837615,1.1,1564290,10841480
2026-04-13T12:21:44.999,NF,NIFTY13APR2624200CE,1.1,3.7,7.05,0.75,76.7,109266820,1.11,1.05,1793285,1.1,1588925,10841480
2026-04-13T12:21:46.799,NF,NIFTY13APR2624200CE,1.1,3.7,7.05,0.75,76.7,109277870,1.11,1.05,1792245,1.1,1587625,10841480
2026-04-13T12:21:48.404,NF,NIFTY13APR2624200CE,1.1,3.7,7.05,0.75,76.7,109295290,1.11,1.05,1823315,1.1,1562795,10841480
2026-04-13T12:21:50.010,NF,NIFTY13APR2624200CE,1.1,3.7,7.05,0.75,76.7,109295420,1.11,1.05,1898390,1.1,1563575,10841480
2026-04-13T12:21:51.820,NF,NIFTY13APR2624200CE,1.1,3.7,7.05,0.75,76.7,109301920,1.11,1.05,1815190,1.1,1572870,10841480
2026-04-13T12:21:53.414,NF,NIFTY13APR2624200CE,1.05,3.7,7.05,0.75,76.7,109313230,1.11,1.05,1741025,1.1,1590940,10841480
2026-04-13T12:21:55.027,NF,NIFTY13APR2624200CE,1.05,3.7,7.05,0.75,76.7,109318625,1.11,1.05,1721915,1.1,1614665,10841480
2026-04-13T12:21:56.818,NF,NIFTY13APR2624200CE,1.05,3.7,7.05,0.75,76.7,109323305,1.11,1.05,1714700,1.1,1616550,10841480
2026-04-13T12:21:58.433,NF,NIFTY13APR2624200CE,1.05,3.7,7.05,0.75,76.7,109324410,1.11,1.05,1741350,1.1,1621945,10841480
2026-04-13T12:22:00.025,NF,NIFTY13APR2624200CE,1.1,3.7,7.05,0.75,76.7,109327465,1.11,1.05,1710020,1.1,1679795,10841480
2026-04-13T12:22:01.827,NF,NIFTY13APR2624200CE,1.05,3.7,7.05,0.75,76.7,109466175,1.11,1.0,2041780,1.05,1213875,10841480
2026-04-13T12:22:03.431,NF,NIFTY13APR2624200CE,1.05,3.7,7.05,0.75,76.7,109471050,1.11,1.0,2062515,1.05,1215110,10841480
2026-04-13T12:22:05.036,NF,NIFTY13APR2624200CE,1.05,3.7,7.05,0.75,76.7,109474235,1.11,1.0,2067195,1.05,1249170,10841480
2026-04-13T12:22:06.837,NF,NIFTY13APR2624200CE,1.05,3.7,7.05,0.75,76.7,109476965,1.11,1.0,2059980,1.05,1251575,10841480
2026-04-13T12:22:08.441,NF,NIFTY13APR2624200CE,1.05,3.7,7.05,0.75,76.7,109478460,1.11,1.0,2064335,1.05,1245465,10841480
2026-04-13T12:22:10.047,NF,NIFTY13APR2624200CE,1.05,3.7,7.05,0.75,76.7,109482685,1.11,1.0,2051010,1.05,1355575,10841480
2026-04-13T12:22:11.842,NF,NIFTY13APR2624200CE,1.05,3.7,7.05,0.75,76.7,109493150,1.11,1.0,2061280,1.05,1392040,10841480
2026-04-13T12:22:15.058,NF,NIFTY13APR2624200CE,1.0,3.7,7.05,0.75,76.7,109495165,1.11,1.0,2055300,1.05,1444040,10841480
2026-04-13T12:22:16.867,NF,NIFTY13APR2624200CE,1.0,3.7,7.05,0.75,76.7,109497765,1.11,1.0,2054390,1.05,1433770,10841480
2026-04-13T12:22:18.457,NF,NIFTY13APR2624200CE,1.0,3.7,7.05,0.75,76.7,109507060,1.11,1.0,2067195,1.05,1444755,10841480
2026-04-13T12:22:20.056,NF,NIFTY13APR2624200CE,1.0,3.7,7.05,0.75,76.7,109512845,1.11,1.0,2068105,1.05,1430715,10841480
2026-04-13T12:22:21.864,NF,NIFTY13APR2624200CE,1.05,3.7,7.05,0.75,76.7,109515575,1.11,1.0,2081365,1.05,1409915,10841480
2026-04-13T12:22:23.463,NF,NIFTY13APR2624200CE,1.05,3.7,7.05,0.75,76.7,109515640,1.11,1.0,2084160,1.05,1427400,10841480
2026-04-13T12:22:25.086,NF,NIFTY13APR2624200CE,1.0,3.7,7.05,0.75,76.7,109516160,1.11,1.0,2069080,1.05,1437995,10841480
2026-04-13T12:22:26.871,NF,NIFTY13APR2624200CE,1.05,3.7,7.05,0.75,76.7,109537610,1.11,1.0,2101645,1.05,1415505,10841480
2026-04-13T12:22:28.466,NF,NIFTY13APR2624200CE,1.0,3.7,7.05,0.75,76.7,109539495,1.11,1.0,2086110,1.05,1429025,10841480
2026-04-13T12:22:30.079,NF,NIFTY13APR2624200CE,1.0,3.7,7.05,0.75,76.7,109565755,1.11,1.0,2017405,1.05,1483820,10841480
2026-04-13T12:22:31.681,NF,NIFTY13APR2624200CE,1.0,3.7,7.05,0.75,76.7,109575830,1.11,1.0,2048215,1.05,1483430,10841480
2026-04-13T12:22:33.482,NF,NIFTY13APR2624200CE,1.0,3.7,7.05,0.75,76.7,109590975,1.11,1.0,2034240,1.05,1500915,10841480
2026-04-13T12:22:35.076,NF,NIFTY13APR2624200CE,1.05,3.7,7.05,0.75,76.7,109592860,1.11,1.0,2052895,1.05,1490710,10841480
2026-04-13T12:22:36.686,NF,NIFTY13APR2624200CE,1.0,3.7,7.05,0.75,76.7,109597215,1.11,1.0,2022410,1.05,1517490,10841480
2026-04-13T12:22:38.681,NF,NIFTY13APR2624200CE,1.0,3.7,7.05,0.75,76.7,109599945,1.11,1.0,2026570,1.05,1515215,10841480
2026-04-13T12:22:40.283,NF,NIFTY13APR2624200CE,1.05,3.7,7.05,0.75,76.7,109655260,1.11,1.0,2057445,1.05,1462695,10841480
2026-04-13T12:22:41.899,NF,NIFTY13APR2624200CE,1.0,3.7,7.05,0.75,76.7,109671510,1.11,1.0,1998295,1.05,1547910,10841480
2026-04-13T12:22:43.686,NF,NIFTY13APR2624200CE,1.0,3.7,7.05,0.75,76.7,109682430,1.11,1.0,1982565,1.05,1621035,10841480
2026-04-13T12:22:45.306,NF,NIFTY13APR2624200CE,1.0,3.7,7.05,0.75,76.7,109692440,1.11,1.0,1968655,1.05,1669915,10841480
2026-04-13T12:22:46.896,NF,NIFTY13APR2624200CE,1.0,3.7,7.05,0.75,76.7,109700565,1.11,1.0,1978925,1.05,1685385,10841480
2026-04-13T12:22:48.692,NF,NIFTY13APR2624200CE,1.0,3.7,7.05,0.75,76.7,109728255,1.11,1.0,1989130,1.05,1732055,10841480
2026-04-13T12:22:50.297,NF,NIFTY13APR2624200CE,1.05,3.7,7.05,0.75,76.7,109734300,1.11,1.0,1982825,1.05,1740570,10841480
2026-04-13T12:22:51.899,NF,NIFTY13APR2624200CE,1.0,3.7,7.05,0.75,76.7,109738200,1.11,1.0,1990820,1.05,1698320,10841480
2026-04-13T12:22:53.501,NF,NIFTY13APR2624200CE,1.05,3.7,7.05,0.75,76.7,109740540,1.11,1.0,1991015,1.05,1682525,10841480
2026-04-13T12:22:55.302,NF,NIFTY13APR2624200CE,1.0,3.7,7.05,0.75,76.7,109752435,1.11,1.0,1987895,1.05,1693770,10841480
2026-04-13T12:22:56.909,NF,NIFTY13APR2624200CE,1.0,3.7,7.05,0.75,76.7,109820815,1.11,1.0,1926210,1.05,1756235,10841480
2026-04-13T12:22:58.511,NF,NIFTY13APR2624200CE,1.0,3.7,7.05,0.75,76.7,109832060,1.11,1.0,1915095,1.05,1785940,10841480
2026-04-13T12:23:00.316,NF,NIFTY13APR2624200CE,1.0,3.7,7.05,0.75,76.7,109838560,1.11,1.0,1905475,1.05,1793220,10841480
2026-04-13T12:23:01.928,NF,NIFTY13APR2624200CE,1.0,3.7,7.05,0.75,76.7,109847790,1.11,1.0,1902225,1.05,1818635,10921040
2026-04-13T12:23:03.522,NF,NIFTY13APR2624200CE,1.05,3.7,7.05,0.75,76.7,109849805,1.11,1.0,1907360,1.05,1794455,10921040
2026-04-13T12:23:05.318,NF,NIFTY13APR2624200CE,1.0,3.7,7.05,0.75,76.7,109855330,1.11,1.0,1904630,1.05,1792310,10921040
2026-04-13T12:23:06.921,NF,NIFTY13APR2624200CE,1.05,3.7,7.05,0.75,76.7,109889130,1.11,1.0,1916200,1.05,1741935,10921040
2026-04-13T12:23:08.540,NF,NIFTY13APR2624200CE,1.05,3.7,7.05,0.75,76.7,109910905,1.11,1.0,1905670,1.05,1719055,10921040
2026-04-13T12:23:10.127,NF,NIFTY13APR2624200CE,1.0,3.7,7.05,0.75,76.7,109914740,1.11,1.0,1907360,1.05,1738295,10921040
2026-04-13T12:23:11.945,NF,NIFTY13APR2624200CE,1.0,3.7,7.05,0.75,76.7,109928975,1.11,1.0,1895920,1.05,1730170,10921040
2026-04-13T12:23:13.531,NF,NIFTY13APR2624200CE,1.05,3.7,7.05,0.75,76.7,109931640,1.11,1.0,1904435,1.05,1717885,10921040
2026-04-13T12:23:15.133,NF,NIFTY13APR2624200CE,1.0,3.7,7.05,0.75,76.7,109934110,1.11,1.0,1889615,1.05,1750970,10921040
2026-04-13T12:23:16.942,NF,NIFTY13APR2624200CE,1.0,3.7,7.05,0.75,76.7,109963490,1.11,1.0,1886430,1.05,1731860,10921040
2026-04-13T12:23:18.536,NF,NIFTY13APR2624200CE,1.05,3.7,7.05,0.75,76.7,109963620,1.11,1.0,1884545,1.05,1731080,10921040
2026-04-13T12:23:20.139,NF,NIFTY13APR2624200CE,1.0,3.7,7.05,0.75,76.7,109964530,1.11,1.0,1882270,1.05,1736670,10921040
2026-04-13T12:23:21.942,NF,NIFTY13APR2624200CE,1.05,3.7,7.05,0.75,76.7,109965960,1.11,1.0,1895270,1.05,1734915,10921040
2026-04-13T12:23:23.542,NF,NIFTY13APR2624200CE,1.0,3.7,7.05,0.75,76.7,109966350,1.11,1.0,1883115,1.05,1740245,10921040
2026-04-13T12:23:26.750,NF,NIFTY13APR2624200CE,1.05,3.7,7.05,0.75,76.7,109970835,1.11,1.0,1896830,1.05,1722500,10921040
2026-04-13T12:23:28.559,NF,NIFTY13APR2624200CE,1.05,3.7,7.05,0.75,76.7,109976295,1.11,1.0,1886170,1.05,1740765,10921040
2026-04-13T12:23:30.150,NF,NIFTY13APR2624200CE,1.05,3.7,7.05,0.75,76.7,109986695,1.11,1.0,1887795,1.05,1751945,10921040
2026-04-13T12:23:31.754,NF,NIFTY13APR2624200CE,1.0,3.7,7.05,0.75,76.7,109992610,1.11,1.0,1880645,1.05,1757405,10921040
2026-04-13T12:23:33.356,NF,NIFTY13APR2624200CE,1.05,3.7,7.05,0.75,76.7,110010875,1.11,1.0,1913860,1.05,1748825,10921040
2026-04-13T12:23:34.960,NF,NIFTY13APR2624200CE,1.0,3.7,7.05,0.75,76.7,110037980,1.11,1.0,1902940,1.05,1747590,10921040
2026-04-13T12:23:36.567,NF,NIFTY13APR2624200CE,1.0,3.7,7.05,0.75,76.7,110044870,1.11,1.0,1997970,1.05,1748630,10921040
2026-04-13T12:23:38.365,NF,NIFTY13APR2624200CE,1.0,3.7,7.05,0.75,76.7,110047990,1.11,1.0,1994135,1.05,1745510,10921040
2026-04-13T12:23:39.967,NF,NIFTY13APR2624200CE,1.0,3.7,7.05,0.75,76.7,110049030,1.11,1.0,2002520,1.05,1745770,10921040
2026-04-13T12:23:43.371,NF,NIFTY13APR2624200CE,1.05,3.7,7.05,0.75,76.7,110055075,1.11,1.0,2009865,1.05,1729455,10921040
2026-04-13T12:23:44.976,NF,NIFTY13APR2624200CE,1.05,3.7,7.05,0.75,76.7,110055985,1.11,1.0,2007395,1.05,1717690,10921040
2026-04-13T12:23:46.582,NF,NIFTY13APR2624200CE,1.05,3.7,7.05,0.75,76.7,110061900,1.11,1.0,2104570,1.05,1688830,10921040
2026-04-13T12:23:48.182,NF,NIFTY13APR2624200CE,1.05,3.7,7.05,0.75,76.7,110066060,1.11,1.0,2078960,1.05,1745965,10921040
2026-04-13T12:23:49.981,NF,NIFTY13APR2624200CE,1.05,3.7,7.05,0.75,76.7,110070415,1.11,1.0,2002390,1.05,1699035,10921040
2026-04-13T12:23:51.585,NF,NIFTY13APR2624200CE,1.05,3.7,7.05,0.75,76.7,110078865,1.11,1.0,2000570,1.05,1627145,10921040
2026-04-13T12:23:53.191,NF,NIFTY13APR2624200CE,1.05,3.7,7.05,0.75,76.7,110221280,1.11,1.05,846690,1.1,1646450,10921040
2026-04-13T12:23:55.000,NF,NIFTY13APR2624200CE,1.05,3.7,7.05,0.75,76.7,110227910,1.11,1.05,978965,1.1,1597765,10921040
2026-04-13T12:23:56.595,NF,NIFTY13APR2624200CE,1.1,3.7,7.05,0.75,76.7,110232265,1.11,1.05,983125,1.1,1603615,10921040
2026-04-13T12:23:58.197,NF,NIFTY13APR2624200CE,1.05,3.7,7.05,0.75,76.7,110242405,1.11,1.05,1018810,1.1,1604460,10921040
2026-04-13T12:23:59.799,NF,NIFTY13APR2624200CE,1.1,3.7,7.05,0.75,76.7,110242795,1.11,1.05,1021995,1.1,1609660,10921040
2026-04-13T12:24:01.605,NF,NIFTY13APR2624200CE,1.05,3.7,7.05,0.75,76.7,110244225,1.11,1.05,1014910,1.1,1626235,10921040
2026-04-13T12:24:03.215,NF,NIFTY13APR2624200CE,1.1,3.7,7.05,0.75,76.7,110244485,1.11,1.05,1018225,1.1,1613690,10921040
2026-04-13T12:24:04.808,NF,NIFTY13APR2624200CE,1.1,3.7,7.05,0.75,76.7,110245525,1.11,1.05,1020110,1.1,1596205,10921040
2026-04-13T12:24:06.605,NF,NIFTY13APR2624200CE,1.05,3.7,7.05,0.75,76.7,110301360,1.11,1.0,2236780,1.05,1607775,10921040
2026-04-13T12:24:08.207,NF,NIFTY13APR2624200CE,1.05,3.7,7.05,0.75,76.7,110301880,1.11,1.0,2295475,1.05,1617200,10921040
2026-04-13T12:24:09.836,NF,NIFTY13APR2624200CE,1.05,3.7,7.05,0.75,76.7,110302725,1.11,1.0,2247375,1.05,1662830,10921040
2026-04-13T12:24:11.425,NF,NIFTY13APR2624200CE,1.05,3.7,7.05,0.75,76.7,110310850,1.11,1.0,2242630,1.05,1667835,10921040
2026-04-13T12:24:13.215,NF,NIFTY13APR2624200CE,1.05,3.7,7.05,0.75,76.7,110312085,1.11,1.0,2244515,1.05,1664065,10921040
2026-04-13T12:24:14.824,NF,NIFTY13APR2624200CE,1.0,3.7,7.05,0.75,76.7,110314490,1.11,1.0,2243930,1.05,1679665,10921040
2026-04-13T12:24:16.422,NF,NIFTY13APR2624200CE,1.05,3.7,7.05,0.75,76.7,110315140,1.11,1.0,2238080,1.05,1669330,10921040
2026-04-13T12:24:18.032,NF,NIFTY13APR2624200CE,1.05,3.7,7.05,0.75,76.7,110315270,1.11,1.0,2240225,1.05,1684995,10921040
2026-04-13T12:24:19.826,NF,NIFTY13APR2624200CE,1.05,3.7,7.05,0.75,76.7,110315530,1.11,1.0,2238275,1.05,1734980,10921040
2026-04-13T12:24:21.428,NF,NIFTY13APR2624200CE,1.0,3.7,7.05,0.75,76.7,110320470,1.11,1.0,2239250,1.05,1730885,10921040
2026-04-13T12:24:23.031,NF,NIFTY13APR2624200CE,1.05,3.7,7.05,0.75,76.7,110320535,1.11,1.0,2218580,1.05,1723865,10921040
2026-04-13T12:24:24.645,NF,NIFTY13APR2624200CE,1.0,3.7,7.05,0.75,76.7,110321250,1.11,1.0,2212275,1.05,1729650,10921040
2026-04-13T12:24:26.236,NF,NIFTY13APR2624200CE,1.05,3.7,7.05,0.75,76.7,110393335,1.11,1.0,2134730,1.05,1204255,10921040
2026-04-13T12:24:28.039,NF,NIFTY13APR2624200CE,1.05,3.7,7.05,0.75,76.7,110397625,1.11,1.0,2131545,1.05,1566890,10921040
2026-04-13T12:24:29.653,NF,NIFTY13APR2624200CE,1.05,3.7,7.05,0.75,76.7,110400550,1.11,1.0,2130960,1.05,1561430,10921040
2026-04-13T12:24:31.248,NF,NIFTY13APR2624200CE,1.0,3.7,7.05,0.75,76.7,110405620,1.11,1.0,2129465,1.05,1616030,10921040
2026-04-13T12:24:32.898,NF,NIFTY13APR2624200CE,1.05,3.7,7.05,0.75,76.7,110407310,1.11,1.0,2132130,1.05,1619085,10921040
2026-04-13T12:24:34.454,NF,NIFTY13APR2624200CE,1.05,3.7,7.05,0.75,76.7,110408220,1.11,1.0,2130960,1.05,1618240,10921040
2026-04-13T12:24:36.247,NF,NIFTY13APR2624200CE,1.05,3.7,7.05,0.75,76.7,110412380,1.11,1.0,2132065,1.05,1615250,10921040
2026-04-13T12:24:37.862,NF,NIFTY13APR2624200CE,1.05,3.7,7.05,0.75,76.7,110417125,1.11,1.0,2128685,1.05,1617460,10921040
2026-04-13T12:24:39.064,NF,NIFTY13APR2624200CE,1.05,3.7,7.05,0.75,76.7,110419855,1.11,1.0,2133820,1.05,1610830,10921040
2026-04-13T12:24:40.657,NF,NIFTY13APR2624200CE,1.05,3.7,7.05,0.75,76.7,110423105,1.11,1.0,2133625,1.05,1611675,10921040
2026-04-13T12:24:42.459,NF,NIFTY13APR2624200CE,1.05,3.7,7.05,0.75,76.7,110430905,1.11,1.0,2207335,1.05,1622920,10921040
2026-04-13T12:24:44.065,NF,NIFTY13APR2624200CE,1.05,3.7,7.05,0.75,76.7,110431100,1.11,1.0,2294955,1.05,1622140,10921040
2026-04-13T12:24:45.661,NF,NIFTY13APR2624200CE,1.05,3.7,7.05,0.75,76.7,110467565,1.11,1.05,1658865,1.1,1330810,10921040
2026-04-13T12:24:47.266,NF,NIFTY13APR2624200CE,1.05,3.7,7.05,0.75,76.7,110471920,1.11,1.05,1777945,1.1,1349205,10921040
2026-04-13T12:24:49.067,NF,NIFTY13APR2624200CE,1.05,3.7,7.05,0.75,76.7,110477380,1.11,1.05,1782235,1.1,1309100,10921040
2026-04-13T12:24:50.670,NF,NIFTY13APR2624200CE,1.05,3.7,7.05,0.75,76.7,110480435,1.11,1.05,1779050,1.1,1315275,10921040
2026-04-13T12:24:52.271,NF,NIFTY13APR2624200CE,1.1,3.7,7.05,0.75,76.7,110488430,1.11,1.05,1774500,1.1,1297205,10921040
2026-04-13T12:24:54.073,NF,NIFTY13APR2624200CE,1.1,3.7,7.05,0.75,76.7,110520605,1.11,1.1,1466270,1.15,1479075,10921040
2026-04-13T12:24:55.678,NF,NIFTY13APR2624200CE,1.15,3.7,7.05,0.75,76.7,110525025,1.11,1.1,1525095,1.15,1360385,10921040
2026-04-13T12:24:57.292,NF,NIFTY13APR2624200CE,1.1,3.7,7.05,0.75,76.7,110527690,1.11,1.1,1561820,1.15,1363440,10921040
2026-04-13T12:24:59.079,NF,NIFTY13APR2624200CE,1.15,3.7,7.05,0.75,76.7,110532435,1.11,1.1,1670175,1.15,1362270,10921040
2026-04-13T12:25:00.682,NF,NIFTY13APR2624200CE,1.1,3.7,7.05,0.75,76.7,110534060,1.11,1.1,1623115,1.15,1362595,10921040
2026-04-13T12:25:02.284,NF,NIFTY13APR2624200CE,1.15,3.7,7.05,0.75,76.7,110537505,1.11,1.1,1602770,1.15,1361100,10921040
2026-04-13T12:25:04.094,NF,NIFTY13APR2624200CE,1.1,3.7,7.05,0.75,76.7,110540885,1.11,1.1,1716585,1.15,1316380,10921040
2026-04-13T12:25:05.718,NF,NIFTY13APR2624200CE,1.1,3.7,7.05,0.75,76.7,110541470,1.11,1.1,1681290,1.15,1326390,10921040
2026-04-13T12:25:07.298,NF,NIFTY13APR2624200CE,1.1,3.7,7.05,0.75,76.7,110544330,1.11,1.1,1700790,1.15,1316315,10921040
2026-04-13T12:25:08.895,NF,NIFTY13APR2624200CE,1.15,3.7,7.05,0.75,76.7,110552130,1.11,1.1,1759745,1.15,1311050,10921040
2026-04-13T12:25:10.696,NF,NIFTY13APR2624200CE,1.1,3.7,7.05,0.75,76.7,110583655,1.11,1.1,1329380,1.15,1319045,10921040
2026-04-13T12:25:12.297,NF,NIFTY13APR2624200CE,1.15,3.7,7.05,0.75,76.7,110589375,1.11,1.1,1466270,1.15,1273090,10921040
2026-04-13T12:25:13.901,NF,NIFTY13APR2624200CE,1.15,3.7,7.05,0.75,76.7,110605365,1.11,1.1,1636050,1.15,1046305,10921040
2026-04-13T12:25:15.710,NF,NIFTY13APR2624200CE,1.1,3.7,7.05,0.75,76.7,110605495,1.11,1.1,1630265,1.15,1053000,10921040
2026-04-13T12:25:17.303,NF,NIFTY13APR2624200CE,1.1,3.7,7.05,0.75,76.7,110608745,1.11,1.1,1639040,1.15,1073345,10921040
2026-04-13T12:25:20.535,NF,NIFTY13APR2624200CE,1.15,3.7,7.05,0.75,76.7,110611605,1.11,1.1,1582425,1.15,1082445,10921040
2026-04-13T12:25:22.310,NF,NIFTY13APR2624200CE,1.1,3.7,7.05,0.75,76.7,110612255,1.11,1.1,1558050,1.15,1080495,10921040
2026-04-13T12:25:25.528,NF,NIFTY13APR2624200CE,1.15,3.7,7.05,0.75,76.7,110614920,1.11,1.1,1559870,1.15,1099995,10921040
2026-04-13T12:25:27.323,NF,NIFTY13APR2624200CE,1.1,3.7,7.05,0.75,76.7,110655870,1.11,1.1,1484275,1.15,1128985,10921040
2026-04-13T12:25:28.923,NF,NIFTY13APR2624200CE,1.1,3.7,7.05,0.75,76.7,110657495,1.11,1.1,1489410,1.15,1110655,10921040
2026-04-13T12:25:30.527,NF,NIFTY13APR2624200CE,1.1,3.7,7.05,0.75,76.7,110663150,1.11,1.1,1537965,1.15,1110135,10921040
2026-04-13T12:25:32.344,NF,NIFTY13APR2624200CE,1.1,3.7,7.05,0.75,76.7,110666010,1.11,1.1,1574690,1.15,1107795,10921040
2026-04-13T12:25:33.932,NF,NIFTY13APR2624200CE,1.1,3.7,7.05,0.75,76.7,110666075,1.11,1.1,1500265,1.15,1107600,10921040
2026-04-13T12:25:35.534,NF,NIFTY13APR2624200CE,1.1,3.7,7.05,0.75,76.7,110673485,1.11,1.1,1463085,1.15,1109615,10921040
2026-04-13T12:25:37.333,NF,NIFTY13APR2624200CE,1.15,3.7,7.05,0.75,76.7,110674655,1.11,1.1,1463735,1.15,1106820,10921040
2026-04-13T12:25:38.736,NF,NIFTY13APR2624200CE,1.15,3.7,7.05,0.75,76.7,110676540,1.11,1.1,1519245,1.15,1105065,10921040
2026-04-13T12:25:40.339,NF,NIFTY13APR2624200CE,1.15,3.7,7.05,0.75,76.7,110680115,1.11,1.1,1535235,1.15,1099670,10921040
2026-04-13T12:25:41.963,NF,NIFTY13APR2624200CE,1.1,3.7,7.05,0.75,76.7,110680375,1.11,1.1,1514630,1.15,1101230,10921040
2026-04-13T12:25:43.743,NF,NIFTY13APR2624200CE,1.15,3.7,7.05,0.75,76.7,110681025,1.11,1.1,1514175,1.15,1102205,10921040
2026-04-13T12:25:45.356,NF,NIFTY13APR2624200CE,1.15,3.7,7.05,0.75,76.7,110687785,1.11,1.1,1515475,1.15,1095380,10921040
2026-04-13T12:25:46.955,NF,NIFTY13APR2624200CE,1.15,3.7,7.05,0.75,76.7,110691685,1.11,1.1,1511120,1.15,1092000,10921040
2026-04-13T12:25:48.749,NF,NIFTY13APR2624200CE,1.1,3.7,7.05,0.75,76.7,110699225,1.11,1.1,1516710,1.15,1085370,10921040
2026-04-13T12:25:50.358,NF,NIFTY13APR2624200CE,1.1,3.7,7.05,0.75,76.7,110699875,1.11,1.1,1520025,1.15,1082705,10921040
2026-04-13T12:25:51.958,NF,NIFTY13APR2624200CE,1.1,3.7,7.05,0.75,76.7,110702605,1.11,1.1,1550900,1.15,1022840,10921040
2026-04-13T12:25:53.757,NF,NIFTY13APR2624200CE,1.1,3.7,7.05,0.75,76.7,110705465,1.11,1.1,1561300,1.15,1007955,10921040
2026-04-13T12:25:55.359,NF,NIFTY13APR2624200CE,1.15,3.7,7.05,0.75,76.7,110705595,1.11,1.1,1577355,1.15,1009515,10921040
2026-04-13T12:25:56.962,NF,NIFTY13APR2624200CE,1.1,3.7,7.05,0.75,76.7,110707220,1.11,1.1,1559805,1.15,1043380,10921040
2026-04-13T12:25:58.567,NF,NIFTY13APR2624200CE,1.1,3.7,7.05,0.75,76.7,110708910,1.11,1.1,1552200,1.15,1066910,10921040
2026-04-13T12:26:00.366,NF,NIFTY13APR2624200CE,1.1,3.7,7.05,0.75,76.7,110716450,1.11,1.1,1552070,1.15,1044810,10921040
2026-04-13T12:26:01.971,NF,NIFTY13APR2624200CE,1.15,3.7,7.05,0.75,76.7,110726980,1.11,1.1,1546025,1.15,1068340,10994230
2026-04-13T12:26:03.574,NF,NIFTY13APR2624200CE,1.15,3.7,7.05,0.75,76.7,110727305,1.11,1.1,1560260,1.15,1036360,10994230
2026-04-13T12:26:05.376,NF,NIFTY13APR2624200CE,1.15,3.7,7.05,0.75,76.7,110729385,1.11,1.1,1562990,1.15,1037205,10994230
2026-04-13T12:26:06.976,NF,NIFTY13APR2624200CE,1.15,3.7,7.05,0.75,76.7,110730425,1.11,1.1,1550835,1.15,1050010,10994230
2026-04-13T12:26:08.604,NF,NIFTY13APR2624200CE,1.15,3.7,7.05,0.75,76.7,110730945,1.11,1.1,1546155,1.15,1052870,10994230
2026-04-13T12:26:10.386,NF,NIFTY13APR2624200CE,1.1,3.7,7.05,0.75,76.7,110738225,1.11,1.1,1546480,1.15,1041495,10994230
2026-04-13T12:26:12.012,NF,NIFTY13APR2624200CE,1.15,3.7,7.05,0.75,76.7,110738615,1.11,1.1,1546415,1.15,1062230,10994230
2026-04-13T12:26:13.592,NF,NIFTY13APR2624200CE,1.15,3.7,7.05,0.75,76.7,110741410,1.11,1.1,1581320,1.15,1030770,10994230
2026-04-13T12:26:15.195,NF,NIFTY13APR2624200CE,1.1,3.7,7.05,0.75,76.7,110742385,1.11,1.1,1585480,1.15,1014455,10994230
2026-04-13T12:26:16.989,NF,NIFTY13APR2624200CE,1.1,3.7,7.05,0.75,76.7,110744140,1.11,1.1,1579240,1.15,1023945,10994230
2026-04-13T12:26:18.592,NF,NIFTY13APR2624200CE,1.1,3.7,7.05,0.75,76.7,110745765,1.11,1.1,1648205,1.15,1002755,10994230
2026-04-13T12:26:20.195,NF,NIFTY13APR2624200CE,1.15,3.7,7.05,0.75,76.7,110751485,1.11,1.1,1587300,1.15,1006525,10994230
2026-04-13T12:26:21.996,NF,NIFTY13APR2624200CE,1.15,3.7,7.05,0.75,76.7,110754150,1.11,1.1,1591720,1.15,1009125,10994230
2026-04-13T12:26:23.604,NF,NIFTY13APR2624200CE,1.1,3.7,7.05,0.75,76.7,110755970,1.11,1.1,1585545,1.15,1009060,10994230
2026-04-13T12:26:25.209,NF,NIFTY13APR2624200CE,1.15,3.7,7.05,0.75,76.7,110760910,1.11,1.1,1584115,1.15,1010360,10994230
2026-04-13T12:26:27.003,NF,NIFTY13APR2624200CE,1.1,3.7,7.05,0.75,76.7,110761170,1.11,1.1,1587950,1.15,1001455,10994230
2026-04-13T12:26:28.611,NF,NIFTY13APR2624200CE,1.1,3.7,7.05,0.75,76.7,110764355,1.11,1.1,1609530,1.15,999050,10994230
2026-04-13T12:26:30.224,NF,NIFTY13APR2624200CE,1.15,3.7,7.05,0.75,76.7,110771700,1.11,1.1,1587820,1.15,984100,10994230
2026-04-13T12:26:32.010,NF,NIFTY13APR2624200CE,1.15,3.7,7.05,0.75,76.7,110778720,1.11,1.1,1557270,1.15,1021605,10994230
2026-04-13T12:26:35.222,NF,NIFTY13APR2624200CE,1.15,3.7,7.05,0.75,76.7,110779370,1.11,1.1,1605305,1.15,1012310,10994230
2026-04-13T12:26:37.016,NF,NIFTY13APR2624200CE,1.1,3.7,7.05,0.75,76.7,110781125,1.11,1.1,1632930,1.15,1022255,10994230
2026-04-13T12:26:38.623,NF,NIFTY13APR2624200CE,1.1,3.7,7.05,0.75,76.7,110781190,1.11,1.1,1632995,1.15,1009775,10994230
2026-04-13T12:26:40.231,NF,NIFTY13APR2624200CE,1.15,3.7,7.05,0.75,76.7,110782425,1.11,1.1,1656005,1.15,971425,10994230
2026-04-13T12:26:42.029,NF,NIFTY13APR2624200CE,1.15,3.7,7.05,0.75,76.7,110825780,1.11,1.1,1587430,1.15,1028950,10994230
2026-04-13T12:26:43.632,NF,NIFTY13APR2624200CE,1.1,3.7,7.05,0.75,76.7,110826365,1.11,1.1,1626430,1.15,1030250,10994230
2026-04-13T12:26:45.249,NF,NIFTY13APR2624200CE,1.15,3.7,7.05,0.75,76.7,110831565,1.11,1.1,1582230,1.15,1023555,10994230
2026-04-13T12:26:46.835,NF,NIFTY13APR2624200CE,1.15,3.7,7.05,0.75,76.7,110853990,1.11,1.1,1778465,1.15,951015,10994230
2026-04-13T12:26:48.437,NF,NIFTY13APR2624200CE,1.15,3.7,7.05,0.75,76.7,110855615,1.11,1.1,1713530,1.15,950495,10994230
2026-04-13T12:26:50.044,NF,NIFTY13APR2624200CE,1.1,3.7,7.05,0.75,76.7,110866535,1.11,1.1,1714895,1.15,973505,10994230
2026-04-13T12:26:53.448,NF,NIFTY13APR2624200CE,1.2,3.7,7.05,0.75,76.7,111037875,1.11,1.2,796510,1.25,774020,10994230
2026-04-13T12:26:55.049,NF,NIFTY13APR2624200CE,1.4,3.7,7.05,0.75,76.7,111996235,1.11,1.4,229450,1.45,483925,10994230
2026-04-13T12:26:56.664,NF,NIFTY13APR2624200CE,1.45,3.7,7.05,0.75,76.7,112254415,1.11,1.4,1076595,1.45,443885,10994230
2026-04-13T12:26:58.257,NF,NIFTY13APR2624200CE,1.45,3.7,7.05,0.75,76.7,112364590,1.11,1.4,1435785,1.45,1242215,10994230
2026-04-13T12:27:00.058,NF,NIFTY13APR2624200CE,1.35,3.7,7.05,0.75,76.7,112403070,1.11,1.35,1687010,1.4,1185795,10994230
2026-04-13T12:27:01.656,NF,NIFTY13APR2624200CE,1.3,3.7,7.05,0.75,76.7,112482760,1.11,1.3,1101685,1.35,1350115,10994230
2026-04-13T12:27:03.264,NF,NIFTY13APR2624200CE,1.25,3.7,7.05,0.75,76.7,112571550,1.11,1.2,1360970,1.25,641030,10994230
2026-04-13T12:27:05.079,NF,NIFTY13APR2624200CE,1.2,3.7,7.05,0.75,76.7,112578375,1.11,1.2,1227785,1.25,1448655,10994230
2026-04-13T12:27:06.694,NF,NIFTY13APR2624200CE,1.2,3.7,7.05,0.75,76.7,112726315,1.11,1.15,1720745,1.2,679250,10994230
2026-04-13T12:27:08.268,NF,NIFTY13APR2624200CE,1.15,3.7,7.05,0.75,76.7,112744450,1.11,1.15,1624155,1.2,1164020,10994230
2026-04-13T12:27:09.872,NF,NIFTY13APR2624200CE,1.2,3.7,7.05,0.75,76.7,112766875,1.11,1.15,1708460,1.2,1283620,10994230
2026-04-13T12:27:11.672,NF,NIFTY13APR2624200CE,1.2,3.7,7.05,0.75,76.7,112881990,1.11,1.2,1449370,1.25,1568710,10994230
2026-04-13T12:27:13.283,NF,NIFTY13APR2624200CE,1.2,3.7,7.05,0.75,76.7,112893690,1.11,1.2,1521520,1.25,1569815,10994230
2026-04-13T12:27:14.879,NF,NIFTY13APR2624200CE,1.2,3.7,7.05,0.75,76.7,112895835,1.11,1.2,1476020,1.25,1613105,10994230
2026-04-13T12:27:16.680,NF,NIFTY13APR2624200CE,1.25,3.7,7.05,0.75,76.7,112912280,1.11,1.2,1529060,1.25,1578330,10994230
2026-04-13T12:27:18.288,NF,NIFTY13APR2624200CE,1.2,3.7,7.05,0.75,76.7,112921120,1.11,1.2,1528540,1.25,1592955,10994230
2026-04-13T12:27:19.889,NF,NIFTY13APR2624200CE,1.25,3.7,7.05,0.75,76.7,112925540,1.11,1.2,1404845,1.25,1663805,10994230
2026-04-13T12:27:21.707,NF,NIFTY13APR2624200CE,1.2,3.7,7.05,0.75,76.7,112997950,1.11,1.2,1432990,1.25,1653405,10994230
2026-04-13T12:27:23.298,NF,NIFTY13APR2624200CE,1.25,3.7,7.05,0.75,76.7,113005035,1.11,1.2,1431040,1.25,1677585,10994230
2026-04-13T12:27:24.896,NF,NIFTY13APR2624200CE,1.2,3.7,7.05,0.75,76.7,113267115,1.11,1.2,1190670,1.25,1725100,10994230
2026-04-13T12:27:26.697,NF,NIFTY13APR2624200CE,1.2,3.7,7.05,0.75,76.7,113308455,1.11,1.2,1187810,1.25,1689480,10994230
2026-04-13T12:27:28.301,NF,NIFTY13APR2624200CE,1.25,3.7,7.05,0.75,76.7,113323730,1.11,1.2,1367665,1.25,1651780,10994230
2026-04-13T12:27:29.905,NF,NIFTY13APR2624200CE,1.2,3.7,7.05,0.75,76.7,113325225,1.11,1.2,1420120,1.25,1661465,10994230
2026-04-13T12:27:31.713,NF,NIFTY13APR2624200CE,1.2,3.7,7.05,0.75,76.7,113370010,1.11,1.2,1363700,1.25,1642550,10994230
2026-04-13T12:27:33.310,NF,NIFTY13APR2624200CE,1.2,3.7,7.05,0.75,76.7,113409790,1.11,1.2,1315535,1.25,1637220,10994230
2026-04-13T12:27:34.912,NF,NIFTY13APR2624200CE,1.2,3.7,7.05,0.75,76.7,113416550,1.11,1.2,1356875,1.25,1610050,10994230
2026-04-13T12:27:36.714,NF,NIFTY13APR2624200CE,1.2,3.7,7.05,0.75,76.7,113495395,1.11,1.2,1368055,1.25,1643460,10994230
2026-04-13T12:27:39.521,NF,NIFTY13APR2624200CE,1.2,3.7,7.05,0.75,76.7,113543235,1.11,1.2,1253915,1.25,1703910,10994230
2026-04-13T12:27:41.322,NF,NIFTY13APR2624200CE,1.2,3.7,7.05,0.75,76.7,113580740,1.11,1.2,1367405,1.25,1709435,10994230
2026-04-13T12:27:42.925,NF,NIFTY13APR2624200CE,1.25,3.7,7.05,0.75,76.7,113618765,1.11,1.2,1276795,1.25,1739205,10994230
2026-04-13T12:27:44.529,NF,NIFTY13APR2624200CE,1.25,3.7,7.05,0.75,76.7,113638200,1.11,1.2,1401335,1.25,1737645,10994230
2026-04-13T12:27:46.329,NF,NIFTY13APR2624200CE,1.2,3.7,7.05,0.75,76.7,113676940,1.11,1.2,1304095,1.25,1726660,10994230
2026-04-13T12:27:47.940,NF,NIFTY13APR2624200CE,1.2,3.7,7.05,0.75,76.7,113724650,1.11,1.2,1272830,1.25,1790945,10994230
2026-04-13T12:27:49.536,NF,NIFTY13APR2624200CE,1.15,3.7,7.05,0.75,76.7,113822540,1.11,1.15,1753115,1.2,1371045,10994230
2026-04-13T12:27:51.340,NF,NIFTY13APR2624200CE,1.15,3.7,7.05,0.75,76.7,113867195,1.11,1.15,1687530,1.2,1432405,10994230
2026-04-13T12:27:52.940,NF,NIFTY13APR2624200CE,1.2,3.7,7.05,0.75,76.7,113899760,1.11,1.15,1680380,1.2,1401335,10994230
2026-04-13T12:27:54.551,NF,NIFTY13APR2624200CE,1.2,3.7,7.05,0.75,76.7,113905545,1.11,1.15,1693185,1.2,1375465,10994230
2026-04-13T12:27:56.366,NF,NIFTY13APR2624200CE,1.2,3.7,7.05,0.75,76.7,114117315,1.11,1.15,1637675,1.2,977405,10994230
2026-04-13T12:27:57.949,NF,NIFTY13APR2624200CE,1.3,3.7,7.05,0.75,76.7,114401560,1.11,1.25,1088360,1.3,1457690,10994230
2026-04-13T12:27:59.561,NF,NIFTY13APR2624200CE,1.35,3.7,7.05,0.75,76.7,114536825,1.11,1.3,864370,1.35,1146015,10994230
2026-04-13T12:28:01.373,NF,NIFTY13APR2624200CE,1.3,3.7,7.05,0.75,76.7,114731890,1.11,1.25,1258530,1.3,1110070,10994230
2026-04-13T12:28:02.957,NF,NIFTY13APR2624200CE,1.25,3.7,7.05,0.75,76.7,114737480,1.11,1.25,1503710,1.3,1132105,10994230
2026-04-13T12:28:04.562,NF,NIFTY13APR2624200CE,1.25,3.7,7.05,0.75,76.7,114761920,1.11,1.25,1273090,1.3,1231230,10994230
2026-04-13T12:28:06.365,NF,NIFTY13APR2624200CE,1.25,3.7,7.05,0.75,76.7,114813530,1.11,1.25,1248650,1.3,1217840,10994230
2026-04-13T12:28:07.965,NF,NIFTY13APR2624200CE,1.25,3.7,7.05,0.75,76.7,114823150,1.11,1.25,1275755,1.3,1188720,10994230
2026-04-13T12:28:09.569,NF,NIFTY13APR2624200CE,1.3,3.7,7.05,0.75,76.7,114826140,1.11,1.25,1255085,1.3,1251770,10994230
2026-04-13T12:28:11.372,NF,NIFTY13APR2624200CE,1.25,3.7,7.05,0.75,76.7,114861825,1.11,1.25,1213615,1.3,1287000,10994230
2026-04-13T12:28:12.973,NF,NIFTY13APR2624200CE,1.2,3.7,7.05,0.75,76.7,114924745,1.11,1.2,1741675,1.25,1348880,10994230
2026-04-13T12:28:14.596,NF,NIFTY13APR2624200CE,1.2,3.7,7.05,0.75,76.7,114930595,1.11,1.2,1634490,1.25,1449240,10994230
2026-04-13T12:28:16.384,NF,NIFTY13APR2624200CE,1.25,3.7,7.05,0.75,76.7,114976420,1.11,1.2,1635335,1.25,1488240,10994230
2026-04-13T12:28:17.987,NF,NIFTY13APR2624200CE,1.25,3.7,7.05,0.75,76.7,115006190,1.11,1.2,1689740,1.25,1489800,10994230
2026-04-13T12:28:19.585,NF,NIFTY13APR2624200CE,1.25,3.7,7.05,0.75,76.7,115048830,1.11,1.2,1705535,1.25,1430260,10994230
2026-04-13T12:28:21.394,NF,NIFTY13APR2624200CE,1.2,3.7,7.05,0.75,76.7,115080745,1.11,1.2,1789190,1.25,1459250,10994230
2026-04-13T12:28:23.010,NF,NIFTY13APR2624200CE,1.3,3.7,7.05,0.75,76.7,115253190,1.11,1.25,1259245,1.3,1379235,10994230
2026-04-13T12:28:24.595,NF,NIFTY13APR2624200CE,1.25,3.7,7.05,0.75,76.7,115256245,1.11,1.25,1203020,1.3,1572480,10994230
2026-04-13T12:28:26.427,NF,NIFTY13APR2624200CE,1.25,3.7,7.05,0.75,76.7,115323390,1.11,1.25,1196780,1.3,1528670,10994230
2026-04-13T12:28:28.000,NF,NIFTY13APR2624200CE,1.3,3.7,7.05,0.75,76.7,115433240,1.11,1.25,1440790,1.3,1107015,10994230
2026-04-13T12:28:29.603,NF,NIFTY13APR2624200CE,1.25,3.7,7.05,0.75,76.7,115436880,1.11,1.25,1322620,1.3,1362270,10994230
2026-04-13T12:28:31.402,NF,NIFTY13APR2624200CE,1.3,3.7,7.05,0.75,76.7,115467495,1.11,1.25,1288495,1.3,1438450,10994230
2026-04-13T12:28:33.012,NF,NIFTY13APR2624200CE,1.3,3.7,7.05,0.75,76.7,115476985,1.11,1.25,1295190,1.3,1431300,10994230
2026-04-13T12:28:34.610,NF,NIFTY13APR2624200CE,1.3,3.7,7.05,0.75,76.7,115703055,1.11,1.3,1202565,1.35,1421550,10994230
2026-04-13T12:28:36.409,NF,NIFTY13APR2624200CE,1.25,3.7,7.05,0.75,76.7,115755055,1.11,1.25,1539460,1.3,1289015,10994230
2026-04-13T12:28:38.015,NF,NIFTY13APR2624200CE,1.3,3.7,7.05,0.75,76.7,115764740,1.11,1.25,1530620,1.3,1280370,10994230
2026-04-13T12:28:39.618,NF,NIFTY13APR2624200CE,1.3,3.7,7.05,0.75,76.7,115800165,1.11,1.25,1615380,1.3,1268345,10994230
2026-04-13T12:28:41.427,NF,NIFTY13APR2624200CE,1.3,3.7,7.05,0.75,76.7,116017720,1.11,1.3,1257100,1.35,1223170,10994230
2026-04-13T12:28:43.022,NF,NIFTY13APR2624200CE,1.35,3.7,7.05,0.75,76.7,116025780,1.11,1.3,1420055,1.35,1222715,10994230
2026-04-13T12:28:44.625,NF,NIFTY13APR2624200CE,1.35,3.7,7.05,0.75,76.7,116038195,1.11,1.3,1340755,1.35,1346930,10994230
2026-04-13T12:28:46.226,NF,NIFTY13APR2624200CE,1.3,3.7,7.05,0.75,76.7,116103910,1.11,1.3,1360385,1.35,1318460,10994230
2026-04-13T12:28:48.026,NF,NIFTY13APR2624200CE,1.3,3.7,7.05,0.75,76.7,116105730,1.11,1.3,1294215,1.35,1357525,10994230
2026-04-13T12:28:49.639,NF,NIFTY13APR2624200CE,1.4,3.7,7.05,0.75,76.7,116249640,1.11,1.35,853775,1.4,1325545,10994230
2026-04-13T12:28:51.232,NF,NIFTY13APR2624200CE,1.35,3.7,7.05,0.75,76.7,116278240,1.11,1.35,937105,1.4,1315535,10994230
2026-04-13T12:28:53.035,NF,NIFTY13APR2624200CE,1.35,3.7,7.05,0.75,76.7,116299040,1.11,1.35,921700,1.4,1332500,10994230
2026-04-13T12:28:54.635,NF,NIFTY13APR2624200CE,1.4,3.7,7.05,0.75,76.7,116303850,1.11,1.35,917605,1.4,1338415,10994230
2026-04-13T12:28:56.244,NF,NIFTY13APR2624200CE,1.25,3.7,7.05,0.75,76.7,116441780,1.12,1.25,1572935,1.3,1320540,10994230
2026-04-13T12:28:57.849,NF,NIFTY13APR2624200CE,1.25,3.7,7.05,0.75,76.7,116447890,1.12,1.25,1581450,1.3,1386840,10994230
2026-04-13T12:28:59.641,NF,NIFTY13APR2624200CE,1.3,3.7,7.05,0.75,76.7,116463360,1.12,1.25,1657175,1.3,1420900,10994230
2026-04-13T12:29:01.245,NF,NIFTY13APR2624200CE,1.3,3.7,7.05,0.75,76.7,116463620,1.12,1.25,1536860,1.3,1513720,10994230
2026-04-13T12:29:02.858,NF,NIFTY13APR2624200CE,1.3,3.7,7.05,0.75,76.7,116611755,1.12,1.25,967785,1.3,1575990,10968360
2026-04-13T12:29:04.647,NF,NIFTY13APR2624200CE,1.25,3.7,7.05,0.75,76.7,116617085,1.12,1.25,1128725,1.3,1586195,10968360
2026-04-13T12:29:06.259,NF,NIFTY13APR2624200CE,1.3,3.7,7.05,0.75,76.7,116619555,1.12,1.25,1173835,1.3,1576640,10968360
2026-04-13T12:29:07.858,NF,NIFTY13APR2624200CE,1.3,3.7,7.05,0.75,76.7,116626120,1.12,1.25,1200940,1.3,1586390,10968360
2026-04-13T12:29:09.664,NF,NIFTY13APR2624200CE,1.3,3.7,7.05,0.75,76.7,116636390,1.12,1.25,1342380,1.3,1556685,10968360
2026-04-13T12:29:11.257,NF,NIFTY13APR2624200CE,1.25,3.7,7.05,0.75,76.7,116651600,1.12,1.25,1573130,1.3,1524575,10968360
2026-04-13T12:29:12.869,NF,NIFTY13APR2624200CE,1.25,3.7,7.05,0.75,76.7,116654265,1.12,1.25,1510925,1.3,1522040,10968360
2026-04-13T12:29:14.662,NF,NIFTY13APR2624200CE,1.35,3.7,7.05,0.75,76.7,116760085,1.12,1.3,1353170,1.35,1730625,10968360
2026-04-13T12:29:16.265,NF,NIFTY13APR2624200CE,1.3,3.7,7.05,0.75,76.7,116891580,1.12,1.25,1618370,1.3,1364740,10968360
2026-04-13T12:29:17.880,NF,NIFTY13APR2624200CE,1.3,3.7,7.05,0.75,76.7,116942345,1.12,1.3,1246310,1.35,1813305,10968360
2026-04-13T12:29:19.673,NF,NIFTY13APR2624200CE,1.3,3.7,7.05,0.75,76.7,117106925,1.12,1.25,1620645,1.3,1524120,10968360
2026-04-13T12:29:21.274,NF,NIFTY13APR2624200CE,1.3,3.7,7.05,0.75,76.7,117114270,1.12,1.25,1641640,1.3,1481415,10968360
2026-04-13T12:29:22.879,NF,NIFTY13APR2624200CE,1.3,3.7,7.05,0.75,76.7,117284115,1.12,1.25,1206985,1.3,1607970,10968360
2026-04-13T12:29:24.681,NF,NIFTY13APR2624200CE,1.25,3.7,7.05,0.75,76.7,117287235,1.12,1.25,1629095,1.3,1536275,10968360
2026-04-13T12:29:26.308,NF,NIFTY13APR2624200CE,1.3,3.7,7.05,0.75,76.7,117301080,1.12,1.25,1557920,1.3,1554865,10968360
2026-04-13T12:29:27.886,NF,NIFTY13APR2624200CE,1.25,3.7,7.05,0.75,76.7,117306995,1.12,1.25,1589640,1.3,1529645,10968360
2026-04-13T12:29:29.692,NF,NIFTY13APR2624200CE,1.25,3.7,7.05,0.75,76.7,117321620,1.12,1.25,1487330,1.3,1593800,10968360
2026-04-13T12:29:31.292,NF,NIFTY13APR2624200CE,1.3,3.7,7.05,0.75,76.7,117328055,1.12,1.25,1550965,1.3,1582945,10968360
2026-04-13T12:29:32.893,NF,NIFTY13APR2624200CE,1.25,3.7,7.05,0.75,76.7,117335270,1.12,1.25,1550055,1.3,1576120,10968360
2026-04-13T12:29:34.692,NF,NIFTY13APR2624200CE,1.3,3.7,7.05,0.75,76.7,117424255,1.12,1.3,1093495,1.35,1841385,10968360
2026-04-13T12:29:36.297,NF,NIFTY13APR2624200CE,1.3,3.7,7.05,0.75,76.7,117430105,1.12,1.3,1103050,1.35,1870570,10968360
2026-04-13T12:29:37.898,NF,NIFTY13APR2624200CE,1.3,3.7,7.05,0.75,76.7,117513435,1.12,1.25,1635725,1.3,1335620,10968360
2026-04-13T12:29:39.699,NF,NIFTY13APR2624200CE,1.25,3.7,7.05,0.75,76.7,117517790,1.12,1.25,1661140,1.3,1380405,10968360
2026-04-13T12:29:41.317,NF,NIFTY13APR2624200CE,1.3,3.7,7.05,0.75,76.7,117647270,1.12,1.25,1598675,1.3,350870,10968360
2026-04-13T12:29:42.906,NF,NIFTY13APR2624200CE,1.3,3.7,7.05,0.75,76.7,117647335,1.12,1.25,1683370,1.3,1479075,10968360
2026-04-13T12:29:44.716,NF,NIFTY13APR2624200CE,1.3,3.7,7.05,0.75,76.7,117658775,1.12,1.25,1788865,1.3,1450735,10968360
2026-04-13T12:29:46.313,NF,NIFTY13APR2624200CE,1.35,3.7,7.05,0.75,76.7,117836680,1.12,1.3,1440075,1.35,1791855,10968360
2026-04-13T12:29:47.948,NF,NIFTY13APR2624200CE,1.3,3.7,7.05,0.75,76.7,117888225,1.12,1.25,1670565,1.3,1209195,10968360
2026-04-13T12:29:49.718,NF,NIFTY13APR2624200CE,1.3,3.7,7.05,0.75,76.7,117931385,1.12,1.3,1345500,1.35,1824485,10968360
2026-04-13T12:29:51.316,NF,NIFTY13APR2624200CE,1.3,3.7,7.05,0.75,76.7,117936130,1.12,1.3,1334970,1.35,1833585,10968360
2026-04-13T12:29:52.929,NF,NIFTY13APR2624200CE,1.3,3.7,7.05,0.75,76.7,117937170,1.12,1.3,1436630,1.35,1832285,10968360
2026-04-13T12:29:54.720,NF,NIFTY13APR2624200CE,1.35,3.7,7.05,0.75,76.7,117938990,1.12,1.3,1421420,1.35,1823835,10968360
2026-04-13T12:29:56.328,NF,NIFTY13APR2624200CE,1.35,3.7,7.05,0.75,76.7,118039805,1.12,1.3,1266395,1.35,1838200,10968360
2026-04-13T12:29:57.930,NF,NIFTY13APR2624200CE,1.25,3.7,7.05,0.75,76.7,118164345,1.12,1.25,1689220,1.3,1108770,10968360
2026-04-13T12:29:59.532,NF,NIFTY13APR2624200CE,1.35,3.7,7.05,0.75,76.7,118234935,1.12,1.3,1342705,1.35,1798095,10968360
2026-04-13T12:30:01.397,NF,NIFTY13APR2624200CE,1.35,3.7,7.05,0.75,76.7,118244555,1.12,1.3,1591850,1.35,1726270,10968360
2026-04-13T12:30:03.202,NF,NIFTY13APR2624200CE,1.35,3.7,7.05,0.75,76.7,118396200,1.12,1.35,1466010,1.4,1316315,10968360
2026-04-13T12:30:04.567,NF,NIFTY13APR2624200CE,1.35,3.7,7.05,0.75,76.7,118640535,1.12,1.3,1478815,1.35,1395810,10968360
2026-04-13T12:30:06.337,NF,NIFTY13APR2624200CE,1.35,3.7,7.05,0.75,76.7,118657175,1.12,1.3,1617005,1.35,1382485,10968360
2026-04-13T12:30:07.955,NF,NIFTY13APR2624200CE,1.35,3.7,7.05,0.75,76.7,118662180,1.12,1.3,1497015,1.35,1528410,10968360
2026-04-13T12:30:09.547,NF,NIFTY13APR2624200CE,1.35,3.7,7.05,0.75,76.7,118665950,1.12,1.3,1591200,1.35,1488630,10968360
2026-04-13T12:30:11.362,NF,NIFTY13APR2624200CE,1.25,3.7,7.05,0.75,76.7,118816750,1.12,1.25,1662700,1.3,1013545,10968360
2026-04-13T12:30:12.965,NF,NIFTY13APR2624200CE,1.3,3.7,7.05,0.75,76.7,118847430,1.12,1.25,1599715,1.3,1388790,10968360
2026-04-13T12:30:14.563,NF,NIFTY13APR2624200CE,1.25,3.7,7.05,0.75,76.7,118861340,1.12,1.25,1581450,1.3,1486680,10968360
2026-04-13T12:30:16.360,NF,NIFTY13APR2624200CE,1.3,3.7,7.05,0.75,76.7,118928030,1.12,1.25,1609140,1.3,1554020,10968360
2026-04-13T12:30:17.968,NF,NIFTY13APR2624200CE,1.3,3.7,7.05,0.75,76.7,118931475,1.12,1.25,1620060,1.3,1551160,10968360
2026-04-13T12:30:19.568,NF,NIFTY13APR2624200CE,1.3,3.7,7.05,0.75,76.7,119026050,1.12,1.25,1546415,1.3,828880,10968360
2026-04-13T12:30:21.171,NF,NIFTY13APR2624200CE,1.3,3.7,7.05,0.75,76.7,119033655,1.12,1.25,1544790,1.3,1594905,10968360
2026-04-13T12:30:22.970,NF,NIFTY13APR2624200CE,1.25,3.7,7.05,0.75,76.7,119041260,1.12,1.25,1540175,1.3,1619605,10968360
2026-04-13T12:30:24.570,NF,NIFTY13APR2624200CE,1.3,3.7,7.05,0.75,76.7,119049645,1.12,1.25,1644890,1.3,1532180,10968360
2026-04-13T12:30:26.172,NF,NIFTY13APR2624200CE,1.25,3.7,7.05,0.75,76.7,119056210,1.12,1.25,1526525,1.3,1645280,10968360
2026-04-13T12:30:27.980,NF,NIFTY13APR2624200CE,1.25,3.7,7.05,0.75,76.7,119117635,1.12,1.2,1707680,1.25,761865,10968360
2026-04-13T12:30:29.586,NF,NIFTY13APR2624200CE,1.25,3.7,7.05,0.75,76.7,119125305,1.12,1.2,1787500,1.25,1518270,10968360
2026-04-13T12:30:31.186,NF,NIFTY13APR2624200CE,1.2,3.7,7.05,0.75,76.7,119130830,1.12,1.2,1695135,1.25,1628900,10968360
2026-04-13T12:30:32.987,NF,NIFTY13APR2624200CE,1.25,3.7,7.05,0.75,76.7,119149875,1.12,1.2,1799135,1.25,1524640,10968360
2026-04-13T12:30:34.593,NF,NIFTY13APR2624200CE,1.25,3.7,7.05,0.75,76.7,119195310,1.12,1.2,1825460,1.25,1502670,10968360
2026-04-13T12:30:36.206,NF,NIFTY13APR2624200CE,1.3,3.7,7.05,0.75,76.7,119360735,1.12,1.25,1196650,1.3,1644305,10968360
2026-04-13T12:30:38.020,NF,NIFTY13APR2624200CE,1.25,3.7,7.05,0.75,76.7,119361385,1.12,1.25,1370005,1.3,1647165,10968360
2026-04-13T12:30:39.617,NF,NIFTY13APR2624200CE,1.3,3.7,7.05,0.75,76.7,119371330,1.12,1.25,1408355,1.3,1616745,10968360
2026-04-13T12:30:41.226,NF,NIFTY13APR2624200CE,1.3,3.7,7.05,0.75,76.7,119373215,1.12,1.25,1483560,1.3,1614015,10968360
2026-04-13T12:30:43.019,NF,NIFTY13APR2624200CE,1.3,3.7,7.05,0.75,76.7,119380820,1.12,1.25,1579695,1.3,1550185,10968360
2026-04-13T12:30:44.608,NF,NIFTY13APR2624200CE,1.25,3.7,7.05,0.75,76.7,119383485,1.12,1.25,1593020,1.3,1547715,10968360
2026-04-13T12:30:46.214,NF,NIFTY13APR2624200CE,1.25,3.7,7.05,0.75,76.7,119418520,1.12,1.25,1478360,1.3,1632020,10968360
2026-04-13T12:30:47.810,NF,NIFTY13APR2624200CE,1.3,3.7,7.05,0.75,76.7,119429895,1.12,1.25,1468805,1.3,1622010,10968360
2026-04-13T12:30:49.626,NF,NIFTY13APR2624200CE,1.3,3.7,7.05,0.75,76.7,119431065,1.12,1.25,1564875,1.3,1559415,10968360
2026-04-13T12:30:51.226,NF,NIFTY13APR2624200CE,1.25,3.7,7.05,0.75,76.7,119439060,1.12,1.25,1560325,1.3,1566370,10968360
2026-04-13T12:30:52.813,NF,NIFTY13APR2624200CE,1.25,3.7,7.05,0.75,76.7,119446275,1.12,1.25,1675375,1.3,1579370,10968360
2026-04-13T12:30:54.614,NF,NIFTY13APR2624200CE,1.3,3.7,7.05,0.75,76.7,119453490,1.12,1.25,1698385,1.3,1520350,10968360
2026-04-13T12:30:56.230,NF,NIFTY13APR2624200CE,1.3,3.7,7.05,0.75,76.7,119478125,1.12,1.25,1699165,1.3,1495845,10968360
2026-04-13T12:30:57.827,NF,NIFTY13APR2624200CE,1.3,3.7,7.05,0.75,76.7,119482545,1.12,1.25,1661010,1.3,1570400,10968360
2026-04-13T12:30:59.624,NF,NIFTY13APR2624200CE,1.3,3.7,7.05,0.75,76.7,119483520,1.12,1.25,1561820,1.3,1622790,10968360
2026-04-13T12:31:01.240,NF,NIFTY13APR2624200CE,1.2,3.7,7.05,0.75,76.7,119598245,1.12,1.2,1849900,1.25,1218880,10968360
2026-04-13T12:31:02.876,NF,NIFTY13APR2624200CE,1.25,3.7,7.05,0.75,76.7,119603055,1.12,1.2,1865500,1.25,1250535,10968360
2026-04-13T12:31:04.667,NF,NIFTY13APR2624200CE,1.3,3.7,7.05,0.75,76.7,119668900,1.12,1.25,1475045,1.3,1781910,10968360
2026-04-13T12:31:06.262,NF,NIFTY13APR2624200CE,1.3,3.7,7.05,0.75,76.7,119676180,1.12,1.25,1469780,1.3,1740635,10968360
2026-04-13T12:31:07.868,NF,NIFTY13APR2624200CE,1.3,3.7,7.05,0.75,76.7,119679040,1.12,1.25,1533935,1.3,1726725,10968360
2026-04-13T12:31:09.651,NF,NIFTY13APR2624200CE,1.3,3.7,7.05,0.75,76.7,119682485,1.12,1.25,1480375,1.3,1725880,10968360
2026-04-13T12:31:11.248,NF,NIFTY13APR2624200CE,1.25,3.7,7.05,0.75,76.7,119694510,1.12,1.25,1467830,1.3,1771055,10968360
2026-04-13T12:31:12.867,NF,NIFTY13APR2624200CE,1.3,3.7,7.05,0.75,76.7,119698215,1.12,1.25,1663805,1.3,1653600,10968360
2026-04-13T12:31:14.654,NF,NIFTY13APR2624200CE,1.25,3.7,7.05,0.75,76.7,119721225,1.12,1.25,1593345,1.3,1706445,10968360
2026-04-13T12:31:16.254,NF,NIFTY13APR2624200CE,1.25,3.7,7.05,0.75,76.7,119723370,1.12,1.25,1520285,1.3,1725685,10968360
2026-04-13T12:31:17.865,NF,NIFTY13APR2624200CE,1.3,3.7,7.05,0.75,76.7,119724670,1.12,1.25,1605305,1.3,1719575,10968360
2026-04-13T12:31:19.472,NF,NIFTY13APR2624200CE,1.3,3.7,7.05,0.75,76.7,119725710,1.12,1.25,1574495,1.3,1723345,10968360
2026-04-13T12:31:21.264,NF,NIFTY13APR2624200CE,1.25,3.7,7.05,0.75,76.7,119726295,1.12,1.25,1598870,1.3,1702480,10968360
2026-04-13T12:31:22.862,NF,NIFTY13APR2624200CE,1.25,3.7,7.05,0.75,76.7,119727010,1.12,1.25,1617590,1.3,1656005,10968360
2026-04-13T12:31:24.492,NF,NIFTY13APR2624200CE,1.3,3.7,7.05,0.75,76.7,119727270,1.12,1.25,1621100,1.3,1658215,10968360
2026-04-13T12:31:26.095,NF,NIFTY13APR2624200CE,1.3,3.7,7.05,0.75,76.7,119728115,1.12,1.25,1693835,1.3,1577550,10968360
2026-04-13T12:31:27.878,NF,NIFTY13APR2624200CE,1.25,3.7,7.05,0.75,76.7,119735850,1.12,1.25,1590095,1.3,1678040,10968360
2026-04-13T12:31:29.471,NF,NIFTY13APR2624200CE,1.3,3.7,7.05,0.75,76.7,119736370,1.12,1.25,1645280,1.3,1660100,10968360
2026-04-13T12:31:31.073,NF,NIFTY13APR2624200CE,1.3,3.7,7.05,0.75,76.7,119756975,1.12,1.25,1762345,1.3,1433835,10968360
2026-04-13T12:31:32.683,NF,NIFTY13APR2624200CE,1.3,3.7,7.05,0.75,76.7,119921490,1.12,1.3,1195220,1.35,1779245,10968360
2026-04-13T12:31:34.278,NF,NIFTY13APR2624200CE,1.3,3.7,7.05,0.75,76.7,119999620,1.12,1.25,1786330,1.3,1451840,10968360
2026-04-13T12:31:35.884,NF,NIFTY13APR2624200CE,1.3,3.7,7.05,0.75,76.7,120145285,1.12,1.25,1787825,1.3,1074775,10968360
2026-04-13T12:31:37.484,NF,NIFTY13APR2624200CE,1.3,3.7,7.05,0.75,76.7,120145740,1.12,1.25,1772030,1.3,1351545,10968360
2026-04-13T12:31:39.312,NF,NIFTY13APR2624200CE,1.25,3.7,7.05,0.75,76.7,120147950,1.12,1.25,1807260,1.3,1391845,10968360
2026-04-13T12:31:40.896,NF,NIFTY13APR2624200CE,1.3,3.7,7.05,0.75,76.7,120203265,1.12,1.3,1438580,1.35,1709955,10968360
2026-04-13T12:31:42.691,NF,NIFTY13APR2624200CE,1.35,3.7,7.05,0.75,76.7,120211455,1.12,1.3,1375530,1.35,1779570,10968360
2026-04-13T12:31:44.297,NF,NIFTY13APR2624200CE,1.3,3.7,7.05,0.75,76.7,120243045,1.12,1.3,1361750,1.35,1749215,10968360
2026-04-13T12:31:45.905,NF,NIFTY13APR2624200CE,1.3,3.7,7.05,0.75,76.7,120248700,1.12,1.3,1341665,1.35,1766180,10968360
2026-04-13T12:31:47.712,NF,NIFTY13APR2624200CE,1.35,3.7,7.05,0.75,76.7,120252795,1.12,1.3,1426620,1.35,1726270,10968360
2026-04-13T12:31:49.307,NF,NIFTY13APR2624200CE,1.3,3.7,7.05,0.75,76.7,120254550,1.12,1.3,1342120,1.35,1786850,10968360
2026-04-13T12:31:50.905,NF,NIFTY13APR2624200CE,1.35,3.7,7.05,0.75,76.7,120267810,1.12,1.3,1459250,1.35,1744470,10968360
2026-04-13T12:31:52.724,NF,NIFTY13APR2624200CE,1.3,3.7,7.05,0.75,76.7,120425240,1.12,1.25,1604850,1.3,1244620,10968360
2026-04-13T12:31:54.312,NF,NIFTY13APR2624200CE,1.3,3.7,7.05,0.75,76.7,120425695,1.12,1.25,1709305,1.3,1255540,10968360
2026-04-13T12:31:55.919,NF,NIFTY13APR2624200CE,1.25,3.7,7.05,0.75,76.7,120435380,1.12,1.25,1655875,1.3,1295255,10968360
2026-04-13T12:31:57.718,NF,NIFTY13APR2624200CE,1.3,3.7,7.05,0.75,76.7,120444805,1.12,1.25,1679340,1.3,1546935,10968360
2026-04-13T12:31:59.316,NF,NIFTY13APR2624200CE,1.25,3.7,7.05,0.75,76.7,120450720,1.12,1.25,1639560,1.3,1551745,10968360
2026-04-13T12:32:00.917,NF,NIFTY13APR2624200CE,1.25,3.7,7.05,0.75,76.7,120455985,1.12,1.25,1529255,1.3,1608815,10968360
2026-04-13T12:32:02.718,NF,NIFTY13APR2624200CE,1.25,3.7,7.05,0.75,76.7,120463395,1.12,1.25,1463475,1.3,1689480,10968360
2026-04-13T12:32:04.363,NF,NIFTY13APR2624200CE,1.3,3.7,7.05,0.75,76.7,120474510,1.12,1.25,1643525,1.3,1564225,11011780
2026-04-13T12:32:05.924,NF,NIFTY13APR2624200CE,1.25,3.7,7.05,0.75,76.7,120478605,1.12,1.25,1638065,1.3,1566305,11011780
2026-04-13T12:32:07.723,NF,NIFTY13APR2624200CE,1.3,3.7,7.05,0.75,76.7,120484715,1.12,1.25,1541085,1.3,1617265,11011780
2026-04-13T12:32:09.361,NF,NIFTY13APR2624200CE,1.25,3.7,7.05,0.75,76.7,120487640,1.12,1.25,1473030,1.3,1656525,11011780
2026-04-13T12:32:10.940,NF,NIFTY13APR2624200CE,1.3,3.7,7.05,0.75,76.7,120490565,1.12,1.25,1474330,1.3,1635400,11011780
2026-04-13T12:32:12.761,NF,NIFTY13APR2624200CE,1.25,3.7,7.05,0.75,76.7,120496415,1.12,1.25,1550965,1.3,1645150,11011780
2026-04-13T12:32:14.352,NF,NIFTY13APR2624200CE,1.25,3.7,7.05,0.75,76.7,120500055,1.12,1.25,1447485,1.3,1686295,11011780
2026-04-13T12:32:15.938,NF,NIFTY13APR2624200CE,1.25,3.7,7.05,0.75,76.7,120502330,1.12,1.25,1465490,1.3,1642745,11011780
2026-04-13T12:32:17.756,NF,NIFTY13APR2624200CE,1.25,3.7,7.05,0.75,76.7,120506360,1.12,1.25,1487395,1.3,1646320,11011780
2026-04-13T12:32:19.377,NF,NIFTY13APR2624200CE,1.3,3.7,7.05,0.75,76.7,120511300,1.12,1.25,1539395,1.3,1593605,11011780
2026-04-13T12:32:20.946,NF,NIFTY13APR2624200CE,1.3,3.7,7.05,0.75,76.7,120514290,1.12,1.25,1611090,1.3,1541150,11011780
2026-04-13T12:32:22.746,NF,NIFTY13APR2624200CE,1.25,3.7,7.05,0.75,76.7,120517605,1.12,1.25,1564485,1.3,1593150,11011780
2026-04-13T12:32:24.363,NF,NIFTY13APR2624200CE,1.3,3.7,7.05,0.75,76.7,120526770,1.12,1.25,1434745,1.3,1668095,11011780
2026-04-13T12:32:25.955,NF,NIFTY13APR2624200CE,1.25,3.7,7.05,0.75,76.7,120532230,1.12,1.25,1536210,1.3,1612845,11011780
2026-04-13T12:32:27.765,NF,NIFTY13APR2624200CE,1.25,3.7,7.05,0.75,76.7,120554720,1.12,1.25,1431105,1.3,1649830,11011780
2026-04-13T12:32:29.360,NF,NIFTY13APR2624200CE,1.25,3.7,7.05,0.75,76.7,120557450,1.12,1.25,1493830,1.3,1634945,11011780
2026-04-13T12:32:30.969,NF,NIFTY13APR2624200CE,1.25,3.7,7.05,0.75,76.7,120561545,1.12,1.25,1415050,1.3,1678755,11011780
2026-04-13T12:32:32.571,NF,NIFTY13APR2624200CE,1.25,3.7,7.05,0.75,76.7,120565055,1.12,1.25,1415635,1.3,1680575,11011780
2026-04-13T12:32:34.167,NF,NIFTY13APR2624200CE,1.25,3.7,7.05,0.75,76.7,120570970,1.12,1.25,1547715,1.3,1659320,11011780
2026-04-13T12:32:35.764,NF,NIFTY13APR2624200CE,1.3,3.7,7.05,0.75,76.7,120572530,1.12,1.25,1546675,1.3,1608035,11011780
2026-04-13T12:32:37.562,NF,NIFTY13APR2624200CE,1.3,3.7,7.05,0.75,76.7,120572855,1.12,1.25,1503645,1.3,1604460,11011780
2026-04-13T12:32:38.966,NF,NIFTY13APR2624200CE,1.3,3.7,7.05,0.75,76.7,120573440,1.12,1.25,1506180,1.3,1605045,11011780
2026-04-13T12:32:40.579,NF,NIFTY13APR2624200CE,1.25,3.7,7.05,0.75,76.7,120638700,1.12,1.2,1668940,1.25,1259375,11011780
2026-04-13T12:32:42.184,NF,NIFTY13APR2624200CE,1.25,3.7,7.05,0.75,76.7,120679975,1.12,1.25,770770,1.3,1657305,11011780
2026-04-13T12:32:43.773,NF,NIFTY13APR2624200CE,1.2,3.7,7.05,0.75,76.7,120730155,1.12,1.2,1814540,1.25,1358110,11011780
2026-04-13T12:32:45.387,NF,NIFTY13APR2624200CE,1.25,3.7,7.05,0.75,76.7,120750435,1.12,1.2,1736800,1.25,1369290,11011780
2026-04-13T12:32:46.982,NF,NIFTY13APR2624200CE,1.25,3.7,7.05,0.75,76.7,120755960,1.12,1.2,1711190,1.25,1421160,11011780
2026-04-13T12:32:48.586,NF,NIFTY13APR2624200CE,1.25,3.7,7.05,0.75,76.7,120762265,1.12,1.2,1798095,1.25,1400035,11011780
2026-04-13T12:32:50.199,NF,NIFTY13APR2624200CE,1.2,3.7,7.05,0.75,76.7,120778385,1.12,1.2,1692275,1.25,1432860,11011780
2026-04-13T12:32:51.783,NF,NIFTY13APR2624200CE,1.25,3.7,7.05,0.75,76.7,120779360,1.12,1.2,1710800,1.25,1403805,11011780
2026-04-13T12:32:53.408,NF,NIFTY13APR2624200CE,1.25,3.7,7.05,0.75,76.7,120780660,1.12,1.2,1798485,1.25,1386645,11011780
2026-04-13T12:32:55.186,NF,NIFTY13APR2624200CE,1.25,3.7,7.05,0.75,76.7,120789045,1.12,1.2,1801540,1.25,1373125,11011780
2026-04-13T12:32:56.800,NF,NIFTY13APR2624200CE,1.2,3.7,7.05,0.75,76.7,120789890,1.12,1.2,1697410,1.25,1420900,11011780
2026-04-13T12:32:58.396,NF,NIFTY13APR2624200CE,1.2,3.7,7.05,0.75,76.7,120793790,1.12,1.2,1615835,1.25,1471145,11011780
2026-04-13T12:32:59.993,NF,NIFTY13APR2624200CE,1.2,3.7,7.05,0.75,76.7,120802760,1.12,1.2,1658280,1.25,1465490,11011780
2026-04-13T12:33:01.635,NF,NIFTY13APR2624200CE,1.2,3.7,7.05,0.75,76.7,120807700,1.12,1.2,1578135,1.25,1530035,11011780
2026-04-13T12:33:03.223,NF,NIFTY13APR2624200CE,1.2,3.7,7.05,0.75,76.7,120900455,1.12,1.15,1757665,1.2,1326845,11011780
2026-04-13T12:33:04.799,NF,NIFTY13APR2624200CE,1.2,3.7,7.05,0.75,76.7,121012970,1.12,1.2,1342510,1.25,1594190,11011780
2026-04-13T12:33:06.418,NF,NIFTY13APR2624200CE,1.2,3.7,7.05,0.75,76.7,121025255,1.12,1.2,1331460,1.25,1606540,11011780
2026-04-13T12:33:08.005,NF,NIFTY13APR2624200CE,1.25,3.7,7.05,0.75,76.7,121028050,1.12,1.2,1326195,1.25,1593605,11011780
2026-04-13T12:33:09.611,NF,NIFTY13APR2624200CE,1.2,3.7,7.05,0.75,76.7,121030065,1.12,1.2,1333085,1.25,1589705,11011780
2026-04-13T12:33:11.213,NF,NIFTY13APR2624200CE,1.2,3.7,7.05,0.75,76.7,121030715,1.12,1.2,1320085,1.25,1609400,11011780
2026-04-13T12:33:12.826,NF,NIFTY13APR2624200CE,1.2,3.7,7.05,0.75,76.7,121035525,1.12,1.2,1322165,1.25,1600950,11011780
2026-04-13T12:33:14.425,NF,NIFTY13APR2624200CE,1.2,3.7,7.05,0.75,76.7,121153890,1.12,1.2,687700,1.25,1632345,11011780
2026-04-13T12:33:16.020,NF,NIFTY13APR2624200CE,1.2,3.7,7.05,0.75,76.7,121159870,1.12,1.2,1244490,1.25,1655160,11011780
2026-04-13T12:33:17.633,NF,NIFTY13APR2624200CE,1.2,3.7,7.05,0.75,76.7,121167605,1.12,1.2,1429090,1.25,1644370,11011780
2026-04-13T12:33:19.425,NF,NIFTY13APR2624200CE,1.2,3.7,7.05,0.75,76.7,121170595,1.12,1.2,1521650,1.25,1571700,11011780
2026-04-13T12:33:21.025,NF,NIFTY13APR2624200CE,1.25,3.7,7.05,0.75,76.7,121225195,1.12,1.25,1208870,1.3,1688375,11011780
2026-04-13T12:33:22.648,NF,NIFTY13APR2624200CE,1.3,3.7,7.05,0.75,76.7,121227795,1.12,1.25,1210885,1.3,1696175,11011780
2026-04-13T12:33:24.244,NF,NIFTY13APR2624200CE,1.25,3.7,7.05,0.75,76.7,121262700,1.12,1.2,1697085,1.25,1038765,11011780
2026-04-13T12:33:26.035,NF,NIFTY13APR2624200CE,1.25,3.7,7.05,0.75,76.7,121262895,1.12,1.2,1753180,1.25,1351740,11011780
2026-04-13T12:33:27.647,NF,NIFTY13APR2624200CE,1.25,3.7,7.05,0.75,76.7,121263610,1.12,1.2,1637415,1.25,1620255,11011780
2026-04-13T12:33:29.238,NF,NIFTY13APR2624200CE,1.25,3.7,7.05,0.75,76.7,121264910,1.12,1.2,1647035,1.25,1622335,11011780
2026-04-13T12:33:31.049,NF,NIFTY13APR2624200CE,1.2,3.7,7.05,0.75,76.7,121267575,1.12,1.2,1638390,1.25,1623375,11011780
2026-04-13T12:33:32.660,NF,NIFTY13APR2624200CE,1.25,3.7,7.05,0.75,76.7,121269460,1.12,1.2,1638195,1.25,1625910,11011780
2026-04-13T12:33:34.259,NF,NIFTY13APR2624200CE,1.2,3.7,7.05,0.75,76.7,121270045,1.12,1.2,1697670,1.25,1600625,11011780
2026-04-13T12:33:36.046,NF,NIFTY13APR2624200CE,1.25,3.7,7.05,0.75,76.7,121297215,1.12,1.2,1708915,1.25,1611350,11011780
2026-04-13T12:33:37.650,NF,NIFTY13APR2624200CE,1.2,3.7,7.05,0.75,76.7,121364750,1.12,1.15,1711905,1.2,719290,11011780
2026-04-13T12:33:39.069,NF,NIFTY13APR2624200CE,1.2,3.7,7.05,0.75,76.7,121368845,1.12,1.15,1772420,1.2,1308060,11011780
2026-04-13T12:33:40.655,NF,NIFTY13APR2624200CE,1.15,3.7,7.05,0.75,76.7,121373265,1.12,1.15,1692600,1.2,1365390,11011780
2026-04-13T12:33:42.457,NF,NIFTY13APR2624200CE,1.2,3.7,7.05,0.75,76.7,121387110,1.12,1.15,1678950,1.2,1399710,11011780
2026-04-13T12:33:44.058,NF,NIFTY13APR2624200CE,1.15,3.7,7.05,0.75,76.7,121400045,1.12,1.15,1593930,1.2,1500460,11011780
2026-04-13T12:33:45.666,NF,NIFTY13APR2624200CE,1.2,3.7,7.05,0.75,76.7,121411485,1.12,1.15,1583335,1.2,1541150,11011780
2026-04-13T12:33:47.473,NF,NIFTY13APR2624200CE,1.2,3.7,7.05,0.75,76.7,121422730,1.12,1.15,1582035,1.2,1534455,11011780
2026-04-13T12:33:49.067,NF,NIFTY13APR2624200CE,1.15,3.7,7.05,0.75,76.7,121424875,1.12,1.15,1583660,1.2,1532830,11011780
2026-04-13T12:33:50.674,NF,NIFTY13APR2624200CE,1.15,3.7,7.05,0.75,76.7,121517955,1.12,1.1,1811810,1.15,1113775,11011780
2026-04-13T12:33:52.484,NF,NIFTY13APR2624200CE,1.15,3.7,7.05,0.75,76.7,121521530,1.12,1.1,1849770,1.15,1261455,11011780
2026-04-13T12:33:54.076,NF,NIFTY13APR2624200CE,1.15,3.7,7.05,0.75,76.7,121578405,1.12,1.15,1379300,1.2,1600625,11011780
2026-04-13T12:33:57.479,NF,NIFTY13APR2624200CE,1.15,3.7,7.05,0.75,76.7,121582370,1.12,1.15,1564290,1.2,1497990,11011780
2026-04-13T12:33:59.085,NF,NIFTY13APR2624200CE,1.2,3.7,7.05,0.75,76.7,121620525,1.12,1.2,1201265,1.25,1596270,11011780
2026-04-13T12:34:00.687,NF,NIFTY13APR2624200CE,1.25,3.7,7.05,0.75,76.7,121622540,1.12,1.2,1202955,1.25,1594905,11011780
2026-04-13T12:34:02.490,NF,NIFTY13APR2624200CE,1.2,3.7,7.05,0.75,76.7,121625010,1.12,1.2,1204970,1.25,1592305,11011780
2026-04-13T12:34:04.090,NF,NIFTY13APR2624200CE,1.25,3.7,7.05,0.75,76.7,121628715,1.12,1.2,1208480,1.25,1594125,11011780
2026-04-13T12:34:05.696,NF,NIFTY13APR2624200CE,1.2,3.7,7.05,0.75,76.7,121630210,1.12,1.2,1221610,1.25,1608295,11011780
2026-04-13T12:34:07.494,NF,NIFTY13APR2624200CE,1.2,3.7,7.05,0.75,76.7,121631835,1.12,1.2,1228825,1.25,1615445,11011780
2026-04-13T12:34:09.121,NF,NIFTY13APR2624200CE,1.2,3.7,7.05,0.75,76.7,121783740,1.12,1.2,1148810,1.25,1618630,11011780
2026-04-13T12:34:10.699,NF,NIFTY13APR2624200CE,1.2,3.7,7.05,0.75,76.7,121817280,1.12,1.15,1696435,1.2,1517945,11011780
2026-04-13T12:34:12.499,NF,NIFTY13APR2624200CE,1.2,3.7,7.05,0.75,76.7,121868825,1.12,1.2,1132885,1.25,1637545,11011780
2026-04-13T12:34:14.110,NF,NIFTY13APR2624200CE,1.2,3.7,7.05,0.75,76.7,121869930,1.12,1.2,1131910,1.25,1627860,11011780
2026-04-13T12:34:15.709,NF,NIFTY13APR2624200CE,1.15,3.7,7.05,0.75,76.7,121933305,1.12,1.15,1690000,1.2,1679990,11011780
2026-04-13T12:34:17.524,NF,NIFTY13APR2624200CE,1.15,3.7,7.05,0.75,76.7,121951180,1.12,1.15,1573520,1.2,1771965,11011780
2026-04-13T12:34:19.109,NF,NIFTY13APR2624200CE,1.15,3.7,7.05,0.75,76.7,121953975,1.12,1.15,1570660,1.2,1770795,11011780
2026-04-13T12:34:20.718,NF,NIFTY13APR2624200CE,1.15,3.7,7.05,0.75,76.7,122048550,1.12,1.1,1881100,1.15,1472965,11011780
2026-04-13T12:34:22.317,NF,NIFTY13APR2624200CE,1.15,3.7,7.05,0.75,76.7,122150795,1.12,1.15,1464320,1.2,1712880,11011780
2026-04-13T12:34:23.919,NF,NIFTY13APR2624200CE,1.15,3.7,7.05,0.75,76.7,122156450,1.12,1.15,1458080,1.2,1735240,11011780
2026-04-13T12:34:25.537,NF,NIFTY13APR2624200CE,1.15,3.7,7.05,0.75,76.7,122224375,1.12,1.15,1417065,1.2,1743625,11011780
2026-04-13T12:34:27.140,NF,NIFTY13APR2624200CE,1.15,3.7,7.05,0.75,76.7,122228210,1.12,1.15,1405300,1.2,1761240,11011780
2026-04-13T12:34:28.932,NF,NIFTY13APR2624200CE,1.15,3.7,7.05,0.75,76.7,122231590,1.12,1.15,1403545,1.2,1762865,11011780
2026-04-13T12:34:30.539,NF,NIFTY13APR2624200CE,1.15,3.7,7.05,0.75,76.7,122232045,1.12,1.15,1397695,1.2,1783210,11011780
2026-04-13T12:34:32.136,NF,NIFTY13APR2624200CE,1.15,3.7,7.05,0.75,76.7,122289830,1.12,1.1,1767415,1.15,1563380,11011780
2026-04-13T12:34:33.738,NF,NIFTY13APR2624200CE,1.15,3.7,7.05,0.75,76.7,122292625,1.12,1.1,1781715,1.15,1652950,11011780
2026-04-13T12:34:35.355,NF,NIFTY13APR2624200CE,1.15,3.7,7.05,0.75,76.7,122295420,1.12,1.1,1760135,1.15,1683240,11011780
2026-04-13T12:34:36.949,NF,NIFTY13APR2624200CE,1.1,3.7,7.05,0.75,76.7,122295875,1.12,1.1,1771965,1.15,1672125,11011780
2026-04-13T12:34:38.556,NF,NIFTY13APR2624200CE,1.15,3.7,7.05,0.75,76.7,122302180,1.12,1.1,1861535,1.15,1614665,11011780
2026-04-13T12:34:40.159,NF,NIFTY13APR2624200CE,1.15,3.7,7.05,0.75,76.7,122303415,1.12,1.1,1822600,1.15,1615250,11011780
2026-04-13T12:34:41.750,NF,NIFTY13APR2624200CE,1.1,3.7,7.05,0.75,76.7,122310565,1.12,1.1,1804335,1.15,1630525,11011780
2026-04-13T12:34:43.549,NF,NIFTY13APR2624200CE,1.15,3.7,7.05,0.75,76.7,122318950,1.12,1.1,1890590,1.15,1625715,11011780
2026-04-13T12:34:45.154,NF,NIFTY13APR2624200CE,1.1,3.7,7.05,0.75,76.7,122324800,1.12,1.1,1877850,1.15,1628380,11011780
2026-04-13T12:34:46.763,NF,NIFTY13APR2624200CE,1.1,3.7,7.05,0.75,76.7,122330195,1.12,1.1,1916525,1.15,1618890,11011780
2026-04-13T12:34:48.365,NF,NIFTY13APR2624200CE,1.15,3.7,7.05,0.75,76.7,122331235,1.12,1.1,1921530,1.15,1636895,11011780
2026-04-13T12:34:50.179,NF,NIFTY13APR2624200CE,1.2,3.7,7.05,0.75,76.7,122440630,1.12,1.15,1268865,1.2,1714830,11011780
2026-04-13T12:34:51.779,NF,NIFTY13APR2624200CE,1.2,3.7,7.05,0.75,76.7,122470790,1.12,1.15,880945,1.2,1726400,11011780
2026-04-13T12:34:53.379,NF,NIFTY13APR2624200CE,1.2,3.7,7.05,0.75,76.7,122473130,1.12,1.15,1290705,1.2,1704170,11011780
2026-04-13T12:34:54.971,NF,NIFTY13APR2624200CE,1.2,3.7,7.05,0.75,76.7,122475730,1.12,1.15,1288755,1.2,1701375,11011780
2026-04-13T12:34:56.583,NF,NIFTY13APR2624200CE,1.2,3.7,7.05,0.75,76.7,122483140,1.12,1.15,1291095,1.2,1706770,11011780
2026-04-13T12:34:58.176,NF,NIFTY13APR2624200CE,1.15,3.7,7.05,0.75,76.7,122521750,1.12,1.1,1847040,1.15,1186055,11011780
2026-04-13T12:34:59.784,NF,NIFTY13APR2624200CE,1.15,3.7,7.05,0.75,76.7,122526820,1.12,1.1,1958255,1.15,1437085,11011780
2026-04-13T12:35:01.390,NF,NIFTY13APR2624200CE,1.2,3.7,7.05,0.75,76.7,122605015,1.12,1.15,1633970,1.2,1583790,11011780
2026-04-13T12:35:02.992,NF,NIFTY13APR2624200CE,1.2,3.7,7.05,0.75,76.7,122612815,1.12,1.15,1620645,1.2,1557790,11011780
2026-04-13T12:35:04.591,NF,NIFTY13APR2624200CE,1.2,3.7,7.05,0.75,76.7,122670015,1.12,1.2,1097850,1.25,1594970,11154325
2026-04-13T12:35:06.409,NF,NIFTY13APR2624200CE,1.2,3.7,7.05,0.75,76.7,122756530,1.12,1.15,1658605,1.2,1098045,11154325
2026-04-13T12:35:08.007,NF,NIFTY13APR2624200CE,1.15,3.7,7.05,0.75,76.7,122760040,1.12,1.15,1635920,1.2,1289860,11154325
2026-04-13T12:35:09.593,NF,NIFTY13APR2624200CE,1.2,3.7,7.05,0.75,76.7,122760625,1.12,1.15,1658475,1.2,1246960,11154325
2026-04-13T12:35:11.234,NF,NIFTY13APR2624200CE,1.2,3.7,7.05,0.75,76.7,122766995,1.12,1.15,1620515,1.2,1300650,11154325
2026-04-13T12:35:12.997,NF,NIFTY13APR2624200CE,1.15,3.7,7.05,0.75,76.7,122768880,1.12,1.15,1620320,1.2,1303575,11154325
2026-04-13T12:35:14.620,NF,NIFTY13APR2624200CE,1.15,3.7,7.05,0.75,76.7,122774730,1.12,1.15,1592500,1.2,1306695,11154325
2026-04-13T12:35:16.203,NF,NIFTY13APR2624200CE,1.15,3.7,7.05,0.75,76.7,122776940,1.12,1.15,1530360,1.2,1372280,11154325
2026-04-13T12:35:18.004,NF,NIFTY13APR2624200CE,1.15,3.7,7.05,0.75,76.7,122777395,1.12,1.15,1592695,1.2,1360450,11154325
2026-04-13T12:35:19.609,NF,NIFTY13APR2624200CE,1.2,3.7,7.05,0.75,76.7,122785520,1.12,1.15,1650090,1.2,1284790,11154325
2026-04-13T12:35:21.218,NF,NIFTY13APR2624200CE,1.15,3.7,7.05,0.75,76.7,122787600,1.12,1.15,1557985,1.2,1380470,11154325
2026-04-13T12:35:22.821,NF,NIFTY13APR2624200CE,1.2,3.7,7.05,0.75,76.7,122791175,1.12,1.15,1556815,1.2,1402115,11154325
2026-04-13T12:35:24.413,NF,NIFTY13APR2624200CE,1.2,3.7,7.05,0.75,76.7,122793060,1.12,1.15,1557335,1.2,1387230,11154325
2026-04-13T12:35:26.022,NF,NIFTY13APR2624200CE,1.15,3.7,7.05,0.75,76.7,122794035,1.12,1.15,1643265,1.2,1368120,11154325
2026-04-13T12:35:27.622,NF,NIFTY13APR2624200CE,1.15,3.7,7.05,0.75,76.7,122794815,1.12,1.15,1542710,1.2,1402180,11154325
2026-04-13T12:35:29.229,NF,NIFTY13APR2624200CE,1.2,3.7,7.05,0.75,76.7,122795660,1.12,1.15,1565980,1.2,1419990,11154325
2026-04-13T12:35:31.024,NF,NIFTY13APR2624200CE,1.2,3.7,7.05,0.75,76.7,122797350,1.12,1.15,1605240,1.2,1402115,11154325
2026-04-13T12:35:32.628,NF,NIFTY13APR2624200CE,1.15,3.7,7.05,0.75,76.7,122801120,1.12,1.15,1519505,1.2,1442545,11154325
2026-04-13T12:35:34.232,NF,NIFTY13APR2624200CE,1.2,3.7,7.05,0.75,76.7,122807035,1.12,1.15,1578330,1.2,1419990,11154325
2026-04-13T12:35:35.836,NF,NIFTY13APR2624200CE,1.15,3.7,7.05,0.75,76.7,122847270,1.12,1.15,1479530,1.2,1437410,11154325
2026-04-13T12:35:37.439,NF,NIFTY13APR2624200CE,1.2,3.7,7.05,0.75,76.7,122847335,1.12,1.15,1479855,1.2,1436890,11154325
2026-04-13T12:35:39.041,NF,NIFTY13APR2624200CE,1.2,3.7,7.05,0.75,76.7,122847660,1.12,1.15,1466205,1.2,1471470,11154325
2026-04-13T12:35:40.645,NF,NIFTY13APR2624200CE,1.15,3.7,7.05,0.75,76.7,122848830,1.12,1.15,1527695,1.2,1455350,11154325
2026-04-13T12:35:42.248,NF,NIFTY13APR2624200CE,1.2,3.7,7.05,0.75,76.7,122863845,1.12,1.15,1468935,1.2,1467310,11154325
2026-04-13T12:35:43.853,NF,NIFTY13APR2624200CE,1.2,3.7,7.05,0.75,76.7,122868135,1.12,1.15,1470365,1.2,1451580,11154325
2026-04-13T12:35:45.446,NF,NIFTY13APR2624200CE,1.15,3.7,7.05,0.75,76.7,122869240,1.12,1.15,1464385,1.2,1475955,11154325
2026-04-13T12:35:47.052,NF,NIFTY13APR2624200CE,1.2,3.7,7.05,0.75,76.7,122870475,1.12,1.15,1518855,1.2,1486160,11154325
2026-04-13T12:35:48.870,NF,NIFTY13APR2624200CE,1.15,3.7,7.05,0.75,76.7,122871125,1.12,1.15,1465620,1.2,1486615,11154325
2026-04-13T12:35:50.452,NF,NIFTY13APR2624200CE,1.15,3.7,7.05,0.75,76.7,122878145,1.12,1.15,1460420,1.2,1478165,11154325
2026-04-13T12:35:52.055,NF,NIFTY13APR2624200CE,1.15,3.7,7.05,0.75,76.7,122883800,1.12,1.15,1662830,1.2,1383720,11154325
2026-04-13T12:35:53.664,NF,NIFTY13APR2624200CE,1.2,3.7,7.05,0.75,76.7,122887115,1.12,1.15,1662050,1.2,1378455,11154325
2026-04-13T12:35:55.263,NF,NIFTY13APR2624200CE,1.2,3.7,7.05,0.75,76.7,122905835,1.12,1.15,1576965,1.2,1370980,11154325
2026-04-13T12:35:57.064,NF,NIFTY13APR2624200CE,1.15,3.7,7.05,0.75,76.7,122907720,1.12,1.15,1483625,1.2,1450345,11154325
2026-04-13T12:35:58.682,NF,NIFTY13APR2624200CE,1.15,3.7,7.05,0.75,76.7,122979350,1.12,1.1,1849575,1.15,1242475,11154325
2026-04-13T12:36:00.273,NF,NIFTY13APR2624200CE,1.15,3.7,7.05,0.75,76.7,122990140,1.12,1.1,1929330,1.15,1221480,11154325
2026-04-13T12:36:01.902,NF,NIFTY13APR2624200CE,1.1,3.7,7.05,0.75,76.7,123019455,1.12,1.1,1820520,1.15,1330225,11154325
2026-04-13T12:36:03.676,NF,NIFTY13APR2624200CE,1.1,3.7,7.05,0.75,76.7,123050590,1.12,1.1,1828970,1.15,1320540,11154325
2026-04-13T12:36:05.280,NF,NIFTY13APR2624200CE,1.2,3.7,7.05,0.75,76.7,123084520,1.12,1.15,1343290,1.2,1419795,11154325
2026-04-13T12:36:06.897,NF,NIFTY13APR2624200CE,1.2,3.7,7.05,0.75,76.7,123096740,1.12,1.15,1335555,1.2,1454830,11154325
2026-04-13T12:36:08.494,NF,NIFTY13APR2624200CE,1.15,3.7,7.05,0.75,76.7,123130865,1.12,1.15,82290,1.2,1478425,11154325
2026-04-13T12:36:10.287,NF,NIFTY13APR2624200CE,1.15,3.7,7.05,0.75,76.7,123162130,1.12,1.15,1239810,1.2,1481285,11154325
2026-04-13T12:36:11.981,NF,NIFTY13APR2624200CE,1.2,3.7,7.05,0.75,76.7,123167525,1.12,1.15,1282190,1.2,1485185,11154325
2026-04-13T12:36:13.501,NF,NIFTY13APR2624200CE,1.15,3.7,7.05,0.75,76.7,123178250,1.12,1.15,1285180,1.2,1484665,11154325
2026-04-13T12:36:15.106,NF,NIFTY13APR2624200CE,1.15,3.7,7.05,0.75,76.7,123182020,1.12,1.15,1281540,1.2,1482325,11154325
2026-04-13T12:36:16.698,NF,NIFTY13APR2624200CE,1.2,3.7,7.05,0.75,76.7,123191055,1.12,1.15,1273350,1.2,1480505,11154325
2026-04-13T12:36:18.299,NF,NIFTY13APR2624200CE,1.15,3.7,7.05,0.75,76.7,123195410,1.12,1.15,1281930,1.2,1479725,11154325
2026-04-13T12:36:19.916,NF,NIFTY13APR2624200CE,1.15,3.7,7.05,0.75,76.7,123244355,1.12,1.1,1854190,1.15,1340755,11154325
2026-04-13T12:36:21.708,NF,NIFTY13APR2624200CE,1.1,3.7,7.05,0.75,76.7,123247280,1.12,1.1,1902225,1.15,1511055,11154325
2026-04-13T12:36:23.314,NF,NIFTY13APR2624200CE,1.15,3.7,7.05,0.75,76.7,123353685,1.12,1.1,1490970,1.15,1636310,11154325
2026-04-13T12:36:24.908,NF,NIFTY13APR2624200CE,1.15,3.7,7.05,0.75,76.7,123354920,1.12,1.1,1481675,1.15,1694745,11154325
2026-04-13T12:36:26.720,NF,NIFTY13APR2624200CE,1.1,3.7,7.05,0.75,76.7,123359600,1.12,1.1,1638260,1.15,1687725,11154325
2026-04-13T12:36:28.309,NF,NIFTY13APR2624200CE,1.1,3.7,7.05,0.75,76.7,123361225,1.12,1.1,1490125,1.15,1696825,11154325
2026-04-13T12:36:29.932,NF,NIFTY13APR2624200CE,1.1,3.7,7.05,0.75,76.7,123364800,1.12,1.1,1491490,1.15,1709825,11154325
2026-04-13T12:36:31.519,NF,NIFTY13APR2624200CE,1.1,3.7,7.05,0.75,76.7,123365905,1.12,1.1,1489150,1.15,1708720,11154325
2026-04-13T12:36:33.131,NF,NIFTY13APR2624200CE,1.1,3.7,7.05,0.75,76.7,123373575,1.12,1.1,1478815,1.15,1710345,11154325
2026-04-13T12:36:34.724,NF,NIFTY13APR2624200CE,1.15,3.7,7.05,0.75,76.7,123440070,1.12,1.1,1592955,1.15,1721005,11154325
2026-04-13T12:36:36.529,NF,NIFTY13APR2624200CE,1.05,3.7,7.05,0.75,76.7,123528990,1.12,1.05,1898455,1.1,1299610,11154325
2026-04-13T12:36:38.126,NF,NIFTY13APR2624200CE,1.05,3.7,7.05,0.75,76.7,123559345,1.12,1.05,1862120,1.1,1330875,11154325
2026-04-13T12:36:39.731,NF,NIFTY13APR2624200CE,1.05,3.7,7.05,0.75,76.7,123563050,1.12,1.05,1862120,1.1,1294605,11154325
2026-04-13T12:36:41.333,NF,NIFTY13APR2624200CE,1.05,3.7,7.05,0.75,76.7,123565910,1.12,1.05,1891240,1.1,1297595,11154325
2026-04-13T12:36:42.938,NF,NIFTY13APR2624200CE,1.05,3.7,7.05,0.75,76.7,123578065,1.12,1.05,1853475,1.1,1323790,11154325
2026-04-13T12:36:44.539,NF,NIFTY13APR2624200CE,1.05,3.7,7.05,0.75,76.7,123608030,1.12,1.05,1877525,1.1,1290575,11154325
2026-04-13T12:36:46.340,NF,NIFTY13APR2624200CE,1.05,3.7,7.05,0.75,76.7,123626360,1.12,1.05,1869725,1.1,1288950,11154325
2026-04-13T12:36:47.959,NF,NIFTY13APR2624200CE,1.1,3.7,7.05,0.75,76.7,123646380,1.12,1.1,1300130,1.15,1682395,11154325
2026-04-13T12:36:49.547,NF,NIFTY13APR2624200CE,1.1,3.7,7.05,0.75,76.7,123646445,1.12,1.1,1288625,1.15,1691365,11154325
2026-04-13T12:36:51.150,NF,NIFTY13APR2624200CE,1.1,3.7,7.05,0.75,76.7,123649175,1.12,1.1,1312155,1.15,1687985,11154325
2026-04-13T12:36:52.770,NF,NIFTY13APR2624200CE,1.1,3.7,7.05,0.75,76.7,123650345,1.12,1.1,1317030,1.15,1686685,11154325
2026-04-13T12:36:54.363,NF,NIFTY13APR2624200CE,1.1,3.7,7.05,0.75,76.7,123651320,1.12,1.1,1344070,1.15,1683240,11154325
2026-04-13T12:36:55.956,NF,NIFTY13APR2624200CE,1.15,3.7,7.05,0.75,76.7,123660290,1.12,1.1,1416805,1.15,1666080,11154325
2026-04-13T12:36:57.753,NF,NIFTY13APR2624200CE,1.15,3.7,7.05,0.75,76.7,123660550,1.12,1.1,1601925,1.15,1661140,11154325
2026-04-13T12:36:59.355,NF,NIFTY13APR2624200CE,1.15,3.7,7.05,0.75,76.7,123661460,1.12,1.1,1602510,1.15,1660685,11154325
2026-04-13T12:37:00.958,NF,NIFTY13APR2624200CE,1.15,3.7,7.05,0.75,76.7,123663735,1.12,1.1,1661530,1.15,1595295,11154325
2026-04-13T12:37:02.567,NF,NIFTY13APR2624200CE,1.15,3.7,7.05,0.75,76.7,123663995,1.12,1.1,1663220,1.15,1581905,11154325
2026-04-13T12:37:04.165,NF,NIFTY13APR2624200CE,1.1,3.7,7.05,0.75,76.7,123673615,1.12,1.1,1590290,1.15,1534065,11154325
2026-04-13T12:37:05.777,NF,NIFTY13APR2624200CE,1.15,3.7,7.05,0.75,76.7,123674785,1.12,1.1,1601730,1.15,1525420,11154325
2026-04-13T12:37:07.369,NF,NIFTY13APR2624200CE,1.15,3.7,7.05,0.75,76.7,123677060,1.12,1.1,1603355,1.15,1526720,11154325
2026-04-13T12:37:10.576,NF,NIFTY13APR2624200CE,1.1,3.7,7.05,0.75,76.7,123687980,1.12,1.1,1593150,1.15,1549925,11154325
2026-04-13T12:37:12.190,NF,NIFTY13APR2624200CE,1.1,3.7,7.05,0.75,76.7,123688760,1.12,1.1,1583205,1.15,1559805,11154325
2026-04-13T12:37:14.004,NF,NIFTY13APR2624200CE,1.1,3.7,7.05,0.75,76.7,123725615,1.12,1.1,1579760,1.15,1519180,11154325
2026-04-13T12:37:15.583,NF,NIFTY13APR2624200CE,1.1,3.7,7.05,0.75,76.7,123726785,1.12,1.1,1599260,1.15,1488370,11154325
2026-04-13T12:37:17.186,NF,NIFTY13APR2624200CE,1.1,3.7,7.05,0.75,76.7,123728150,1.12,1.1,1595035,1.15,1493375,11154325
2026-04-13T12:37:18.791,NF,NIFTY13APR2624200CE,1.1,3.7,7.05,0.75,76.7,123729905,1.12,1.1,1588405,1.15,1519635,11154325
2026-04-13T12:37:20.590,NF,NIFTY13APR2624200CE,1.15,3.7,7.05,0.75,76.7,123735430,1.12,1.1,1641965,1.15,1287780,11154325
2026-04-13T12:37:22.204,NF,NIFTY13APR2624200CE,1.15,3.7,7.05,0.75,76.7,123737380,1.12,1.1,1595360,1.15,1433575,11154325
2026-04-13T12:37:23.803,NF,NIFTY13APR2624200CE,1.1,3.7,7.05,0.75,76.7,123739265,1.12,1.1,1585675,1.15,1457820,11154325
2026-04-13T12:37:25.426,NF,NIFTY13APR2624200CE,1.15,3.7,7.05,0.75,76.7,123746805,1.12,1.1,1640665,1.15,1051180,11154325
2026-04-13T12:37:27.203,NF,NIFTY13APR2624200CE,1.1,3.7,7.05,0.75,76.7,123751680,1.12,1.1,1576770,1.15,1348555,11154325
2026-04-13T12:37:28.808,NF,NIFTY13APR2624200CE,1.1,3.7,7.05,0.75,76.7,123753370,1.12,1.1,1579630,1.15,1333800,11154325
2026-04-13T12:37:30.421,NF,NIFTY13APR2624200CE,1.1,3.7,7.05,0.75,76.7,123759610,1.12,1.1,1573845,1.15,1331980,11154325
2026-04-13T12:37:32.221,NF,NIFTY13APR2624200CE,1.1,3.7,7.05,0.75,76.7,123764030,1.12,1.1,1663545,1.15,1041690,11154325
2026-04-13T12:37:33.815,NF,NIFTY13APR2624200CE,1.2,3.7,7.05,0.75,76.7,123835790,1.12,1.15,1279720,1.2,1636375,11154325
2026-04-13T12:37:35.420,NF,NIFTY13APR2624200CE,1.15,3.7,7.05,0.75,76.7,123972095,1.12,1.15,1248650,1.2,1670110,11154325
2026-04-13T12:37:37.033,NF,NIFTY13APR2624200CE,1.2,3.7,7.05,0.75,76.7,124007975,1.12,1.15,1499680,1.2,1414465,11154325
2026-04-13T12:37:38.822,NF,NIFTY13APR2624200CE,1.15,3.7,7.05,0.75,76.7,124013825,1.12,1.15,1507870,1.2,1433185,11154325
2026-04-13T12:37:40.427,NF,NIFTY13APR2624200CE,1.15,3.7,7.05,0.75,76.7,124014930,1.12,1.15,1475825,1.2,1434550,11154325
2026-04-13T12:37:42.045,NF,NIFTY13APR2624200CE,1.2,3.7,7.05,0.75,76.7,124016295,1.12,1.15,1474915,1.2,1427205,11154325
2026-04-13T12:37:43.640,NF,NIFTY13APR2624200CE,1.15,3.7,7.05,0.75,76.7,124017985,1.12,1.15,1425060,1.2,1427270,11154325
2026-04-13T12:37:45.436,NF,NIFTY13APR2624200CE,1.15,3.7,7.05,0.75,76.7,124030985,1.12,1.15,1426230,1.2,1429935,11154325
2026-04-13T12:37:47.045,NF,NIFTY13APR2624200CE,1.2,3.7,7.05,0.75,76.7,124039305,1.12,1.15,1434095,1.2,1428635,11154325
2026-04-13T12:37:48.653,NF,NIFTY13APR2624200CE,1.15,3.7,7.05,0.75,76.7,124040150,1.12,1.15,1508195,1.2,1408355,11154325
2026-04-13T12:37:50.443,NF,NIFTY13APR2624200CE,1.15,3.7,7.05,0.75,76.7,124052825,1.12,1.15,1684020,1.2,900250,11154325
2026-04-13T12:37:52.048,NF,NIFTY13APR2624200CE,1.15,3.7,7.05,0.75,76.7,124060755,1.12,1.15,1652365,1.2,932945,11154325
2026-04-13T12:37:53.670,NF,NIFTY13APR2624200CE,1.15,3.7,7.05,0.75,76.7,124065825,1.12,1.15,1508065,1.2,983905,11154325
2026-04-13T12:37:55.263,NF,NIFTY13APR2624200CE,1.15,3.7,7.05,0.75,76.7,124068685,1.12,1.15,1504555,1.2,995930,11154325
2026-04-13T12:37:57.055,NF,NIFTY13APR2624200CE,1.15,3.7,7.05,0.75,76.7,124069595,1.12,1.15,1505530,1.2,995605,11154325
2026-04-13T12:38:00.263,NF,NIFTY13APR2624200CE,1.2,3.7,7.05,0.75,76.7,124073105,1.12,1.15,1587820,1.2,935740,11154325
2026-04-13T12:38:02.066,NF,NIFTY13APR2624200CE,1.2,3.7,7.05,0.75,76.7,124076290,1.12,1.15,1600300,1.2,907725,11154325
2026-04-13T12:38:03.667,NF,NIFTY13APR2624200CE,1.2,3.7,7.05,0.75,76.7,124302555,1.12,1.15,1590225,1.2,1524120,11154325
2026-04-13T12:38:05.287,NF,NIFTY13APR2624200CE,1.2,3.7,7.05,0.75,76.7,124306715,1.12,1.15,1626105,1.2,1498640,11380720
2026-04-13T12:38:07.074,NF,NIFTY13APR2624200CE,1.2,3.7,7.05,0.75,76.7,124308275,1.12,1.15,1634945,1.2,1493505,11380720
2026-04-13T12:38:08.680,NF,NIFTY13APR2624200CE,1.25,3.7,7.05,0.75,76.7,124355465,1.12,1.2,916175,1.25,1541735,11380720
2026-04-13T12:38:10.289,NF,NIFTY13APR2624200CE,1.25,3.7,7.05,0.75,76.7,124357870,1.12,1.2,912405,1.25,1556360,11380720
2026-04-13T12:38:12.105,NF,NIFTY13APR2624200CE,1.2,3.7,7.05,0.75,76.7,124360730,1.12,1.2,914875,1.25,1537120,11380720
2026-04-13T12:38:13.686,NF,NIFTY13APR2624200CE,1.25,3.7,7.05,0.75,76.7,124383870,1.12,1.2,1072435,1.25,1514435,11380720
2026-04-13T12:38:15.290,NF,NIFTY13APR2624200CE,1.25,3.7,7.05,0.75,76.7,124386080,1.12,1.2,1119430,1.25,1507415,11380720
2026-04-13T12:38:17.087,NF,NIFTY13APR2624200CE,1.2,3.7,7.05,0.75,76.7,124387900,1.12,1.2,1119105,1.25,1505595,11380720
2026-04-13T12:38:18.695,NF,NIFTY13APR2624200CE,1.2,3.7,7.05,0.75,76.7,124391865,1.12,1.2,1118520,1.25,1495650,11380720
2026-04-13T12:38:20.294,NF,NIFTY13APR2624200CE,1.2,3.7,7.05,0.75,76.7,124408310,1.12,1.2,1150630,1.25,1472380,11380720
2026-04-13T12:38:22.099,NF,NIFTY13APR2624200CE,1.25,3.7,7.05,0.75,76.7,124414095,1.12,1.2,1077180,1.25,1493375,11380720
2026-04-13T12:38:23.698,NF,NIFTY13APR2624200CE,1.2,3.7,7.05,0.75,76.7,124415915,1.12,1.2,1081665,1.25,1502150,11380720
2026-04-13T12:38:25.304,NF,NIFTY13APR2624200CE,1.2,3.7,7.05,0.75,76.7,124419230,1.12,1.2,1192295,1.25,1440530,11380720
2026-04-13T12:38:26.903,NF,NIFTY13APR2624200CE,1.2,3.7,7.05,0.75,76.7,124420725,1.12,1.2,1201915,1.25,1435395,11380720
2026-04-13T12:38:28.505,NF,NIFTY13APR2624200CE,1.25,3.7,7.05,0.75,76.7,124486895,1.12,1.2,1359150,1.25,763295,11380720
2026-04-13T12:38:30.308,NF,NIFTY13APR2624200CE,1.25,3.7,7.05,0.75,76.7,124517380,1.12,1.25,848250,1.3,893425,11380720
2026-04-13T12:38:31.912,NF,NIFTY13APR2624200CE,1.25,3.7,7.05,0.75,76.7,124577700,1.12,1.2,1555580,1.25,906230,11380720
2026-04-13T12:38:33.515,NF,NIFTY13APR2624200CE,1.25,3.7,7.05,0.75,76.7,124706400,1.12,1.25,950495,1.3,1000480,11380720
2026-04-13T12:38:35.318,NF,NIFTY13APR2624200CE,1.25,3.7,7.05,0.75,76.7,124710430,1.12,1.25,1042275,1.3,1008475,11380720
2026-04-13T12:38:36.929,NF,NIFTY13APR2624200CE,1.25,3.7,7.05,0.75,76.7,124712510,1.12,1.25,1043250,1.3,1015820,11380720
2026-04-13T12:38:38.324,NF,NIFTY13APR2624200CE,1.25,3.7,7.05,0.75,76.7,124716540,1.12,1.25,1039350,1.3,1018550,11380720
2026-04-13T12:38:40.125,NF,NIFTY13APR2624200CE,1.25,3.7,7.05,0.75,76.7,124721740,1.12,1.25,1044810,1.3,1021150,11380720
2026-04-13T12:38:41.733,NF,NIFTY13APR2624200CE,1.25,3.7,7.05,0.75,76.7,124756125,1.12,1.2,1610375,1.25,818480,11380720
2026-04-13T12:38:43.339,NF,NIFTY13APR2624200CE,1.25,3.7,7.05,0.75,76.7,124757880,1.12,1.2,1602445,1.25,835055,11380720
2026-04-13T12:38:45.135,NF,NIFTY13APR2624200CE,1.25,3.7,7.05,0.75,76.7,124762755,1.12,1.2,1614600,1.25,789295,11380720
2026-04-13T12:38:46.736,NF,NIFTY13APR2624200CE,1.2,3.7,7.05,0.75,76.7,124765420,1.12,1.2,1636245,1.25,1325545,11380720
2026-04-13T12:38:48.350,NF,NIFTY13APR2624200CE,1.2,3.7,7.05,0.75,76.7,124768410,1.12,1.2,1559025,1.25,1540760,11380720
2026-04-13T12:38:50.139,NF,NIFTY13APR2624200CE,1.25,3.7,7.05,0.75,76.7,124769060,1.12,1.2,1661530,1.25,1482650,11380720
2026-04-13T12:38:51.742,NF,NIFTY13APR2624200CE,1.2,3.7,7.05,0.75,76.7,124778485,1.12,1.2,1664715,1.25,1469195,11380720
2026-04-13T12:38:53.345,NF,NIFTY13APR2624200CE,1.2,3.7,7.05,0.75,76.7,124780825,1.12,1.2,1663415,1.25,1496040,11380720
2026-04-13T12:38:55.149,NF,NIFTY13APR2624200CE,1.2,3.7,7.05,0.75,76.7,124782515,1.12,1.2,1703130,1.25,1457170,11380720
2026-04-13T12:38:56.760,NF,NIFTY13APR2624200CE,1.2,3.7,7.05,0.75,76.7,124784465,1.12,1.2,1741610,1.25,1456715,11380720
2026-04-13T12:38:58.359,NF,NIFTY13APR2624200CE,1.25,3.7,7.05,0.75,76.7,124786220,1.12,1.2,1735175,1.25,1456325,11380720
2026-04-13T12:39:00.152,NF,NIFTY13APR2624200CE,1.25,3.7,7.05,0.75,76.7,124788365,1.12,1.2,1841060,1.25,1421290,11380720
2026-04-13T12:39:01.783,NF,NIFTY13APR2624200CE,1.25,3.7,7.05,0.75,76.7,124790055,1.12,1.2,1764490,1.25,1447225,11380720
2026-04-13T12:39:03.359,NF,NIFTY13APR2624200CE,1.25,3.7,7.05,0.75,76.7,124855575,1.12,1.25,1365650,1.3,1419990,11380720
2026-04-13T12:39:05.167,NF,NIFTY13APR2624200CE,1.25,3.7,7.05,0.75,76.7,124857265,1.12,1.25,1532310,1.3,1453855,11380720
2026-04-13T12:39:06.763,NF,NIFTY13APR2624200CE,1.3,3.7,7.05,0.75,76.7,124859020,1.12,1.25,1506245,1.3,1477320,11380720
2026-04-13T12:39:08.371,NF,NIFTY13APR2624200CE,1.3,3.7,7.05,0.75,76.7,124867925,1.12,1.25,1448655,1.3,1480375,11380720
2026-04-13T12:39:10.191,NF,NIFTY13APR2624200CE,1.3,3.7,7.05,0.75,76.7,124868835,1.12,1.25,1351740,1.3,1518790,11380720
2026-04-13T12:39:11.771,NF,NIFTY13APR2624200CE,1.25,3.7,7.05,0.75,76.7,124879885,1.12,1.25,1396720,1.3,1515670,11380720
2026-04-13T12:39:13.375,NF,NIFTY13APR2624200CE,1.3,3.7,7.05,0.75,76.7,124886840,1.12,1.25,1357330,1.3,1507415,11380720
2026-04-13T12:39:15.177,NF,NIFTY13APR2624200CE,1.3,3.7,7.05,0.75,76.7,124890870,1.12,1.25,1447550,1.3,1455480,11380720
2026-04-13T12:39:16.793,NF,NIFTY13APR2624200CE,1.3,3.7,7.05,0.75,76.7,124910435,1.12,1.3,935415,1.35,1341210,11380720
2026-04-13T12:39:18.388,NF,NIFTY13APR2624200CE,1.3,3.7,7.05,0.75,76.7,124956650,1.12,1.25,1567995,1.3,1344005,11380720
2026-04-13T12:39:20.183,NF,NIFTY13APR2624200CE,1.25,3.7,7.05,0.75,76.7,124995780,1.12,1.25,1506960,1.3,1453530,11380720
2026-04-13T12:39:21.792,NF,NIFTY13APR2624200CE,1.3,3.7,7.05,0.75,76.7,125000200,1.12,1.25,1418625,1.3,1527890,11380720
2026-04-13T12:39:23.399,NF,NIFTY13APR2624200CE,1.25,3.7,7.05,0.75,76.7,125052655,1.12,1.2,1700530,1.25,1545505,11380720
2026-04-13T12:39:25.193,NF,NIFTY13APR2624200CE,1.2,3.7,7.05,0.75,76.7,125169720,1.12,1.15,1613885,1.2,1324115,11380720
2026-04-13T12:39:26.820,NF,NIFTY13APR2624200CE,1.2,3.7,7.05,0.75,76.7,125223735,1.12,1.2,1144910,1.25,1639495,11380720
2026-04-13T12:39:28.412,NF,NIFTY13APR2624200CE,1.2,3.7,7.05,0.75,76.7,125231665,1.12,1.2,1700270,1.25,1568710,11380720
2026-04-13T12:39:30.204,NF,NIFTY13APR2624200CE,1.25,3.7,7.05,0.75,76.7,125236605,1.12,1.2,1659060,1.25,1583465,11380720
2026-04-13T12:39:31.815,NF,NIFTY13APR2624200CE,1.25,3.7,7.05,0.75,76.7,125241415,1.12,1.2,1556880,1.25,1627210,11380720
2026-04-13T12:39:33.405,NF,NIFTY13APR2624200CE,1.25,3.7,7.05,0.75,76.7,125248955,1.12,1.2,1537445,1.25,1636830,11380720
2026-04-13T12:39:35.207,NF,NIFTY13APR2624200CE,1.25,3.7,7.05,0.75,76.7,125259810,1.12,1.2,1521065,1.25,1629680,11380720
2026-04-13T12:39:36.810,NF,NIFTY13APR2624200CE,1.25,3.7,7.05,0.75,76.7,125261565,1.12,1.2,1517685,1.25,1625260,11380720
2026-04-13T12:39:38.427,NF,NIFTY13APR2624200CE,1.25,3.7,7.05,0.75,76.7,125276450,1.12,1.2,1602705,1.25,1626820,11380720
2026-04-13T12:39:40.214,NF,NIFTY13APR2624200CE,1.25,3.7,7.05,0.75,76.7,125278335,1.12,1.2,1545765,1.25,1661790,11380720
2026-04-13T12:39:41.822,NF,NIFTY13APR2624200CE,1.25,3.7,7.05,0.75,76.7,125281845,1.12,1.2,1605630,1.25,1661010,11380720
2026-04-13T12:39:43.446,NF,NIFTY13APR2624200CE,1.2,3.7,7.05,0.75,76.7,125286785,1.12,1.2,1602640,1.25,1667770,11380720
2026-04-13T12:39:45.228,NF,NIFTY13APR2624200CE,1.25,3.7,7.05,0.75,76.7,125291530,1.12,1.2,1619280,1.25,1670565,11380720
2026-04-13T12:39:46.824,NF,NIFTY13APR2624200CE,1.2,3.7,7.05,0.75,76.7,125292895,1.12,1.2,1627275,1.25,1669720,11380720
2026-04-13T12:39:48.432,NF,NIFTY13APR2624200CE,1.25,3.7,7.05,0.75,76.7,125293350,1.12,1.2,1616940,1.25,1673035,11380720
2026-04-13T12:39:50.227,NF,NIFTY13APR2624200CE,1.2,3.7,7.05,0.75,76.7,125294780,1.12,1.2,1566175,1.25,1681615,11380720
2026-04-13T12:39:51.842,NF,NIFTY13APR2624200CE,1.2,3.7,7.05,0.75,76.7,125298745,1.12,1.2,1663610,1.25,1608620,11380720
2026-04-13T12:39:53.436,NF,NIFTY13APR2624200CE,1.2,3.7,7.05,0.75,76.7,125299850,1.12,1.2,1665885,1.25,1611285,11380720
2026-04-13T12:39:55.036,NF,NIFTY13APR2624200CE,1.25,3.7,7.05,0.75,76.7,125300045,1.12,1.2,1578005,1.25,1667250,11380720
2026-04-13T12:39:56.647,NF,NIFTY13APR2624200CE,1.2,3.7,7.05,0.75,76.7,125302320,1.12,1.2,1564030,1.25,1691820,11380720
2026-04-13T12:39:58.272,NF,NIFTY13APR2624200CE,1.25,3.7,7.05,0.75,76.7,125306090,1.12,1.2,1567410,1.25,1690000,11380720
2026-04-13T12:40:00.039,NF,NIFTY13APR2624200CE,1.15,3.7,7.05,0.75,76.7,125365370,1.12,1.15,1698190,1.2,1406990,11380720
2026-04-13T12:40:01.645,NF,NIFTY13APR2624200CE,1.2,3.7,7.05,0.75,76.7,125371480,1.12,1.15,1704495,1.2,1401270,11380720
2026-04-13T12:40:03.249,NF,NIFTY13APR2624200CE,1.25,3.7,7.05,0.75,76.7,125447985,1.12,1.2,1555450,1.25,1629160,11380720
2026-04-13T12:40:05.049,NF,NIFTY13APR2624200CE,1.25,3.7,7.05,0.75,76.7,125451625,1.12,1.2,1476215,1.25,1658670,11380720
2026-04-13T12:40:06.654,NF,NIFTY13APR2624200CE,1.25,3.7,7.05,0.75,76.7,125457605,1.12,1.2,1462565,1.25,1670240,11380720
2026-04-13T12:40:08.254,NF,NIFTY13APR2624200CE,1.2,3.7,7.05,0.75,76.7,125497515,1.12,1.15,1730885,1.2,1284790,11380720
2026-04-13T12:40:10.059,NF,NIFTY13APR2624200CE,1.15,3.7,7.05,0.75,76.7,125499660,1.12,1.15,1698255,1.2,1358825,11380720
2026-04-13T12:40:11.658,NF,NIFTY13APR2624200CE,1.15,3.7,7.05,0.75,76.7,125501545,1.12,1.15,1700140,1.2,1359475,11380720
2026-04-13T12:40:13.264,NF,NIFTY13APR2624200CE,1.2,3.7,7.05,0.75,76.7,125502910,1.12,1.15,1693640,1.2,1360255,11380720
2026-04-13T12:40:14.866,NF,NIFTY13APR2624200CE,1.2,3.7,7.05,0.75,76.7,125503820,1.12,1.15,1698580,1.2,1437735,11380720
2026-04-13T12:40:16.470,NF,NIFTY13APR2624200CE,1.15,3.7,7.05,0.75,76.7,125508175,1.12,1.15,1701505,1.2,1392885,11380720
2026-04-13T12:40:18.276,NF,NIFTY13APR2624200CE,1.2,3.7,7.05,0.75,76.7,125512790,1.12,1.15,1690780,1.2,1429545,11380720
2026-04-13T12:40:19.878,NF,NIFTY13APR2624200CE,1.15,3.7,7.05,0.75,76.7,125515845,1.12,1.15,1603940,1.2,1523795,11380720
2026-04-13T12:40:21.477,NF,NIFTY13APR2624200CE,1.2,3.7,7.05,0.75,76.7,125518575,1.12,1.15,1599845,1.2,1532700,11380720
2026-04-13T12:40:23.083,NF,NIFTY13APR2624200CE,1.2,3.7,7.05,0.75,76.7,125521305,1.12,1.15,1605240,1.2,1540565,11380720
2026-04-13T12:40:24.888,NF,NIFTY13APR2624200CE,1.15,3.7,7.05,0.75,76.7,125541390,1.12,1.15,1640925,1.2,1528930,11380720
2026-04-13T12:40:26.484,NF,NIFTY13APR2624200CE,1.15,3.7,7.05,0.75,76.7,125564335,1.12,1.15,1544140,1.2,1563575,11380720
2026-04-13T12:40:28.092,NF,NIFTY13APR2624200CE,1.1,3.7,7.05,0.75,76.7,125624915,1.12,1.1,1593995,1.15,1496495,11380720
2026-04-13T12:40:29.698,NF,NIFTY13APR2624200CE,1.1,3.7,7.05,0.75,76.7,125635770,1.12,1.1,1635465,1.15,1514695,11380720
2026-04-13T12:40:31.493,NF,NIFTY13APR2624200CE,1.1,3.7,7.05,0.75,76.7,125636615,1.12,1.1,1640600,1.15,1518530,11380720
2026-04-13T12:40:33.097,NF,NIFTY13APR2624200CE,1.15,3.7,7.05,0.75,76.7,125636810,1.12,1.1,1644240,1.15,1516905,11380720
2026-04-13T12:40:34.698,NF,NIFTY13APR2624200CE,1.15,3.7,7.05,0.75,76.7,125637785,1.12,1.1,1640535,1.15,1517880,11380720
2026-04-13T12:40:36.505,NF,NIFTY13APR2624200CE,1.1,3.7,7.05,0.75,76.7,125653710,1.12,1.1,1601080,1.15,1529645,11380720
2026-04-13T12:40:38.103,NF,NIFTY13APR2624200CE,1.15,3.7,7.05,0.75,76.7,125670155,1.12,1.1,1587105,1.15,1531855,11380720
2026-04-13T12:40:38.302,NF,NIFTY13APR2624200CE,1.1,3.7,7.05,0.75,76.7,125671065,1.12,1.1,1586195,1.15,1533090,11380720
2026-04-13T12:40:39.911,NF,NIFTY13APR2624200CE,1.1,3.7,7.05,0.75,76.7,125673210,1.12,1.1,1595685,1.15,1581515,11380720
2026-04-13T12:40:41.511,NF,NIFTY13APR2624200CE,1.15,3.7,7.05,0.75,76.7,125698430,1.12,1.1,1634685,1.15,1586325,11380720
2026-04-13T12:40:43.311,NF,NIFTY13APR2624200CE,1.15,3.7,7.05,0.75,76.7,125701875,1.12,1.1,1630005,1.15,1585675,11380720
2026-04-13T12:40:44.923,NF,NIFTY13APR2624200CE,1.1,3.7,7.05,0.75,76.7,125707920,1.12,1.1,1626040,1.15,1586065,11380720
2026-04-13T12:40:46.519,NF,NIFTY13APR2624200CE,1.1,3.7,7.05,0.75,76.7,125708115,1.12,1.1,1625455,1.15,1585545,11380720
2026-04-13T12:40:48.122,NF,NIFTY13APR2624200CE,1.1,3.7,7.05,0.75,76.7,125709805,1.12,1.1,1622790,1.15,1582555,11380720
2026-04-13T12:40:49.927,NF,NIFTY13APR2624200CE,1.15,3.7,7.05,0.75,76.7,125712990,1.12,1.1,1696435,1.15,1527825,11380720
2026-04-13T12:40:51.526,NF,NIFTY13APR2624200CE,1.15,3.7,7.05,0.75,76.7,125713900,1.12,1.1,1740440,1.15,1540370,11380720
2026-04-13T12:40:53.131,NF,NIFTY13APR2624200CE,1.1,3.7,7.05,0.75,76.7,125715005,1.12,1.1,1713595,1.15,1515605,11380720
2026-04-13T12:40:54.940,NF,NIFTY13APR2624200CE,1.1,3.7,7.05,0.75,76.7,125715590,1.12,1.1,1728220,1.15,1515735,11380720
2026-04-13T12:40:56.534,NF,NIFTY13APR2624200CE,1.15,3.7,7.05,0.75,76.7,125721245,1.12,1.1,1724190,1.15,1513330,11380720
2026-04-13T12:40:58.143,NF,NIFTY13APR2624200CE,1.15,3.7,7.05,0.75,76.7,125840975,1.12,1.1,1764620,1.15,1209975,11380720
2026-04-13T12:40:59.956,NF,NIFTY13APR2624200CE,1.15,3.7,7.05,0.75,76.7,125843575,1.12,1.1,1828970,1.15,1297790,11380720
2026-04-13T12:41:01.543,NF,NIFTY13APR2624200CE,1.15,3.7,7.05,0.75,76.7,125845720,1.12,1.1,1867060,1.15,1318655,11380720
2026-04-13T12:41:03.144,NF,NIFTY13APR2624200CE,1.15,3.7,7.05,0.75,76.7,125847475,1.12,1.1,1866995,1.15,1318395,11380720
2026-04-13T12:41:04.752,NF,NIFTY13APR2624200CE,1.15,3.7,7.05,0.75,76.7,125848190,1.12,1.1,1800955,1.15,1321645,11380720
2026-04-13T12:41:06.551,NF,NIFTY13APR2624200CE,1.15,3.7,7.05,0.75,76.7,125848515,1.12,1.1,1784445,1.15,1321190,11438700
2026-04-13T12:41:08.150,NF,NIFTY13APR2624200CE,1.15,3.7,7.05,0.75,76.7,125849100,1.12,1.1,1797185,1.15,1318850,11438700
2026-04-13T12:41:09.759,NF,NIFTY13APR2624200CE,1.15,3.7,7.05,0.75,76.7,125862620,1.12,1.1,1796665,1.15,1312545,11438700
2026-04-13T12:41:11.368,NF,NIFTY13APR2624200CE,1.1,3.7,7.05,0.75,76.7,125869315,1.12,1.1,1754285,1.15,1491880,11438700
2026-04-13T12:41:13.161,NF,NIFTY13APR2624200CE,1.1,3.7,7.05,0.75,76.7,125871265,1.12,1.1,1657435,1.15,1532960,11438700
2026-04-13T12:41:14.761,NF,NIFTY13APR2624200CE,1.1,3.7,7.05,0.75,76.7,125873475,1.12,1.1,1658410,1.15,1552395,11438700
2026-04-13T12:41:16.364,NF,NIFTY13APR2624200CE,1.15,3.7,7.05,0.75,76.7,125873995,1.12,1.1,1656200,1.15,1544335,11438700
2026-04-13T12:41:18.170,NF,NIFTY13APR2624200CE,1.1,3.7,7.05,0.75,76.7,125875685,1.12,1.1,1656265,1.15,1547650,11438700
2026-04-13T12:41:19.772,NF,NIFTY13APR2624200CE,1.1,3.7,7.05,0.75,76.7,125877310,1.12,1.1,1728675,1.15,1518725,11438700
2026-04-13T12:41:21.391,NF,NIFTY13APR2624200CE,1.15,3.7,7.05,0.75,76.7,125879780,1.12,1.1,1788735,1.15,1467310,11438700
2026-04-13T12:41:22.975,NF,NIFTY13APR2624200CE,1.1,3.7,7.05,0.75,76.7,125882380,1.12,1.1,1780805,1.15,1466595,11438700
2026-04-13T12:41:24.579,NF,NIFTY13APR2624200CE,1.15,3.7,7.05,0.75,76.7,125884460,1.12,1.1,1799135,1.15,1464645,11438700
2026-04-13T12:41:26.385,NF,NIFTY13APR2624200CE,1.1,3.7,7.05,0.75,76.7,125884980,1.12,1.1,1780610,1.15,1466920,11438700
2026-04-13T12:41:27.995,NF,NIFTY13APR2624200CE,1.1,3.7,7.05,0.75,76.7,125886540,1.12,1.1,1795300,1.15,1469780,11438700
2026-04-13T12:41:29.592,NF,NIFTY13APR2624200CE,1.1,3.7,7.05,0.75,76.7,125887580,1.12,1.1,1795950,1.15,1471600,11438700
2026-04-13T12:41:31.188,NF,NIFTY13APR2624200CE,1.15,3.7,7.05,0.75,76.7,125889595,1.12,1.1,1812460,1.15,1470170,11438700
2026-04-13T12:41:32.816,NF,NIFTY13APR2624200CE,1.1,3.7,7.05,0.75,76.7,125889855,1.12,1.1,1852045,1.15,1469715,11438700
2026-04-13T12:41:34.598,NF,NIFTY13APR2624200CE,1.15,3.7,7.05,0.75,76.7,125889985,1.12,1.1,1794260,1.15,1470495,11438700
2026-04-13T12:41:36.229,NF,NIFTY13APR2624200CE,1.1,3.7,7.05,0.75,76.7,125890570,1.12,1.1,1797900,1.15,1471665,11438700
2026-04-13T12:41:37.801,NF,NIFTY13APR2624200CE,1.1,3.7,7.05,0.75,76.7,125891220,1.12,1.1,1796795,1.15,1470495,11438700
2026-04-13T12:41:39.605,NF,NIFTY13APR2624200CE,1.15,3.7,7.05,0.75,76.7,126089015,1.12,1.1,1779050,1.15,1240590,11438700
2026-04-13T12:41:41.204,NF,NIFTY13APR2624200CE,1.15,3.7,7.05,0.75,76.7,126125740,1.12,1.1,1788475,1.15,1309620,11438700
2026-04-13T12:41:43.018,NF,NIFTY13APR2624200CE,1.15,3.7,7.05,0.75,76.7,126157135,1.12,1.1,1801410,1.15,1293955,11438700
2026-04-13T12:41:44.619,NF,NIFTY13APR2624200CE,1.1,3.7,7.05,0.75,76.7,126172020,1.12,1.1,1782105,1.15,1339975,11438700
2026-04-13T12:41:46.215,NF,NIFTY13APR2624200CE,1.1,3.7,7.05,0.75,76.7,126178520,1.12,1.1,1771120,1.15,1340235,11438700
2026-04-13T12:41:48.021,NF,NIFTY13APR2624200CE,1.1,3.7,7.05,0.75,76.7,126180080,1.12,1.1,1764425,1.15,1340690,11438700
2026-04-13T12:41:49.615,NF,NIFTY13APR2624200CE,1.1,3.7,7.05,0.75,76.7,126182160,1.12,1.1,1757730,1.15,1340885,11438700
2026-04-13T12:41:51.219,NF,NIFTY13APR2624200CE,1.15,3.7,7.05,0.75,76.7,126185670,1.12,1.1,1757405,1.15,1355315,11438700
2026-04-13T12:41:54.638,NF,NIFTY13APR2624200CE,1.15,3.7,7.05,0.75,76.7,126187425,1.12,1.1,1760265,1.15,1354730,11438700
2026-04-13T12:41:56.241,NF,NIFTY13APR2624200CE,1.1,3.7,7.05,0.75,76.7,126219080,1.12,1.1,1676025,1.15,1373970,11438700
2026-04-13T12:41:57.831,NF,NIFTY13APR2624200CE,1.1,3.7,7.05,0.75,76.7,126222265,1.12,1.1,1757730,1.15,1344460,11438700
2026-04-13T12:41:59.432,NF,NIFTY13APR2624200CE,1.1,3.7,7.05,0.75,76.7,126228570,1.12,1.1,1758185,1.15,1345240,11438700
2026-04-13T12:42:01.240,NF,NIFTY13APR2624200CE,1.15,3.7,7.05,0.75,76.7,126229285,1.12,1.1,1778985,1.15,1344135,11438700
2026-04-13T12:42:02.834,NF,NIFTY13APR2624200CE,1.15,3.7,7.05,0.75,76.7,126242805,1.12,1.1,1794520,1.15,1337895,11438700
2026-04-13T12:42:04.463,NF,NIFTY13APR2624200CE,1.15,3.7,7.05,0.75,76.7,126243520,1.12,1.1,1811550,1.15,1355120,11438700
2026-04-13T12:42:06.242,NF,NIFTY13APR2624200CE,1.15,3.7,7.05,0.75,76.7,126246120,1.12,1.1,1824030,1.15,1355510,11438700
2026-04-13T12:42:07.856,NF,NIFTY13APR2624200CE,1.15,3.7,7.05,0.75,76.7,126246380,1.12,1.1,1804855,1.15,1355380,11438700
2026-04-13T12:42:09.445,NF,NIFTY13APR2624200CE,1.15,3.7,7.05,0.75,76.7,126247030,1.12,1.1,1810250,1.15,1351610,11438700
2026-04-13T12:42:11.253,NF,NIFTY13APR2624200CE,1.15,3.7,7.05,0.75,76.7,126256390,1.12,1.1,1802580,1.15,1343680,11438700
2026-04-13T12:42:12.847,NF,NIFTY13APR2624200CE,1.15,3.7,7.05,0.75,76.7,126260940,1.12,1.1,1801540,1.15,1352065,11438700
2026-04-13T12:42:14.449,NF,NIFTY13APR2624200CE,1.15,3.7,7.05,0.75,76.7,126291425,1.12,1.1,1829035,1.15,1376505,11438700
2026-04-13T12:42:16.266,NF,NIFTY13APR2624200CE,1.15,3.7,7.05,0.75,76.7,126292790,1.12,1.1,1832285,1.15,1382225,11438700
2026-04-13T12:42:17.861,NF,NIFTY13APR2624200CE,1.1,3.7,7.05,0.75,76.7,126303385,1.12,1.1,1868750,1.15,1362465,11438700
2026-04-13T12:42:19.456,NF,NIFTY13APR2624200CE,1.15,3.7,7.05,0.75,76.7,126306245,1.12,1.1,1905735,1.15,1362595,11438700
2026-04-13T12:42:21.266,NF,NIFTY13APR2624200CE,1.15,3.7,7.05,0.75,76.7,126317620,1.12,1.1,1913990,1.15,1367925,11438700
2026-04-13T12:42:22.861,NF,NIFTY13APR2624200CE,1.1,3.7,7.05,0.75,76.7,126328540,1.12,1.1,1905085,1.15,1452165,11438700
2026-04-13T12:42:24.468,NF,NIFTY13APR2624200CE,1.15,3.7,7.05,0.75,76.7,126329515,1.12,1.1,1900730,1.15,1467115,11438700
2026-04-13T12:42:26.265,NF,NIFTY13APR2624200CE,1.2,3.7,7.05,0.75,76.7,126353955,1.12,1.15,993460,1.2,1556035,11438700
2026-04-13T12:42:27.871,NF,NIFTY13APR2624200CE,1.15,3.7,7.05,0.75,76.7,126555325,1.12,1.1,1891240,1.15,1362010,11438700
2026-04-13T12:42:29.489,NF,NIFTY13APR2624200CE,1.15,3.7,7.05,0.75,76.7,126736415,1.12,1.15,1551745,1.2,1559805,11438700
2026-04-13T12:42:31.275,NF,NIFTY13APR2624200CE,1.15,3.7,7.05,0.75,76.7,126749545,1.12,1.15,1445665,1.2,1601925,11438700
2026-04-13T12:42:32.886,NF,NIFTY13APR2624200CE,1.2,3.7,7.05,0.75,76.7,126750975,1.12,1.15,1646645,1.2,1545830,11438700
2026-04-13T12:42:34.484,NF,NIFTY13APR2624200CE,1.2,3.7,7.05,0.75,76.7,126751040,1.12,1.15,1487005,1.2,1581190,11438700
2026-04-13T12:42:36.293,NF,NIFTY13APR2624200CE,1.2,3.7,7.05,0.75,76.7,126751300,1.12,1.15,1471405,1.2,1662375,11438700
2026-04-13T12:42:37.888,NF,NIFTY13APR2624200CE,1.15,3.7,7.05,0.75,76.7,126751495,1.12,1.15,1561300,1.2,1652170,11438700
2026-04-13T12:42:40.910,NF,NIFTY13APR2624200CE,1.2,3.7,7.05,0.75,76.7,126751625,1.12,1.15,1467700,1.2,1668680,11438700
2026-04-13T12:42:42.692,NF,NIFTY13APR2624200CE,1.2,3.7,7.05,0.75,76.7,126754160,1.12,1.15,1468285,1.2,1657890,11438700
2026-04-13T12:42:44.296,NF,NIFTY13APR2624200CE,1.15,3.7,7.05,0.75,76.7,126755460,1.12,1.15,1467180,1.2,1665820,11438700
2026-04-13T12:42:45.904,NF,NIFTY13APR2624200CE,1.2,3.7,7.05,0.75,76.7,126757930,1.12,1.15,1560390,1.2,1611935,11438700
2026-04-13T12:42:47.697,NF,NIFTY13APR2624200CE,1.2,3.7,7.05,0.75,76.7,126758710,1.12,1.15,1555905,1.2,1621750,11438700
2026-04-13T12:42:49.301,NF,NIFTY13APR2624200CE,1.2,3.7,7.05,0.75,76.7,126760985,1.12,1.15,1465425,1.2,1647685,11438700
2026-04-13T12:42:50.916,NF,NIFTY13APR2624200CE,1.15,3.7,7.05,0.75,76.7,126764170,1.12,1.15,1464320,1.2,1659970,11438700
2026-04-13T12:42:52.707,NF,NIFTY13APR2624200CE,1.15,3.7,7.05,0.75,76.7,126764560,1.12,1.15,1464125,1.2,1661660,11438700
2026-04-13T12:42:54.306,NF,NIFTY13APR2624200CE,1.15,3.7,7.05,0.75,76.7,126764820,1.12,1.15,1544660,1.2,1646645,11438700
2026-04-13T12:42:55.931,NF,NIFTY13APR2624200CE,1.15,3.7,7.05,0.75,76.7,126842625,1.12,1.1,1889355,1.15,1202695,11438700
2026-04-13T12:42:57.710,NF,NIFTY13APR2624200CE,1.15,3.7,7.05,0.75,76.7,126863295,1.12,1.15,1537250,1.2,1609855,11438700
2026-04-13T12:42:59.319,NF,NIFTY13APR2624200CE,1.15,3.7,7.05,0.75,76.7,126865700,1.12,1.15,1523470,1.2,1610830,11438700
2026-04-13T12:43:00.915,NF,NIFTY13APR2624200CE,1.15,3.7,7.05,0.75,76.7,126867780,1.12,1.15,1583270,1.2,1609205,11438700
2026-04-13T12:43:02.530,NF,NIFTY13APR2624200CE,1.15,3.7,7.05,0.75,76.7,126873890,1.12,1.15,1555255,1.2,1615445,11438700
2026-04-13T12:43:04.130,NF,NIFTY13APR2624200CE,1.2,3.7,7.05,0.75,76.7,126877465,1.12,1.15,1462045,1.2,1625910,11438700
2026-04-13T12:43:05.943,NF,NIFTY13APR2624200CE,1.15,3.7,7.05,0.75,76.7,126878505,1.12,1.15,1469455,1.2,1636050,11438700
2026-04-13T12:43:07.522,NF,NIFTY13APR2624200CE,1.15,3.7,7.05,0.75,76.7,126878960,1.12,1.15,1558830,1.2,1615900,11438700
2026-04-13T12:43:09.129,NF,NIFTY13APR2624200CE,1.15,3.7,7.05,0.75,76.7,126879350,1.12,1.15,1543750,1.2,1620320,11438700
2026-04-13T12:43:10.731,NF,NIFTY13APR2624200CE,1.15,3.7,7.05,0.75,76.7,126890270,1.12,1.15,1461330,1.2,1621360,11438700
2026-04-13T12:43:12.533,NF,NIFTY13APR2624200CE,1.2,3.7,7.05,0.75,76.7,126890920,1.12,1.15,1459380,1.2,1639170,11438700
2026-04-13T12:43:14.151,NF,NIFTY13APR2624200CE,1.15,3.7,7.05,0.75,76.7,126891310,1.12,1.15,1458275,1.2,1639690,11438700
2026-04-13T12:43:15.736,NF,NIFTY13APR2624200CE,1.2,3.7,7.05,0.75,76.7,126893130,1.12,1.15,1454180,1.2,1640145,11438700
2026-04-13T12:43:17.536,NF,NIFTY13APR2624200CE,1.15,3.7,7.05,0.75,76.7,126958065,1.12,1.1,1871740,1.15,1131390,11438700
2026-04-13T12:43:19.144,NF,NIFTY13APR2624200CE,1.15,3.7,7.05,0.75,76.7,127002720,1.12,1.15,1426035,1.2,1607385,11438700
2026-04-13T12:43:20.740,NF,NIFTY13APR2624200CE,1.2,3.7,7.05,0.75,76.7,127008635,1.12,1.15,1431755,1.2,1621295,11438700
2026-04-13T12:43:22.348,NF,NIFTY13APR2624200CE,1.2,3.7,7.05,0.75,76.7,127015330,1.12,1.15,1630850,1.2,1629875,11438700
2026-04-13T12:43:24.144,NF,NIFTY13APR2624200CE,1.15,3.7,7.05,0.75,76.7,127021635,1.12,1.15,1536210,1.2,1629550,11438700
2026-04-13T12:43:25.746,NF,NIFTY13APR2624200CE,1.2,3.7,7.05,0.75,76.7,127023325,1.12,1.15,1539785,1.2,1625845,11438700
2026-04-13T12:43:27.350,NF,NIFTY13APR2624200CE,1.2,3.7,7.05,0.75,76.7,127026705,1.12,1.15,1538095,1.2,1608360,11438700
2026-04-13T12:43:28.955,NF,NIFTY13APR2624200CE,1.15,3.7,7.05,0.75,76.7,127031710,1.12,1.15,1546285,1.2,1623765,11438700
2026-04-13T12:43:30.752,NF,NIFTY13APR2624200CE,1.1,3.7,7.05,0.75,76.7,127097165,1.12,1.1,1942265,1.15,1132690,11438700
2026-04-13T12:43:32.356,NF,NIFTY13APR2624200CE,1.15,3.7,7.05,0.75,76.7,127126610,1.12,1.15,1257750,1.2,1644045,11438700
2026-04-13T12:43:33.959,NF,NIFTY13APR2624200CE,1.15,3.7,7.05,0.75,76.7,127127195,1.12,1.15,1276340,1.2,1646645,11438700
2026-04-13T12:43:35.572,NF,NIFTY13APR2624200CE,1.2,3.7,7.05,0.75,76.7,127134930,1.12,1.15,1345630,1.2,1627730,11438700
2026-04-13T12:43:37.366,NF,NIFTY13APR2624200CE,1.15,3.7,7.05,0.75,76.7,127139805,1.12,1.15,1345630,1.2,1634165,11438700
2026-04-13T12:43:38.766,NF,NIFTY13APR2624200CE,1.2,3.7,7.05,0.75,76.7,127141885,1.12,1.15,1359735,1.2,1631045,11438700
2026-04-13T12:43:40.380,NF,NIFTY13APR2624200CE,1.15,3.7,7.05,0.75,76.7,127164310,1.12,1.15,1473550,1.2,1614665,11438700
2026-04-13T12:43:42.172,NF,NIFTY13APR2624200CE,1.2,3.7,7.05,0.75,76.7,127164635,1.12,1.15,1469325,1.2,1612260,11438700
2026-04-13T12:43:43.774,NF,NIFTY13APR2624200CE,1.15,3.7,7.05,0.75,76.7,127165155,1.12,1.15,1388790,1.2,1614210,11438700
2026-04-13T12:43:45.390,NF,NIFTY13APR2624200CE,1.15,3.7,7.05,0.75,76.7,127166000,1.12,1.15,1377610,1.2,1633970,11438700
2026-04-13T12:43:46.984,NF,NIFTY13APR2624200CE,1.2,3.7,7.05,0.75,76.7,127169445,1.12,1.15,1387100,1.2,1612780,11438700
2026-04-13T12:43:48.781,NF,NIFTY13APR2624200CE,1.15,3.7,7.05,0.75,76.7,127170550,1.12,1.15,1384760,1.2,1609400,11438700
2026-04-13T12:43:50.387,NF,NIFTY13APR2624200CE,1.15,3.7,7.05,0.75,76.7,127177180,1.12,1.15,1460745,1.2,1608165,11438700
2026-04-13T12:43:52.002,NF,NIFTY13APR2624200CE,1.2,3.7,7.05,0.75,76.7,127177375,1.12,1.15,1460680,1.2,1606345,11438700
2026-04-13T12:43:53.794,NF,NIFTY13APR2624200CE,1.15,3.7,7.05,0.75,76.7,127180625,1.12,1.15,1459705,1.2,1607060,11438700
2026-04-13T12:43:55.392,NF,NIFTY13APR2624200CE,1.15,3.7,7.05,0.75,76.7,127204285,1.12,1.15,1370720,1.2,1611675,11438700
2026-04-13T12:43:56.996,NF,NIFTY13APR2624200CE,1.1,3.7,7.05,0.75,76.7,127266360,1.12,1.1,1924065,1.15,1182220,11438700
2026-04-13T12:43:58.798,NF,NIFTY13APR2624200CE,1.15,3.7,7.05,0.75,76.7,127269870,1.12,1.1,1860690,1.15,1189175,11438700
2026-04-13T12:44:00.401,NF,NIFTY13APR2624200CE,1.1,3.7,7.05,0.75,76.7,127270455,1.12,1.1,1871480,1.15,1188915,11438700
2026-04-13T12:44:02.010,NF,NIFTY13APR2624200CE,1.1,3.7,7.05,0.75,76.7,127271235,1.12,1.1,1853020,1.15,1189760,11438700
2026-04-13T12:44:03.812,NF,NIFTY13APR2624200CE,1.15,3.7,7.05,0.75,76.7,127271560,1.12,1.1,1850550,1.15,1191385,11438700
2026-04-13T12:44:05.409,NF,NIFTY13APR2624200CE,1.1,3.7,7.05,0.75,76.7,127276955,1.12,1.1,1857635,1.15,1194050,11438700
2026-04-13T12:44:07.031,NF,NIFTY13APR2624200CE,1.15,3.7,7.05,0.75,76.7,127284430,1.12,1.1,1851720,1.15,1189955,11496095
2026-04-13T12:44:08.815,NF,NIFTY13APR2624200CE,1.1,3.7,7.05,0.75,76.7,127294700,1.12,1.1,1872195,1.15,1192035,11496095
2026-04-13T12:44:10.417,NF,NIFTY13APR2624200CE,1.15,3.7,7.05,0.75,76.7,127360545,1.12,1.15,1391650,1.2,1592500,11496095
2026-04-13T12:44:12.024,NF,NIFTY13APR2624200CE,1.2,3.7,7.05,0.75,76.7,127384270,1.12,1.15,1451515,1.2,1571440,11496095
2026-04-13T12:44:13.820,NF,NIFTY13APR2624200CE,1.15,3.7,7.05,0.75,76.7,127392525,1.12,1.15,1500655,1.2,1570530,11496095
2026-04-13T12:44:15.439,NF,NIFTY13APR2624200CE,1.15,3.7,7.05,0.75,76.7,127392590,1.12,1.15,1419600,1.2,1574300,11496095
2026-04-13T12:44:17.033,NF,NIFTY13APR2624200CE,1.15,3.7,7.05,0.75,76.7,127392915,1.12,1.15,1507610,1.2,1569490,11496095
2026-04-13T12:44:18.879,NF,NIFTY13APR2624200CE,1.15,3.7,7.05,0.75,76.7,127393110,1.12,1.15,1531530,1.2,1537705,11496095
2026-04-13T12:44:20.483,NF,NIFTY13APR2624200CE,1.2,3.7,7.05,0.75,76.7,127394800,1.12,1.15,1564615,1.2,1538030,11496095
2026-04-13T12:44:22.047,NF,NIFTY13APR2624200CE,1.15,3.7,7.05,0.75,76.7,127401430,1.12,1.15,1553500,1.2,1578395,11496095
2026-04-13T12:44:23.837,NF,NIFTY13APR2624200CE,1.2,3.7,7.05,0.75,76.7,127401885,1.12,1.15,1582880,1.2,1584895,11496095
2026-04-13T12:44:25.445,NF,NIFTY13APR2624200CE,1.15,3.7,7.05,0.75,76.7,127403250,1.12,1.15,1618240,1.2,1584310,11496095
2026-04-13T12:44:27.052,NF,NIFTY13APR2624200CE,1.15,3.7,7.05,0.75,76.7,127403900,1.12,1.15,1554995,1.2,1584375,11496095
2026-04-13T12:44:28.851,NF,NIFTY13APR2624200CE,1.2,3.7,7.05,0.75,76.7,127404615,1.12,1.15,1564550,1.2,1586455,11496095
2026-04-13T12:44:30.456,NF,NIFTY13APR2624200CE,1.2,3.7,7.05,0.75,76.7,127411050,1.12,1.15,1551290,1.2,1589510,11496095
2026-04-13T12:44:32.063,NF,NIFTY13APR2624200CE,1.2,3.7,7.05,0.75,76.7,127413195,1.12,1.15,1569490,1.2,1582750,11496095
2026-04-13T12:44:33.852,NF,NIFTY13APR2624200CE,1.15,3.7,7.05,0.75,76.7,127414105,1.12,1.15,1581580,1.2,1582425,11496095
2026-04-13T12:44:35.454,NF,NIFTY13APR2624200CE,1.2,3.7,7.05,0.75,76.7,127416120,1.12,1.15,1640730,1.2,1555580,11496095
2026-04-13T12:44:37.057,NF,NIFTY13APR2624200CE,1.15,3.7,7.05,0.75,76.7,127419500,1.12,1.15,1581320,1.2,1573390,11496095
2026-04-13T12:44:38.666,NF,NIFTY13APR2624200CE,1.2,3.7,7.05,0.75,76.7,127421450,1.12,1.15,1601665,1.2,1573260,11496095
2026-04-13T12:44:40.262,NF,NIFTY13APR2624200CE,1.2,3.7,7.05,0.75,76.7,127421775,1.12,1.15,1572870,1.2,1573065,11496095
2026-04-13T12:44:42.061,NF,NIFTY13APR2624200CE,1.15,3.7,7.05,0.75,76.7,127423920,1.12,1.15,1477385,1.2,1591265,11496095
2026-04-13T12:44:43.683,NF,NIFTY13APR2624200CE,1.15,3.7,7.05,0.75,76.7,127424050,1.12,1.15,1474135,1.2,1592630,11496095
2026-04-13T12:44:45.269,NF,NIFTY13APR2624200CE,1.15,3.7,7.05,0.75,76.7,127428600,1.12,1.15,1474655,1.2,1583530,11496095
2026-04-13T12:44:46.874,NF,NIFTY13APR2624200CE,1.15,3.7,7.05,0.75,76.7,127430355,1.12,1.15,1457040,1.2,1592760,11496095
2026-04-13T12:44:48.474,NF,NIFTY13APR2624200CE,1.2,3.7,7.05,0.75,76.7,127435425,1.12,1.15,1459900,1.2,1580215,11496095
2026-04-13T12:44:50.077,NF,NIFTY13APR2624200CE,1.2,3.7,7.05,0.75,76.7,127440235,1.12,1.15,1517490,1.2,1568385,11496095
2026-04-13T12:44:51.889,NF,NIFTY13APR2624200CE,1.15,3.7,7.05,0.75,76.7,127441340,1.12,1.15,1558440,1.2,1528345,11496095
2026-04-13T12:44:53.479,NF,NIFTY13APR2624200CE,1.2,3.7,7.05,0.75,76.7,127442120,1.12,1.15,1619605,1.2,1532180,11496095
2026-04-13T12:44:55.085,NF,NIFTY13APR2624200CE,1.2,3.7,7.05,0.75,76.7,127444395,1.12,1.15,1646775,1.2,1545635,11496095
2026-04-13T12:44:56.685,NF,NIFTY13APR2624200CE,1.2,3.7,7.05,0.75,76.7,127470395,1.12,1.15,1529125,1.2,1586520,11496095
2026-04-13T12:44:58.297,NF,NIFTY13APR2624200CE,1.2,3.7,7.05,0.75,76.7,127472735,1.12,1.15,1511250,1.2,1599325,11496095
2026-04-13T12:44:59.891,NF,NIFTY13APR2624200CE,1.2,3.7,7.05,0.75,76.7,127473905,1.12,1.15,1609465,1.2,1562080,11496095
2026-04-13T12:45:01.506,NF,NIFTY13APR2624200CE,1.2,3.7,7.05,0.75,76.7,127480535,1.12,1.15,1599520,1.2,1541670,11496095
2026-04-13T12:45:03.302,NF,NIFTY13APR2624200CE,1.15,3.7,7.05,0.75,76.7,127484435,1.12,1.15,1551615,1.2,1581515,11496095
2026-04-13T12:45:04.915,NF,NIFTY13APR2624200CE,1.15,3.7,7.05,0.75,76.7,127488790,1.12,1.15,1460225,1.2,1585090,11496095
2026-04-13T12:45:06.505,NF,NIFTY13APR2624200CE,1.15,3.7,7.05,0.75,76.7,127492170,1.12,1.15,1455220,1.2,1586260,11496095
2026-04-13T12:45:08.102,NF,NIFTY13APR2624200CE,1.2,3.7,7.05,0.75,76.7,127494705,1.12,1.15,1454505,1.2,1572480,11496095
2026-04-13T12:45:09.707,NF,NIFTY13APR2624200CE,1.15,3.7,7.05,0.75,76.7,127495940,1.12,1.15,1453725,1.2,1582685,11496095
2026-04-13T12:45:11.309,NF,NIFTY13APR2624200CE,1.15,3.7,7.05,0.75,76.7,127497565,1.12,1.15,1453530,1.2,1582620,11496095
2026-04-13T12:45:13.111,NF,NIFTY13APR2624200CE,1.15,3.7,7.05,0.75,76.7,127499385,1.12,1.15,1547000,1.2,1563315,11496095
2026-04-13T12:45:14.714,NF,NIFTY13APR2624200CE,1.15,3.7,7.05,0.75,76.7,127501140,1.12,1.15,1545570,1.2,1564355,11496095
2026-04-13T12:45:16.321,NF,NIFTY13APR2624200CE,1.15,3.7,7.05,0.75,76.7,127503220,1.12,1.15,1539135,1.2,1571505,11496095
2026-04-13T12:45:17.924,NF,NIFTY13APR2624200CE,1.15,3.7,7.05,0.75,76.7,127518820,1.12,1.15,1433640,1.2,1582425,11496095
2026-04-13T12:45:19.731,NF,NIFTY13APR2624200CE,1.15,3.7,7.05,0.75,76.7,127523630,1.12,1.15,1429155,1.2,1582035,11496095
2026-04-13T12:45:21.332,NF,NIFTY13APR2624200CE,1.15,3.7,7.05,0.75,76.7,127524020,1.12,1.15,1432275,1.2,1574950,11496095
2026-04-13T12:45:24.530,NF,NIFTY13APR2624200CE,1.2,3.7,7.05,0.75,76.7,127526685,1.12,1.15,1513005,1.2,1578265,11496095
2026-04-13T12:45:26.133,NF,NIFTY13APR2624200CE,1.2,3.7,7.05,0.75,76.7,127528440,1.12,1.15,1515605,1.2,1564615,11496095
2026-04-13T12:45:27.739,NF,NIFTY13APR2624200CE,1.15,3.7,7.05,0.75,76.7,127528895,1.12,1.15,1423955,1.2,1588210,11496095
2026-04-13T12:45:29.538,NF,NIFTY13APR2624200CE,1.15,3.7,7.05,0.75,76.7,127529480,1.12,1.15,1469065,1.2,1577615,11496095
2026-04-13T12:45:31.139,NF,NIFTY13APR2624200CE,1.2,3.7,7.05,0.75,76.7,127530845,1.12,1.15,1432925,1.2,1558570,11496095
2026-04-13T12:45:32.750,NF,NIFTY13APR2624200CE,1.15,3.7,7.05,0.75,76.7,127536565,1.12,1.15,1476605,1.2,1559545,11496095
2026-04-13T12:45:34.347,NF,NIFTY13APR2624200CE,1.2,3.7,7.05,0.75,76.7,127537020,1.12,1.15,1421095,1.2,1575600,11496095
2026-04-13T12:45:35.948,NF,NIFTY13APR2624200CE,1.2,3.7,7.05,0.75,76.7,127537410,1.12,1.15,1428895,1.2,1574625,11496095
2026-04-13T12:45:37.563,NF,NIFTY13APR2624200CE,1.2,3.7,7.05,0.75,76.7,127542090,1.12,1.15,1423825,1.2,1559675,11496095
2026-04-13T12:45:39.357,NF,NIFTY13APR2624200CE,1.15,3.7,7.05,0.75,76.7,127542415,1.12,1.15,1429480,1.2,1557075,11496095
2026-04-13T12:45:40.958,NF,NIFTY13APR2624200CE,1.15,3.7,7.05,0.75,76.7,127583300,1.12,1.15,1378650,1.2,1583465,11496095
2026-04-13T12:45:42.758,NF,NIFTY13APR2624200CE,1.2,3.7,7.05,0.75,76.7,127712585,1.12,1.15,1448330,1.2,1535625,11496095
2026-04-13T12:45:44.362,NF,NIFTY13APR2624200CE,1.25,3.7,7.05,0.75,76.7,127959065,1.12,1.2,1013610,1.25,1175915,11496095
2026-04-13T12:45:45.968,NF,NIFTY13APR2624200CE,1.2,3.7,7.05,0.75,76.7,128098880,1.12,1.15,1584765,1.2,861900,11496095
2026-04-13T12:45:47.774,NF,NIFTY13APR2624200CE,1.2,3.7,7.05,0.75,76.7,128104925,1.12,1.15,1580800,1.2,1087385,11496095
2026-04-13T12:45:49.372,NF,NIFTY13APR2624200CE,1.15,3.7,7.05,0.75,76.7,128108305,1.12,1.15,1570010,1.2,1169350,11496095
2026-04-13T12:45:50.979,NF,NIFTY13APR2624200CE,1.2,3.7,7.05,0.75,76.7,128112010,1.12,1.15,1587495,1.2,1210560,11496095
2026-04-13T12:45:52.577,NF,NIFTY13APR2624200CE,1.2,3.7,7.05,0.75,76.7,128115260,1.12,1.15,1502410,1.2,1213420,11496095
2026-04-13T12:45:54.377,NF,NIFTY13APR2624200CE,1.15,3.7,7.05,0.75,76.7,128116365,1.12,1.15,1501630,1.2,1215890,11496095
2026-04-13T12:45:55.982,NF,NIFTY13APR2624200CE,1.15,3.7,7.05,0.75,76.7,128144250,1.12,1.15,1466790,1.2,1289210,11496095
2026-04-13T12:45:57.586,NF,NIFTY13APR2624200CE,1.2,3.7,7.05,0.75,76.7,128189100,1.12,1.15,1554215,1.2,1308775,11496095
2026-04-13T12:45:59.385,NF,NIFTY13APR2624200CE,1.15,3.7,7.05,0.75,76.7,128200735,1.12,1.15,1456780,1.2,1331850,11496095
2026-04-13T12:46:00.990,NF,NIFTY13APR2624200CE,1.15,3.7,7.05,0.75,76.7,128203205,1.12,1.15,1454895,1.2,1333345,11496095
2026-04-13T12:46:02.601,NF,NIFTY13APR2624200CE,1.15,3.7,7.05,0.75,76.7,128206520,1.12,1.15,1456780,1.2,1338285,11496095
2026-04-13T12:46:04.395,NF,NIFTY13APR2624200CE,1.15,3.7,7.05,0.75,76.7,128229530,1.12,1.15,1445860,1.2,1343420,11496095
2026-04-13T12:46:06.000,NF,NIFTY13APR2624200CE,1.15,3.7,7.05,0.75,76.7,128235900,1.12,1.15,1441830,1.2,1340690,11496095
2026-04-13T12:46:07.602,NF,NIFTY13APR2624200CE,1.15,3.7,7.05,0.75,76.7,128236485,1.12,1.15,1439555,1.2,1338090,11496095
2026-04-13T12:46:09.404,NF,NIFTY13APR2624200CE,1.15,3.7,7.05,0.75,76.7,128245845,1.12,1.15,1454765,1.2,1336530,11496095
2026-04-13T12:46:11.008,NF,NIFTY13APR2624200CE,1.15,3.7,7.05,0.75,76.7,128258000,1.12,1.15,1420380,1.2,1342575,11496095
2026-04-13T12:46:12.615,NF,NIFTY13APR2624200CE,1.15,3.7,7.05,0.75,76.7,128299080,1.12,1.15,1531465,1.2,1381965,11496095
2026-04-13T12:46:14.410,NF,NIFTY13APR2624200CE,1.2,3.7,7.05,0.75,76.7,128304280,1.12,1.15,1519765,1.2,1384760,11496095
2026-04-13T12:46:16.014,NF,NIFTY13APR2624200CE,1.2,3.7,7.05,0.75,76.7,128309025,1.12,1.15,1675245,1.2,1338805,11496095
2026-04-13T12:46:17.621,NF,NIFTY13APR2624200CE,1.2,3.7,7.05,0.75,76.7,128309480,1.12,1.15,1717755,1.2,1325480,11496095
2026-04-13T12:46:19.418,NF,NIFTY13APR2624200CE,1.2,3.7,7.05,0.75,76.7,128320270,1.12,1.15,1632410,1.2,1337700,11496095
2026-04-13T12:46:21.026,NF,NIFTY13APR2624200CE,1.15,3.7,7.05,0.75,76.7,128320855,1.12,1.15,1616550,1.2,1333345,11496095
2026-04-13T12:46:22.625,NF,NIFTY13APR2624200CE,1.15,3.7,7.05,0.75,76.7,128492585,1.12,1.15,751530,1.2,1404780,11496095
2026-04-13T12:46:24.439,NF,NIFTY13APR2624200CE,1.15,3.7,7.05,0.75,76.7,128495770,1.12,1.15,1340365,1.2,1400555,11496095
2026-04-13T12:46:26.030,NF,NIFTY13APR2624200CE,1.15,3.7,7.05,0.75,76.7,128534120,1.12,1.15,1310790,1.2,1403675,11496095
2026-04-13T12:46:27.637,NF,NIFTY13APR2624200CE,1.2,3.7,7.05,0.75,76.7,128536720,1.12,1.15,1315860,1.2,1394965,11496095
2026-04-13T12:46:29.434,NF,NIFTY13APR2624200CE,1.15,3.7,7.05,0.75,76.7,128615695,1.12,1.15,1368315,1.2,1393275,11496095
2026-04-13T12:46:31.039,NF,NIFTY13APR2624200CE,1.2,3.7,7.05,0.75,76.7,128641630,1.12,1.15,1345825,1.2,1440140,11496095
2026-04-13T12:46:32.643,NF,NIFTY13APR2624200CE,1.15,3.7,7.05,0.75,76.7,128665680,1.12,1.1,1897935,1.15,1200290,11496095
2026-04-13T12:46:34.442,NF,NIFTY13APR2624200CE,1.15,3.7,7.05,0.75,76.7,128668410,1.12,1.1,1964755,1.15,1271465,11496095
2026-04-13T12:46:36.046,NF,NIFTY13APR2624200CE,1.15,3.7,7.05,0.75,76.7,128677250,1.12,1.1,1870115,1.15,1313325,11496095
2026-04-13T12:46:37.650,NF,NIFTY13APR2624200CE,1.15,3.7,7.05,0.75,76.7,128681020,1.12,1.1,1854905,1.15,1418105,11496095
2026-04-13T12:46:39.051,NF,NIFTY13APR2624200CE,1.1,3.7,7.05,0.75,76.7,128690185,1.12,1.1,1859650,1.15,1414010,11496095
2026-04-13T12:46:40.661,NF,NIFTY13APR2624200CE,1.15,3.7,7.05,0.75,76.7,128692135,1.12,1.1,1879540,1.15,1365715,11496095
2026-04-13T12:46:42.463,NF,NIFTY13APR2624200CE,1.15,3.7,7.05,0.75,76.7,128693890,1.12,1.1,1857180,1.15,1396915,11496095
2026-04-13T12:46:44.067,NF,NIFTY13APR2624200CE,1.15,3.7,7.05,0.75,76.7,128698960,1.12,1.1,1872195,1.15,1354990,11496095
2026-04-13T12:46:45.663,NF,NIFTY13APR2624200CE,1.1,3.7,7.05,0.75,76.7,128702275,1.12,1.1,1912690,1.15,1371500,11496095
2026-04-13T12:46:47.462,NF,NIFTY13APR2624200CE,1.1,3.7,7.05,0.75,76.7,128705200,1.12,1.1,1862640,1.15,1368380,11496095
2026-04-13T12:46:49.069,NF,NIFTY13APR2624200CE,1.15,3.7,7.05,0.75,76.7,128706435,1.12,1.1,1870765,1.15,1371370,11496095
2026-04-13T12:46:50.676,NF,NIFTY13APR2624200CE,1.1,3.7,7.05,0.75,76.7,128726780,1.12,1.1,1873300,1.15,1361880,11496095
2026-04-13T12:46:52.484,NF,NIFTY13APR2624200CE,1.15,3.7,7.05,0.75,76.7,128728535,1.12,1.1,1869205,1.15,1390675,11496095
2026-04-13T12:46:54.077,NF,NIFTY13APR2624200CE,1.1,3.7,7.05,0.75,76.7,128730290,1.12,1.1,1851655,1.15,1409590,11496095
2026-04-13T12:46:55.677,NF,NIFTY13APR2624200CE,1.15,3.7,7.05,0.75,76.7,128843260,1.12,1.15,1144130,1.2,1448200,11496095
2026-04-13T12:46:57.478,NF,NIFTY13APR2624200CE,1.15,3.7,7.05,0.75,76.7,128846315,1.12,1.15,1241305,1.2,1469715,11496095
2026-04-13T12:46:59.082,NF,NIFTY13APR2624200CE,1.15,3.7,7.05,0.75,76.7,128854700,1.12,1.15,1241045,1.2,1471145,11496095
2026-04-13T12:47:02.486,NF,NIFTY13APR2624200CE,1.15,3.7,7.05,0.75,76.7,128855350,1.12,1.15,1545960,1.2,1417260,11496095
2026-04-13T12:47:04.090,NF,NIFTY13APR2624200CE,1.15,3.7,7.05,0.75,76.7,128856715,1.12,1.15,1538355,1.2,1415700,11496095
2026-04-13T12:47:05.697,NF,NIFTY13APR2624200CE,1.2,3.7,7.05,0.75,76.7,128863020,1.12,1.15,1527370,1.2,1405625,11496095
2026-04-13T12:47:07.499,NF,NIFTY13APR2624200CE,1.2,3.7,7.05,0.75,76.7,128865750,1.12,1.15,1526980,1.2,1419535,11496095
2026-04-13T12:47:09.104,NF,NIFTY13APR2624200CE,1.2,3.7,7.05,0.75,76.7,128866335,1.12,1.15,1526655,1.2,1421160,11662755
2026-04-13T12:47:10.710,NF,NIFTY13APR2624200CE,1.2,3.7,7.05,0.75,76.7,128871145,1.12,1.15,1428895,1.2,1451775,11662755
2026-04-13T12:47:12.505,NF,NIFTY13APR2624200CE,1.2,3.7,7.05,0.75,76.7,128874005,1.12,1.15,1428115,1.2,1452100,11662755
2026-04-13T12:47:14.178,NF,NIFTY13APR2624200CE,1.15,3.7,7.05,0.75,76.7,128876475,1.12,1.15,1426425,1.2,1442805,11662755
2026-04-13T12:47:15.731,NF,NIFTY13APR2624200CE,1.15,3.7,7.05,0.75,76.7,128876800,1.12,1.15,1425125,1.2,1453660,11662755
2026-04-13T12:47:17.590,NF,NIFTY13APR2624200CE,1.25,3.7,7.05,0.75,76.7,128994905,1.12,1.2,1019525,1.25,1629940,11662755
2026-04-13T12:47:19.116,NF,NIFTY13APR2624200CE,1.2,3.7,7.05,0.75,76.7,128999260,1.12,1.2,1118650,1.25,1635660,11662755
2026-04-13T12:47:20.718,NF,NIFTY13APR2624200CE,1.2,3.7,7.05,0.75,76.7,129002835,1.12,1.2,1118910,1.25,1640535,11662755
2026-04-13T12:47:22.322,NF,NIFTY13APR2624200CE,1.15,3.7,7.05,0.75,76.7,129059840,1.12,1.15,1775215,1.2,1174940,11662755
2026-04-13T12:47:24.120,NF,NIFTY13APR2624200CE,1.2,3.7,7.05,0.75,76.7,129060100,1.12,1.15,1682200,1.2,1269580,11662755
2026-04-13T12:47:25.724,NF,NIFTY13APR2624200CE,1.15,3.7,7.05,0.75,76.7,129085255,1.12,1.15,1698125,1.2,1271400,11662755
2026-04-13T12:47:27.327,NF,NIFTY13APR2624200CE,1.2,3.7,7.05,0.75,76.7,129086685,1.12,1.15,1693640,1.2,1272440,11662755
2026-04-13T12:47:28.931,NF,NIFTY13APR2624200CE,1.2,3.7,7.05,0.75,76.7,129088115,1.12,1.15,1713335,1.2,1263470,11662755
2026-04-13T12:47:30.539,NF,NIFTY13APR2624200CE,1.2,3.7,7.05,0.75,76.7,129089610,1.12,1.15,1707095,1.2,1268605,11662755
2026-04-13T12:47:32.138,NF,NIFTY13APR2624200CE,1.2,3.7,7.05,0.75,76.7,129089740,1.12,1.15,1708395,1.2,1267500,11662755
2026-04-13T12:47:33.936,NF,NIFTY13APR2624200CE,1.2,3.7,7.05,0.75,76.7,129097020,1.12,1.15,1709240,1.2,1281280,11662755
2026-04-13T12:47:35.541,NF,NIFTY13APR2624200CE,1.2,3.7,7.05,0.75,76.7,129097150,1.12,1.15,1719055,1.2,1279070,11662755
2026-04-13T12:47:37.148,NF,NIFTY13APR2624200CE,1.15,3.7,7.05,0.75,76.7,129098450,1.12,1.15,1746290,1.2,1272570,11662755
2026-04-13T12:47:38.746,NF,NIFTY13APR2624200CE,1.15,3.7,7.05,0.75,76.7,129098970,1.12,1.15,1735630,1.2,1264380,11662755
2026-04-13T12:47:40.350,NF,NIFTY13APR2624200CE,1.2,3.7,7.05,0.75,76.7,129156170,1.12,1.2,1211405,1.25,1613690,11662755
2026-04-13T12:47:42.153,NF,NIFTY13APR2624200CE,1.2,3.7,7.05,0.75,76.7,129170470,1.12,1.15,1816035,1.2,1328600,11662755
2026-04-13T12:47:43.766,NF,NIFTY13APR2624200CE,1.15,3.7,7.05,0.75,76.7,129171575,1.12,1.15,1888835,1.2,1309360,11662755
2026-04-13T12:47:45.361,NF,NIFTY13APR2624200CE,1.15,3.7,7.05,0.75,76.7,129174500,1.12,1.15,1887730,1.2,1311050,11662755
2026-04-13T12:47:47.159,NF,NIFTY13APR2624200CE,1.2,3.7,7.05,0.75,76.7,129176320,1.12,1.15,1794585,1.2,1322295,11662755
2026-04-13T12:47:48.765,NF,NIFTY13APR2624200CE,1.15,3.7,7.05,0.75,76.7,129177620,1.12,1.15,1802515,1.2,1317550,11662755
2026-04-13T12:47:50.367,NF,NIFTY13APR2624200CE,1.2,3.7,7.05,0.75,76.7,129177945,1.12,1.15,1785030,1.2,1353170,11662755
2026-04-13T12:47:52.169,NF,NIFTY13APR2624200CE,1.25,3.7,7.05,0.75,76.7,129209860,1.12,1.2,1342510,1.25,1600300,11662755
2026-04-13T12:47:53.778,NF,NIFTY13APR2624200CE,1.2,3.7,7.05,0.75,76.7,129213305,1.12,1.2,1399125,1.25,1595425,11662755
2026-04-13T12:47:55.376,NF,NIFTY13APR2624200CE,1.25,3.7,7.05,0.75,76.7,129219025,1.12,1.2,1394120,1.25,1590940,11662755
2026-04-13T12:47:57.199,NF,NIFTY13APR2624200CE,1.2,3.7,7.05,0.75,76.7,129342330,1.12,1.2,1696500,1.25,1626365,11662755
2026-04-13T12:47:58.784,NF,NIFTY13APR2624200CE,1.25,3.7,7.05,0.75,76.7,129344540,1.12,1.2,1654965,1.25,1627340,11662755
2026-04-13T12:48:00.385,NF,NIFTY13APR2624200CE,1.25,3.7,7.05,0.75,76.7,129345775,1.12,1.2,1700400,1.25,1603095,11662755
2026-04-13T12:48:03.789,NF,NIFTY13APR2624200CE,1.2,3.7,7.05,0.75,76.7,129347335,1.12,1.2,1606995,1.25,1625585,11662755
2026-04-13T12:48:05.391,NF,NIFTY13APR2624200CE,1.2,3.7,7.05,0.75,76.7,129355135,1.12,1.2,1606475,1.25,1629940,11662755
2026-04-13T12:48:07.021,NF,NIFTY13APR2624200CE,1.25,3.7,7.05,0.75,76.7,129358320,1.12,1.2,1614405,1.25,1626690,11662755
2026-04-13T12:48:08.802,NF,NIFTY13APR2624200CE,1.25,3.7,7.05,0.75,76.7,129359620,1.12,1.2,1694225,1.25,1589640,11662755
2026-04-13T12:48:10.404,NF,NIFTY13APR2624200CE,1.2,3.7,7.05,0.75,76.7,129359750,1.12,1.2,1694420,1.25,1617200,11662755
2026-04-13T12:48:12.004,NF,NIFTY13APR2624200CE,1.25,3.7,7.05,0.75,76.7,129359945,1.12,1.2,1751360,1.25,1616810,11662755
2026-04-13T12:48:13.805,NF,NIFTY13APR2624200CE,1.25,3.7,7.05,0.75,76.7,129361310,1.12,1.2,1698645,1.25,1615705,11662755
2026-04-13T12:48:15.407,NF,NIFTY13APR2624200CE,1.2,3.7,7.05,0.75,76.7,129375025,1.12,1.2,1700270,1.25,1614210,11662755
2026-04-13T12:48:17.012,NF,NIFTY13APR2624200CE,1.25,3.7,7.05,0.75,76.7,129377885,1.12,1.2,1700140,1.25,1614470,11662755
2026-04-13T12:48:18.814,NF,NIFTY13APR2624200CE,1.2,3.7,7.05,0.75,76.7,129388220,1.12,1.2,1697085,1.25,1606800,11662755
2026-04-13T12:48:20.417,NF,NIFTY13APR2624200CE,1.2,3.7,7.05,0.75,76.7,129388480,1.12,1.2,1625195,1.25,1610635,11662755
2026-04-13T12:48:22.021,NF,NIFTY13APR2624200CE,1.25,3.7,7.05,0.75,76.7,129390495,1.12,1.2,1611675,1.25,1613755,11662755
2026-04-13T12:48:23.831,NF,NIFTY13APR2624200CE,1.2,3.7,7.05,0.75,76.7,129396410,1.12,1.2,1601535,1.25,1635010,11662755
2026-04-13T12:48:25.431,NF,NIFTY13APR2624200CE,1.25,3.7,7.05,0.75,76.7,129396865,1.12,1.2,1610895,1.25,1631110,11662755
2026-04-13T12:48:27.031,NF,NIFTY13APR2624200CE,1.2,3.7,7.05,0.75,76.7,129440350,1.12,1.15,1822665,1.2,1175980,11662755
2026-04-13T12:48:28.837,NF,NIFTY13APR2624200CE,1.2,3.7,7.05,0.75,76.7,129443795,1.12,1.15,1817855,1.2,1191515,11662755
2026-04-13T12:48:30.436,NF,NIFTY13APR2624200CE,1.2,3.7,7.05,0.75,76.7,129457835,1.12,1.15,1752790,1.2,1181310,11662755
2026-04-13T12:48:32.042,NF,NIFTY13APR2624200CE,1.15,3.7,7.05,0.75,76.7,129458940,1.12,1.15,1731210,1.2,1181765,11662755
2026-04-13T12:48:33.839,NF,NIFTY13APR2624200CE,1.15,3.7,7.05,0.75,76.7,129462645,1.12,1.15,1748890,1.2,1182090,11662755
2026-04-13T12:48:35.442,NF,NIFTY13APR2624200CE,1.15,3.7,7.05,0.75,76.7,129463750,1.12,1.15,1725945,1.2,1180725,11662755
2026-04-13T12:48:37.044,NF,NIFTY13APR2624200CE,1.15,3.7,7.05,0.75,76.7,129466220,1.12,1.15,1716910,1.2,1233505,11662755
2026-04-13T12:48:38.854,NF,NIFTY13APR2624200CE,1.2,3.7,7.05,0.75,76.7,129466285,1.12,1.15,1729585,1.2,1230580,11662755
2026-04-13T12:48:42.053,NF,NIFTY13APR2624200CE,1.15,3.7,7.05,0.75,76.7,129468300,1.12,1.15,1749280,1.2,1218815,11662755
2026-04-13T12:48:43.853,NF,NIFTY13APR2624200CE,1.2,3.7,7.05,0.75,76.7,129477465,1.12,1.15,1765530,1.2,1192880,11662755
2026-04-13T12:48:45.486,NF,NIFTY13APR2624200CE,1.15,3.7,7.05,0.75,76.7,129478440,1.12,1.15,1765985,1.2,1196390,11662755
2026-04-13T12:48:47.068,NF,NIFTY13APR2624200CE,1.2,3.7,7.05,0.75,76.7,129478895,1.12,1.15,1766765,1.2,1191645,11662755
2026-04-13T12:48:48.859,NF,NIFTY13APR2624200CE,1.15,3.7,7.05,0.75,76.7,129480520,1.12,1.15,1827020,1.2,1195415,11662755
2026-04-13T12:48:50.464,NF,NIFTY13APR2624200CE,1.2,3.7,7.05,0.75,76.7,129480650,1.12,1.15,1774825,1.2,1198860,11662755
2026-04-13T12:48:52.066,NF,NIFTY13APR2624200CE,1.2,3.7,7.05,0.75,76.7,129482665,1.12,1.15,1769755,1.2,1193725,11662755
2026-04-13T12:48:55.472,NF,NIFTY13APR2624200CE,1.15,3.7,7.05,0.75,76.7,129488385,1.12,1.15,1802710,1.2,1174355,11662755
2026-04-13T12:48:57.077,NF,NIFTY13APR2624200CE,1.2,3.7,7.05,0.75,76.7,129511395,1.12,1.15,1757275,1.2,1203605,11662755
2026-04-13T12:48:58.876,NF,NIFTY13APR2624200CE,1.2,3.7,7.05,0.75,76.7,129513995,1.12,1.15,1749670,1.2,1222195,11662755
2026-04-13T12:49:00.479,NF,NIFTY13APR2624200CE,1.2,3.7,7.05,0.75,76.7,129515555,1.12,1.15,1734980,1.2,1220310,11662755
2026-04-13T12:49:02.084,NF,NIFTY13APR2624200CE,1.2,3.7,7.05,0.75,76.7,129516140,1.12,1.15,1751945,1.2,1213160,11662755
2026-04-13T12:49:03.893,NF,NIFTY13APR2624200CE,1.2,3.7,7.05,0.75,76.7,129516790,1.12,1.15,1738100,1.2,1214395,11662755
2026-04-13T12:49:05.488,NF,NIFTY13APR2624200CE,1.2,3.7,7.05,0.75,76.7,129516985,1.12,1.15,1801670,1.2,1210885,11662755
2026-04-13T12:49:07.090,NF,NIFTY13APR2624200CE,1.15,3.7,7.05,0.75,76.7,129517635,1.12,1.15,1811030,1.2,1210625,11662755
2026-04-13T12:49:08.902,NF,NIFTY13APR2624200CE,1.2,3.7,7.05,0.75,76.7,129560600,1.12,1.2,1063075,1.25,1673035,11662755
2026-04-13T12:49:10.506,NF,NIFTY13APR2624200CE,1.2,3.7,7.05,0.75,76.7,129610845,1.12,1.15,1840865,1.2,1150240,11662755
2026-04-13T12:49:12.102,NF,NIFTY13APR2624200CE,1.2,3.7,7.05,0.75,76.7,129612665,1.12,1.15,1852305,1.2,1159470,11662755
2026-04-13T12:49:13.897,NF,NIFTY13APR2624200CE,1.2,3.7,7.05,0.75,76.7,129613900,1.12,1.15,1804920,1.2,1186640,11662755
2026-04-13T12:49:15.520,NF,NIFTY13APR2624200CE,1.2,3.7,7.05,0.75,76.7,129614030,1.12,1.15,1778660,1.2,1189370,11662755
2026-04-13T12:49:17.103,NF,NIFTY13APR2624200CE,1.15,3.7,7.05,0.75,76.7,129614225,1.12,1.15,1777295,1.2,1188720,11662755
2026-04-13T12:49:18.908,NF,NIFTY13APR2624200CE,1.2,3.7,7.05,0.75,76.7,129615915,1.12,1.15,1763970,1.2,1188200,11662755
2026-04-13T12:49:20.511,NF,NIFTY13APR2624200CE,1.15,3.7,7.05,0.75,76.7,129621960,1.12,1.15,1751750,1.2,1195480,11662755
2026-04-13T12:49:22.110,NF,NIFTY13APR2624200CE,1.2,3.7,7.05,0.75,76.7,129622350,1.12,1.15,1744080,1.2,1195870,11662755
2026-04-13T12:49:23.912,NF,NIFTY13APR2624200CE,1.2,3.7,7.05,0.75,76.7,129623585,1.12,1.15,1746095,1.2,1232465,11662755
2026-04-13T12:49:25.527,NF,NIFTY13APR2624200CE,1.2,3.7,7.05,0.75,76.7,129629630,1.12,1.15,1755455,1.2,1224015,11662755
2026-04-13T12:49:27.123,NF,NIFTY13APR2624200CE,1.2,3.7,7.05,0.75,76.7,129632295,1.12,1.15,1742845,1.2,1221740,11662755
2026-04-13T12:49:28.725,NF,NIFTY13APR2624200CE,1.2,3.7,7.05,0.75,76.7,129632490,1.12,1.15,1732835,1.2,1255215,11662755
2026-04-13T12:49:30.523,NF,NIFTY13APR2624200CE,1.15,3.7,7.05,0.75,76.7,129633855,1.12,1.15,1626625,1.2,1291095,11662755
2026-04-13T12:49:33.730,NF,NIFTY13APR2624200CE,1.2,3.7,7.05,0.75,76.7,129635220,1.12,1.15,1734200,1.2,1299870,11662755
2026-04-13T12:49:37.132,NF,NIFTY13APR2624200CE,1.15,3.7,7.05,0.75,76.7,129635870,1.12,1.15,1715675,1.2,1309165,11662755
2026-04-13T12:49:40.540,NF,NIFTY13APR2624200CE,1.15,3.7,7.05,0.75,76.7,129637560,1.12,1.15,1687335,1.2,1307670,11662755
2026-04-13T12:49:43.756,NF,NIFTY13APR2624200CE,1.2,3.7,7.05,0.75,76.7,129638535,1.12,1.15,1619020,1.2,1348815,11662755
2026-04-13T12:49:47.150,NF,NIFTY13APR2624200CE,1.2,3.7,7.05,0.75,76.7,129638600,1.12,1.15,1687530,1.2,1333085,11662755
2026-04-13T12:49:48.755,NF,NIFTY13APR2624200CE,1.2,3.7,7.05,0.75,76.7,129641395,1.12,1.15,1637350,1.2,1343810,11662755
2026-04-13T12:49:50.557,NF,NIFTY13APR2624200CE,1.2,3.7,7.05,0.75,76.7,129641460,1.12,1.15,1623050,1.2,1347190,11662755
2026-04-13T12:49:52.172,NF,NIFTY13APR2624200CE,1.2,3.7,7.05,0.75,76.7,129645035,1.12,1.15,1729585,1.2,1333540,11662755
2026-04-13T12:49:53.767,NF,NIFTY13APR2624200CE,1.15,3.7,7.05,0.75,76.7,129645815,1.12,1.15,1621555,1.2,1344590,11662755
2026-04-13T12:49:55.568,NF,NIFTY13APR2624200CE,1.15,3.7,7.05,0.75,76.7,129652705,1.12,1.15,1613105,1.2,1345500,11662755
2026-04-13T12:49:57.177,NF,NIFTY13APR2624200CE,1.15,3.7,7.05,0.75,76.7,129652770,1.12,1.15,1611805,1.2,1344525,11662755
2026-04-13T12:49:58.776,NF,NIFTY13APR2624200CE,1.15,3.7,7.05,0.75,76.7,129654330,1.12,1.15,1610310,1.2,1342640,11662755
2026-04-13T12:50:00.577,NF,NIFTY13APR2624200CE,1.15,3.7,7.05,0.75,76.7,129670580,1.12,1.15,1708915,1.2,1291160,11662755
2026-04-13T12:50:02.178,NF,NIFTY13APR2624200CE,1.2,3.7,7.05,0.75,76.7,129671880,1.12,1.15,1713010,1.2,1327170,11662755
2026-04-13T12:50:03.783,NF,NIFTY13APR2624200CE,1.15,3.7,7.05,0.75,76.7,129674545,1.12,1.15,1719445,1.2,1323140,11662755
2026-04-13T12:50:05.385,NF,NIFTY13APR2624200CE,1.2,3.7,7.05,0.75,76.7,129674675,1.12,1.15,1697020,1.2,1325090,11662755
2026-04-13T12:50:06.998,NF,NIFTY13APR2624200CE,1.2,3.7,7.05,0.75,76.7,129680395,1.12,1.15,1692795,1.2,1322230,11662755
2026-04-13T12:50:08.785,NF,NIFTY13APR2624200CE,1.2,3.7,7.05,0.75,76.7,129686700,1.12,1.15,1689610,1.2,1305460,11662755
2026-04-13T12:50:10.392,NF,NIFTY13APR2624200CE,1.15,3.7,7.05,0.75,76.7,129693330,1.12,1.15,1688050,1.2,1293760,11672505
2026-04-13T12:50:11.992,NF,NIFTY13APR2624200CE,1.2,3.7,7.05,0.75,76.7,129697620,1.12,1.15,1598740,1.2,1332760,11672505
2026-04-13T12:50:13.614,NF,NIFTY13APR2624200CE,1.15,3.7,7.05,0.75,76.7,129700610,1.12,1.15,1598935,1.2,1335360,11672505
2026-04-13T12:50:15.203,NF,NIFTY13APR2624200CE,1.2,3.7,7.05,0.75,76.7,129700740,1.12,1.15,1597180,1.2,1337765,11672505
2026-04-13T12:50:17.005,NF,NIFTY13APR2624200CE,1.15,3.7,7.05,0.75,76.7,129701000,1.12,1.15,1600430,1.2,1336790,11672505
2026-04-13T12:50:18.612,NF,NIFTY13APR2624200CE,1.15,3.7,7.05,0.75,76.7,129701975,1.12,1.15,1599585,1.2,1337180,11672505
2026-04-13T12:50:20.215,NF,NIFTY13APR2624200CE,1.2,3.7,7.05,0.75,76.7,129703275,1.12,1.15,1599130,1.2,1339195,11672505
2026-04-13T12:50:22.027,NF,NIFTY13APR2624200CE,1.15,3.7,7.05,0.75,76.7,129705680,1.12,1.15,1671085,1.2,1326845,11672505
2026-04-13T12:50:23.622,NF,NIFTY13APR2624200CE,1.2,3.7,7.05,0.75,76.7,129709515,1.12,1.15,1590225,1.2,1324115,11672505
2026-04-13T12:50:25.217,NF,NIFTY13APR2624200CE,1.15,3.7,7.05,0.75,76.7,129711920,1.12,1.15,1581775,1.2,1325935,11672505
2026-04-13T12:50:26.824,NF,NIFTY13APR2624200CE,1.15,3.7,7.05,0.75,76.7,129722450,1.12,1.15,1627275,1.2,1318395,11672505
2026-04-13T12:50:28.435,NF,NIFTY13APR2624200CE,1.15,3.7,7.05,0.75,76.7,129724920,1.12,1.15,1628120,1.2,1317615,11672505
2026-04-13T12:50:30.227,NF,NIFTY13APR2624200CE,1.15,3.7,7.05,0.75,76.7,129730575,1.12,1.15,1627665,1.2,1327755,11672505
2026-04-13T12:50:31.834,NF,NIFTY13APR2624200CE,1.15,3.7,7.05,0.75,76.7,129732525,1.12,1.15,1624285,1.2,1328080,11672505
2026-04-13T12:50:33.449,NF,NIFTY13APR2624200CE,1.15,3.7,7.05,0.75,76.7,129734670,1.12,1.15,1624090,1.2,1327105,11672505
2026-04-13T12:50:35.035,NF,NIFTY13APR2624200CE,1.15,3.7,7.05,0.75,76.7,129735580,1.12,1.15,1630785,1.2,1325285,11672505
2026-04-13T12:50:36.846,NF,NIFTY13APR2624200CE,1.15,3.7,7.05,0.75,76.7,129735840,1.12,1.15,1623570,1.2,1331655,11672505
2026-04-13T12:50:38.452,NF,NIFTY13APR2624200CE,1.15,3.7,7.05,0.75,76.7,129736945,1.12,1.15,1571830,1.2,1329185,11672505
2026-04-13T12:50:40.240,NF,NIFTY13APR2624200CE,1.2,3.7,7.05,0.75,76.7,129738505,1.12,1.15,1570855,1.2,1335295,11672505
2026-04-13T12:50:41.852,NF,NIFTY13APR2624200CE,1.2,3.7,7.05,0.75,76.7,129740455,1.12,1.15,1568970,1.2,1333995,11672505
2026-04-13T12:50:43.446,NF,NIFTY13APR2624200CE,1.15,3.7,7.05,0.75,76.7,129741495,1.12,1.15,1564680,1.2,1334580,11672505
2026-04-13T12:50:45.050,NF,NIFTY13APR2624200CE,1.15,3.7,7.05,0.75,76.7,129743185,1.12,1.15,1566500,1.2,1331135,11672505
2026-04-13T12:50:46.662,NF,NIFTY13APR2624200CE,1.15,3.7,7.05,0.75,76.7,129745785,1.12,1.15,1564615,1.2,1328340,11672505
2026-04-13T12:50:48.273,NF,NIFTY13APR2624200CE,1.15,3.7,7.05,0.75,76.7,129747150,1.12,1.15,1579760,1.2,1623830,11672505
2026-04-13T12:50:49.874,NF,NIFTY13APR2624200CE,1.15,3.7,7.05,0.75,76.7,129768990,1.12,1.15,1816490,1.2,1651520,11672505
2026-04-13T12:50:51.662,NF,NIFTY13APR2624200CE,1.15,3.7,7.05,0.75,76.7,129779000,1.12,1.15,1730950,1.2,1655615,11672505
2026-04-13T12:50:53.078,NF,NIFTY13APR2624200CE,1.15,3.7,7.05,0.75,76.7,129785045,1.12,1.15,1731015,1.2,1652560,11672505
2026-04-13T12:50:54.673,NF,NIFTY13APR2624200CE,1.15,3.7,7.05,0.75,76.7,129790895,1.12,1.15,1725490,1.2,1649700,11672505
2026-04-13T12:50:56.473,NF,NIFTY13APR2624200CE,1.15,3.7,7.05,0.75,76.7,129821510,1.12,1.15,1715805,1.2,1679730,11672505
2026-04-13T12:50:58.070,NF,NIFTY13APR2624200CE,1.15,3.7,7.05,0.75,76.7,129829700,1.12,1.15,1707680,1.2,1680705,11672505
2026-04-13T12:50:59.684,NF,NIFTY13APR2624200CE,1.2,3.7,7.05,0.75,76.7,129833990,1.12,1.15,1714310,1.2,1678430,11672505
2026-04-13T12:51:01.295,NF,NIFTY13APR2624200CE,1.2,3.7,7.05,0.75,76.7,129836785,1.12,1.15,1701635,1.2,1679600,11672505
2026-04-13T12:51:02.925,NF,NIFTY13APR2624200CE,1.2,3.7,7.05,0.75,76.7,129837110,1.12,1.15,1698190,1.2,1683890,11672505
2026-04-13T12:51:04.485,NF,NIFTY13APR2624200CE,1.15,3.7,7.05,0.75,76.7,129837435,1.12,1.15,1717170,1.2,1683370,11672505
2026-04-13T12:51:06.083,NF,NIFTY13APR2624200CE,1.2,3.7,7.05,0.75,76.7,129850890,1.12,1.15,1736865,1.2,1648465,11672505
2026-04-13T12:51:07.704,NF,NIFTY13APR2624200CE,1.15,3.7,7.05,0.75,76.7,129852710,1.12,1.15,1733355,1.2,1642095,11672505
2026-04-13T12:51:09.489,NF,NIFTY13APR2624200CE,1.15,3.7,7.05,0.75,76.7,129867660,1.12,1.15,1600625,1.2,1670045,11672505
2026-04-13T12:51:11.103,NF,NIFTY13APR2624200CE,1.15,3.7,7.05,0.75,76.7,129989470,1.12,1.1,1820065,1.15,1021605,11672505
2026-04-13T12:51:12.694,NF,NIFTY13APR2624200CE,1.15,3.7,7.05,0.75,76.7,130013910,1.12,1.15,1413100,1.2,1680510,11672505
2026-04-13T12:51:15.900,NF,NIFTY13APR2624200CE,1.15,3.7,7.05,0.75,76.7,130017290,1.12,1.15,1470170,1.2,1679145,11672505
2026-04-13T12:51:17.701,NF,NIFTY13APR2624200CE,1.2,3.7,7.05,0.75,76.7,130024245,1.12,1.15,1463670,1.2,1679275,11672505
2026-04-13T12:51:19.307,NF,NIFTY13APR2624200CE,1.15,3.7,7.05,0.75,76.7,130039845,1.12,1.15,1458730,1.2,1682005,11672505
2026-04-13T12:51:20.908,NF,NIFTY13APR2624200CE,1.15,3.7,7.05,0.75,76.7,130110825,1.12,1.1,1854905,1.15,1197495,11672505
2026-04-13T12:51:22.517,NF,NIFTY13APR2624200CE,1.15,3.7,7.05,0.75,76.7,130111085,1.12,1.1,1914705,1.15,1386840,11672505
2026-04-13T12:51:24.115,NF,NIFTY13APR2624200CE,1.15,3.7,7.05,0.75,76.7,130111930,1.12,1.1,1852240,1.15,1360970,11672505
2026-04-13T12:51:25.916,NF,NIFTY13APR2624200CE,1.15,3.7,7.05,0.75,76.7,130158860,1.12,1.15,949520,1.2,1761695,11672505
2026-04-13T12:51:27.518,NF,NIFTY13APR2624200CE,1.15,3.7,7.05,0.75,76.7,130159575,1.12,1.15,1069705,1.2,1767285,11672505
2026-04-13T12:51:29.120,NF,NIFTY13APR2624200CE,1.15,3.7,7.05,0.75,76.7,130162630,1.12,1.15,1335490,1.2,1768650,11672505
2026-04-13T12:51:30.722,NF,NIFTY13APR2624200CE,1.2,3.7,7.05,0.75,76.7,130163670,1.12,1.15,1346670,1.2,1765790,11672505
2026-04-13T12:51:32.336,NF,NIFTY13APR2624200CE,1.2,3.7,7.05,0.75,76.7,130165035,1.12,1.15,1387750,1.2,1749410,11672505
2026-04-13T12:51:33.931,NF,NIFTY13APR2624200CE,1.2,3.7,7.05,0.75,76.7,130166985,1.12,1.15,1391000,1.2,1751230,11672505
2026-04-13T12:51:35.541,NF,NIFTY13APR2624200CE,1.15,3.7,7.05,0.75,76.7,130168090,1.12,1.15,1387945,1.2,1766635,11672505
2026-04-13T12:51:37.132,NF,NIFTY13APR2624200CE,1.15,3.7,7.05,0.75,76.7,130169845,1.12,1.15,1506180,1.2,1757145,11672505
2026-04-13T12:51:38.738,NF,NIFTY13APR2624200CE,1.2,3.7,7.05,0.75,76.7,130170495,1.12,1.15,1514955,1.2,1730040,11672505
2026-04-13T12:51:40.362,NF,NIFTY13APR2624200CE,1.15,3.7,7.05,0.75,76.7,130171210,1.12,1.15,1512615,1.2,1766115,11672505
2026-04-13T12:51:43.758,NF,NIFTY13APR2624200CE,1.2,3.7,7.05,0.75,76.7,130172250,1.12,1.15,1512615,1.2,1764750,11672505
2026-04-13T12:51:45.354,NF,NIFTY13APR2624200CE,1.2,3.7,7.05,0.75,76.7,130173095,1.12,1.15,1514175,1.2,1763905,11672505
2026-04-13T12:51:46.963,NF,NIFTY13APR2624200CE,1.15,3.7,7.05,0.75,76.7,130174980,1.12,1.15,1547325,1.2,1729715,11672505
2026-04-13T12:51:48.751,NF,NIFTY13APR2624200CE,1.2,3.7,7.05,0.75,76.7,130175500,1.12,1.15,1526720,1.2,1732315,11672505
2026-04-13T12:51:50.357,NF,NIFTY13APR2624200CE,1.2,3.7,7.05,0.75,76.7,130176215,1.12,1.15,1536925,1.2,1733745,11672505
2026-04-13T12:51:51.961,NF,NIFTY13APR2624200CE,1.15,3.7,7.05,0.75,76.7,130176800,1.12,1.15,1508000,1.2,1763840,11672505
2026-04-13T12:51:53.755,NF,NIFTY13APR2624200CE,1.15,3.7,7.05,0.75,76.7,130176995,1.12,1.15,1415570,1.2,1772095,11672505
2026-04-13T12:51:55.358,NF,NIFTY13APR2624200CE,1.2,3.7,7.05,0.75,76.7,130178815,1.12,1.15,1421030,1.2,1772745,11672505
2026-04-13T12:51:56.973,NF,NIFTY13APR2624200CE,1.15,3.7,7.05,0.75,76.7,130201565,1.12,1.15,1509755,1.2,1766245,11672505
2026-04-13T12:51:58.765,NF,NIFTY13APR2624200CE,1.2,3.7,7.05,0.75,76.7,130203255,1.12,1.15,1519700,1.2,1763905,11672505
2026-04-13T12:52:01.993,NF,NIFTY13APR2624200CE,1.2,3.7,7.05,0.75,76.7,130204620,1.12,1.15,1528020,1.2,1765400,11672505
2026-04-13T12:52:03.572,NF,NIFTY13APR2624200CE,1.15,3.7,7.05,0.75,76.7,130205595,1.12,1.15,1518270,1.2,1765140,11672505
2026-04-13T12:52:05.378,NF,NIFTY13APR2624200CE,1.15,3.7,7.05,0.75,76.7,130206115,1.12,1.15,1536990,1.2,1759290,11672505
2026-04-13T12:52:06.986,NF,NIFTY13APR2624200CE,1.2,3.7,7.05,0.75,76.7,130212290,1.12,1.15,1539395,1.2,1754480,11672505
2026-04-13T12:52:08.620,NF,NIFTY13APR2624200CE,1.15,3.7,7.05,0.75,76.7,130216515,1.12,1.15,1535950,1.2,1764880,11672505
2026-04-13T12:52:10.380,NF,NIFTY13APR2624200CE,1.15,3.7,7.05,0.75,76.7,130218075,1.12,1.15,1531465,1.2,1766375,11672505
2026-04-13T12:52:11.982,NF,NIFTY13APR2624200CE,1.15,3.7,7.05,0.75,76.7,130220610,1.12,1.15,1484535,1.2,1772940,11672505
2026-04-13T12:52:13.587,NF,NIFTY13APR2624200CE,1.15,3.7,7.05,0.75,76.7,130220740,1.12,1.15,1562535,1.2,1754805,11672505
2026-04-13T12:52:17.012,NF,NIFTY13APR2624200CE,1.15,3.7,7.05,0.75,76.7,130223795,1.12,1.15,1602835,1.2,1757210,11672505
2026-04-13T12:52:20.395,NF,NIFTY13APR2624200CE,1.15,3.7,7.05,0.75,76.7,130225160,1.12,1.15,1586455,1.2,1788995,11672505
2026-04-13T12:52:21.997,NF,NIFTY13APR2624200CE,1.2,3.7,7.05,0.75,76.7,130225420,1.12,1.15,1594645,1.2,1782105,11672505
2026-04-13T12:52:23.618,NF,NIFTY13APR2624200CE,1.2,3.7,7.05,0.75,76.7,130227240,1.12,1.15,1613820,1.2,1773265,11672505
2026-04-13T12:52:25.402,NF,NIFTY13APR2624200CE,1.2,3.7,7.05,0.75,76.7,130227370,1.12,1.15,1604135,1.2,1788215,11672505
2026-04-13T12:52:27.006,NF,NIFTY13APR2624200CE,1.15,3.7,7.05,0.75,76.7,130245505,1.12,1.15,1589900,1.2,1770275,11672505
2026-04-13T12:52:28.610,NF,NIFTY13APR2624200CE,1.2,3.7,7.05,0.75,76.7,130251485,1.12,1.15,1591005,1.2,1762605,11672505
2026-04-13T12:52:30.413,NF,NIFTY13APR2624200CE,1.2,3.7,7.05,0.75,76.7,130252330,1.12,1.15,1618760,1.2,1732770,11672505
2026-04-13T12:52:32.014,NF,NIFTY13APR2624200CE,1.2,3.7,7.05,0.75,76.7,130253045,1.12,1.15,1622920,1.2,1719770,11672505
2026-04-13T12:52:33.618,NF,NIFTY13APR2624200CE,1.2,3.7,7.05,0.75,76.7,130253370,1.12,1.15,1592695,1.2,1758315,11672505
2026-04-13T12:52:35.423,NF,NIFTY13APR2624200CE,1.2,3.7,7.05,0.75,76.7,130256490,1.12,1.15,1608880,1.2,1750450,11672505
2026-04-13T12:52:37.025,NF,NIFTY13APR2624200CE,1.2,3.7,7.05,0.75,76.7,130257530,1.12,1.15,1584700,1.2,1734135,11672505
2026-04-13T12:52:38.840,NF,NIFTY13APR2624200CE,1.2,3.7,7.05,0.75,76.7,130272480,1.12,1.15,1582295,1.2,1748500,11672505
2026-04-13T12:52:40.632,NF,NIFTY13APR2624200CE,1.15,3.7,7.05,0.75,76.7,130276640,1.12,1.15,1557075,1.2,1750840,11672505
2026-04-13T12:52:42.231,NF,NIFTY13APR2624200CE,1.2,3.7,7.05,0.75,76.7,130276965,1.12,1.15,1592695,1.2,1760330,11672505
2026-04-13T12:52:43.835,NF,NIFTY13APR2624200CE,1.2,3.7,7.05,0.75,76.7,130278070,1.12,1.15,1579955,1.2,1760200,11672505
2026-04-13T12:52:45.638,NF,NIFTY13APR2624200CE,1.2,3.7,7.05,0.75,76.7,130283400,1.12,1.15,1631435,1.2,1744730,11672505
2026-04-13T12:52:47.239,NF,NIFTY13APR2624200CE,1.2,3.7,7.05,0.75,76.7,130313235,1.12,1.15,1637090,1.2,1780025,11672505
2026-04-13T12:52:48.846,NF,NIFTY13APR2624200CE,1.2,3.7,7.05,0.75,76.7,130317005,1.12,1.15,1640600,1.2,1776840,11672505
2026-04-13T12:52:50.645,NF,NIFTY13APR2624200CE,1.15,3.7,7.05,0.75,76.7,130317200,1.12,1.15,1638975,1.2,1776775,11672505
2026-04-13T12:52:52.249,NF,NIFTY13APR2624200CE,1.2,3.7,7.05,0.75,76.7,130319020,1.12,1.15,1643590,1.2,1753570,11672505
2026-04-13T12:52:53.851,NF,NIFTY13APR2624200CE,1.2,3.7,7.05,0.75,76.7,130319085,1.12,1.15,1616095,1.2,1753245,11672505
2026-04-13T12:52:55.653,NF,NIFTY13APR2624200CE,1.15,3.7,7.05,0.75,76.7,130425035,1.12,1.1,1862250,1.15,818480,11672505
2026-04-13T12:52:57.256,NF,NIFTY13APR2624200CE,1.15,3.7,7.05,0.75,76.7,130431470,1.12,1.1,1966640,1.15,1027000,11672505
2026-04-13T12:52:58.863,NF,NIFTY13APR2624200CE,1.15,3.7,7.05,0.75,76.7,130465855,1.12,1.15,1495780,1.2,1795495,11672505
2026-04-13T12:53:00.661,NF,NIFTY13APR2624200CE,1.15,3.7,7.05,0.75,76.7,130471380,1.12,1.15,1530360,1.2,1778400,11672505
2026-04-13T12:53:02.291,NF,NIFTY13APR2624200CE,1.2,3.7,7.05,0.75,76.7,130477360,1.12,1.15,1677000,1.2,1748175,11672505
2026-04-13T12:53:03.869,NF,NIFTY13APR2624200CE,1.15,3.7,7.05,0.75,76.7,130498940,1.12,1.15,1655680,1.2,1785355,11672505
2026-04-13T12:53:05.486,NF,NIFTY13APR2624200CE,1.2,3.7,7.05,0.75,76.7,130503425,1.12,1.15,1668095,1.2,1775215,11672505
2026-04-13T12:53:07.074,NF,NIFTY13APR2624200CE,1.2,3.7,7.05,0.75,76.7,130506155,1.12,1.15,1734850,1.2,1774110,11672505
2026-04-13T12:53:08.885,NF,NIFTY13APR2624200CE,1.2,3.7,7.05,0.75,76.7,130512005,1.12,1.15,1639365,1.2,1773720,11672505
2026-04-13T12:53:10.487,NF,NIFTY13APR2624200CE,1.2,3.7,7.05,0.75,76.7,130513695,1.12,1.15,1682915,1.2,1765075,11762595
2026-04-13T12:53:12.086,NF,NIFTY13APR2624200CE,1.15,3.7,7.05,0.75,76.7,130519935,1.12,1.15,1651780,1.2,1763710,11762595
2026-04-13T12:53:13.694,NF,NIFTY13APR2624200CE,1.15,3.7,7.05,0.75,76.7,130522145,1.12,1.15,1540955,1.2,1802645,11762595
2026-04-13T12:53:15.502,NF,NIFTY13APR2624200CE,1.2,3.7,7.05,0.75,76.7,130527280,1.12,1.15,1535625,1.2,1795885,11762595
2026-04-13T12:53:17.110,NF,NIFTY13APR2624200CE,1.15,3.7,7.05,0.75,76.7,130529360,1.12,1.15,1536080,1.2,1799200,11762595
2026-04-13T12:53:18.697,NF,NIFTY13APR2624200CE,1.2,3.7,7.05,0.75,76.7,130532870,1.12,1.15,1533220,1.2,1786785,11762595
2026-04-13T12:53:20.490,NF,NIFTY13APR2624200CE,1.15,3.7,7.05,0.75,76.7,130657800,1.12,1.15,1042795,1.2,1801150,11762595
2026-04-13T12:53:22.094,NF,NIFTY13APR2624200CE,1.15,3.7,7.05,0.75,76.7,130657865,1.12,1.15,1612455,1.2,1777815,11762595
2026-04-13T12:53:23.700,NF,NIFTY13APR2624200CE,1.15,3.7,7.05,0.75,76.7,130678535,1.12,1.15,1604915,1.2,1772095,11762595
2026-04-13T12:53:25.301,NF,NIFTY13APR2624200CE,1.15,3.7,7.05,0.75,76.7,130682110,1.12,1.15,1611740,1.2,1772680,11762595
2026-04-13T12:53:27.100,NF,NIFTY13APR2624200CE,1.15,3.7,7.05,0.75,76.7,130683540,1.12,1.15,1637025,1.2,1771380,11762595
2026-04-13T12:53:28.708,NF,NIFTY13APR2624200CE,1.2,3.7,7.05,0.75,76.7,130683800,1.12,1.15,1636570,1.2,1771120,11762595
2026-04-13T12:53:30.317,NF,NIFTY13APR2624200CE,1.2,3.7,7.05,0.75,76.7,130684970,1.12,1.15,1635140,1.2,1769820,11762595
2026-04-13T12:53:31.908,NF,NIFTY13APR2624200CE,1.2,3.7,7.05,0.75,76.7,130685620,1.12,1.15,1642615,1.2,1768975,11762595
2026-04-13T12:53:33.708,NF,NIFTY13APR2624200CE,1.2,3.7,7.05,0.75,76.7,130685945,1.12,1.15,1646450,1.2,1768260,11762595
2026-04-13T12:53:35.311,NF,NIFTY13APR2624200CE,1.15,3.7,7.05,0.75,76.7,130697905,1.12,1.15,1587495,1.2,1800175,11762595
2026-04-13T12:53:36.918,NF,NIFTY13APR2624200CE,1.15,3.7,7.05,0.75,76.7,130703430,1.12,1.15,1574430,1.2,1809535,11762595
2026-04-13T12:53:38.333,NF,NIFTY13APR2624200CE,1.2,3.7,7.05,0.75,76.7,130709865,1.12,1.15,1578915,1.2,1800695,11762595
2026-04-13T12:53:39.924,NF,NIFTY13APR2624200CE,1.15,3.7,7.05,0.75,76.7,130713180,1.12,1.15,1603615,1.2,1794780,11762595
2026-04-13T12:53:41.529,NF,NIFTY13APR2624200CE,1.2,3.7,7.05,0.75,76.7,130714675,1.12,1.15,1646905,1.2,1793415,11762595
2026-04-13T12:53:43.328,NF,NIFTY13APR2624200CE,1.15,3.7,7.05,0.75,76.7,130714870,1.12,1.15,1591395,1.2,1796925,11762595
2026-04-13T12:53:44.930,NF,NIFTY13APR2624200CE,1.2,3.7,7.05,0.75,76.7,130719745,1.12,1.15,1603810,1.2,1788670,11762595
2026-04-13T12:53:46.529,NF,NIFTY13APR2624200CE,1.15,3.7,7.05,0.75,76.7,130722280,1.12,1.15,1598155,1.2,1787890,11762595
2026-04-13T12:53:48.132,NF,NIFTY13APR2624200CE,1.15,3.7,7.05,0.75,76.7,130733850,1.12,1.15,1582620,1.2,1796080,11762595
2026-04-13T12:53:49.743,NF,NIFTY13APR2624200CE,1.2,3.7,7.05,0.75,76.7,130735085,1.12,1.15,1491555,1.2,1811420,11762595
2026-04-13T12:53:51.345,NF,NIFTY13APR2624200CE,1.2,3.7,7.05,0.75,76.7,130736905,1.12,1.15,1493570,1.2,1809275,11762595
2026-04-13T12:53:52.939,NF,NIFTY13APR2624200CE,1.2,3.7,7.05,0.75,76.7,130741650,1.12,1.15,1676415,1.2,1788670,11762595
2026-04-13T12:53:54.569,NF,NIFTY13APR2624200CE,1.2,3.7,7.05,0.75,76.7,130744380,1.12,1.15,1646580,1.2,1790815,11762595
2026-04-13T12:53:56.170,NF,NIFTY13APR2624200CE,1.2,3.7,7.05,0.75,76.7,130879320,1.12,1.15,1636765,1.2,1790815,11762595
2026-04-13T12:53:57.946,NF,NIFTY13APR2624200CE,1.15,3.7,7.05,0.75,76.7,130880945,1.12,1.15,1686945,1.2,1805700,11762595
2026-04-13T12:53:59.546,NF,NIFTY13APR2624200CE,1.15,3.7,7.05,0.75,76.7,130882700,1.12,1.15,1595750,1.2,1803230,11762595
2026-04-13T12:54:01.151,NF,NIFTY13APR2624200CE,1.2,3.7,7.05,0.75,76.7,130884325,1.12,1.15,1508000,1.2,1826175,11762595
2026-04-13T12:54:02.752,NF,NIFTY13APR2624200CE,1.2,3.7,7.05,0.75,76.7,130892320,1.12,1.15,1522950,1.2,1819935,11762595
2026-04-13T12:54:04.353,NF,NIFTY13APR2624200CE,1.15,3.7,7.05,0.75,76.7,130894790,1.12,1.15,1501630,1.2,1818570,11762595
2026-04-13T12:54:05.962,NF,NIFTY13APR2624200CE,1.15,3.7,7.05,0.75,76.7,130895440,1.12,1.15,1501695,1.2,1819350,11762595
2026-04-13T12:54:07.569,NF,NIFTY13APR2624200CE,1.15,3.7,7.05,0.75,76.7,130929890,1.12,1.1,1911325,1.15,1451840,11762595
2026-04-13T12:54:09.161,NF,NIFTY13APR2624200CE,1.15,3.7,7.05,0.75,76.7,130935480,1.12,1.1,1818245,1.15,1454505,11762595
2026-04-13T12:54:10.764,NF,NIFTY13APR2624200CE,1.15,3.7,7.05,0.75,76.7,130939770,1.12,1.1,1826630,1.15,1453140,11762595
2026-04-13T12:54:12.568,NF,NIFTY13APR2624200CE,1.15,3.7,7.05,0.75,76.7,130946530,1.12,1.1,1833325,1.15,1413230,11762595
2026-04-13T12:54:14.168,NF,NIFTY13APR2624200CE,1.15,3.7,7.05,0.75,76.7,131010945,1.13,1.15,1101750,1.2,1827085,11762595
2026-04-13T12:54:15.769,NF,NIFTY13APR2624200CE,1.2,3.7,7.05,0.75,76.7,131012440,1.13,1.15,1138475,1.2,1825265,11762595
2026-04-13T12:54:17.382,NF,NIFTY13APR2624200CE,1.15,3.7,7.05,0.75,76.7,131014520,1.13,1.15,1202630,1.2,1823315,11762595
2026-04-13T12:54:18.977,NF,NIFTY13APR2624200CE,1.2,3.7,7.05,0.75,76.7,131017835,1.13,1.15,1404325,1.2,1809015,11762595
2026-04-13T12:54:20.587,NF,NIFTY13APR2624200CE,1.15,3.7,7.05,0.75,76.7,131021150,1.13,1.15,1426555,1.2,1810835,11762595
2026-04-13T12:54:22.380,NF,NIFTY13APR2624200CE,1.2,3.7,7.05,0.75,76.7,131028885,1.13,1.15,1390090,1.2,1819675,11762595
2026-04-13T12:54:23.985,NF,NIFTY13APR2624200CE,1.2,3.7,7.05,0.75,76.7,131028950,1.13,1.15,1381575,1.2,1817920,11762595
2026-04-13T12:54:25.595,NF,NIFTY13APR2624200CE,1.2,3.7,7.05,0.75,76.7,131032785,1.13,1.15,1452685,1.2,1818765,11762595
2026-04-13T12:54:27.207,NF,NIFTY13APR2624200CE,1.2,3.7,7.05,0.75,76.7,131039935,1.13,1.15,1550185,1.2,1819285,11762595
2026-04-13T12:54:28.789,NF,NIFTY13APR2624200CE,1.15,3.7,7.05,0.75,76.7,131040325,1.13,1.15,1562795,1.2,1818830,11762595
2026-04-13T12:54:30.393,NF,NIFTY13APR2624200CE,1.15,3.7,7.05,0.75,76.7,131041690,1.13,1.15,1559090,1.2,1823250,11762595
2026-04-13T12:54:32.194,NF,NIFTY13APR2624200CE,1.15,3.7,7.05,0.75,76.7,131041885,1.13,1.15,1608750,1.2,1811810,11762595
2026-04-13T12:54:33.796,NF,NIFTY13APR2624200CE,1.15,3.7,7.05,0.75,76.7,131042275,1.13,1.15,1482910,1.2,1828190,11762595
2026-04-13T12:54:35.400,NF,NIFTY13APR2624200CE,1.2,3.7,7.05,0.75,76.7,131042730,1.13,1.15,1488760,1.2,1831050,11762595
2026-04-13T12:54:37.002,NF,NIFTY13APR2624200CE,1.15,3.7,7.05,0.75,76.7,131044550,1.13,1.15,1488240,1.2,1826630,11762595
2026-04-13T12:54:38.604,NF,NIFTY13APR2624200CE,1.1,3.7,7.05,0.75,76.7,131094405,1.13,1.1,1785160,1.15,1505920,11762595
2026-04-13T12:54:40.413,NF,NIFTY13APR2624200CE,1.1,3.7,7.05,0.75,76.7,131100450,1.13,1.1,1781000,1.15,1564615,11762595
2026-04-13T12:54:42.008,NF,NIFTY13APR2624200CE,1.1,3.7,7.05,0.75,76.7,131101035,1.13,1.1,1781650,1.15,1572220,11762595
2026-04-13T12:54:43.611,NF,NIFTY13APR2624200CE,1.1,3.7,7.05,0.75,76.7,131103375,1.13,1.1,1778855,1.15,1570660,11762595
2026-04-13T12:54:45.413,NF,NIFTY13APR2624200CE,1.1,3.7,7.05,0.75,76.7,131179555,1.12,1.05,1946750,1.1,1266590,11762595
2026-04-13T12:54:47.016,NF,NIFTY13APR2624200CE,1.05,3.7,7.05,0.75,76.7,131182025,1.12,1.05,1979445,1.1,1326455,11762595
2026-04-13T12:54:48.620,NF,NIFTY13APR2624200CE,1.1,3.7,7.05,0.75,76.7,131185535,1.12,1.05,1964885,1.1,1352390,11762595
2026-04-13T12:54:50.422,NF,NIFTY13APR2624200CE,1.1,3.7,7.05,0.75,76.7,131196455,1.12,1.05,1830270,1.1,1539720,11762595
2026-04-13T12:54:52.027,NF,NIFTY13APR2624200CE,1.1,3.7,7.05,0.75,76.7,131206335,1.12,1.05,1840540,1.1,1530295,11762595
2026-04-13T12:54:53.642,NF,NIFTY13APR2624200CE,1.05,3.7,7.05,0.75,76.7,131208090,1.12,1.05,1838980,1.1,1543880,11762595
2026-04-13T12:54:55.239,NF,NIFTY13APR2624200CE,1.05,3.7,7.05,0.75,76.7,131213355,1.12,1.05,1843530,1.1,1593605,11762595
2026-04-13T12:54:56.845,NF,NIFTY13APR2624200CE,1.1,3.7,7.05,0.75,76.7,131253590,1.12,1.05,1827150,1.1,1599845,11762595
2026-04-13T12:54:58.649,NF,NIFTY13APR2624200CE,1.05,3.7,7.05,0.75,76.7,131278095,1.12,1.05,1815580,1.1,1590420,11762595
2026-04-13T12:55:00.241,NF,NIFTY13APR2624200CE,1.05,3.7,7.05,0.75,76.7,131298765,1.12,1.05,1788930,1.1,1610505,11762595
2026-04-13T12:55:01.858,NF,NIFTY13APR2624200CE,1.05,3.7,7.05,0.75,76.7,131320800,1.12,1.05,1782365,1.1,1609335,11762595
2026-04-13T12:55:03.643,NF,NIFTY13APR2624200CE,1.05,3.7,7.05,0.75,76.7,131337570,1.12,1.05,1772745,1.1,1603745,11762595
2026-04-13T12:55:05.249,NF,NIFTY13APR2624200CE,1.05,3.7,7.05,0.75,76.7,131352520,1.12,1.05,1763905,1.1,1627210,11762595
2026-04-13T12:55:06.848,NF,NIFTY13APR2624200CE,1.05,3.7,7.05,0.75,76.7,131368640,1.12,1.05,1757470,1.1,1638390,11762595
2026-04-13T12:55:08.451,NF,NIFTY13APR2624200CE,1.05,3.7,7.05,0.75,76.7,131379040,1.12,1.05,1747915,1.1,1645475,11762595
2026-04-13T12:55:10.058,NF,NIFTY13APR2624200CE,1.05,3.7,7.05,0.75,76.7,131387880,1.12,1.05,1735955,1.1,1632215,11762595
2026-04-13T12:55:11.659,NF,NIFTY13APR2624200CE,1.05,3.7,7.05,0.75,76.7,131396070,1.12,1.05,1727505,1.1,1638065,11762595
2026-04-13T12:55:13.258,NF,NIFTY13APR2624200CE,1.0,3.7,7.05,0.75,76.7,131543555,1.12,1.0,2103270,1.05,1504880,11762595
2026-04-13T12:55:14.860,NF,NIFTY13APR2624200CE,1.05,3.7,7.05,0.75,76.7,131550055,1.12,1.0,2117050,1.05,1592825,11762595
2026-04-13T12:55:16.467,NF,NIFTY13APR2624200CE,1.0,3.7,7.05,0.75,76.7,131553760,1.12,1.0,2099630,1.05,1710280,11762595
2026-04-13T12:55:18.097,NF,NIFTY13APR2624200CE,1.0,3.7,7.05,0.75,76.7,131557595,1.12,1.0,2109445,1.05,1716585,11762595
2026-04-13T12:55:19.678,NF,NIFTY13APR2624200CE,1.0,3.7,7.05,0.75,76.7,131609400,1.12,1.0,2093520,1.05,1694225,11762595
2026-04-13T12:55:21.470,NF,NIFTY13APR2624200CE,1.05,3.7,7.05,0.75,76.7,131615705,1.12,1.0,2125045,1.05,1686425,11762595
2026-04-13T12:55:23.093,NF,NIFTY13APR2624200CE,1.0,3.7,7.05,0.75,76.7,131624090,1.12,1.0,2088060,1.05,1686620,11762595
2026-04-13T12:55:24.675,NF,NIFTY13APR2624200CE,1.0,3.7,7.05,0.75,76.7,131636115,1.12,1.0,2093780,1.05,1677390,11762595
2026-04-13T12:55:26.279,NF,NIFTY13APR2624200CE,1.05,3.7,7.05,0.75,76.7,131651910,1.12,1.0,2105740,1.05,1687010,11762595
2026-04-13T12:55:27.680,NF,NIFTY13APR2624200CE,1.0,3.7,7.05,0.75,76.7,131662440,1.12,1.0,2092350,1.05,1682005,11762595
2026-04-13T12:55:29.292,NF,NIFTY13APR2624200CE,1.05,3.7,7.05,0.75,76.7,131665495,1.12,1.0,2099955,1.05,1677520,11762595
2026-04-13T12:55:30.890,NF,NIFTY13APR2624200CE,1.0,3.7,7.05,0.75,76.7,131692730,1.12,1.0,2071875,1.05,1685970,11762595
2026-04-13T12:55:32.490,NF,NIFTY13APR2624200CE,1.0,3.7,7.05,0.75,76.7,131735695,1.12,1.0,1977885,1.05,1701635,11762595
2026-04-13T12:55:34.288,NF,NIFTY13APR2624200CE,1.0,3.7,7.05,0.75,76.7,131738750,1.12,1.0,2070120,1.05,1699230,11762595
2026-04-13T12:55:37.305,NF,NIFTY13APR2624200CE,1.0,3.7,7.05,0.75,76.7,131743885,1.12,1.0,2052765,1.05,1709110,11762595
2026-04-13T12:55:38.895,NF,NIFTY13APR2624200CE,1.0,3.7,7.05,0.75,76.7,131763580,1.12,1.0,2068235,1.05,1688115,11762595
2026-04-13T12:55:40.696,NF,NIFTY13APR2624200CE,1.0,3.7,7.05,0.75,76.7,131966380,1.12,0.95,1960400,1.0,646620,11762595
2026-04-13T12:55:42.315,NF,NIFTY13APR2624200CE,0.95,3.7,7.05,0.75,76.7,131978600,1.12,0.95,1955005,1.0,1420510,11762595
2026-04-13T12:55:43.910,NF,NIFTY13APR2624200CE,1.0,3.7,7.05,0.75,76.7,131983020,1.12,0.95,1958450,1.0,1424670,11762595
2026-04-13T12:55:45.510,NF,NIFTY13APR2624200CE,1.0,3.7,7.05,0.75,76.7,132008890,1.12,0.95,1922310,1.0,1440790,11762595
2026-04-13T12:55:47.118,NF,NIFTY13APR2624200CE,1.0,3.7,7.05,0.75,76.7,132013180,1.12,0.95,1929590,1.0,1435915,11762595
2026-04-13T12:55:48.911,NF,NIFTY13APR2624200CE,0.95,3.7,7.05,0.75,76.7,132034760,1.12,0.95,1958060,1.0,1424215,11762595
2026-04-13T12:55:50.513,NF,NIFTY13APR2624200CE,1.0,3.7,7.05,0.75,76.7,132053610,1.12,0.95,1976325,1.0,1450670,11762595
2026-04-13T12:55:52.116,NF,NIFTY13APR2624200CE,1.0,3.7,7.05,0.75,76.7,132061150,1.12,0.95,1998100,1.0,1450085,11762595
2026-04-13T12:55:53.731,NF,NIFTY13APR2624200CE,1.0,3.7,7.05,0.75,76.7,132069860,1.12,0.95,1999335,1.0,1416675,11762595
2026-04-13T12:55:55.331,NF,NIFTY13APR2624200CE,0.95,3.7,7.05,0.75,76.7,132072200,1.12,0.95,1991795,1.0,1423630,11762595
2026-04-13T12:55:56.932,NF,NIFTY13APR2624200CE,1.0,3.7,7.05,0.75,76.7,132175420,1.12,1.0,2066415,1.05,2074540,11762595
2026-04-13T12:55:58.529,NF,NIFTY13APR2624200CE,1.05,3.7,7.05,0.75,76.7,132182245,1.12,1.0,2664675,1.05,2122770,11762595
2026-04-13T12:56:00.143,NF,NIFTY13APR2624200CE,1.0,3.7,7.05,0.75,76.7,132184975,1.12,1.0,2692365,1.05,2099240,11762595
2026-04-13T12:56:01.734,NF,NIFTY13APR2624200CE,1.05,3.7,7.05,0.75,76.7,132197325,1.12,1.0,2931435,1.05,1782365,11762595
2026-04-13T12:56:03.534,NF,NIFTY13APR2624200CE,1.0,3.7,7.05,0.75,76.7,132197845,1.12,1.0,2979210,1.05,1778010,11762595
2026-04-13T12:56:05.135,NF,NIFTY13APR2624200CE,1.0,3.7,7.05,0.75,76.7,132204475,1.12,1.0,2430870,1.05,1816230,11762595
2026-04-13T12:56:06.738,NF,NIFTY13APR2624200CE,1.05,3.7,7.05,0.75,76.7,132218970,1.12,1.0,2466425,1.05,1776060,11762595
2026-04-13T12:56:08.351,NF,NIFTY13APR2624200CE,1.0,3.7,7.05,0.75,76.7,132226640,1.12,1.0,2455635,1.05,1787175,11762595
2026-04-13T12:56:11.744,NF,NIFTY13APR2624200CE,1.05,3.7,7.05,0.75,76.7,132229045,1.12,1.0,2455830,1.05,1812980,11813490
2026-04-13T12:56:13.349,NF,NIFTY13APR2624200CE,1.0,3.7,7.05,0.75,76.7,132230475,1.12,1.0,2453555,1.05,1814800,11813490
2026-04-13T12:56:14.954,NF,NIFTY13APR2624200CE,1.0,3.7,7.05,0.75,76.7,132242695,1.12,1.0,2470975,1.05,1805570,11813490
2026-04-13T12:56:16.552,NF,NIFTY13APR2624200CE,1.0,3.7,7.05,0.75,76.7,132247895,1.12,1.0,2454335,1.05,1812265,11813490
2026-04-13T12:56:18.155,NF,NIFTY13APR2624200CE,1.0,3.7,7.05,0.75,76.7,132250300,1.12,1.0,2449785,1.05,1814345,11813490
2026-04-13T12:56:19.954,NF,NIFTY13APR2624200CE,1.0,3.7,7.05,0.75,76.7,132253160,1.12,1.0,2447055,1.05,1816490,11813490
2026-04-13T12:56:21.594,NF,NIFTY13APR2624200CE,1.0,3.7,7.05,0.75,76.7,132266745,1.12,1.0,2435810,1.05,1849185,11813490
2026-04-13T12:56:23.225,NF,NIFTY13APR2624200CE,1.0,3.7,7.05,0.75,76.7,132273505,1.12,1.0,2411825,1.05,1875315,11813490
2026-04-13T12:56:24.763,NF,NIFTY13APR2624200CE,1.0,3.7,7.05,0.75,76.7,132325830,1.12,0.95,2063945,1.0,1301430,11813490
2026-04-13T12:56:26.367,NF,NIFTY13APR2624200CE,1.0,3.7,7.05,0.75,76.7,132353325,1.12,0.95,2018055,1.0,1658020,11813490
2026-04-13T12:56:28.167,NF,NIFTY13APR2624200CE,0.95,3.7,7.05,0.75,76.7,132354690,1.12,0.95,2005900,1.0,1658410,11813490
2026-04-13T12:56:29.777,NF,NIFTY13APR2624200CE,0.95,3.7,7.05,0.75,76.7,132360540,1.12,0.95,2025335,1.0,1651130,11813490
2026-04-13T12:56:31.374,NF,NIFTY13APR2624200CE,0.95,3.7,7.05,0.75,76.7,132366065,1.12,0.95,1999010,1.0,1665105,11813490
2026-04-13T12:56:33.175,NF,NIFTY13APR2624200CE,0.95,3.7,7.05,0.75,76.7,132386150,1.12,0.95,1980615,1.0,1680380,11813490
2026-04-13T12:56:34.794,NF,NIFTY13APR2624200CE,1.0,3.7,7.05,0.75,76.7,132423785,1.12,0.95,1509950,1.0,1704950,11813490
2026-04-13T12:56:36.389,NF,NIFTY13APR2624200CE,1.0,3.7,7.05,0.75,76.7,132443610,1.12,0.95,1521195,1.0,1697605,11813490
2026-04-13T12:56:37.983,NF,NIFTY13APR2624200CE,1.0,3.7,7.05,0.75,76.7,132456350,1.12,0.95,1515410,1.0,1681095,11813490
2026-04-13T12:56:39.583,NF,NIFTY13APR2624200CE,0.95,3.7,7.05,0.75,76.7,132466360,1.12,0.95,1506310,1.0,1690845,11813490
2026-04-13T12:56:41.190,NF,NIFTY13APR2624200CE,1.0,3.7,7.05,0.75,76.7,132471560,1.12,0.95,1501695,1.0,1693575,11813490
2026-04-13T12:56:42.798,NF,NIFTY13APR2624200CE,0.95,3.7,7.05,0.75,76.7,132476695,1.12,0.95,1497925,1.0,1705275,11813490
2026-04-13T12:56:44.395,NF,NIFTY13APR2624200CE,0.9,3.7,7.05,0.75,76.7,132576925,1.12,0.9,2252055,0.95,1697085,11813490
2026-04-13T12:56:46.195,NF,NIFTY13APR2624200CE,0.95,3.7,7.05,0.75,76.7,132593500,1.12,0.9,2250430,0.95,1796015,11813490
2026-04-13T12:56:47.798,NF,NIFTY13APR2624200CE,0.9,3.7,7.05,0.75,76.7,132597270,1.12,0.9,2132845,0.95,1924650,11813490
2026-04-13T12:56:49.404,NF,NIFTY13APR2624200CE,0.9,3.7,7.05,0.75,76.7,132603770,1.12,0.9,2134145,0.95,1969630,11813490
2026-04-13T12:56:51.006,NF,NIFTY13APR2624200CE,0.9,3.7,7.05,0.75,76.7,132613650,1.12,0.9,2122835,0.95,1949610,11813490
2026-04-13T12:56:52.822,NF,NIFTY13APR2624200CE,0.9,3.7,7.05,0.75,76.7,132628340,1.12,0.9,2107105,0.95,1940185,11813490
2026-04-13T12:56:54.409,NF,NIFTY13APR2624200CE,0.9,3.7,7.05,0.75,76.7,132632110,1.12,0.9,2104765,0.95,1939340,11813490
2026-04-13T12:56:56.014,NF,NIFTY13APR2624200CE,0.9,3.7,7.05,0.75,76.7,132636270,1.12,0.9,2109250,0.95,1940835,11813490
2026-04-13T12:56:57.816,NF,NIFTY13APR2624200CE,0.9,3.7,7.05,0.75,76.7,132645240,1.12,0.9,2107495,0.95,2027740,11813490
2026-04-13T12:56:59.428,NF,NIFTY13APR2624200CE,0.95,3.7,7.05,0.75,76.7,132649400,1.12,0.9,2107105,0.95,2100930,11813490
2026-04-13T12:57:01.022,NF,NIFTY13APR2624200CE,0.95,3.7,7.05,0.75,76.7,132652000,1.12,0.9,2135965,0.95,2084615,11813490
2026-04-13T12:57:02.821,NF,NIFTY13APR2624200CE,0.95,3.7,7.05,0.75,76.7,132659410,1.12,0.9,2106325,0.95,2096055,11813490
2026-04-13T12:57:04.426,NF,NIFTY13APR2624200CE,0.9,3.7,7.05,0.75,76.7,132696200,1.12,0.9,1380145,0.95,2113345,11813490
2026-04-13T12:57:06.032,NF,NIFTY13APR2624200CE,0.9,3.7,7.05,0.75,76.7,132707380,1.12,0.9,1458210,0.95,2107430,11813490
2026-04-13T12:57:07.842,NF,NIFTY13APR2624200CE,0.9,3.7,7.05,0.75,76.7,132717780,1.12,0.9,1474005,0.95,2111980,11813490
2026-04-13T12:57:09.442,NF,NIFTY13APR2624200CE,0.95,3.7,7.05,0.75,76.7,132725710,1.12,0.9,1468610,0.95,2117700,11813490
2026-04-13T12:57:11.037,NF,NIFTY13APR2624200CE,0.85,3.7,7.05,0.75,76.7,132804880,1.12,0.85,2504515,0.9,1957215,11813490
2026-04-13T12:57:12.838,NF,NIFTY13APR2624200CE,0.85,3.7,7.05,0.75,76.7,132823015,1.12,0.85,2496195,0.9,2046590,11813490
2026-04-13T12:57:14.454,NF,NIFTY13APR2624200CE,0.9,3.7,7.05,0.75,76.7,132839005,1.12,0.85,2493205,0.9,2049385,11813490
2026-04-13T12:57:16.046,NF,NIFTY13APR2624200CE,0.85,3.7,7.05,0.75,76.7,132849665,1.12,0.85,2486380,0.9,2064725,11813490
2026-04-13T12:57:17.848,NF,NIFTY13APR2624200CE,0.9,3.7,7.05,0.75,76.7,132865655,1.12,0.85,2474095,0.9,2064595,11813490
2026-04-13T12:57:19.455,NF,NIFTY13APR2624200CE,0.9,3.7,7.05,0.75,76.7,132889965,1.12,0.85,2511795,0.9,2038400,11813490
2026-04-13T12:57:21.056,NF,NIFTY13APR2624200CE,0.85,3.7,7.05,0.75,76.7,132897245,1.12,0.85,2467725,0.9,2053545,11813490
2026-04-13T12:57:22.676,NF,NIFTY13APR2624200CE,0.85,3.7,7.05,0.75,76.7,132907255,1.12,0.85,2479620,0.9,2034435,11813490
2026-04-13T12:57:24.462,NF,NIFTY13APR2624200CE,0.85,3.7,7.05,0.75,76.7,132982265,1.12,0.85,2440815,0.9,2032095,11813490
2026-04-13T12:57:26.063,NF,NIFTY13APR2624200CE,0.85,3.7,7.05,0.75,76.7,132989025,1.12,0.85,2421315,0.9,2040220,11813490
2026-04-13T12:57:27.670,NF,NIFTY13APR2624200CE,0.9,3.7,7.05,0.75,76.7,132998580,1.12,0.85,2444130,0.9,2027155,11813490
2026-04-13T12:57:29.463,NF,NIFTY13APR2624200CE,0.85,3.7,7.05,0.75,76.7,133002935,1.12,0.85,2438540,0.9,2028715,11813490
2026-04-13T12:57:31.078,NF,NIFTY13APR2624200CE,0.9,3.7,7.05,0.75,76.7,133012295,1.12,0.85,2437240,0.9,2023190,11813490
2026-04-13T12:57:32.672,NF,NIFTY13APR2624200CE,0.85,3.7,7.05,0.75,76.7,133019770,1.12,0.85,2423330,0.9,2021370,11813490
2026-04-13T12:57:34.477,NF,NIFTY13APR2624200CE,0.85,3.7,7.05,0.75,76.7,133044925,1.12,0.85,2358005,0.9,2036775,11813490
2026-04-13T12:57:36.092,NF,NIFTY13APR2624200CE,0.85,3.7,7.05,0.75,76.7,133195920,1.12,0.8,2110290,0.85,1254630,11813490
2026-04-13T12:57:37.684,NF,NIFTY13APR2624200CE,0.8,3.7,7.05,0.75,76.7,133202810,1.12,0.8,2097615,0.85,1489475,11813490
2026-04-13T12:57:39.479,NF,NIFTY13APR2624200CE,0.85,3.7,7.05,0.75,76.7,133237975,1.12,0.8,2066480,0.85,1531725,11813490
2026-04-13T12:57:41.082,NF,NIFTY13APR2624200CE,0.8,3.7,7.05,0.75,76.7,133253900,1.12,0.8,2061345,0.85,1521910,11813490
2026-04-13T12:57:42.699,NF,NIFTY13APR2624200CE,0.8,3.7,7.05,0.75,76.7,133283280,1.12,0.8,2043990,0.85,1530685,11813490
2026-04-13T12:57:44.488,NF,NIFTY13APR2624200CE,0.8,3.7,7.05,0.75,76.7,133289975,1.12,0.8,2043470,0.85,1596075,11813490
2026-04-13T12:57:46.096,NF,NIFTY13APR2624200CE,0.85,3.7,7.05,0.75,76.7,133325790,1.12,0.8,2034045,0.85,1593865,11813490
2026-04-13T12:57:47.694,NF,NIFTY13APR2624200CE,0.8,3.7,7.05,0.75,76.7,133365505,1.12,0.8,1989195,0.85,1596595,11813490
2026-04-13T12:57:49.595,NF,NIFTY13APR2624200CE,0.8,3.7,7.05,0.75,76.7,133396250,1.12,0.8,1972880,0.85,1589640,11813490
2026-04-13T12:57:51.106,NF,NIFTY13APR2624200CE,0.8,3.7,7.05,0.75,76.7,133409835,1.12,0.8,1964365,0.85,1578460,11813490
2026-04-13T12:57:52.703,NF,NIFTY13APR2624200CE,0.8,3.7,7.05,0.75,76.7,133433365,1.12,0.8,1986270,0.85,1615575,11813490
2026-04-13T12:57:54.510,NF,NIFTY13APR2624200CE,0.85,3.7,7.05,0.75,76.7,133457025,1.12,0.8,2112240,0.85,1580085,11813490
2026-04-13T12:57:56.107,NF,NIFTY13APR2624200CE,0.8,3.7,7.05,0.75,76.7,133467360,1.12,0.8,2179190,0.85,1605890,11813490
2026-04-13T12:57:57.710,NF,NIFTY13APR2624200CE,0.8,3.7,7.05,0.75,76.7,133470155,1.12,0.8,1990105,0.85,1597050,11813490
2026-04-13T12:57:59.525,NF,NIFTY13APR2624200CE,0.85,3.7,7.05,0.75,76.7,133478930,1.12,0.8,2094040,0.85,1604915,11813490
2026-04-13T12:58:01.122,NF,NIFTY13APR2624200CE,0.85,3.7,7.05,0.75,76.7,133526835,1.12,0.8,2129855,0.85,1506830,11813490
2026-04-13T12:58:02.744,NF,NIFTY13APR2624200CE,0.85,3.7,7.05,0.75,76.7,133545880,1.12,0.8,2201550,0.85,1545570,11813490
2026-04-13T12:58:04.519,NF,NIFTY13APR2624200CE,0.85,3.7,7.05,0.75,76.7,133567720,1.12,0.8,1969370,0.85,1582100,11813490
2026-04-13T12:58:06.123,NF,NIFTY13APR2624200CE,0.8,3.7,7.05,0.75,76.7,133611075,1.12,0.8,1763255,0.85,1570400,11813490
2026-04-13T12:58:07.730,NF,NIFTY13APR2624200CE,0.8,3.7,7.05,0.75,76.7,133613610,1.12,0.8,1772615,0.85,1558570,11813490
2026-04-13T12:58:09.526,NF,NIFTY13APR2624200CE,0.8,3.7,7.05,0.75,76.7,133615820,1.12,0.8,1775020,0.85,1608165,11813490
2026-04-13T12:58:11.138,NF,NIFTY13APR2624200CE,0.8,3.7,7.05,0.75,76.7,133627260,1.12,0.8,1785225,0.85,1629355,11813490
2026-04-13T12:58:12.738,NF,NIFTY13APR2624200CE,0.8,3.7,7.05,0.75,76.7,133642665,1.12,0.8,1757210,0.85,1630590,11813490
2026-04-13T12:58:14.537,NF,NIFTY13APR2624200CE,0.85,3.7,7.05,0.75,76.7,133652545,1.12,0.8,1764360,0.85,1623440,11813490
2026-04-13T12:58:16.139,NF,NIFTY13APR2624200CE,0.85,3.7,7.05,0.75,76.7,133669575,1.12,0.8,1752530,0.85,1614340,11813490
2026-04-13T12:58:17.744,NF,NIFTY13APR2624200CE,0.8,3.7,7.05,0.75,76.7,133673605,1.12,0.8,1782885,0.85,1617135,11813490
2026-04-13T12:58:19.545,NF,NIFTY13APR2624200CE,0.85,3.7,7.05,0.75,76.7,133676855,1.12,0.8,1813695,0.85,1607190,11813490
2026-04-13T12:58:21.149,NF,NIFTY13APR2624200CE,0.85,3.7,7.05,0.75,76.7,133683485,1.12,0.8,1843205,0.85,1602315,11813490
2026-04-13T12:58:22.752,NF,NIFTY13APR2624200CE,0.85,3.7,7.05,0.75,76.7,134014855,1.12,0.85,1585805,0.9,2102750,11813490
2026-04-13T12:58:24.553,NF,NIFTY13APR2624200CE,0.85,3.7,7.05,0.75,76.7,134020770,1.12,0.85,1607060,0.9,2086955,11813490
2026-04-13T12:58:26.158,NF,NIFTY13APR2624200CE,0.85,3.7,7.05,0.75,76.7,134023695,1.12,0.85,1598090,0.9,2086955,11813490
2026-04-13T12:58:27.782,NF,NIFTY13APR2624200CE,0.9,3.7,7.05,0.75,76.7,134026230,1.12,0.85,1584180,0.9,2088450,11813490
2026-04-13T12:58:29.565,NF,NIFTY13APR2624200CE,0.9,3.7,7.05,0.75,76.7,134035200,1.12,0.85,1691170,0.9,2081495,11813490
2026-04-13T12:58:31.165,NF,NIFTY13APR2624200CE,0.9,3.7,7.05,0.75,76.7,134042805,1.12,0.85,1735695,0.9,2074410,11813490
2026-04-13T12:58:32.782,NF,NIFTY13APR2624200CE,0.85,3.7,7.05,0.75,76.7,134046445,1.12,0.85,1695265,0.9,2070250,11813490
2026-04-13T12:58:34.570,NF,NIFTY13APR2624200CE,0.9,3.7,7.05,0.75,76.7,134051580,1.12,0.85,1716130,0.9,2062255,11813490
2026-04-13T12:58:36.176,NF,NIFTY13APR2624200CE,0.85,3.7,7.05,0.75,76.7,134056065,1.12,0.85,1692470,0.9,2048670,11813490
2026-04-13T12:58:37.786,NF,NIFTY13APR2624200CE,0.85,3.7,7.05,0.75,76.7,134057430,1.12,0.85,1715740,0.9,2048670,11813490
2026-04-13T12:58:39.385,NF,NIFTY13APR2624200CE,0.85,3.7,7.05,0.75,76.7,134068155,1.12,0.85,1791855,0.9,2037620,11813490
2026-04-13T12:58:41.183,NF,NIFTY13APR2624200CE,0.9,3.7,7.05,0.75,76.7,134087525,1.12,0.85,1708525,0.9,1998945,11813490
2026-04-13T12:58:42.820,NF,NIFTY13APR2624200CE,0.85,3.7,7.05,0.75,76.7,134093635,1.12,0.85,1749410,0.9,2015715,11813490
2026-04-13T12:58:44.402,NF,NIFTY13APR2624200CE,0.9,3.7,7.05,0.75,76.7,134103385,1.12,0.85,1739400,0.9,2009475,11813490
2026-04-13T12:58:46.196,NF,NIFTY13APR2624200CE,0.9,3.7,7.05,0.75,76.7,134109365,1.12,0.85,1753180,0.9,2022735,11813490
2026-04-13T12:58:47.808,NF,NIFTY13APR2624200CE,0.9,3.7,7.05,0.75,76.7,134115670,1.12,0.85,1737840,0.9,2018965,11813490
2026-04-13T12:58:49.419,NF,NIFTY13APR2624200CE,0.9,3.7,7.05,0.75,76.7,134127695,1.12,0.85,1768260,0.9,2029820,11813490
2026-04-13T12:58:51.262,NF,NIFTY13APR2624200CE,0.9,3.7,7.05,0.75,76.7,134139005,1.12,0.85,1731665,0.9,2031445,11813490
2026-04-13T12:58:52.834,NF,NIFTY13APR2624200CE,0.9,3.7,7.05,0.75,76.7,134148235,1.12,0.85,1728545,0.9,2025855,11813490
2026-04-13T12:58:54.418,NF,NIFTY13APR2624200CE,0.85,3.7,7.05,0.75,76.7,134156750,1.12,0.85,1737190,0.9,2038725,11813490
2026-04-13T12:58:56.217,NF,NIFTY13APR2624200CE,0.85,3.7,7.05,0.75,76.7,134158635,1.12,0.85,1735240,0.9,2061085,11813490
2026-04-13T12:58:57.818,NF,NIFTY13APR2624200CE,0.85,3.7,7.05,0.75,76.7,134198870,1.12,0.85,1513720,0.9,2069795,11813490
2026-04-13T12:58:59.415,NF,NIFTY13APR2624200CE,0.85,3.7,7.05,0.75,76.7,134288440,1.12,0.8,2199990,0.85,1249170,11813490
2026-04-13T12:59:01.224,NF,NIFTY13APR2624200CE,0.85,3.7,7.05,0.75,76.7,134292990,1.12,0.8,2110030,0.85,1279655,11813490
2026-04-13T12:59:02.835,NF,NIFTY13APR2624200CE,0.85,3.7,7.05,0.75,76.7,134296630,1.12,0.8,2122185,0.85,1280370,11813490
2026-04-13T12:59:04.423,NF,NIFTY13APR2624200CE,0.8,3.7,7.05,0.75,76.7,134323800,1.12,0.8,2073760,0.85,1357720,11813490
2026-04-13T12:59:06.280,NF,NIFTY13APR2624200CE,0.85,3.7,7.05,0.75,76.7,134345120,1.12,0.8,1862640,0.85,1348295,11813490
2026-04-13T12:59:07.833,NF,NIFTY13APR2624200CE,0.8,3.7,7.05,0.75,76.7,134355780,1.12,0.8,2037035,0.85,1373125,11813490
2026-04-13T12:59:09.432,NF,NIFTY13APR2624200CE,0.8,3.7,7.05,0.75,76.7,134364685,1.12,0.8,2037100,0.85,1360580,11813490
2026-04-13T12:59:11.233,NF,NIFTY13APR2624200CE,0.85,3.7,7.05,0.75,76.7,134369170,1.12,0.8,2038790,0.85,1362790,11813490
2026-04-13T12:59:12.836,NF,NIFTY13APR2624200CE,0.85,3.7,7.05,0.75,76.7,134376515,1.12,0.8,2048280,0.85,1356030,12121785
2026-04-13T12:59:14.450,NF,NIFTY13APR2624200CE,0.8,3.7,7.05,0.75,76.7,134378920,1.12,0.8,2047955,0.85,1373385,12121785
2026-04-13T12:59:16.243,NF,NIFTY13APR2624200CE,0.8,3.7,7.05,0.75,76.7,134388150,1.12,0.8,2066610,0.85,1359475,12121785
2026-04-13T12:59:17.884,NF,NIFTY13APR2624200CE,0.8,3.7,7.05,0.75,76.7,134393675,1.12,0.8,2073630,0.85,1359540,12121785
2026-04-13T12:59:19.465,NF,NIFTY13APR2624200CE,0.85,3.7,7.05,0.75,76.7,134404140,1.12,0.8,2116140,0.85,1349465,12121785
2026-04-13T12:59:21.250,NF,NIFTY13APR2624200CE,0.85,3.7,7.05,0.75,76.7,134416555,1.12,0.8,2115815,0.85,1373515,12121785
2026-04-13T12:59:22.851,NF,NIFTY13APR2624200CE,0.85,3.7,7.05,0.75,76.7,134431635,1.12,0.8,2073175,0.85,1401140,12121785
2026-04-13T12:59:24.454,NF,NIFTY13APR2624200CE,0.8,3.7,7.05,0.75,76.7,134435275,1.12,0.8,2059785,0.85,1398995,12121785
2026-04-13T12:59:26.255,NF,NIFTY13APR2624200CE,0.85,3.7,7.05,0.75,76.7,134441190,1.12,0.8,2054975,0.85,1406275,12121785
2026-04-13T12:59:27.867,NF,NIFTY13APR2624200CE,0.8,3.7,7.05,0.75,76.7,134453930,1.12,0.8,2086565,0.85,1405495,12121785
2026-04-13T12:59:29.473,NF,NIFTY13APR2624200CE,0.85,3.7,7.05,0.75,76.7,134454645,1.12,0.8,2039310,0.85,1391650,12121785
2026-04-13T12:59:31.064,NF,NIFTY13APR2624200CE,0.85,3.7,7.05,0.75,76.7,134461990,1.12,0.8,2039700,0.85,1364545,12121785
2026-04-13T12:59:32.876,NF,NIFTY13APR2624200CE,0.85,3.7,7.05,0.75,76.7,134469335,1.12,0.8,2048215,0.85,1366040,12121785
2026-04-13T12:59:34.476,NF,NIFTY13APR2624200CE,0.8,3.7,7.05,0.75,76.7,134471805,1.12,0.8,2031965,0.85,1419860,12121785
2026-04-13T12:59:36.080,NF,NIFTY13APR2624200CE,0.8,3.7,7.05,0.75,76.7,134479020,1.12,0.8,2025270,0.85,1404520,12121785
2026-04-13T12:59:37.873,NF,NIFTY13APR2624200CE,0.85,3.7,7.05,0.75,76.7,134490070,1.12,0.8,2021175,0.85,1406990,12121785
2026-04-13T12:59:39.479,NF,NIFTY13APR2624200CE,0.85,3.7,7.05,0.75,76.7,134493125,1.12,0.8,2013180,0.85,1408290,12121785
2026-04-13T12:59:41.082,NF,NIFTY13APR2624200CE,0.85,3.7,7.05,0.75,76.7,134504110,1.12,0.8,1998620,0.85,1378455,12121785
2026-04-13T12:59:42.682,NF,NIFTY13APR2624200CE,0.8,3.7,7.05,0.75,76.7,134505735,1.12,0.8,1994590,0.85,1379820,12121785
2026-04-13T12:59:44.491,NF,NIFTY13APR2624200CE,0.8,3.7,7.05,0.75,76.7,134509180,1.12,0.8,1992900,0.85,1385930,12121785
2026-04-13T12:59:46.098,NF,NIFTY13APR2624200CE,0.8,3.7,7.05,0.75,76.7,134520425,1.12,0.8,2026180,0.85,1359865,12121785
2026-04-13T12:59:47.711,NF,NIFTY13APR2624200CE,0.8,3.7,7.05,0.75,76.7,134540380,1.12,0.8,2051400,0.85,1258335,12121785
2026-04-13T12:59:49.492,NF,NIFTY13APR2624200CE,0.85,3.7,7.05,0.75,76.7,134635020,1.12,0.85,1438060,0.9,1991990,12121785
2026-04-13T12:59:51.094,NF,NIFTY13APR2624200CE,0.85,3.7,7.05,0.75,76.7,134636645,1.12,0.85,1673100,0.9,2027935,12121785
2026-04-13T12:59:52.705,NF,NIFTY13APR2624200CE,0.85,3.7,7.05,0.75,76.7,134641065,1.12,0.85,1665300,0.9,2023840,12121785
2026-04-13T12:59:54.495,NF,NIFTY13APR2624200CE,0.85,3.7,7.05,0.75,76.7,134652830,1.12,0.85,1657110,0.9,2007395,12121785
2026-04-13T12:59:56.099,NF,NIFTY13APR2624200CE,0.85,3.7,7.05,0.75,76.7,134693390,1.12,0.85,1683695,0.9,2004795,12121785
2026-04-13T12:59:57.707,NF,NIFTY13APR2624200CE,0.9,3.7,7.05,0.75,76.7,134765735,1.12,0.85,1573845,0.9,1983280,12121785
2026-04-13T12:59:59.503,NF,NIFTY13APR2624200CE,0.9,3.7,7.05,0.75,76.7,134780880,1.12,0.85,1691885,0.9,1969955,12121785
2026-04-13T13:00:01.111,NF,NIFTY13APR2624200CE,0.9,3.7,7.05,0.75,76.7,134897945,1.12,0.85,1704430,0.9,746980,12121785
2026-04-13T13:00:02.722,NF,NIFTY13APR2624200CE,0.85,3.7,7.05,0.75,76.7,134904705,1.12,0.85,1763710,0.9,781885,12121785
2026-04-13T13:00:04.529,NF,NIFTY13APR2624200CE,0.85,3.7,7.05,0.75,76.7,134911855,1.12,0.85,1762930,0.9,758290,12121785
2026-04-13T13:00:06.118,NF,NIFTY13APR2624200CE,0.85,3.7,7.05,0.75,76.7,134920305,1.12,0.85,1760720,0.9,762775,12121785
2026-04-13T13:00:07.727,NF,NIFTY13APR2624200CE,0.85,3.7,7.05,0.75,76.7,134929210,1.12,0.85,1762280,0.9,769405,12121785
2026-04-13T13:00:09.530,NF,NIFTY13APR2624200CE,0.85,3.7,7.05,0.75,76.7,134933955,1.12,0.85,1781130,0.9,752635,12121785
2026-04-13T13:00:11.121,NF,NIFTY13APR2624200CE,0.85,3.7,7.05,0.75,76.7,134943055,1.12,0.85,1766050,0.9,754715,12121785
2026-04-13T13:00:12.724,NF,NIFTY13APR2624200CE,0.9,3.7,7.05,0.75,76.7,134950270,1.12,0.85,1769755,0.9,755430,12121785
2026-04-13T13:00:14.533,NF,NIFTY13APR2624200CE,0.9,3.7,7.05,0.75,76.7,134952025,1.12,0.85,1794845,0.9,742755,12121785
2026-04-13T13:00:16.129,NF,NIFTY13APR2624200CE,0.85,3.7,7.05,0.75,76.7,134955080,1.12,0.85,1776385,0.9,754000,12121785
2026-04-13T13:00:17.738,NF,NIFTY13APR2624200CE,0.85,3.7,7.05,0.75,76.7,134955340,1.12,0.85,1772095,0.9,755040,12121785
2026-04-13T13:00:19.531,NF,NIFTY13APR2624200CE,0.9,3.7,7.05,0.75,76.7,134958135,1.12,0.85,1766310,0.9,773045,12121785
2026-04-13T13:00:21.133,NF,NIFTY13APR2624200CE,0.9,3.7,7.05,0.75,76.7,134969640,1.12,0.85,1764750,0.9,778245,12121785
2026-04-13T13:00:22.745,NF,NIFTY13APR2624200CE,0.85,3.7,7.05,0.75,76.7,134972045,1.12,0.85,1667315,0.9,766870,12121785
2026-04-13T13:00:24.539,NF,NIFTY13APR2624200CE,0.9,3.7,7.05,0.75,76.7,134973800,1.12,0.85,1666210,0.9,760175,12121785
2026-04-13T13:00:26.144,NF,NIFTY13APR2624200CE,0.85,3.7,7.05,0.75,76.7,134981535,1.12,0.85,1668680,0.9,759330,12121785
2026-04-13T13:00:27.756,NF,NIFTY13APR2624200CE,0.9,3.7,7.05,0.75,76.7,134987840,1.12,0.85,1666210,0.9,764465,12121785
2026-04-13T13:00:29.548,NF,NIFTY13APR2624200CE,0.9,3.7,7.05,0.75,76.7,134995185,1.12,0.85,1665105,0.9,754845,12121785
2026-04-13T13:00:31.194,NF,NIFTY13APR2624200CE,0.85,3.7,7.05,0.75,76.7,135011760,1.12,0.85,1657305,0.9,704145,12121785
2026-04-13T13:00:32.794,NF,NIFTY13APR2624200CE,0.9,3.7,7.05,0.75,76.7,135015985,1.12,0.85,1649830,0.9,758875,12121785
2026-04-13T13:00:34.360,NF,NIFTY13APR2624200CE,0.85,3.7,7.05,0.75,76.7,135026060,1.12,0.85,1656915,0.9,752505,12121785
2026-04-13T13:00:36.162,NF,NIFTY13APR2624200CE,0.85,3.7,7.05,0.75,76.7,135033600,1.12,0.85,1653730,0.9,732095,12121785
2026-04-13T13:00:37.769,NF,NIFTY13APR2624200CE,0.85,3.7,7.05,0.75,76.7,135039125,1.12,0.85,1651260,0.9,732355,12121785
2026-04-13T13:00:39.367,NF,NIFTY13APR2624200CE,0.9,3.7,7.05,0.75,76.7,135047250,1.12,0.85,1654770,0.9,730600,12121785
2026-04-13T13:00:40.971,NF,NIFTY13APR2624200CE,0.85,3.7,7.05,0.75,76.7,135060770,1.12,0.85,1696695,0.9,732940,12121785
2026-04-13T13:00:42.770,NF,NIFTY13APR2624200CE,0.9,3.7,7.05,0.75,76.7,135072535,1.12,0.85,1689870,0.9,733200,12121785
2026-04-13T13:00:44.371,NF,NIFTY13APR2624200CE,0.9,3.7,7.05,0.75,76.7,135075785,1.12,0.85,1694485,0.9,715260,12121785
2026-04-13T13:00:45.973,NF,NIFTY13APR2624200CE,0.9,3.7,7.05,0.75,76.7,135076045,1.12,0.85,1687205,0.9,747630,12121785
2026-04-13T13:00:47.778,NF,NIFTY13APR2624200CE,0.85,3.7,7.05,0.75,76.7,135082090,1.12,0.85,1707615,0.9,725790,12121785
2026-04-13T13:00:49.380,NF,NIFTY13APR2624200CE,0.85,3.7,7.05,0.75,76.7,135086445,1.12,0.85,1700270,0.9,730730,12121785
2026-04-13T13:00:50.982,NF,NIFTY13APR2624200CE,0.9,3.7,7.05,0.75,76.7,135097105,1.12,0.85,1794975,0.9,744705,12121785
2026-04-13T13:00:52.794,NF,NIFTY13APR2624200CE,0.9,3.7,7.05,0.75,76.7,135100030,1.12,0.85,1799135,0.9,734695,12121785
2026-04-13T13:00:54.393,NF,NIFTY13APR2624200CE,0.85,3.7,7.05,0.75,76.7,135101070,1.12,0.85,1795560,0.9,730730,12121785
2026-04-13T13:00:55.989,NF,NIFTY13APR2624200CE,0.9,3.7,7.05,0.75,76.7,135106335,1.12,0.85,1803945,0.9,735280,12121785
2026-04-13T13:00:57.792,NF,NIFTY13APR2624200CE,0.9,3.7,7.05,0.75,76.7,135130645,1.12,0.85,1840280,0.9,858650,12121785
2026-04-13T13:00:59.396,NF,NIFTY13APR2624200CE,0.85,3.7,7.05,0.75,76.7,135132660,1.12,0.85,1876225,0.9,840320,12121785
2026-04-13T13:01:00.999,NF,NIFTY13APR2624200CE,0.85,3.7,7.05,0.75,76.7,135134025,1.12,0.85,1944085,0.9,848510,12121785
2026-04-13T13:01:02.800,NF,NIFTY13APR2624200CE,0.9,3.7,7.05,0.75,76.7,135154370,1.12,0.85,1875640,0.9,864240,12121785
2026-04-13T13:01:04.405,NF,NIFTY13APR2624200CE,0.9,3.7,7.05,0.75,76.7,135155085,1.12,0.85,1846520,0.9,868725,12121785
2026-04-13T13:01:06.006,NF,NIFTY13APR2624200CE,0.85,3.7,7.05,0.75,76.7,135193760,1.12,0.85,1869530,0.9,793975,12121785
2026-04-13T13:01:07.809,NF,NIFTY13APR2624200CE,0.85,3.7,7.05,0.75,76.7,135202860,1.12,0.85,1904435,0.9,944190,12121785
2026-04-13T13:01:09.411,NF,NIFTY13APR2624200CE,0.85,3.7,7.05,0.75,76.7,135204355,1.12,0.85,1875380,0.9,937625,12121785
2026-04-13T13:01:11.016,NF,NIFTY13APR2624200CE,0.9,3.7,7.05,0.75,76.7,135216315,1.12,0.85,1868880,0.9,932620,12121785
2026-04-13T13:01:12.822,NF,NIFTY13APR2624200CE,0.85,3.7,7.05,0.75,76.7,135217810,1.12,0.85,1869595,0.9,927160,12121785
2026-04-13T13:01:14.424,NF,NIFTY13APR2624200CE,0.85,3.7,7.05,0.75,76.7,135219630,1.12,0.85,1883115,0.9,940810,12121785
2026-04-13T13:01:16.035,NF,NIFTY13APR2624200CE,0.85,3.7,7.05,0.75,76.7,135221255,1.12,0.85,1875575,0.9,940875,12121785
2026-04-13T13:01:17.628,NF,NIFTY13APR2624200CE,0.9,3.7,7.05,0.75,76.7,135262400,1.12,0.85,1931215,0.9,946075,12121785
2026-04-13T13:01:19.440,NF,NIFTY13APR2624200CE,0.9,3.7,7.05,0.75,76.7,135268380,1.12,0.85,1916785,0.9,957450,12121785
2026-04-13T13:01:21.035,NF,NIFTY13APR2624200CE,0.85,3.7,7.05,0.75,76.7,135296915,1.12,0.85,1958710,0.9,965120,12121785
2026-04-13T13:01:22.638,NF,NIFTY13APR2624200CE,0.85,3.7,7.05,0.75,76.7,135299450,1.12,0.85,1941680,0.9,970190,12121785
2026-04-13T13:01:24.433,NF,NIFTY13APR2624200CE,0.85,3.7,7.05,0.75,76.7,135317715,1.12,0.85,1959815,0.9,970840,12121785
2026-04-13T13:01:26.040,NF,NIFTY13APR2624200CE,0.9,3.7,7.05,0.75,76.7,135324410,1.12,0.85,2074735,0.9,999245,12121785
2026-04-13T13:01:27.645,NF,NIFTY13APR2624200CE,0.85,3.7,7.05,0.75,76.7,135327335,1.12,0.85,2085525,0.9,995540,12121785
2026-04-13T13:01:29.444,NF,NIFTY13APR2624200CE,0.9,3.7,7.05,0.75,76.7,135327595,1.12,0.85,2072330,0.9,1010230,12121785
2026-04-13T13:01:31.048,NF,NIFTY13APR2624200CE,0.9,3.7,7.05,0.75,76.7,135348720,1.12,0.85,2055820,0.9,992420,12121785
2026-04-13T13:01:32.656,NF,NIFTY13APR2624200CE,0.85,3.7,7.05,0.75,76.7,135364710,1.12,0.85,2076100,0.9,1004055,12121785
2026-04-13T13:01:34.464,NF,NIFTY13APR2624200CE,0.9,3.7,7.05,0.75,76.7,135398055,1.12,0.85,2028000,0.9,878865,12121785
2026-04-13T13:01:36.074,NF,NIFTY13APR2624200CE,0.95,3.7,7.05,0.75,76.7,135486325,1.12,0.9,1809795,0.95,2003365,12121785
2026-04-13T13:01:37.655,NF,NIFTY13APR2624200CE,0.9,3.7,7.05,0.75,76.7,135494580,1.12,0.9,1857180,0.95,2029235,12121785
2026-04-13T13:01:39.474,NF,NIFTY13APR2624200CE,0.9,3.7,7.05,0.75,76.7,135573100,1.12,0.9,1624935,0.95,2006680,12121785
2026-04-13T13:01:41.088,NF,NIFTY13APR2624200CE,0.95,3.7,7.05,0.75,76.7,135581030,1.12,0.9,1833520,0.95,2010255,12121785
2026-04-13T13:01:42.687,NF,NIFTY13APR2624200CE,0.9,3.7,7.05,0.75,76.7,135582070,1.12,0.9,1791010,0.95,2030535,12121785
2026-04-13T13:01:44.468,NF,NIFTY13APR2624200CE,0.95,3.7,7.05,0.75,76.7,135583435,1.12,0.9,1828190,0.95,2039830,12121785
2026-04-13T13:01:46.068,NF,NIFTY13APR2624200CE,0.95,3.7,7.05,0.75,76.7,135589610,1.12,0.9,1817205,0.95,2020525,12121785
2026-04-13T13:01:47.672,NF,NIFTY13APR2624200CE,0.9,3.7,7.05,0.75,76.7,135591690,1.12,0.9,1787175,0.95,2034565,12121785
2026-04-13T13:01:49.472,NF,NIFTY13APR2624200CE,0.9,3.7,7.05,0.75,76.7,135591820,1.12,0.9,1771055,0.95,2045940,12121785
2026-04-13T13:01:51.080,NF,NIFTY13APR2624200CE,0.9,3.7,7.05,0.75,76.7,135592080,1.12,0.9,1776060,0.95,2046200,12121785
2026-04-13T13:01:52.699,NF,NIFTY13APR2624200CE,0.9,3.7,7.05,0.75,76.7,135595135,1.12,0.9,1767415,0.95,2050035,12121785
2026-04-13T13:01:54.480,NF,NIFTY13APR2624200CE,0.95,3.7,7.05,0.75,76.7,135596760,1.12,0.9,1780935,0.95,2035215,12121785
2026-04-13T13:01:56.089,NF,NIFTY13APR2624200CE,0.95,3.7,7.05,0.75,76.7,135612295,1.12,0.9,1783470,0.95,1995955,12121785
2026-04-13T13:01:57.696,NF,NIFTY13APR2624200CE,0.9,3.7,7.05,0.75,76.7,135624710,1.12,0.9,1779765,0.95,1957540,12121785
2026-04-13T13:01:59.489,NF,NIFTY13APR2624200CE,0.9,3.7,7.05,0.75,76.7,135625685,1.12,0.9,1775670,0.95,1962740,12121785
2026-04-13T13:02:01.097,NF,NIFTY13APR2624200CE,0.95,3.7,7.05,0.75,76.7,135648695,1.12,0.9,1806285,0.95,1966705,12121785
2026-04-13T13:02:02.722,NF,NIFTY13APR2624200CE,0.95,3.7,7.05,0.75,76.7,135790915,1.12,0.95,437385,1.0,1721720,12121785
2026-04-13T13:02:04.497,NF,NIFTY13APR2624200CE,0.95,3.7,7.05,0.75,76.7,135814770,1.12,0.95,1537315,1.0,1774500,12121785
2026-04-13T13:02:06.119,NF,NIFTY13APR2624200CE,1.0,3.7,7.05,0.75,76.7,135896150,1.12,0.95,1466660,1.0,1765140,12121785
2026-04-13T13:02:07.723,NF,NIFTY13APR2624200CE,0.95,3.7,7.05,0.75,76.7,135903170,1.12,0.95,1501175,1.0,1767285,12121785
2026-04-13T13:02:09.520,NF,NIFTY13APR2624200CE,1.0,3.7,7.05,0.75,76.7,135906095,1.12,0.95,1498445,1.0,1772355,12121785
2026-04-13T13:02:11.119,NF,NIFTY13APR2624200CE,0.95,3.7,7.05,0.75,76.7,135920135,1.12,0.95,1401790,1.0,1781390,12121785
2026-04-13T13:02:12.726,NF,NIFTY13APR2624200CE,0.95,3.7,7.05,0.75,76.7,135930275,1.12,0.95,1411280,1.0,1781585,12155585
2026-04-13T13:02:14.514,NF,NIFTY13APR2624200CE,0.95,3.7,7.05,0.75,76.7,135934760,1.12,0.95,1470755,1.0,1781195,12155585
2026-04-13T13:02:16.132,NF,NIFTY13APR2624200CE,0.95,3.7,7.05,0.75,76.7,135935410,1.12,0.95,1470040,1.0,1782235,12155585
2026-04-13T13:02:17.728,NF,NIFTY13APR2624200CE,0.95,3.7,7.05,0.75,76.7,135939180,1.12,0.95,1383850,1.0,1781260,12155585
2026-04-13T13:02:19.522,NF,NIFTY13APR2624200CE,0.95,3.7,7.05,0.75,76.7,136056765,1.12,0.95,1251900,1.0,1776320,12155585
2026-04-13T13:02:21.132,NF,NIFTY13APR2624200CE,0.95,3.7,7.05,0.75,76.7,136089005,1.12,0.95,1264380,1.0,1760915,12155585
2026-04-13T13:02:22.752,NF,NIFTY13APR2624200CE,0.95,3.7,7.05,0.75,76.7,136159270,1.12,0.9,2858440,0.95,1793090,12155585
2026-04-13T13:02:26.147,NF,NIFTY13APR2624200CE,0.9,3.7,7.05,0.75,76.7,136181825,1.12,0.9,2760095,0.95,1777620,12155585
2026-04-13T13:02:27.741,NF,NIFTY13APR2624200CE,0.9,3.7,7.05,0.75,76.7,136187285,1.12,0.9,2695160,0.95,1792700,12155585
2026-04-13T13:02:29.547,NF,NIFTY13APR2624200CE,0.9,3.7,7.05,0.75,76.7,136196970,1.12,0.9,2692560,0.95,1802580,12155585
2026-04-13T13:02:31.153,NF,NIFTY13APR2624200CE,0.9,3.7,7.05,0.75,76.7,136208670,1.12,0.9,2562430,0.95,1802645,12155585
2026-04-13T13:02:32.747,NF,NIFTY13APR2624200CE,0.9,3.7,7.05,0.75,76.7,136232460,1.12,0.9,2581735,0.95,1805050,12155585
2026-04-13T13:02:34.550,NF,NIFTY13APR2624200CE,0.95,3.7,7.05,0.75,76.7,136248320,1.12,0.9,2566005,0.95,1820000,12155585
2026-04-13T13:02:36.158,NF,NIFTY13APR2624200CE,0.9,3.7,7.05,0.75,76.7,136255600,1.12,0.9,2488525,0.95,1822275,12155585
2026-04-13T13:02:37.757,NF,NIFTY13APR2624200CE,0.95,3.7,7.05,0.75,76.7,136277115,1.12,0.9,2507310,0.95,1809600,12155585
2026-04-13T13:02:39.169,NF,NIFTY13APR2624200CE,0.9,3.7,7.05,0.75,76.7,136293820,1.12,0.9,2490605,0.95,1809665,12155585
2026-04-13T13:02:40.770,NF,NIFTY13APR2624200CE,0.9,3.7,7.05,0.75,76.7,136301490,1.12,0.9,2491840,0.95,1815385,12155585
2026-04-13T13:02:42.375,NF,NIFTY13APR2624200CE,0.9,3.7,7.05,0.75,76.7,136324435,1.12,0.9,2469935,0.95,1822600,12155585
2026-04-13T13:02:44.164,NF,NIFTY13APR2624200CE,0.9,3.7,7.05,0.75,76.7,136340035,1.12,0.9,2454855,0.95,1837095,12155585
2026-04-13T13:02:45.772,NF,NIFTY13APR2624200CE,0.9,3.7,7.05,0.75,76.7,136351150,1.12,0.9,2445495,0.95,1837745,12155585
2026-04-13T13:02:47.421,NF,NIFTY13APR2624200CE,0.9,3.7,7.05,0.75,76.7,136354855,1.12,0.9,2442570,0.95,1835145,12155585
2026-04-13T13:02:49.181,NF,NIFTY13APR2624200CE,0.9,3.7,7.05,0.75,76.7,136360055,1.12,0.9,2437760,0.95,1839565,12155585
2026-04-13T13:02:50.779,NF,NIFTY13APR2624200CE,0.95,3.7,7.05,0.75,76.7,136365710,1.12,0.9,2436005,0.95,1862185,12155585
2026-04-13T13:02:52.394,NF,NIFTY13APR2624200CE,0.9,3.7,7.05,0.75,76.7,136404320,1.12,0.9,2420340,0.95,1862315,12155585
2026-04-13T13:02:54.183,NF,NIFTY13APR2624200CE,0.9,3.7,7.05,0.75,76.7,136421285,1.12,0.9,2430480,0.95,1871090,12155585
2026-04-13T13:02:55.795,NF,NIFTY13APR2624200CE,0.95,3.7,7.05,0.75,76.7,136444230,1.12,0.9,2421770,0.95,1877265,12155585
2026-04-13T13:02:57.441,NF,NIFTY13APR2624200CE,0.9,3.7,7.05,0.75,76.7,136465485,1.12,0.9,2433080,0.95,1865695,12155585
2026-04-13T13:02:59.186,NF,NIFTY13APR2624200CE,0.9,3.7,7.05,0.75,76.7,136492005,1.12,0.9,2405975,0.95,1865955,12155585
2026-04-13T13:03:00.792,NF,NIFTY13APR2624200CE,0.9,3.7,7.05,0.75,76.7,136512025,1.12,0.9,2384980,0.95,1866605,12155585
2026-04-13T13:03:02.395,NF,NIFTY13APR2624200CE,0.95,3.7,7.05,0.75,76.7,136550180,1.12,0.9,2366780,0.95,1868620,12155585
2026-04-13T13:03:04.197,NF,NIFTY13APR2624200CE,0.9,3.7,7.05,0.75,76.7,136558695,1.12,0.9,2358850,0.95,1867645,12155585
2026-04-13T13:03:05.803,NF,NIFTY13APR2624200CE,0.9,3.7,7.05,0.75,76.7,136563050,1.12,0.9,2354950,0.95,1858870,12155585
2026-04-13T13:03:07.405,NF,NIFTY13APR2624200CE,0.95,3.7,7.05,0.75,76.7,136566690,1.12,0.9,2351375,0.95,1856855,12155585
2026-04-13T13:03:09.228,NF,NIFTY13APR2624200CE,0.9,3.7,7.05,0.75,76.7,136597045,1.12,0.9,2340845,0.95,1862055,12155585
2026-04-13T13:03:10.844,NF,NIFTY13APR2624200CE,0.95,3.7,7.05,0.75,76.7,136605820,1.12,0.9,2358070,0.95,1875055,12155585
2026-04-13T13:03:12.437,NF,NIFTY13APR2624200CE,0.95,3.7,7.05,0.75,76.7,136625255,1.12,0.9,2341430,0.95,1869725,12155585
2026-04-13T13:03:14.253,NF,NIFTY13APR2624200CE,0.9,3.7,7.05,0.75,76.7,136719375,1.12,0.85,1559285,0.9,1454960,12155585
2026-04-13T13:03:15.844,NF,NIFTY13APR2624200CE,0.85,3.7,7.05,0.75,76.7,136810635,1.12,0.8,1556035,0.85,1507870,12155585
2026-04-13T13:03:17.450,NF,NIFTY13APR2624200CE,0.85,3.7,7.05,0.75,76.7,136847165,1.12,0.8,1353885,0.85,1692405,12155585
2026-04-13T13:03:19.245,NF,NIFTY13APR2624200CE,0.8,3.7,7.05,0.75,76.7,136960590,1.12,0.75,1888185,0.8,1395420,12155585
2026-04-13T13:03:20.844,NF,NIFTY13APR2624200CE,0.75,3.7,7.05,0.75,76.7,136967350,1.12,0.75,1880060,0.8,1566500,12155585
2026-04-13T13:03:22.439,NF,NIFTY13APR2624200CE,0.8,3.7,7.05,0.75,76.7,136975410,1.12,0.75,1873560,0.8,1568970,12155585
2026-04-13T13:03:24.254,NF,NIFTY13APR2624200CE,0.8,3.7,7.05,0.75,76.7,136978790,1.12,0.75,1870440,0.8,1567345,12155585
2026-04-13T13:03:25.870,NF,NIFTY13APR2624200CE,0.8,3.7,7.05,0.75,76.7,136987500,1.12,0.75,1862445,0.8,1563315,12155585
2026-04-13T13:03:27.475,NF,NIFTY13APR2624200CE,0.8,3.7,7.05,0.75,76.7,136999005,1.12,0.75,1874730,0.8,1572545,12155585
2026-04-13T13:03:29.246,NF,NIFTY13APR2624200CE,0.75,3.7,7.05,0.75,76.7,137013630,1.12,0.75,1867320,0.8,1568125,12155585
2026-04-13T13:03:30.871,NF,NIFTY13APR2624200CE,0.75,3.7,7.05,0.75,76.7,137031440,1.12,0.75,1835405,0.8,1604590,12155585
2026-04-13T13:03:32.454,NF,NIFTY13APR2624200CE,0.75,3.7,7.05,0.75,76.7,137035795,1.12,0.75,1827865,0.8,1604070,12155585
2026-04-13T13:03:34.242,NF,NIFTY13APR2624200CE,0.75,3.7,7.05,0.75,76.7,137044115,1.12,0.75,1824160,0.8,1600170,12155585
2026-04-13T13:03:35.856,NF,NIFTY13APR2624200CE,0.8,3.7,7.05,0.75,76.7,137088250,1.12,0.75,1802450,0.8,1610505,12155585
2026-04-13T13:03:37.454,NF,NIFTY13APR2624200CE,0.8,3.7,7.05,0.75,76.7,137099495,1.12,0.75,1808430,0.8,1603030,12155585
2026-04-13T13:03:39.458,NF,NIFTY13APR2624200CE,0.8,3.7,7.05,0.75,76.7,137131800,1.12,0.75,1816880,0.8,1587885,12155585
2026-04-13T13:03:41.081,NF,NIFTY13APR2624200CE,0.75,3.7,7.05,0.75,76.7,137178990,1.12,0.75,1772290,0.8,1635205,12155585
2026-04-13T13:03:42.871,NF,NIFTY13APR2624200CE,0.75,3.7,7.05,0.75,76.7,137204145,1.12,0.75,1778985,0.8,1610765,12155585
2026-04-13T13:03:44.463,NF,NIFTY13APR2624200CE,0.8,3.7,7.05,0.75,76.7,137238855,1.11,0.75,1760135,0.8,1599520,12155585
2026-04-13T13:03:46.080,NF,NIFTY13APR2624200CE,0.75,3.7,7.05,0.75,76.7,137264205,1.11,0.75,1733030,0.8,1584765,12155585
2026-04-13T13:03:47.880,NF,NIFTY13APR2624200CE,0.75,3.7,7.05,0.75,76.7,137295210,1.11,0.75,1728090,0.8,1632605,12155585
2026-04-13T13:03:49.498,NF,NIFTY13APR2624200CE,0.75,3.7,7.05,0.75,76.7,137298460,1.11,0.75,1698385,0.8,1657435,12155585
2026-04-13T13:03:51.115,NF,NIFTY13APR2624200CE,0.75,3.7,7.05,0.75,76.7,137317180,1.11,0.75,1693185,0.8,1653405,12155585
2026-04-13T13:03:52.875,NF,NIFTY13APR2624200CE,0.75,3.7,7.05,0.75,76.7,137333560,1.11,0.75,1685060,0.8,1652885,12155585
2026-04-13T13:03:54.477,NF,NIFTY13APR2624200CE,0.8,3.7,7.05,0.75,76.7,137342335,1.11,0.75,1689090,0.8,1640730,12155585
2026-04-13T13:03:56.094,NF,NIFTY13APR2624200CE,0.8,3.7,7.05,0.75,76.7,137375810,1.11,0.75,1681875,0.8,1648140,12155585
2026-04-13T13:03:57.911,NF,NIFTY13APR2624200CE,0.8,3.7,7.05,0.75,76.7,137378150,1.11,0.75,1684215,0.8,1674725,12155585
2026-04-13T13:03:59.480,NF,NIFTY13APR2624200CE,0.75,3.7,7.05,0.75,76.7,137385495,1.11,0.75,1692275,0.8,1679535,12155585
2026-04-13T13:04:01.107,NF,NIFTY13APR2624200CE,0.8,3.7,7.05,0.75,76.7,137391865,1.11,0.75,1696305,0.8,1676220,12155585
2026-04-13T13:04:02.904,NF,NIFTY13APR2624200CE,0.8,3.7,7.05,0.75,76.7,137395570,1.11,0.75,1696695,0.8,1691560,12155585
2026-04-13T13:04:04.503,NF,NIFTY13APR2624200CE,0.8,3.7,7.05,0.75,76.7,137396935,1.11,0.75,1720810,0.8,1688830,12155585
2026-04-13T13:04:06.103,NF,NIFTY13APR2624200CE,0.8,3.7,7.05,0.75,76.7,137401290,1.11,0.75,1722825,0.8,1686685,12155585
2026-04-13T13:04:07.890,NF,NIFTY13APR2624200CE,0.8,3.7,7.05,0.75,76.7,137412795,1.11,0.75,1720680,0.8,1682980,12155585
2026-04-13T13:04:09.515,NF,NIFTY13APR2624200CE,0.75,3.7,7.05,0.75,76.7,137419815,1.11,0.75,1721850,0.8,1691365,12155585
2026-04-13T13:04:11.110,NF,NIFTY13APR2624200CE,0.75,3.7,7.05,0.75,76.7,137446075,1.11,0.75,1695590,0.8,1682395,12155585
2026-04-13T13:04:12.913,NF,NIFTY13APR2624200CE,0.75,3.7,7.05,0.75,76.7,137485855,1.11,0.75,1658540,0.8,1671280,12155585
2026-04-13T13:04:14.521,NF,NIFTY13APR2624200CE,0.8,3.7,7.05,0.75,76.7,137493915,1.11,0.75,1659645,0.8,1665105,12155585
2026-04-13T13:04:16.108,NF,NIFTY13APR2624200CE,0.8,3.7,7.05,0.75,76.7,137495020,1.11,0.75,1601795,0.8,1664325,12155585
2026-04-13T13:04:17.926,NF,NIFTY13APR2624200CE,0.75,3.7,7.05,0.75,76.7,137500090,1.11,0.75,1589705,0.8,1662310,12155585
2026-04-13T13:04:19.521,NF,NIFTY13APR2624200CE,0.75,3.7,7.05,0.75,76.7,137629895,1.11,0.7,2417155,0.75,1073995,12155585
2026-04-13T13:04:21.133,NF,NIFTY13APR2624200CE,0.75,3.7,7.05,0.7,76.7,137693335,1.11,0.7,2419300,0.75,1559090,12155585
2026-04-13T13:04:22.932,NF,NIFTY13APR2624200CE,0.75,3.7,7.05,0.7,76.7,137721545,1.11,0.7,2387450,0.75,1583595,12155585
2026-04-13T13:04:24.532,NF,NIFTY13APR2624200CE,0.75,3.7,7.05,0.7,76.7,137726095,1.11,0.7,2382835,0.75,1574040,12155585
2026-04-13T13:04:26.129,NF,NIFTY13APR2624200CE,0.75,3.7,7.05,0.7,76.7,137742475,1.11,0.7,2362360,0.75,1575860,12155585
2026-04-13T13:04:27.935,NF,NIFTY13APR2624200CE,0.75,3.7,7.05,0.7,76.7,137752160,1.11,0.7,2347735,0.75,1568320,12155585
2026-04-13T13:04:29.527,NF,NIFTY13APR2624200CE,0.7,3.7,7.05,0.7,76.7,137761650,1.11,0.7,2374060,0.75,1568710,12155585
2026-04-13T13:04:31.145,NF,NIFTY13APR2624200CE,0.75,3.7,7.05,0.7,76.7,137769515,1.11,0.7,2374970,0.75,1565330,12155585
2026-04-13T13:04:32.942,NF,NIFTY13APR2624200CE,0.7,3.7,7.05,0.7,76.7,137774455,1.11,0.7,2371590,0.75,1562600,12155585
2026-04-13T13:04:34.549,NF,NIFTY13APR2624200CE,0.7,3.7,7.05,0.7,76.7,137787455,1.11,0.7,2375490,0.75,1558570,12155585
2026-04-13T13:04:36.142,NF,NIFTY13APR2624200CE,0.7,3.7,7.05,0.7,76.7,137793630,1.11,0.7,2379390,0.75,1569685,12155585
2026-04-13T13:04:37.939,NF,NIFTY13APR2624200CE,0.75,3.7,7.05,0.7,76.7,137809165,1.11,0.7,2350660,0.75,1566435,12155585
2026-04-13T13:04:39.753,NF,NIFTY13APR2624200CE,0.7,3.7,7.05,0.7,76.7,137813195,1.11,0.7,2340910,0.75,1567800,12155585
2026-04-13T13:04:41.555,NF,NIFTY13APR2624200CE,0.75,3.7,7.05,0.7,76.7,137814300,1.11,0.7,2350075,0.75,1565785,12155585
2026-04-13T13:04:43.153,NF,NIFTY13APR2624200CE,0.75,3.7,7.05,0.7,76.7,137819955,1.11,0.7,2352675,0.75,1573260,12155585
2026-04-13T13:04:44.758,NF,NIFTY13APR2624200CE,0.75,3.7,7.05,0.7,76.7,137826780,1.11,0.7,2360540,0.75,1574300,12155585
2026-04-13T13:04:46.557,NF,NIFTY13APR2624200CE,0.75,3.7,7.05,0.7,76.7,137837895,1.11,0.7,2359110,0.75,1562145,12155585
2026-04-13T13:04:48.158,NF,NIFTY13APR2624200CE,0.75,3.7,7.05,0.7,76.7,137843745,1.11,0.7,2351765,0.75,1558050,12155585
2026-04-13T13:04:49.769,NF,NIFTY13APR2624200CE,0.7,3.7,7.05,0.7,76.7,137850050,1.11,0.7,2343835,0.75,1562210,12155585
2026-04-13T13:04:51.578,NF,NIFTY13APR2624200CE,0.75,3.7,7.05,0.7,76.7,137851675,1.11,0.7,2344745,0.75,1654510,12155585
2026-04-13T13:04:53.164,NF,NIFTY13APR2624200CE,0.75,3.7,7.05,0.7,76.7,137856940,1.11,0.7,2348775,0.75,1654770,12155585
2026-04-13T13:04:54.764,NF,NIFTY13APR2624200CE,0.7,3.7,7.05,0.7,76.7,137860970,1.11,0.7,2346955,0.75,1656265,12155585
2026-04-13T13:04:56.380,NF,NIFTY13APR2624200CE,0.7,3.7,7.05,0.7,76.7,137870590,1.11,0.7,2332070,0.75,1664520,12155585
2026-04-13T13:04:57.985,NF,NIFTY13APR2624200CE,0.7,3.7,7.05,0.7,76.7,137909655,1.11,0.7,2247635,0.75,1668290,12155585
2026-04-13T13:04:59.773,NF,NIFTY13APR2624200CE,0.7,3.7,7.05,0.7,76.7,137913555,1.11,0.7,2227810,0.75,1664130,12155585
2026-04-13T13:05:01.379,NF,NIFTY13APR2624200CE,0.7,3.7,7.05,0.7,76.7,137921550,1.11,0.7,2240355,0.75,1661335,12155585
2026-04-13T13:05:02.987,NF,NIFTY13APR2624200CE,0.7,3.7,7.05,0.7,76.7,137923695,1.11,0.7,2245165,0.75,1661530,12155585
2026-04-13T13:05:04.795,NF,NIFTY13APR2624200CE,0.7,3.7,7.05,0.7,76.7,137930715,1.11,0.7,2252900,0.75,1643460,12155585
2026-04-13T13:05:06.397,NF,NIFTY13APR2624200CE,0.7,3.7,7.05,0.7,76.7,137933965,1.11,0.7,2251015,0.75,1643005,12155585
2026-04-13T13:05:07.991,NF,NIFTY13APR2624200CE,0.7,3.7,7.05,0.7,76.7,137937930,1.11,0.7,2236585,0.75,1654965,12155585
2026-04-13T13:05:09.787,NF,NIFTY13APR2624200CE,0.7,3.7,7.05,0.7,76.7,137949435,1.11,0.7,2227290,0.75,1654900,12155585
2026-04-13T13:05:11.411,NF,NIFTY13APR2624200CE,0.7,3.7,7.05,0.7,76.7,137962370,1.11,0.7,2222740,0.75,1636960,12155585
2026-04-13T13:05:12.992,NF,NIFTY13APR2624200CE,0.7,3.7,7.05,0.7,76.7,137963865,1.11,0.7,2223520,0.75,1640925,12155585
2026-04-13T13:05:14.794,NF,NIFTY13APR2624200CE,0.7,3.7,7.05,0.7,76.7,137981805,1.11,0.7,2203890,0.75,1642355,12345515
2026-04-13T13:05:16.444,NF,NIFTY13APR2624200CE,0.7,3.7,7.05,0.7,76.7,137993960,1.11,0.7,2200315,0.75,1643655,12345515
2026-04-13T13:05:17.998,NF,NIFTY13APR2624200CE,0.7,3.7,7.05,0.7,76.7,138014890,1.11,0.7,2179580,0.75,1652430,12345515
2026-04-13T13:05:19.819,NF,NIFTY13APR2624200CE,0.7,3.7,7.05,0.7,76.7,138027305,1.11,0.7,2172560,0.75,1651065,12345515
2026-04-13T13:05:21.468,NF,NIFTY13APR2624200CE,0.7,3.7,7.05,0.7,76.7,138030490,1.11,0.7,2179320,0.75,1648205,12345515
2026-04-13T13:05:23.014,NF,NIFTY13APR2624200CE,0.7,3.7,7.05,0.7,76.7,138047455,1.11,0.7,2161510,0.75,1683175,12345515
2026-04-13T13:05:24.607,NF,NIFTY13APR2624200CE,0.75,3.7,7.05,0.7,76.7,138052980,1.11,0.7,2160015,0.75,1670370,12345515
2026-04-13T13:05:26.458,NF,NIFTY13APR2624200CE,0.7,3.7,7.05,0.7,76.7,138066825,1.11,0.7,2145260,0.75,1697605,12345515
2026-04-13T13:05:28.021,NF,NIFTY13APR2624200CE,0.75,3.7,7.05,0.7,76.7,138105630,1.11,0.7,2165930,0.75,1739855,12345515
2026-04-13T13:05:29.615,NF,NIFTY13APR2624200CE,0.7,3.7,7.05,0.7,76.7,138115705,1.11,0.7,2170155,0.75,1862640,12345515
2026-04-13T13:05:31.412,NF,NIFTY13APR2624200CE,0.7,3.7,7.05,0.7,76.7,138122140,1.11,0.7,2126280,0.75,1858415,12345515
2026-04-13T13:05:33.067,NF,NIFTY13APR2624200CE,0.75,3.7,7.05,0.7,76.7,138126495,1.11,0.7,2126865,0.75,1829555,12345515
2026-04-13T13:05:34.626,NF,NIFTY13APR2624200CE,0.7,3.7,7.05,0.7,76.7,138142550,1.11,0.7,2112565,0.75,1832090,12345515
2026-04-13T13:05:36.427,NF,NIFTY13APR2624200CE,0.75,3.7,7.05,0.7,76.7,138145800,1.11,0.7,2115555,0.75,1828320,12345515
2026-04-13T13:05:38.032,NF,NIFTY13APR2624200CE,0.7,3.7,7.05,0.7,76.7,138153925,1.11,0.7,2099435,0.75,1856465,12345515
2026-04-13T13:05:40.057,NF,NIFTY13APR2624200CE,0.7,3.7,7.05,0.7,76.7,138163480,1.11,0.7,2106715,0.75,1855100,12345515
2026-04-13T13:05:41.629,NF,NIFTY13APR2624200CE,0.7,3.7,7.05,0.7,76.7,138167575,1.11,0.7,2101255,0.75,1855620,12345515
2026-04-13T13:05:43.257,NF,NIFTY13APR2624200CE,0.7,3.7,7.05,0.7,76.7,138167835,1.11,0.7,2099045,0.75,1861990,12345515
2026-04-13T13:05:45.046,NF,NIFTY13APR2624200CE,0.7,3.7,7.05,0.7,76.7,138175635,1.11,0.7,2094820,0.75,1856920,12345515
2026-04-13T13:05:46.649,NF,NIFTY13APR2624200CE,0.7,3.7,7.05,0.7,76.7,138177585,1.11,0.7,2090335,0.75,1854905,12345515
2026-04-13T13:05:48.263,NF,NIFTY13APR2624200CE,0.7,3.7,7.05,0.7,76.7,138193055,1.11,0.7,2104960,0.75,1859975,12345515
2026-04-13T13:05:50.063,NF,NIFTY13APR2624200CE,0.7,3.7,7.05,0.7,76.7,138209370,1.11,0.7,2085330,0.75,1875055,12345515
2026-04-13T13:05:51.664,NF,NIFTY13APR2624200CE,0.7,3.7,7.05,0.7,76.7,138210020,1.11,0.7,2088320,0.75,1860560,12345515
2026-04-13T13:05:53.260,NF,NIFTY13APR2624200CE,0.75,3.7,7.05,0.7,76.7,138210865,1.11,0.7,2087345,0.75,1857960,12345515
2026-04-13T13:05:55.073,NF,NIFTY13APR2624200CE,0.7,3.7,7.05,0.7,76.7,138214895,1.11,0.7,2083445,0.75,1859065,12345515
2026-04-13T13:05:56.677,NF,NIFTY13APR2624200CE,0.7,3.7,7.05,0.7,76.7,138218535,1.11,0.7,2082860,0.75,1859910,12345515
2026-04-13T13:05:58.271,NF,NIFTY13APR2624200CE,0.7,3.7,7.05,0.7,76.7,138222370,1.11,0.7,2078895,0.75,1860690,12345515
2026-04-13T13:06:00.075,NF,NIFTY13APR2624200CE,0.75,3.7,7.05,0.7,76.7,138224125,1.11,0.7,2077335,0.75,1859585,12345515
2026-04-13T13:06:01.680,NF,NIFTY13APR2624200CE,0.75,3.7,7.05,0.7,76.7,138233420,1.11,0.7,2076295,0.75,1853800,12345515
2026-04-13T13:06:03.295,NF,NIFTY13APR2624200CE,0.7,3.7,7.05,0.7,76.7,138244730,1.11,0.7,2094495,0.75,1859715,12345515
2026-04-13T13:06:05.080,NF,NIFTY13APR2624200CE,0.75,3.7,7.05,0.7,76.7,138255975,1.11,0.7,2093910,0.75,1862640,12345515
2026-04-13T13:06:06.674,NF,NIFTY13APR2624200CE,0.7,3.7,7.05,0.7,76.7,138260720,1.11,0.7,2113540,0.75,1857050,12345515
2026-04-13T13:06:08.283,NF,NIFTY13APR2624200CE,0.75,3.7,7.05,0.7,76.7,138268000,1.11,0.7,2078245,0.75,1851850,12345515
2026-04-13T13:06:10.085,NF,NIFTY13APR2624200CE,0.7,3.7,7.05,0.7,76.7,138308365,1.11,0.7,2083770,0.75,1863940,12345515
2026-04-13T13:06:11.683,NF,NIFTY13APR2624200CE,0.7,3.7,7.05,0.7,76.7,138319155,1.11,0.7,2073045,0.75,1872065,12345515
2026-04-13T13:06:13.289,NF,NIFTY13APR2624200CE,0.7,3.7,7.05,0.7,76.7,138335600,1.11,0.7,2063815,0.75,1859325,12345515
2026-04-13T13:06:15.086,NF,NIFTY13APR2624200CE,0.7,3.7,7.05,0.7,76.7,138347235,1.11,0.7,2015130,0.75,1863225,12345515
2026-04-13T13:06:16.695,NF,NIFTY13APR2624200CE,0.75,3.7,7.05,0.7,76.7,138364655,1.11,0.7,1986205,0.75,1750645,12345515
2026-04-13T13:06:18.307,NF,NIFTY13APR2624200CE,0.7,3.7,7.05,0.7,76.7,138376095,1.11,0.7,1982305,0.75,1845545,12345515
2026-04-13T13:06:20.099,NF,NIFTY13APR2624200CE,0.7,3.7,7.05,0.7,76.7,138400990,1.11,0.7,1972555,0.75,1857440,12345515
2026-04-13T13:06:21.703,NF,NIFTY13APR2624200CE,0.75,3.7,7.05,0.7,76.7,138407295,1.11,0.7,1963780,0.75,1853670,12345515
2026-04-13T13:06:23.309,NF,NIFTY13APR2624200CE,0.7,3.7,7.05,0.7,76.7,138427250,1.11,0.7,1952210,0.75,1848925,12345515
2026-04-13T13:06:25.111,NF,NIFTY13APR2624200CE,0.75,3.7,7.05,0.7,76.7,138456175,1.11,0.7,1942720,0.75,1843595,12345515
2026-04-13T13:06:26.727,NF,NIFTY13APR2624200CE,0.75,3.7,7.05,0.7,76.7,138462870,1.11,0.7,1947270,0.75,1844960,12345515
2026-04-13T13:06:28.331,NF,NIFTY13APR2624200CE,0.7,3.7,7.05,0.7,76.7,138464495,1.11,0.7,1956890,0.75,1843855,12345515
2026-04-13T13:06:30.111,NF,NIFTY13APR2624200CE,0.75,3.7,7.05,0.7,76.7,138466055,1.11,0.7,1952730,0.75,1842750,12345515
2026-04-13T13:06:31.715,NF,NIFTY13APR2624200CE,0.7,3.7,7.05,0.7,76.7,138473205,1.11,0.7,2131285,0.75,1833195,12345515
2026-04-13T13:06:33.317,NF,NIFTY13APR2624200CE,0.75,3.7,7.05,0.7,76.7,138473660,1.11,0.7,2132715,0.75,1837615,12345515
2026-04-13T13:06:35.117,NF,NIFTY13APR2624200CE,0.7,3.7,7.05,0.7,76.7,138473985,1.11,0.7,2116075,0.75,1859130,12345515
2026-04-13T13:06:36.725,NF,NIFTY13APR2624200CE,0.7,3.7,7.05,0.7,76.7,138482890,1.11,0.7,2084615,0.75,1875640,12345515
2026-04-13T13:06:38.329,NF,NIFTY13APR2624200CE,0.7,3.7,7.05,0.7,76.7,138484710,1.11,0.7,2097160,0.75,1877070,12345515
2026-04-13T13:06:39.933,NF,NIFTY13APR2624200CE,0.7,3.7,7.05,0.7,76.7,138489585,1.11,0.7,1996995,0.75,1879605,12345515
2026-04-13T13:06:41.537,NF,NIFTY13APR2624200CE,0.7,3.7,7.05,0.7,76.7,138493290,1.11,0.7,1937845,0.75,1884025,12345515
2026-04-13T13:06:43.144,NF,NIFTY13APR2624200CE,0.7,3.7,7.05,0.7,76.7,138496345,1.11,0.7,1940575,0.75,1892800,12345515
2026-04-13T13:06:44.950,NF,NIFTY13APR2624200CE,0.7,3.7,7.05,0.7,76.7,138496995,1.11,0.7,1940250,0.75,1890330,12345515
2026-04-13T13:06:46.535,NF,NIFTY13APR2624200CE,0.7,3.7,7.05,0.7,76.7,138497320,1.11,0.7,1944995,0.75,1881880,12345515
2026-04-13T13:06:48.148,NF,NIFTY13APR2624200CE,0.75,3.7,7.05,0.7,76.7,138551010,1.11,0.7,1912755,0.75,1851525,12345515
2026-04-13T13:06:49.954,NF,NIFTY13APR2624200CE,0.75,3.7,7.05,0.7,76.7,138554325,1.11,0.7,1914380,0.75,1845610,12345515
2026-04-13T13:06:51.561,NF,NIFTY13APR2624200CE,0.7,3.7,7.05,0.7,76.7,138557250,1.11,0.7,1942915,0.75,1839955,12345515
2026-04-13T13:06:53.164,NF,NIFTY13APR2624200CE,0.7,3.7,7.05,0.7,76.7,138557380,1.11,0.7,1945060,0.75,1841515,12345515
2026-04-13T13:06:54.952,NF,NIFTY13APR2624200CE,0.75,3.7,7.05,0.7,76.7,138578440,1.11,0.7,1924520,0.75,1868815,12345515
2026-04-13T13:06:56.549,NF,NIFTY13APR2624200CE,0.7,3.7,7.05,0.7,76.7,138584355,1.11,0.7,1924130,0.75,1866410,12345515
2026-04-13T13:06:58.153,NF,NIFTY13APR2624200CE,0.75,3.7,7.05,0.7,76.7,138587085,1.11,0.7,1918020,0.75,1883245,12345515
2026-04-13T13:06:59.754,NF,NIFTY13APR2624200CE,0.75,3.7,7.05,0.7,76.7,138589945,1.11,0.7,1922635,0.75,1881165,12345515
2026-04-13T13:07:01.587,NF,NIFTY13APR2624200CE,0.75,3.7,7.05,0.7,76.7,138851505,1.11,0.7,1935505,0.75,1151280,12345515
2026-04-13T13:07:03.172,NF,NIFTY13APR2624200CE,0.75,3.7,7.05,0.7,76.7,138934120,1.11,0.7,1950260,0.75,1084005,12345515
2026-04-13T13:07:04.771,NF,NIFTY13APR2624200CE,0.75,3.7,7.05,0.7,76.7,138941205,1.11,0.7,1971645,0.75,1085370,12345515
2026-04-13T13:07:06.582,NF,NIFTY13APR2624200CE,0.75,3.7,7.05,0.7,76.7,139007375,1.11,0.7,1986075,0.75,766675,12345515
2026-04-13T13:07:08.166,NF,NIFTY13APR2624200CE,0.75,3.7,7.05,0.7,76.7,139082255,1.11,0.7,2015845,0.75,870610,12345515
2026-04-13T13:07:09.783,NF,NIFTY13APR2624200CE,0.75,3.7,7.05,0.7,76.7,139083100,1.11,0.7,1992250,0.75,898300,12345515
2026-04-13T13:07:11.571,NF,NIFTY13APR2624200CE,0.75,3.7,7.05,0.7,76.7,139089015,1.11,0.7,1972230,0.75,899145,12345515
2026-04-13T13:07:13.180,NF,NIFTY13APR2624200CE,0.75,3.7,7.05,0.7,76.7,139095125,1.11,0.7,1990690,0.75,892710,12345515
2026-04-13T13:07:14.778,NF,NIFTY13APR2624200CE,0.75,3.7,7.05,0.7,76.7,139096555,1.11,0.7,2005120,0.75,895050,12345515
2026-04-13T13:07:16.585,NF,NIFTY13APR2624200CE,0.7,3.7,7.05,0.7,76.7,139104810,1.11,0.7,1977885,0.75,899730,12345515
2026-04-13T13:07:18.193,NF,NIFTY13APR2624200CE,0.7,3.7,7.05,0.7,76.7,139105265,1.11,0.7,1978860,0.75,901160,12345515
2026-04-13T13:07:19.786,NF,NIFTY13APR2624200CE,0.75,3.7,7.05,0.7,76.7,139108775,1.11,0.7,1983280,0.75,889070,12345515
2026-04-13T13:07:21.585,NF,NIFTY13APR2624200CE,0.7,3.7,7.05,0.7,76.7,139109035,1.11,0.7,1980875,0.75,961870,12345515
2026-04-13T13:07:23.204,NF,NIFTY13APR2624200CE,0.75,3.7,7.05,0.7,76.7,139115145,1.11,0.7,1941680,0.75,950560,12345515
2026-04-13T13:07:24.792,NF,NIFTY13APR2624200CE,0.75,3.7,7.05,0.7,76.7,139145305,1.11,0.7,1955785,0.75,918125,12345515
2026-04-13T13:07:26.592,NF,NIFTY13APR2624200CE,0.75,3.7,7.05,0.7,76.7,139166820,1.11,0.7,1989715,0.75,895115,12345515
2026-04-13T13:07:28.202,NF,NIFTY13APR2624200CE,0.75,3.7,7.05,0.7,76.7,139171305,1.11,0.7,2020330,0.75,888810,12345515
2026-04-13T13:07:29.800,NF,NIFTY13APR2624200CE,0.7,3.7,7.05,0.7,76.7,139174100,1.11,0.7,2022280,0.75,887575,12345515
2026-04-13T13:07:31.598,NF,NIFTY13APR2624200CE,0.75,3.7,7.05,0.7,76.7,139230000,1.11,0.7,2017470,0.75,834470,12345515
2026-04-13T13:07:33.203,NF,NIFTY13APR2624200CE,0.7,3.7,7.05,0.7,76.7,139279335,1.11,0.7,2021435,0.75,993785,12345515
2026-04-13T13:07:34.810,NF,NIFTY13APR2624200CE,0.75,3.7,7.05,0.7,76.7,139282390,1.11,0.7,2014740,0.75,991575,12345515
2026-04-13T13:07:36.611,NF,NIFTY13APR2624200CE,0.75,3.7,7.05,0.7,76.7,139293570,1.11,0.7,2027935,0.75,981110,12345515
2026-04-13T13:07:38.211,NF,NIFTY13APR2624200CE,0.75,3.7,7.05,0.7,76.7,139308260,1.11,0.7,2032225,0.75,956995,12345515
2026-04-13T13:07:39.413,NF,NIFTY13APR2624200CE,0.75,3.7,7.05,0.7,76.7,139313395,1.11,0.7,2128945,0.75,960895,12345515
2026-04-13T13:07:41.014,NF,NIFTY13APR2624200CE,0.75,3.7,7.05,0.7,76.7,139380345,1.11,0.75,1689090,0.8,1824940,12345515
2026-04-13T13:07:42.615,NF,NIFTY13APR2624200CE,0.75,3.7,7.05,0.7,76.7,139389640,1.11,0.75,1840215,0.8,1814410,12345515
2026-04-13T13:07:44.232,NF,NIFTY13APR2624200CE,0.75,3.7,7.05,0.7,76.7,139392370,1.11,0.75,1713920,0.8,1776255,12345515
2026-04-13T13:07:46.021,NF,NIFTY13APR2624200CE,0.75,3.7,7.05,0.7,76.7,139398480,1.11,0.75,1723995,0.8,1777685,12345515
2026-04-13T13:07:47.625,NF,NIFTY13APR2624200CE,0.75,3.7,7.05,0.7,76.7,139398545,1.11,0.75,1709500,0.8,1791400,12345515
2026-04-13T13:07:49.234,NF,NIFTY13APR2624200CE,0.8,3.7,7.05,0.7,76.7,139399130,1.11,0.75,1740765,0.8,1781780,12345515
2026-04-13T13:07:50.832,NF,NIFTY13APR2624200CE,0.8,3.7,7.05,0.7,76.7,139405240,1.11,0.75,1717105,0.8,1762800,12345515
2026-04-13T13:07:52.632,NF,NIFTY13APR2624200CE,0.75,3.7,7.05,0.7,76.7,139407450,1.11,0.75,1721135,0.8,1752595,12345515
2026-04-13T13:07:54.236,NF,NIFTY13APR2624200CE,0.75,3.7,7.05,0.7,76.7,139417070,1.11,0.75,1717170,0.8,1752855,12345515
2026-04-13T13:07:55.849,NF,NIFTY13APR2624200CE,0.8,3.7,7.05,0.7,76.7,139422400,1.11,0.75,1719510,0.8,1745250,12345515
2026-04-13T13:07:57.462,NF,NIFTY13APR2624200CE,0.8,3.7,7.05,0.7,76.7,139423505,1.11,0.75,1772940,0.8,1744925,12345515
2026-04-13T13:07:59.276,NF,NIFTY13APR2624200CE,0.75,3.7,7.05,0.7,76.7,139425260,1.11,0.75,1859390,0.8,1746355,12345515
2026-04-13T13:08:00.849,NF,NIFTY13APR2624200CE,0.8,3.7,7.05,0.7,76.7,139427600,1.11,0.75,1751620,0.8,1740960,12345515
2026-04-13T13:08:02.456,NF,NIFTY13APR2624200CE,0.75,3.7,7.05,0.7,76.7,139428185,1.11,0.75,1722175,0.8,1742845,12345515
2026-04-13T13:08:04.065,NF,NIFTY13APR2624200CE,0.75,3.7,7.05,0.7,76.7,139428250,1.11,0.75,1725360,0.8,1748305,12345515
2026-04-13T13:08:05.870,NF,NIFTY13APR2624200CE,0.75,3.7,7.05,0.7,76.7,139428380,1.11,0.75,1735110,0.8,1727895,12345515
2026-04-13T13:08:07.459,NF,NIFTY13APR2624200CE,0.75,3.7,7.05,0.7,76.7,139430395,1.11,0.75,1742975,0.8,1749215,12345515
2026-04-13T13:08:09.060,NF,NIFTY13APR2624200CE,0.75,3.7,7.05,0.7,76.7,139430525,1.11,0.75,1735695,0.8,1763255,12345515
2026-04-13T13:08:10.672,NF,NIFTY13APR2624200CE,0.8,3.7,7.05,0.7,76.7,139439690,1.11,0.75,1746420,0.8,1739465,12345515
2026-04-13T13:08:12.266,NF,NIFTY13APR2624200CE,0.8,3.7,7.05,0.7,76.7,139442355,1.11,0.75,1744340,0.8,1738425,12345515
2026-04-13T13:08:13.879,NF,NIFTY13APR2624200CE,0.75,3.7,7.05,0.7,76.7,139442875,1.11,0.75,1835730,0.8,1761435,12299820
2026-04-13T13:08:15.684,NF,NIFTY13APR2624200CE,0.8,3.7,7.05,0.7,76.7,139443785,1.11,0.75,1827345,0.8,1759875,12299820
2026-04-13T13:08:17.280,NF,NIFTY13APR2624200CE,0.75,3.7,7.05,0.7,76.7,139443915,1.11,0.75,1829230,0.8,1760005,12299820
2026-04-13T13:08:18.876,NF,NIFTY13APR2624200CE,0.75,3.7,7.05,0.7,76.7,139662510,1.11,0.75,2574065,0.8,1590160,12299820
2026-04-13T13:08:20.476,NF,NIFTY13APR2624200CE,0.75,3.7,7.05,0.7,76.7,139663940,1.11,0.75,2745990,0.8,1986140,12299820
2026-04-13T13:08:22.360,NF,NIFTY13APR2624200CE,0.8,3.7,7.05,0.7,76.7,139670960,1.11,0.75,2757950,0.8,1980420,12299820
2026-04-13T13:08:23.890,NF,NIFTY13APR2624200CE,0.8,3.7,7.05,0.7,76.7,139675575,1.11,0.75,2739685,0.8,1981395,12299820
2026-04-13T13:08:25.497,NF,NIFTY13APR2624200CE,0.8,3.7,7.05,0.7,76.7,139808045,1.11,0.75,2646020,0.8,2009540,12299820
2026-04-13T13:08:27.093,NF,NIFTY13APR2624200CE,0.8,3.7,7.05,0.7,76.7,139809930,1.11,0.75,2645110,0.8,2007980,12299820
2026-04-13T13:08:28.695,NF,NIFTY13APR2624200CE,0.8,3.7,7.05,0.7,76.7,139815650,1.11,0.75,2696980,0.8,2015845,12299820
2026-04-13T13:08:30.307,NF,NIFTY13APR2624200CE,0.8,3.7,7.05,0.7,76.7,139818055,1.11,0.75,2754765,0.8,2020720,12299820
2026-04-13T13:08:32.110,NF,NIFTY13APR2624200CE,0.8,3.7,7.05,0.7,76.7,139820135,1.11,0.75,2761590,0.8,2008435,12299820
2026-04-13T13:08:33.701,NF,NIFTY13APR2624200CE,0.8,3.7,7.05,0.7,76.7,139821240,1.11,0.75,2769000,0.8,2009020,12299820
2026-04-13T13:08:35.299,NF,NIFTY13APR2624200CE,0.8,3.7,7.05,0.7,76.7,139826570,1.11,0.75,2745210,0.8,2161705,12299820
2026-04-13T13:08:37.117,NF,NIFTY13APR2624200CE,0.8,3.7,7.05,0.7,76.7,139831705,1.11,0.75,2774915,0.8,2140515,12299820
2026-04-13T13:08:39.924,NF,NIFTY13APR2624200CE,0.75,3.7,7.05,0.7,76.7,139841585,1.11,0.75,2860325,0.8,1945450,12299820
2026-04-13T13:08:41.507,NF,NIFTY13APR2624200CE,0.8,3.7,7.05,0.7,76.7,139846330,1.11,0.75,2847520,0.8,2086565,12299820
2026-04-13T13:08:43.318,NF,NIFTY13APR2624200CE,0.8,3.7,7.05,0.7,76.7,139850880,1.11,0.75,2851225,0.8,2098265,12299820
2026-04-13T13:08:44.911,NF,NIFTY13APR2624200CE,0.75,3.7,7.05,0.7,76.7,139855495,1.11,0.75,2864030,0.8,2056535,12299820
2026-04-13T13:08:46.518,NF,NIFTY13APR2624200CE,0.8,3.7,7.05,0.7,76.7,139996155,1.11,0.8,1537835,0.85,1818310,12299820
2026-04-13T13:08:48.130,NF,NIFTY13APR2624200CE,0.85,3.7,7.05,0.7,76.7,140003500,1.11,0.8,1530425,0.85,1799525,12299820
2026-04-13T13:08:49.919,NF,NIFTY13APR2624200CE,0.8,3.7,7.05,0.7,76.7,140014030,1.11,0.8,1516970,0.85,1814085,12299820
2026-04-13T13:08:51.529,NF,NIFTY13APR2624200CE,0.85,3.7,7.05,0.7,76.7,140018645,1.11,0.8,1515280,0.85,1817140,12299820
2026-04-13T13:08:53.139,NF,NIFTY13APR2624200CE,0.8,3.7,7.05,0.7,76.7,140024105,1.11,0.8,1509885,0.85,1807195,12299820
2026-04-13T13:08:54.932,NF,NIFTY13APR2624200CE,0.8,3.7,7.05,0.7,76.7,140025925,1.11,0.8,1521715,0.85,1799785,12299820
2026-04-13T13:08:56.534,NF,NIFTY13APR2624200CE,0.8,3.7,7.05,0.7,76.7,140046985,1.11,0.8,1727960,0.85,1686750,12299820
2026-04-13T13:08:58.132,NF,NIFTY13APR2624200CE,0.8,3.7,7.05,0.7,76.7,140047505,1.11,0.8,1703845,0.85,1689350,12299820
2026-04-13T13:08:59.942,NF,NIFTY13APR2624200CE,0.8,3.7,7.05,0.7,76.7,140057060,1.11,0.8,1699945,0.85,1686815,12299820
2026-04-13T13:09:01.547,NF,NIFTY13APR2624200CE,0.8,3.7,7.05,0.7,76.7,140059270,1.11,0.8,1722565,0.85,1744470,12299820
2026-04-13T13:09:03.143,NF,NIFTY13APR2624200CE,0.8,3.7,7.05,0.7,76.7,140061935,1.11,0.8,1729585,0.85,1739855,12299820
2026-04-13T13:09:04.943,NF,NIFTY13APR2624200CE,0.8,3.7,7.05,0.7,76.7,140062130,1.11,0.8,1733030,0.85,1724515,12299820
2026-04-13T13:09:06.561,NF,NIFTY13APR2624200CE,0.8,3.7,7.05,0.7,76.7,140068110,1.11,0.8,1727050,0.85,1726270,12299820
2026-04-13T13:09:08.161,NF,NIFTY13APR2624200CE,0.8,3.7,7.05,0.7,76.7,140068305,1.11,0.8,1726725,0.85,1726400,12299820
2026-04-13T13:09:09.947,NF,NIFTY13APR2624200CE,0.8,3.7,7.05,0.7,76.7,140069150,1.11,0.8,1766245,0.85,1708655,12299820
2026-04-13T13:09:11.566,NF,NIFTY13APR2624200CE,0.8,3.7,7.05,0.7,76.7,140090860,1.11,0.8,1757015,0.85,1702675,12299820
2026-04-13T13:09:13.193,NF,NIFTY13APR2624200CE,0.8,3.7,7.05,0.7,76.7,140095605,1.11,0.8,1762215,0.85,1671735,12299820
2026-04-13T13:09:14.967,NF,NIFTY13APR2624200CE,0.8,3.7,7.05,0.7,76.7,140097100,1.11,0.8,1765595,0.85,1665105,12299820
2026-04-13T13:09:16.563,NF,NIFTY13APR2624200CE,0.85,3.7,7.05,0.7,76.7,140101585,1.11,0.8,1773720,0.85,1686035,12299820
2026-04-13T13:09:18.170,NF,NIFTY13APR2624200CE,0.8,3.7,7.05,0.7,76.7,140101845,1.11,0.8,1774500,0.85,1689350,12299820
2026-04-13T13:09:19.989,NF,NIFTY13APR2624200CE,0.8,3.7,7.05,0.7,76.7,140101975,1.11,0.8,1753050,0.85,1703390,12299820
2026-04-13T13:09:21.585,NF,NIFTY13APR2624200CE,0.8,3.7,7.05,0.7,76.7,140116925,1.11,0.8,1750775,0.85,1705860,12299820
2026-04-13T13:09:23.178,NF,NIFTY13APR2624200CE,0.8,3.7,7.05,0.7,76.7,140265385,1.11,0.8,1363570,0.85,1719055,12299820
2026-04-13T13:09:24.784,NF,NIFTY13APR2624200CE,0.8,3.7,7.05,0.7,76.7,140346375,1.11,0.75,3241615,0.8,1557205,12299820
2026-04-13T13:09:26.574,NF,NIFTY13APR2624200CE,0.75,3.7,7.05,0.7,76.7,140346635,1.11,0.75,3178435,0.8,1577680,12299820
2026-04-13T13:09:28.180,NF,NIFTY13APR2624200CE,0.75,3.7,7.05,0.7,76.7,140346960,1.11,0.75,3257540,0.8,1606930,12299820
2026-04-13T13:09:29.780,NF,NIFTY13APR2624200CE,0.8,3.7,7.05,0.7,76.7,140348455,1.11,0.75,3196960,0.8,1600365,12299820
2026-04-13T13:09:31.580,NF,NIFTY13APR2624200CE,0.8,3.7,7.05,0.7,76.7,140348910,1.11,0.75,3202355,0.8,1598350,12299820
2026-04-13T13:09:33.188,NF,NIFTY13APR2624200CE,0.75,3.7,7.05,0.7,76.7,140349690,1.11,0.75,3194100,0.8,1603290,12299820
2026-04-13T13:09:34.793,NF,NIFTY13APR2624200CE,0.8,3.7,7.05,0.7,76.7,140355410,1.11,0.75,3301545,0.8,1582425,12299820
2026-04-13T13:09:36.586,NF,NIFTY13APR2624200CE,0.75,3.7,7.05,0.7,76.7,140356515,1.11,0.75,3237650,0.8,1581320,12299820
2026-04-13T13:09:38.190,NF,NIFTY13APR2624200CE,0.75,3.7,7.05,0.7,76.7,140356775,1.11,0.75,3236285,0.8,1588795,12299820
2026-04-13T13:09:39.796,NF,NIFTY13APR2624200CE,0.8,3.7,7.05,0.7,76.7,140362820,1.11,0.75,3249805,0.8,1576185,12299820
2026-04-13T13:09:41.407,NF,NIFTY13APR2624200CE,0.75,3.7,7.05,0.7,76.7,140393240,1.11,0.75,3218215,0.8,1601275,12299820
2026-04-13T13:09:42.997,NF,NIFTY13APR2624200CE,0.75,3.7,7.05,0.7,76.7,140393435,1.11,0.75,3193775,0.8,1592435,12299820
2026-04-13T13:09:44.609,NF,NIFTY13APR2624200CE,0.8,3.7,7.05,0.7,76.7,140394865,1.11,0.75,3170180,0.8,1608945,12299820
2026-04-13T13:09:46.403,NF,NIFTY13APR2624200CE,0.8,3.7,7.05,0.7,76.7,140399415,1.11,0.75,3175185,0.8,1594580,12299820
2026-04-13T13:09:48.022,NF,NIFTY13APR2624200CE,0.8,3.7,7.05,0.7,76.7,140403640,1.11,0.75,3181490,0.8,1600625,12299820
2026-04-13T13:09:49.607,NF,NIFTY13APR2624200CE,0.8,3.7,7.05,0.7,76.7,140404810,1.11,0.75,3175250,0.8,1587170,12299820
2026-04-13T13:09:51.410,NF,NIFTY13APR2624200CE,0.8,3.7,7.05,0.7,76.7,140410855,1.11,0.75,3182140,0.8,1574755,12299820
2026-04-13T13:09:53.096,NF,NIFTY13APR2624200CE,0.75,3.7,7.05,0.7,76.7,140414820,1.11,0.75,3171935,0.8,1601080,12299820
2026-04-13T13:09:54.619,NF,NIFTY13APR2624200CE,0.75,3.7,7.05,0.7,76.7,140416315,1.11,0.75,3173560,0.8,1593865,12299820
2026-04-13T13:09:56.216,NF,NIFTY13APR2624200CE,0.8,3.7,7.05,0.7,76.7,140426845,1.11,0.75,3177330,0.8,1580930,12299820
2026-04-13T13:09:58.021,NF,NIFTY13APR2624200CE,0.8,3.7,7.05,0.7,76.7,140427690,1.11,0.75,3174145,0.8,1596400,12299820
2026-04-13T13:09:59.632,NF,NIFTY13APR2624200CE,0.8,3.7,7.05,0.7,76.7,140427820,1.11,0.75,3171220,0.8,1594645,12299820
2026-04-13T13:10:01.234,NF,NIFTY13APR2624200CE,0.8,3.7,7.05,0.7,76.7,140451155,1.11,0.75,2891460,0.8,1689090,12299820
2026-04-13T13:10:02.837,NF,NIFTY13APR2624200CE,0.75,3.7,7.05,0.7,76.7,140453690,1.11,0.75,2902575,0.8,1679340,12299820
2026-04-13T13:10:04.639,NF,NIFTY13APR2624200CE,0.8,3.7,7.05,0.7,76.7,140456030,1.11,0.75,2925455,0.8,1687075,12299820
2026-04-13T13:10:06.232,NF,NIFTY13APR2624200CE,0.75,3.7,7.05,0.7,76.7,140470005,1.11,0.75,2886195,0.8,1680575,12299820
2026-04-13T13:10:07.838,NF,NIFTY13APR2624200CE,0.75,3.7,7.05,0.7,76.7,140481445,1.11,0.75,2881385,0.8,1692340,12299820
2026-04-13T13:10:09.438,NF,NIFTY13APR2624200CE,0.75,3.7,7.05,0.7,76.7,140483460,1.11,0.75,2877550,0.8,1672775,12299820
2026-04-13T13:10:11.242,NF,NIFTY13APR2624200CE,0.8,3.7,7.05,0.7,76.7,140483655,1.11,0.75,2881190,0.8,1670175,12299820
2026-04-13T13:10:12.841,NF,NIFTY13APR2624200CE,0.75,3.7,7.05,0.7,76.7,140488270,1.11,0.75,2879370,0.8,1668875,12299820
2026-04-13T13:10:14.446,NF,NIFTY13APR2624200CE,0.8,3.7,7.05,0.7,76.7,140512385,1.11,0.75,2864485,0.8,1694680,12299820
2026-04-13T13:10:16.053,NF,NIFTY13APR2624200CE,0.75,3.7,7.05,0.7,76.7,140516350,1.11,0.75,2860780,0.8,1694875,12299820
2026-04-13T13:10:17.848,NF,NIFTY13APR2624200CE,0.75,3.7,7.05,0.7,76.7,140523565,1.11,0.75,2853695,0.8,1714115,12299820
2026-04-13T13:10:19.462,NF,NIFTY13APR2624200CE,0.75,3.7,7.05,0.7,76.7,140556845,1.11,0.75,2863380,0.8,1719705,12299820
2026-04-13T13:10:21.058,NF,NIFTY13APR2624200CE,0.75,3.7,7.05,0.7,76.7,140568610,1.11,0.75,2854865,0.8,1721395,12299820
2026-04-13T13:10:22.658,NF,NIFTY13APR2624200CE,0.8,3.7,7.05,0.7,76.7,140574135,1.11,0.75,2852850,0.8,1718405,12299820
2026-04-13T13:10:24.270,NF,NIFTY13APR2624200CE,0.75,3.7,7.05,0.7,76.7,140623535,1.11,0.75,2796365,0.8,1785160,12299820
2026-04-13T13:10:26.065,NF,NIFTY13APR2624200CE,0.75,3.7,7.05,0.7,76.7,140633545,1.11,0.75,2788435,0.8,1781845,12299820
2026-04-13T13:10:27.666,NF,NIFTY13APR2624200CE,0.75,3.7,7.05,0.7,76.7,140637185,1.11,0.75,2787460,0.8,1781780,12299820
2026-04-13T13:10:29.270,NF,NIFTY13APR2624200CE,0.75,3.7,7.05,0.7,76.7,140637250,1.11,0.75,2787395,0.8,1782235,12299820
2026-04-13T13:10:30.873,NF,NIFTY13APR2624200CE,0.75,3.7,7.05,0.7,76.7,140639980,1.11,0.75,2789085,0.8,1762995,12299820
2026-04-13T13:10:32.474,NF,NIFTY13APR2624200CE,0.75,3.7,7.05,0.7,76.7,140648495,1.11,0.75,2781740,0.8,1941420,12299820
2026-04-13T13:10:34.077,NF,NIFTY13APR2624200CE,0.8,3.7,7.05,0.7,76.7,140654670,1.11,0.75,2781935,0.8,1941550,12299820
2026-04-13T13:10:35.683,NF,NIFTY13APR2624200CE,0.8,3.7,7.05,0.7,76.7,140660195,1.11,0.75,2781870,0.8,1931605,12299820
2026-04-13T13:10:37.283,NF,NIFTY13APR2624200CE,0.75,3.7,7.05,0.7,76.7,140660455,1.11,0.75,2781610,0.8,1936610,12299820
2026-04-13T13:10:39.486,NF,NIFTY13APR2624200CE,0.75,3.7,7.05,0.7,76.7,140664745,1.11,0.75,2777905,0.8,1920165,12299820
2026-04-13T13:10:41.090,NF,NIFTY13APR2624200CE,0.75,3.7,7.05,0.7,76.7,140670530,1.11,0.75,2779270,0.8,1911260,12299820
2026-04-13T13:10:42.693,NF,NIFTY13APR2624200CE,0.75,3.7,7.05,0.7,76.7,140670725,1.11,0.75,2779270,0.8,1932320,12299820
2026-04-13T13:10:44.505,NF,NIFTY13APR2624200CE,0.75,3.7,7.05,0.7,76.7,140671180,1.11,0.75,2780570,0.8,1914185,12299820
2026-04-13T13:10:46.103,NF,NIFTY13APR2624200CE,0.75,3.7,7.05,0.7,76.7,140676575,1.11,0.75,2793375,0.8,1909180,12299820
2026-04-13T13:10:47.699,NF,NIFTY13APR2624200CE,0.75,3.7,7.05,0.7,76.7,140685805,1.11,0.75,2784795,0.8,1948830,12299820
2026-04-13T13:10:49.510,NF,NIFTY13APR2624200CE,0.75,3.7,7.05,0.7,76.7,140693280,1.11,0.75,2780700,0.8,1945905,12299820
2026-04-13T13:10:51.123,NF,NIFTY13APR2624200CE,0.75,3.7,7.05,0.7,76.7,140718045,1.11,0.75,2761070,0.8,1943500,12299820
2026-04-13T13:10:52.716,NF,NIFTY13APR2624200CE,0.75,3.7,7.05,0.7,76.7,140719150,1.11,0.75,2760290,0.8,1937910,12299820
2026-04-13T13:10:54.507,NF,NIFTY13APR2624200CE,0.75,3.7,7.05,0.7,76.7,140719540,1.11,0.75,2763280,0.8,1919320,12299820
2026-04-13T13:10:56.110,NF,NIFTY13APR2624200CE,0.8,3.7,7.05,0.7,76.7,140726040,1.11,0.75,2764515,0.8,1934920,12299820
2026-04-13T13:10:57.714,NF,NIFTY13APR2624200CE,0.75,3.7,7.05,0.7,76.7,140732800,1.11,0.75,2758990,0.8,1909050,12299820
2026-04-13T13:10:59.324,NF,NIFTY13APR2624200CE,0.8,3.7,7.05,0.7,76.7,140746515,1.11,0.75,2753465,0.8,1912170,12299820
2026-04-13T13:11:01.119,NF,NIFTY13APR2624200CE,0.8,3.7,7.05,0.7,76.7,140748530,1.11,0.75,2766205,0.8,1915355,12299820
2026-04-13T13:11:02.720,NF,NIFTY13APR2624200CE,0.75,3.7,7.05,0.7,76.7,140749960,1.11,0.75,2767765,0.8,1893710,12299820
2026-04-13T13:11:04.324,NF,NIFTY13APR2624200CE,0.8,3.7,7.05,0.7,76.7,140752365,1.11,0.75,2806765,0.8,1886495,12299820
2026-04-13T13:11:06.128,NF,NIFTY13APR2624200CE,0.8,3.7,7.05,0.7,76.7,140754250,1.11,0.75,2763670,0.8,1904630,12299820
2026-04-13T13:11:07.730,NF,NIFTY13APR2624200CE,0.75,3.7,7.05,0.7,76.7,140755095,1.11,0.75,2778035,0.8,1880775,12299820
2026-04-13T13:11:09.335,NF,NIFTY13APR2624200CE,0.75,3.7,7.05,0.7,76.7,140755745,1.11,0.75,2779270,0.8,1878825,12299820
2026-04-13T13:11:11.133,NF,NIFTY13APR2624200CE,0.8,3.7,7.05,0.7,76.7,140769915,1.11,0.75,2779985,0.8,1884545,12299820
2026-04-13T13:11:12.735,NF,NIFTY13APR2624200CE,0.75,3.7,7.05,0.7,76.7,140770630,1.11,0.75,2781610,0.8,1889485,12299820
2026-04-13T13:11:14.339,NF,NIFTY13APR2624200CE,0.75,3.7,7.05,0.7,76.7,140770695,1.11,0.75,2780505,0.8,1884220,12299820
2026-04-13T13:11:16.005,NF,NIFTY13APR2624200CE,0.75,3.7,7.05,0.7,76.7,140787075,1.11,0.75,2790905,0.8,1871610,12522965
2026-04-13T13:11:17.749,NF,NIFTY13APR2624200CE,0.75,3.7,7.05,0.7,76.7,140797345,1.11,0.75,2776735,0.8,1868815,12522965
2026-04-13T13:11:19.360,NF,NIFTY13APR2624200CE,0.75,3.7,7.05,0.7,76.7,140797995,1.11,0.75,2776800,0.8,1870310,12522965
2026-04-13T13:11:20.964,NF,NIFTY13APR2624200CE,0.75,3.7,7.05,0.7,76.7,140813335,1.11,0.75,2796235,0.8,1875055,12522965
2026-04-13T13:11:22.755,NF,NIFTY13APR2624200CE,0.75,3.7,7.05,0.7,76.7,140817105,1.11,0.75,2762045,0.8,1885390,12522965
2026-04-13T13:11:24.355,NF,NIFTY13APR2624200CE,0.8,3.7,7.05,0.7,76.7,140817690,1.11,0.75,2777775,0.8,1891955,12522965
2026-04-13T13:11:25.955,NF,NIFTY13APR2624200CE,0.8,3.7,7.05,0.7,76.7,140835370,1.11,0.75,2751710,0.8,1822730,12522965
2026-04-13T13:11:27.568,NF,NIFTY13APR2624200CE,0.75,3.7,7.05,0.7,76.7,140836345,1.11,0.75,2744560,0.8,1900860,12522965
2026-04-13T13:11:29.159,NF,NIFTY13APR2624200CE,0.8,3.7,7.05,0.7,76.7,140841090,1.11,0.75,2745340,0.8,1872715,12522965
2026-04-13T13:11:30.962,NF,NIFTY13APR2624200CE,0.8,3.7,7.05,0.7,76.7,140847785,1.11,0.75,2742090,0.8,1879540,12522965
2026-04-13T13:11:32.566,NF,NIFTY13APR2624200CE,0.75,3.7,7.05,0.7,76.7,140847915,1.11,0.75,2742285,0.8,1896245,12522965
2026-04-13T13:11:34.165,NF,NIFTY13APR2624200CE,0.8,3.7,7.05,0.7,76.7,140848760,1.11,0.75,2785705,0.8,1846650,12522965
2026-04-13T13:11:35.778,NF,NIFTY13APR2624200CE,0.75,3.7,7.05,0.7,76.7,140855780,1.11,0.75,2797925,0.8,1824160,12522965
2026-04-13T13:11:37.372,NF,NIFTY13APR2624200CE,0.75,3.7,7.05,0.7,76.7,140859355,1.11,0.75,2810730,0.8,1827475,12522965
2026-04-13T13:11:38.774,NF,NIFTY13APR2624200CE,0.75,3.7,7.05,0.7,76.7,140863710,1.11,0.75,2872610,0.8,1825005,12522965
2026-04-13T13:11:40.580,NF,NIFTY13APR2624200CE,0.8,3.7,7.05,0.7,76.7,140874825,1.11,0.75,2829255,0.8,1813630,12522965
2026-04-13T13:11:42.179,NF,NIFTY13APR2624200CE,0.75,3.7,7.05,0.7,76.7,140882170,1.11,0.75,2873845,0.8,1808560,12522965
2026-04-13T13:11:43.780,NF,NIFTY13APR2624200CE,0.8,3.7,7.05,0.7,76.7,140888800,1.11,0.75,2804750,0.8,1801995,12522965
2026-04-13T13:11:45.584,NF,NIFTY13APR2624200CE,0.8,3.7,7.05,0.7,76.7,140889775,1.11,0.75,2807285,0.8,1806415,12522965
2026-04-13T13:11:47.186,NF,NIFTY13APR2624200CE,0.75,3.7,7.05,0.7,76.7,140890620,1.11,0.75,2796885,0.8,1818635,12522965
2026-04-13T13:11:48.794,NF,NIFTY13APR2624200CE,0.75,3.7,7.05,0.7,76.7,140919090,1.11,0.75,2783560,0.8,1789645,12522965
2026-04-13T13:11:50.392,NF,NIFTY13APR2624200CE,0.8,3.7,7.05,0.7,76.7,140921885,1.11,0.75,2786095,0.8,1789450,12522965
2026-04-13T13:11:52.194,NF,NIFTY13APR2624200CE,0.8,3.7,7.05,0.7,76.7,140929425,1.11,0.75,2772640,0.8,1787955,12522965
2026-04-13T13:11:53.795,NF,NIFTY13APR2624200CE,0.75,3.7,7.05,0.7,76.7,140942750,1.11,0.75,2750735,0.8,1805635,12522965
2026-04-13T13:11:55.399,NF,NIFTY13APR2624200CE,0.8,3.7,7.05,0.7,76.7,140955295,1.11,0.75,2752685,0.8,1781780,12522965
2026-04-13T13:11:57.198,NF,NIFTY13APR2624200CE,0.8,3.7,7.05,0.7,76.7,140968945,1.11,0.75,2599415,0.8,1779635,12522965
2026-04-13T13:11:58.806,NF,NIFTY13APR2624200CE,0.75,3.7,7.05,0.7,76.7,140970050,1.11,0.75,2623270,0.8,1787240,12522965
2026-04-13T13:12:00.406,NF,NIFTY13APR2624200CE,0.8,3.7,7.05,0.7,76.7,140971025,1.11,0.75,2633930,0.8,1779050,12522965
2026-04-13T13:12:02.212,NF,NIFTY13APR2624200CE,0.75,3.7,7.05,0.7,76.7,140978240,1.11,0.75,2638610,0.8,1773135,12522965
2026-04-13T13:12:03.811,NF,NIFTY13APR2624200CE,0.8,3.7,7.05,0.7,76.7,141034270,1.11,0.8,841620,0.85,1847235,12522965
2026-04-13T13:12:05.412,NF,NIFTY13APR2624200CE,0.8,3.7,7.05,0.7,76.7,141170640,1.1,0.8,1578005,0.85,1823965,12522965
2026-04-13T13:12:07.213,NF,NIFTY13APR2624200CE,0.8,3.7,7.05,0.7,76.7,141176945,1.1,0.8,1544985,0.85,1839175,12522965
2026-04-13T13:12:08.833,NF,NIFTY13APR2624200CE,0.85,3.7,7.05,0.7,76.7,141190400,1.1,0.8,1813370,0.85,1757990,12522965
2026-04-13T13:12:10.422,NF,NIFTY13APR2624200CE,0.8,3.7,7.05,0.7,76.7,141192740,1.1,0.8,1715610,0.85,1783405,12522965
2026-04-13T13:12:12.220,NF,NIFTY13APR2624200CE,0.85,3.7,7.05,0.7,76.7,141218025,1.1,0.8,1704365,0.85,1809340,12522965
2026-04-13T13:12:13.828,NF,NIFTY13APR2624200CE,0.85,3.7,7.05,0.7,76.7,141228945,1.1,0.8,1702155,0.85,1795300,12522965
2026-04-13T13:12:17.233,NF,NIFTY13APR2624200CE,0.85,3.7,7.05,0.7,76.7,141236030,1.1,0.8,1703585,0.85,1790360,12522965
2026-04-13T13:12:18.830,NF,NIFTY13APR2624200CE,0.85,3.7,7.05,0.7,76.7,141243700,1.1,0.8,1710605,0.85,1790100,12522965
2026-04-13T13:12:20.434,NF,NIFTY13APR2624200CE,0.8,3.7,7.05,0.7,76.7,141251045,1.1,0.8,1697865,0.85,1788475,12522965
2026-04-13T13:12:22.236,NF,NIFTY13APR2624200CE,0.8,3.7,7.05,0.7,76.7,141258000,1.1,0.8,1738425,0.85,1785485,12522965
2026-04-13T13:12:23.837,NF,NIFTY13APR2624200CE,0.85,3.7,7.05,0.7,76.7,141267880,1.1,0.8,1713985,0.85,1785810,12522965
2026-04-13T13:12:25.441,NF,NIFTY13APR2624200CE,0.8,3.7,7.05,0.7,76.7,141268205,1.1,0.8,1717300,0.85,1785680,12522965
2026-04-13T13:12:27.253,NF,NIFTY13APR2624200CE,0.8,3.7,7.05,0.7,76.7,141269570,1.1,0.8,1732380,0.85,1785485,12522965
2026-04-13T13:12:28.868,NF,NIFTY13APR2624200CE,0.75,3.7,7.05,0.7,76.7,141408865,1.1,0.75,2746380,0.8,1691950,12522965
2026-04-13T13:12:32.253,NF,NIFTY13APR2624200CE,0.8,3.7,7.05,0.7,76.7,141415560,1.1,0.75,2640755,0.8,1958385,12522965
2026-04-13T13:12:33.858,NF,NIFTY13APR2624200CE,0.8,3.7,7.05,0.7,76.7,141417120,1.1,0.75,2645435,0.8,1969955,12522965
2026-04-13T13:12:35.458,NF,NIFTY13APR2624200CE,0.75,3.7,7.05,0.7,76.7,141420370,1.1,0.75,2653625,0.8,1876680,12522965
2026-04-13T13:12:37.266,NF,NIFTY13APR2624200CE,0.75,3.7,7.05,0.7,76.7,141420630,1.1,0.75,2661815,0.8,1900600,12522965
2026-04-13T13:12:40.065,NF,NIFTY13APR2624200CE,0.8,3.7,7.05,0.7,76.7,141421475,1.1,0.75,2662465,0.8,1908790,12522965
2026-04-13T13:12:41.867,NF,NIFTY13APR2624200CE,0.75,3.7,7.05,0.7,76.7,141422840,1.1,0.75,2666560,0.8,1883505,12522965
2026-04-13T13:12:45.075,NF,NIFTY13APR2624200CE,0.75,3.7,7.05,0.7,76.7,141437790,1.1,0.75,2562820,0.8,1928030,12522965
2026-04-13T13:12:46.876,NF,NIFTY13APR2624200CE,0.8,3.7,7.05,0.7,76.7,141439805,1.1,0.75,2577510,0.8,1903005,12522965
2026-04-13T13:12:48.481,NF,NIFTY13APR2624200CE,0.75,3.7,7.05,0.7,76.7,141441430,1.1,0.75,2579200,0.8,1905800,12522965
2026-04-13T13:12:50.078,NF,NIFTY13APR2624200CE,0.8,3.7,7.05,0.7,76.7,141441755,1.1,0.75,2649985,0.8,1905345,12522965
2026-04-13T13:12:51.879,NF,NIFTY13APR2624200CE,0.8,3.7,7.05,0.7,76.7,141441950,1.1,0.75,2665000,0.8,1901315,12522965
2026-04-13T13:12:53.487,NF,NIFTY13APR2624200CE,0.8,3.7,7.05,0.7,76.7,141461320,1.1,0.75,2660060,0.8,1820910,12522965
2026-04-13T13:12:55.089,NF,NIFTY13APR2624200CE,0.8,3.7,7.05,0.7,76.7,141467430,1.1,0.75,2658370,0.8,1841450,12522965
2026-04-13T13:12:56.691,NF,NIFTY13APR2624200CE,0.8,3.7,7.05,0.7,76.7,141471135,1.1,0.75,2656680,0.8,1843790,12522965
2026-04-13T13:12:58.293,NF,NIFTY13APR2624200CE,0.8,3.7,7.05,0.7,76.7,141491415,1.1,0.75,2660125,0.8,1797250,12522965
2026-04-13T13:12:59.897,NF,NIFTY13APR2624200CE,0.8,3.7,7.05,0.7,76.7,141498630,1.1,0.75,2678195,0.8,1786655,12522965
2026-04-13T13:13:01.715,NF,NIFTY13APR2624200CE,0.8,3.7,7.05,0.7,76.7,141500710,1.1,0.75,2653560,0.8,1784705,12522965
2026-04-13T13:13:03.301,NF,NIFTY13APR2624200CE,0.8,3.7,7.05,0.7,76.7,141504675,1.1,0.75,2654080,0.8,1782560,12522965
2026-04-13T13:13:04.900,NF,NIFTY13APR2624200CE,0.8,3.7,7.05,0.7,76.7,141510785,1.1,0.75,2662075,0.8,1779115,12522965
2026-04-13T13:13:06.514,NF,NIFTY13APR2624200CE,0.8,3.7,7.05,0.7,76.7,141510850,1.1,0.75,2683070,0.8,1778920,12522965
2026-04-13T13:13:08.109,NF,NIFTY13APR2624200CE,0.75,3.7,7.05,0.7,76.7,141511825,1.1,0.75,2677415,0.8,1778270,12522965
2026-04-13T13:13:09.908,NF,NIFTY13APR2624200CE,0.8,3.7,7.05,0.7,76.7,141514035,1.1,0.75,2658695,0.8,1839890,12522965
2026-04-13T13:13:11.514,NF,NIFTY13APR2624200CE,0.8,3.7,7.05,0.7,76.7,141514100,1.1,0.75,2661360,0.8,1815255,12522965
2026-04-13T13:13:13.116,NF,NIFTY13APR2624200CE,0.8,3.7,7.05,0.7,76.7,141515140,1.1,0.75,2667470,0.8,1814540,12522965
2026-04-13T13:13:14.723,NF,NIFTY13APR2624200CE,0.75,3.7,7.05,0.7,76.7,141515530,1.1,0.75,2666430,0.8,1815970,12522965
2026-04-13T13:13:16.529,NF,NIFTY13APR2624200CE,0.75,3.7,7.05,0.7,76.7,141541790,1.1,0.75,2673515,0.8,1773070,12522965
2026-04-13T13:13:18.136,NF,NIFTY13APR2624200CE,0.75,3.7,7.05,0.7,76.7,141543935,1.1,0.75,2659605,0.8,1818635,12522965
2026-04-13T13:13:19.731,NF,NIFTY13APR2624200CE,0.8,3.7,7.05,0.7,76.7,141545300,1.1,0.75,2650245,0.8,1845090,12522965
2026-04-13T13:13:21.530,NF,NIFTY13APR2624200CE,0.75,3.7,7.05,0.7,76.7,141610885,1.1,0.75,2648425,0.8,1784705,12522965
2026-04-13T13:13:23.134,NF,NIFTY13APR2624200CE,0.75,3.7,7.05,0.7,76.7,141616280,1.1,0.75,2641015,0.8,1784185,12522965
2026-04-13T13:13:24.738,NF,NIFTY13APR2624200CE,0.75,3.7,7.05,0.7,76.7,141619920,1.1,0.75,2614105,0.8,1781780,12522965
2026-04-13T13:13:26.538,NF,NIFTY13APR2624200CE,0.75,3.7,7.05,0.7,76.7,141727625,1.1,0.75,1519375,0.8,1742130,12522965
2026-04-13T13:13:28.145,NF,NIFTY13APR2624200CE,0.75,3.7,7.05,0.7,76.7,141731850,1.1,0.75,1704365,0.8,1747590,12522965
2026-04-13T13:13:29.756,NF,NIFTY13APR2624200CE,0.8,3.7,7.05,0.7,76.7,141735035,1.1,0.75,1703975,0.8,1747850,12522965
2026-04-13T13:13:31.363,NF,NIFTY13APR2624200CE,0.8,3.7,7.05,0.7,76.7,141778910,1.1,0.75,1741415,0.8,747240,12522965
2026-04-13T13:13:33.151,NF,NIFTY13APR2624200CE,0.75,3.7,7.05,0.7,76.7,141795810,1.1,0.75,1704690,0.8,1174290,12522965
2026-04-13T13:13:34.756,NF,NIFTY13APR2624200CE,0.8,3.7,7.05,0.7,76.7,141796785,1.1,0.75,1705470,0.8,1177540,12522965
2026-04-13T13:13:36.366,NF,NIFTY13APR2624200CE,0.75,3.7,7.05,0.7,76.7,141821810,1.1,0.75,1710410,0.8,1176045,12522965
2026-04-13T13:13:37.959,NF,NIFTY13APR2624200CE,0.75,3.7,7.05,0.7,76.7,141917035,1.1,0.75,1637610,0.8,1193725,12522965
2026-04-13T13:13:39.763,NF,NIFTY13APR2624200CE,0.75,3.7,7.05,0.7,76.7,141922950,1.1,0.75,1632735,0.8,1487265,12522965
2026-04-13T13:13:41.564,NF,NIFTY13APR2624200CE,0.75,3.7,7.05,0.7,76.7,141931205,1.1,0.75,1626105,0.8,1385215,12522965
2026-04-13T13:13:43.181,NF,NIFTY13APR2624200CE,0.75,3.7,7.05,0.7,76.7,141937835,1.1,0.75,1621035,0.8,1384825,12522965
2026-04-13T13:13:44.774,NF,NIFTY13APR2624200CE,0.75,3.7,7.05,0.7,76.7,141938225,1.1,0.75,1643980,0.8,1365130,12522965
2026-04-13T13:13:46.610,NF,NIFTY13APR2624200CE,0.8,3.7,7.05,0.7,76.7,141938680,1.1,0.75,1646905,0.8,1361945,12522965
2026-04-13T13:13:48.185,NF,NIFTY13APR2624200CE,0.75,3.7,7.05,0.7,76.7,141941475,1.1,0.75,1656720,0.8,1368705,12522965
2026-04-13T13:13:49.783,NF,NIFTY13APR2624200CE,0.75,3.7,7.05,0.7,76.7,141944790,1.1,0.75,1627535,0.8,1367730,12522965
2026-04-13T13:13:51.591,NF,NIFTY13APR2624200CE,0.75,3.7,7.05,0.7,76.7,141977875,1.1,0.75,1601080,0.8,1819415,12522965
2026-04-13T13:13:53.183,NF,NIFTY13APR2624200CE,0.75,3.7,7.05,0.7,76.7,142002250,1.1,0.75,1583075,0.8,1830140,12522965
2026-04-13T13:13:54.789,NF,NIFTY13APR2624200CE,0.75,3.7,7.05,0.7,76.7,142018500,1.1,0.75,1570855,0.8,1850745,12522965
2026-04-13T13:13:56.591,NF,NIFTY13APR2624200CE,0.8,3.7,7.05,0.7,76.7,142042030,1.1,0.75,1654965,0.8,1806805,12522965
2026-04-13T13:13:58.190,NF,NIFTY13APR2624200CE,0.8,3.7,7.05,0.7,76.7,142049830,1.1,0.75,1632215,0.8,1812850,12522965
2026-04-13T13:13:59.795,NF,NIFTY13APR2624200CE,0.75,3.7,7.05,0.7,76.7,142061920,1.1,0.75,1635595,0.8,1809145,12522965
2026-04-13T13:14:01.601,NF,NIFTY13APR2624200CE,0.75,3.7,7.05,0.7,76.7,142062895,1.1,0.75,1461590,0.8,1814995,12522965
2026-04-13T13:14:03.204,NF,NIFTY13APR2624200CE,0.75,3.7,7.05,0.7,76.7,142096110,1.1,0.75,1560455,0.8,1780155,12522965
2026-04-13T13:14:04.823,NF,NIFTY13APR2624200CE,0.8,3.7,7.05,0.7,76.7,142096630,1.1,0.75,1554410,0.8,1778790,12522965
2026-04-13T13:14:06.602,NF,NIFTY13APR2624200CE,0.75,3.7,7.05,0.7,76.7,142098645,1.1,0.75,1532505,0.8,1788800,12522965
2026-04-13T13:14:08.205,NF,NIFTY13APR2624200CE,0.75,3.7,7.05,0.7,76.7,142103715,1.1,0.75,1520545,0.8,1793935,12522965
2026-04-13T13:14:09.808,NF,NIFTY13APR2624200CE,0.75,3.7,7.05,0.7,76.7,142104625,1.1,0.75,1530165,0.8,1787305,12522965
2026-04-13T13:14:11.610,NF,NIFTY13APR2624200CE,0.8,3.7,7.05,0.7,76.7,142118470,1.1,0.75,1495000,0.8,1791335,12522965
2026-04-13T13:14:13.227,NF,NIFTY13APR2624200CE,0.75,3.7,7.05,0.7,76.7,142121525,1.1,0.75,1492140,0.8,1782430,12522965
2026-04-13T13:14:14.816,NF,NIFTY13APR2624200CE,0.75,3.7,7.05,0.7,76.7,142127635,1.1,0.75,1593865,0.8,1782365,12522965
2026-04-13T13:14:16.618,NF,NIFTY13APR2624200CE,0.75,3.7,7.05,0.7,76.7,142131470,1.1,0.75,1616940,0.8,1759160,12626835
2026-04-13T13:14:18.227,NF,NIFTY13APR2624200CE,0.75,3.7,7.05,0.7,76.7,142173005,1.1,0.75,1451645,0.8,1758055,12626835
2026-04-13T13:14:19.825,NF,NIFTY13APR2624200CE,0.7,3.7,7.05,0.7,76.7,142324910,1.1,0.7,1905085,0.75,1751815,12626835
2026-04-13T13:14:21.636,NF,NIFTY13APR2624200CE,0.75,3.7,7.05,0.7,76.7,142329005,1.1,0.7,1827800,0.75,1762345,12626835
2026-04-13T13:14:23.228,NF,NIFTY13APR2624200CE,0.7,3.7,7.05,0.7,76.7,142332385,1.1,0.7,1820845,0.75,1766115,12626835
2026-04-13T13:14:24.833,NF,NIFTY13APR2624200CE,0.7,3.7,7.05,0.7,76.7,142334595,1.1,0.7,1816360,0.75,1763450,12626835
2026-04-13T13:14:26.640,NF,NIFTY13APR2624200CE,0.7,3.7,7.05,0.7,76.7,142348245,1.1,0.7,1821040,0.75,1751750,12626835
2026-04-13T13:14:28.238,NF,NIFTY13APR2624200CE,0.7,3.7,7.05,0.7,76.7,142350975,1.1,0.7,1821430,0.75,1753830,12626835
2026-04-13T13:14:29.842,NF,NIFTY13APR2624200CE,0.7,3.7,7.05,0.7,76.7,142355590,1.1,0.7,1796405,0.75,1747655,12626835
2026-04-13T13:14:31.646,NF,NIFTY13APR2624200CE,0.7,3.7,7.05,0.7,76.7,142359945,1.1,0.7,1785095,0.75,1780870,12626835
2026-04-13T13:14:33.244,NF,NIFTY13APR2624200CE,0.75,3.7,7.05,0.7,76.7,142369240,1.1,0.7,1799915,0.75,1809535,12626835
2026-04-13T13:14:34.846,NF,NIFTY13APR2624200CE,0.75,3.7,7.05,0.7,76.7,142384515,1.1,0.7,1797055,0.75,1804335,12626835
2026-04-13T13:14:36.646,NF,NIFTY13APR2624200CE,0.7,3.7,7.05,0.7,76.7,142402455,1.1,0.7,1805180,0.75,1798160,12626835
2026-04-13T13:14:38.261,NF,NIFTY13APR2624200CE,0.7,3.7,7.05,0.7,76.7,142478700,1.1,0.7,1644110,0.75,1812720,12626835
2026-04-13T13:14:41.454,NF,NIFTY13APR2624200CE,0.7,3.7,7.05,0.7,76.7,142485070,1.1,0.7,1663155,0.75,1817205,12626835
2026-04-13T13:14:43.057,NF,NIFTY13APR2624200CE,0.75,3.7,7.05,0.7,76.7,142495210,1.1,0.7,1658345,0.75,1807195,12626835
2026-04-13T13:14:44.662,NF,NIFTY13APR2624200CE,0.75,3.7,7.05,0.7,76.7,142495275,1.1,0.7,1658735,0.75,1815255,12626835
2026-04-13T13:14:46.462,NF,NIFTY13APR2624200CE,0.7,3.7,7.05,0.7,76.7,142500670,1.1,0.7,1660620,0.75,1820455,12626835
2026-04-13T13:14:48.069,NF,NIFTY13APR2624200CE,0.75,3.7,7.05,0.7,76.7,142512240,1.1,0.7,1681225,0.75,1814020,12626835
2026-04-13T13:14:49.677,NF,NIFTY13APR2624200CE,0.75,3.7,7.05,0.7,76.7,142518740,1.1,0.7,1667965,0.75,1805960,12626835
2026-04-13T13:14:51.273,NF,NIFTY13APR2624200CE,0.75,3.7,7.05,0.7,76.7,142528750,1.1,0.7,1669070,0.75,1826890,12626835
2026-04-13T13:14:52.876,NF,NIFTY13APR2624200CE,0.7,3.7,7.05,0.7,76.7,142534080,1.1,0.7,1660295,0.75,1848470,12626835
2026-04-13T13:14:54.486,NF,NIFTY13APR2624200CE,0.7,3.7,7.05,0.7,76.7,142536875,1.1,0.7,1662570,0.75,1845545,12626835
2026-04-13T13:14:56.084,NF,NIFTY13APR2624200CE,0.75,3.7,7.05,0.7,76.7,142548965,1.1,0.7,1732055,0.75,1809860,12626835
2026-04-13T13:14:57.705,NF,NIFTY13APR2624200CE,0.75,3.7,7.05,0.7,76.7,142549030,1.1,0.7,1672970,0.75,1822275,12626835
2026-04-13T13:14:59.494,NF,NIFTY13APR2624200CE,0.7,3.7,7.05,0.7,76.7,142562030,1.1,0.7,1697020,0.75,1801670,12626835
2026-04-13T13:15:01.112,NF,NIFTY13APR2624200CE,0.7,3.7,7.05,0.7,76.7,142587705,1.1,0.7,1799915,0.75,1745185,12626835
2026-04-13T13:15:02.697,NF,NIFTY13APR2624200CE,0.7,3.7,7.05,0.7,76.7,142598170,1.1,0.7,1714180,0.75,1778855,12626835
2026-04-13T13:15:04.518,NF,NIFTY13APR2624200CE,0.75,3.7,7.05,0.7,76.7,142600965,1.1,0.7,1715025,0.75,1771900,12626835
2026-04-13T13:15:06.100,NF,NIFTY13APR2624200CE,0.75,3.7,7.05,0.7,76.7,142643280,1.1,0.7,1730040,0.75,1784380,12626835
2026-04-13T13:15:07.705,NF,NIFTY13APR2624200CE,0.7,3.7,7.05,0.7,76.7,142648480,1.1,0.7,1726725,0.75,1807715,12626835
2026-04-13T13:15:09.506,NF,NIFTY13APR2624200CE,0.75,3.7,7.05,0.7,76.7,142651730,1.1,0.7,1739660,0.75,1786070,12626835
2026-04-13T13:15:11.105,NF,NIFTY13APR2624200CE,0.75,3.7,7.05,0.7,76.7,142660895,1.1,0.7,1735305,0.75,1771770,12626835
2026-04-13T13:15:12.714,NF,NIFTY13APR2624200CE,0.75,3.7,7.05,0.7,76.7,142662975,1.1,0.7,1732835,0.75,1777035,12626835
2026-04-13T13:15:14.518,NF,NIFTY13APR2624200CE,0.7,3.7,7.05,0.7,76.7,142713155,1.1,0.7,1802645,0.75,1724970,12626835
2026-04-13T13:15:16.125,NF,NIFTY13APR2624200CE,0.75,3.7,7.05,0.7,76.7,142713935,1.1,0.7,1788020,0.75,1764035,12626835
2026-04-13T13:15:17.719,NF,NIFTY13APR2624200CE,0.75,3.7,7.05,0.7,76.7,142719005,1.1,0.7,1776775,0.75,1757665,12626835
2026-04-13T13:15:19.524,NF,NIFTY13APR2624200CE,0.75,3.7,7.05,0.7,76.7,142719655,1.1,0.7,1780350,0.75,1753375,12626835
2026-04-13T13:15:21.131,NF,NIFTY13APR2624200CE,0.7,3.7,7.05,0.7,76.7,142721735,1.1,0.7,1777555,0.75,1757210,12626835
2026-04-13T13:15:22.732,NF,NIFTY13APR2624200CE,0.7,3.7,7.05,0.7,76.7,142723815,1.1,0.7,1766375,0.75,1756885,12626835
2026-04-13T13:15:24.531,NF,NIFTY13APR2624200CE,0.7,3.7,7.05,0.7,76.7,142728105,1.1,0.7,1853605,0.75,1753830,12626835
2026-04-13T13:15:26.130,NF,NIFTY13APR2624200CE,0.7,3.7,7.05,0.7,76.7,142729600,1.1,0.7,1822340,0.75,1753570,12626835
2026-04-13T13:15:27.732,NF,NIFTY13APR2624200CE,0.7,3.7,7.05,0.7,76.7,142730315,1.1,0.7,1786265,0.75,1754415,12626835
2026-04-13T13:15:29.358,NF,NIFTY13APR2624200CE,0.7,3.7,7.05,0.7,76.7,142822290,1.1,0.7,1861600,0.75,1689740,12626835
2026-04-13T13:15:30.940,NF,NIFTY13APR2624200CE,0.75,3.7,7.05,0.7,76.7,142822745,1.1,0.7,1868555,0.75,1656655,12626835
2026-04-13T13:15:32.748,NF,NIFTY13APR2624200CE,0.7,3.7,7.05,0.7,76.7,142824500,1.1,0.7,1872520,0.75,1665495,12626835
2026-04-13T13:15:34.343,NF,NIFTY13APR2624200CE,0.7,3.7,7.05,0.7,76.7,142827880,1.1,0.7,1856400,0.75,1681030,12626835
2026-04-13T13:15:35.946,NF,NIFTY13APR2624200CE,0.75,3.7,7.05,0.7,76.7,142841855,1.1,0.7,1843400,0.75,1691105,12626835
2026-04-13T13:15:37.549,NF,NIFTY13APR2624200CE,0.7,3.7,7.05,0.7,76.7,142843025,1.1,0.7,1844700,0.75,1697215,12626835
2026-04-13T13:15:39.352,NF,NIFTY13APR2624200CE,0.7,3.7,7.05,0.7,76.7,142844585,1.1,0.7,1837940,0.75,1692015,12626835
2026-04-13T13:15:40.956,NF,NIFTY13APR2624200CE,0.7,3.7,7.05,0.7,76.7,142844715,1.1,0.7,1845935,0.75,1709695,12626835
2026-04-13T13:15:42.757,NF,NIFTY13APR2624200CE,0.7,3.7,7.05,0.7,76.7,142846925,1.1,0.7,1821170,0.75,1696500,12626835
2026-04-13T13:15:44.383,NF,NIFTY13APR2624200CE,0.75,3.7,7.05,0.7,76.7,142847315,1.1,0.7,1825135,0.75,1700790,12626835
2026-04-13T13:15:45.964,NF,NIFTY13APR2624200CE,0.7,3.7,7.05,0.7,76.7,142849590,1.1,0.7,1825525,0.75,1703390,12626835
2026-04-13T13:15:47.766,NF,NIFTY13APR2624200CE,0.7,3.7,7.05,0.7,76.7,142850435,1.1,0.7,1821235,0.75,1705730,12626835
2026-04-13T13:15:49.376,NF,NIFTY13APR2624200CE,0.75,3.7,7.05,0.7,76.7,142857000,1.1,0.7,1814150,0.75,1704820,12626835
2026-04-13T13:15:50.975,NF,NIFTY13APR2624200CE,0.7,3.7,7.05,0.7,76.7,142857650,1.1,0.7,1800500,0.75,1862510,12626835
2026-04-13T13:15:52.774,NF,NIFTY13APR2624200CE,0.65,3.7,7.05,0.65,76.7,143006305,1.1,0.65,2539615,0.7,1436175,12626835
2026-04-13T13:15:54.378,NF,NIFTY13APR2624200CE,0.7,3.7,7.05,0.65,76.7,143012415,1.1,0.65,2580110,0.7,1622270,12626835
2026-04-13T13:15:55.985,NF,NIFTY13APR2624200CE,0.65,3.7,7.05,0.65,76.7,143013520,1.1,0.65,2572895,0.7,1664065,12626835
2026-04-13T13:15:57.797,NF,NIFTY13APR2624200CE,0.7,3.7,7.05,0.65,76.7,143016575,1.1,0.65,2574000,0.7,1680835,12626835
2026-04-13T13:15:59.387,NF,NIFTY13APR2624200CE,0.7,3.7,7.05,0.65,76.7,143028405,1.1,0.65,2591030,0.7,1518400,12626835
2026-04-13T13:16:00.989,NF,NIFTY13APR2624200CE,0.7,3.7,7.05,0.65,76.7,143186225,1.1,0.7,1660230,0.75,1911520,12626835
2026-04-13T13:16:02.612,NF,NIFTY13APR2624200CE,0.7,3.7,7.05,0.65,76.7,143202150,1.1,0.7,1926275,0.75,1913015,12626835
2026-04-13T13:16:04.195,NF,NIFTY13APR2624200CE,0.7,3.7,7.05,0.65,76.7,143208780,1.1,0.7,1920425,0.75,1912235,12626835
2026-04-13T13:16:05.994,NF,NIFTY13APR2624200CE,0.7,3.7,7.05,0.65,76.7,143210730,1.1,0.7,1920490,0.75,1895790,12626835
2026-04-13T13:16:07.597,NF,NIFTY13APR2624200CE,0.75,3.7,7.05,0.65,76.7,143239525,1.1,0.7,1947205,0.75,1874665,12626835
2026-04-13T13:16:09.208,NF,NIFTY13APR2624200CE,0.75,3.7,7.05,0.65,76.7,143245115,1.1,0.7,2034175,0.75,1869530,12626835
2026-04-13T13:16:11.001,NF,NIFTY13APR2624200CE,0.75,3.7,7.05,0.65,76.7,143251030,1.1,0.7,2048540,0.75,1867840,12626835
2026-04-13T13:16:12.615,NF,NIFTY13APR2624200CE,0.7,3.7,7.05,0.65,76.7,143254410,1.1,0.7,1979640,0.75,1877330,12626835
2026-04-13T13:16:14.214,NF,NIFTY13APR2624200CE,0.7,3.7,7.05,0.65,76.7,143255125,1.1,0.7,1982370,0.75,1871285,12626835
2026-04-13T13:16:16.030,NF,NIFTY13APR2624200CE,0.75,3.7,7.05,0.65,76.7,143255905,1.1,0.7,1983475,0.75,1880515,12626835
2026-04-13T13:16:17.614,NF,NIFTY13APR2624200CE,0.7,3.7,7.05,0.65,76.7,143256880,1.1,0.7,1992705,0.75,1897285,12626835
2026-04-13T13:16:19.237,NF,NIFTY13APR2624200CE,0.7,3.7,7.05,0.65,76.7,143257790,1.1,0.7,1993680,0.75,1882920,12626835
2026-04-13T13:16:21.020,NF,NIFTY13APR2624200CE,0.7,3.7,7.05,0.65,76.7,143259155,1.1,0.7,1992315,0.75,1890980,12626835
2026-04-13T13:16:22.622,NF,NIFTY13APR2624200CE,0.7,3.7,7.05,0.65,76.7,143296920,1.1,0.7,1868880,0.75,1869595,12626835
2026-04-13T13:16:24.236,NF,NIFTY13APR2624200CE,0.7,3.7,7.05,0.65,76.7,143299065,1.1,0.7,1885195,0.75,1880060,12626835
2026-04-13T13:16:26.027,NF,NIFTY13APR2624200CE,0.65,3.7,7.05,0.65,76.7,143492895,1.1,0.65,2741635,0.7,1024725,12626835
2026-04-13T13:16:27.630,NF,NIFTY13APR2624200CE,0.7,3.7,7.05,0.65,76.7,143502125,1.1,0.65,2665845,0.7,1299935,12626835
2026-04-13T13:16:29.251,NF,NIFTY13APR2624200CE,0.7,3.7,7.05,0.65,76.7,143589940,1.1,0.65,2485665,0.7,1362075,12626835
2026-04-13T13:16:30.835,NF,NIFTY13APR2624200CE,0.7,3.7,7.05,0.65,76.7,143594685,1.1,0.65,2561325,0.7,1353625,12626835
2026-04-13T13:16:32.442,NF,NIFTY13APR2624200CE,0.7,3.7,7.05,0.65,76.7,143596115,1.1,0.65,2571595,0.7,1472315,12626835
2026-04-13T13:16:34.046,NF,NIFTY13APR2624200CE,0.7,3.7,7.05,0.65,76.7,143596375,1.1,0.65,2550015,0.7,1576315,12626835
2026-04-13T13:16:35.645,NF,NIFTY13APR2624200CE,0.65,3.7,7.05,0.65,76.7,143603395,1.1,0.65,2542215,0.7,1607450,12626835
2026-04-13T13:16:37.443,NF,NIFTY13APR2624200CE,0.7,3.7,7.05,0.65,76.7,143617045,1.1,0.65,2542735,0.7,1613365,12626835
2026-04-13T13:16:38.845,NF,NIFTY13APR2624200CE,0.7,3.7,7.05,0.65,76.7,143617175,1.1,0.65,2555150,0.7,1612520,12626835
2026-04-13T13:16:40.467,NF,NIFTY13APR2624200CE,0.65,3.7,7.05,0.65,76.7,143623545,1.1,0.65,2541760,0.7,1624545,12626835
2026-04-13T13:16:42.053,NF,NIFTY13APR2624200CE,0.65,3.7,7.05,0.65,76.7,143627315,1.1,0.65,2536365,0.7,1627925,12626835
2026-04-13T13:16:43.854,NF,NIFTY13APR2624200CE,0.65,3.7,7.05,0.65,76.7,143642980,1.1,0.65,2552420,0.7,1903525,12626835
2026-04-13T13:16:45.455,NF,NIFTY13APR2624200CE,0.65,3.7,7.05,0.65,76.7,143744315,1.1,0.65,2417090,0.7,1835990,12626835
2026-04-13T13:16:47.058,NF,NIFTY13APR2624200CE,0.65,3.7,7.05,0.65,76.7,143744575,1.1,0.65,2411695,0.7,1842620,12626835
2026-04-13T13:16:48.858,NF,NIFTY13APR2624200CE,0.65,3.7,7.05,0.65,76.7,143748020,1.1,0.65,2408055,0.7,1844375,12626835
2026-04-13T13:16:50.461,NF,NIFTY13APR2624200CE,0.65,3.7,7.05,0.65,76.7,143754260,1.1,0.65,2407080,0.7,1843335,12626835
2026-04-13T13:16:52.068,NF,NIFTY13APR2624200CE,0.65,3.7,7.05,0.65,76.7,143774865,1.1,0.65,2482350,0.7,1825590,12626835
2026-04-13T13:16:53.873,NF,NIFTY13APR2624200CE,0.7,3.7,7.05,0.65,76.7,143778245,1.1,0.65,2485860,0.7,1825460,12626835
2026-04-13T13:16:55.471,NF,NIFTY13APR2624200CE,0.65,3.7,7.05,0.65,76.7,143781560,1.1,0.65,2480140,0.7,1826435,12626835
2026-04-13T13:16:57.083,NF,NIFTY13APR2624200CE,0.65,3.7,7.05,0.65,76.7,143783510,1.1,0.65,2470390,0.7,1805700,12626835
2026-04-13T13:16:58.883,NF,NIFTY13APR2624200CE,0.65,3.7,7.05,0.65,76.7,143783575,1.1,0.65,2469545,0.7,1810835,12626835
2026-04-13T13:17:00.479,NF,NIFTY13APR2624200CE,0.7,3.7,7.05,0.65,76.7,143789425,1.1,0.65,2471105,0.7,1821885,12626835
2026-04-13T13:17:02.084,NF,NIFTY13APR2624200CE,0.65,3.7,7.05,0.65,76.7,143791505,1.1,0.65,2469870,0.7,1835990,12626835
2026-04-13T13:17:03.885,NF,NIFTY13APR2624200CE,0.7,3.7,7.05,0.65,76.7,143792675,1.1,0.65,2468960,0.7,1824225,12626835
2026-04-13T13:17:05.485,NF,NIFTY13APR2624200CE,0.7,3.7,7.05,0.65,76.7,143800150,1.1,0.65,2467205,0.7,1836250,12626835
2026-04-13T13:17:07.101,NF,NIFTY13APR2624200CE,0.7,3.7,7.05,0.65,76.7,143805675,1.1,0.65,2473640,0.7,1835275,12626835
2026-04-13T13:17:08.890,NF,NIFTY13APR2624200CE,0.7,3.7,7.05,0.65,76.7,143817375,1.1,0.65,2450110,0.7,1834820,12626835
2026-04-13T13:17:10.492,NF,NIFTY13APR2624200CE,0.7,3.7,7.05,0.65,76.7,143839345,1.1,0.65,2459535,0.7,1862510,12626835
2026-04-13T13:17:12.102,NF,NIFTY13APR2624200CE,0.65,3.7,7.05,0.65,76.7,143868855,1.1,0.65,2374970,0.7,1866670,12626835
2026-04-13T13:17:13.895,NF,NIFTY13APR2624200CE,0.65,3.7,7.05,0.65,76.7,143876720,1.1,0.65,2405780,0.7,1840020,12626835
2026-04-13T13:17:15.499,NF,NIFTY13APR2624200CE,0.65,3.7,7.05,0.65,76.7,143883350,1.1,0.65,2409810,0.7,1837745,12626835
2026-04-13T13:17:17.116,NF,NIFTY13APR2624200CE,0.7,3.7,7.05,0.65,76.7,143891150,1.1,0.65,2430285,0.7,1831635,12561120
2026-04-13T13:17:18.906,NF,NIFTY13APR2624200CE,0.7,3.7,7.05,0.65,76.7,143894010,1.1,0.65,2428660,0.7,1811355,12561120
2026-04-13T13:17:20.510,NF,NIFTY13APR2624200CE,0.65,3.7,7.05,0.65,76.7,143908115,1.1,0.65,2420145,0.7,1818960,12561120
2026-04-13T13:17:22.111,NF,NIFTY13APR2624200CE,0.65,3.7,7.05,0.65,76.7,143913315,1.1,0.65,2421055,0.7,1822925,12561120
2026-04-13T13:17:23.911,NF,NIFTY13APR2624200CE,0.65,3.7,7.05,0.65,76.7,143957060,1.1,0.65,1894035,0.7,1933945,12561120
2026-04-13T13:17:25.514,NF,NIFTY13APR2624200CE,0.65,3.7,7.05,0.65,76.7,143968435,1.1,0.65,1915160,0.7,1910740,12561120
2026-04-13T13:17:27.127,NF,NIFTY13APR2624200CE,0.7,3.7,7.05,0.65,76.7,143975845,1.1,0.65,1911910,0.7,1927835,12561120
2026-04-13T13:17:28.982,NF,NIFTY13APR2624200CE,0.7,3.7,7.05,0.65,76.7,143982410,1.1,0.65,1905540,0.7,1938040,12561120
2026-04-13T13:17:30.524,NF,NIFTY13APR2624200CE,0.65,3.7,7.05,0.65,76.7,143988195,1.1,0.65,2050555,0.7,1911910,12561120
2026-04-13T13:17:32.141,NF,NIFTY13APR2624200CE,0.65,3.7,7.05,0.65,76.7,143989495,1.1,0.65,1973140,0.7,1901705,12561120
2026-04-13T13:17:33.928,NF,NIFTY13APR2624200CE,0.65,3.7,7.05,0.65,76.7,143995475,1.1,0.65,1972360,0.7,1891760,12561120
2026-04-13T13:17:35.534,NF,NIFTY13APR2624200CE,0.7,3.7,7.05,0.65,76.7,144008670,1.1,0.65,2040675,0.7,1869595,12561120
2026-04-13T13:17:37.136,NF,NIFTY13APR2624200CE,0.7,3.7,7.05,0.65,76.7,144028755,1.1,0.65,2057185,0.7,1947140,12561120
2026-04-13T13:17:39.140,NF,NIFTY13APR2624200CE,0.7,3.7,7.05,0.65,76.7,144035190,1.1,0.65,2082015,0.7,1949285,12561120
2026-04-13T13:17:40.942,NF,NIFTY13APR2624200CE,0.7,3.7,7.05,0.65,76.7,144047475,1.1,0.65,2175615,0.7,1959750,12561120
2026-04-13T13:17:42.547,NF,NIFTY13APR2624200CE,0.7,3.7,7.05,0.65,76.7,144051245,1.1,0.65,2173730,0.7,1957280,12561120
2026-04-13T13:17:44.156,NF,NIFTY13APR2624200CE,0.65,3.7,7.05,0.65,76.7,144061255,1.1,0.65,2120365,0.7,1972815,12561120
2026-04-13T13:17:45.968,NF,NIFTY13APR2624200CE,0.7,3.7,7.05,0.65,76.7,144083420,1.1,0.65,2110550,0.7,1991600,12561120
2026-04-13T13:17:47.555,NF,NIFTY13APR2624200CE,0.7,3.7,7.05,0.65,76.7,144085955,1.1,0.65,2163200,0.7,1988155,12561120
2026-04-13T13:17:49.161,NF,NIFTY13APR2624200CE,0.65,3.7,7.05,0.65,76.7,144167140,1.1,0.65,2071290,0.7,2312180,12561120
2026-04-13T13:17:50.957,NF,NIFTY13APR2624200CE,0.65,3.7,7.05,0.65,76.7,144208480,1.1,0.65,2037945,0.7,2344030,12561120
2026-04-13T13:17:52.561,NF,NIFTY13APR2624200CE,0.7,3.7,7.05,0.65,76.7,144219660,1.1,0.65,2043340,0.7,2343185,12561120
2026-04-13T13:17:54.180,NF,NIFTY13APR2624200CE,0.7,3.7,7.05,0.65,76.7,144232465,1.1,0.65,2034630,0.7,2329665,12561120
2026-04-13T13:17:55.968,NF,NIFTY13APR2624200CE,0.65,3.7,7.05,0.65,76.7,144238510,1.1,0.65,2021045,0.7,2325570,12561120
2026-04-13T13:17:57.583,NF,NIFTY13APR2624200CE,0.65,3.7,7.05,0.65,76.7,144247935,1.1,0.65,2012010,0.7,2331095,12561120
2026-04-13T13:17:59.172,NF,NIFTY13APR2624200CE,0.65,3.7,7.05,0.65,76.7,144252615,1.1,0.65,2025010,0.7,2332655,12561120
2026-04-13T13:18:00.975,NF,NIFTY13APR2624200CE,0.7,3.7,7.05,0.65,76.7,144256515,1.1,0.65,2087800,0.7,2331290,12561120
2026-04-13T13:18:02.580,NF,NIFTY13APR2624200CE,0.7,3.7,7.05,0.65,76.7,144257685,1.1,0.65,2051790,0.7,2332460,12561120
2026-04-13T13:18:04.195,NF,NIFTY13APR2624200CE,0.7,3.7,7.05,0.65,76.7,144260025,1.1,0.65,2009020,0.7,2332265,12561120
2026-04-13T13:18:05.993,NF,NIFTY13APR2624200CE,0.7,3.7,7.05,0.65,76.7,144266785,1.1,0.65,2011815,0.7,2333500,12561120
2026-04-13T13:18:07.585,NF,NIFTY13APR2624200CE,0.7,3.7,7.05,0.65,76.7,144277835,1.1,0.65,2020005,0.7,2311140,12561120
2026-04-13T13:18:09.188,NF,NIFTY13APR2624200CE,0.7,3.7,7.05,0.65,76.7,144280435,1.1,0.65,2020460,0.7,2307955,12561120
2026-04-13T13:18:10.990,NF,NIFTY13APR2624200CE,0.7,3.7,7.05,0.65,76.7,144305980,1.1,0.65,2005185,0.7,2301650,12561120
2026-04-13T13:18:12.595,NF,NIFTY13APR2624200CE,0.65,3.7,7.05,0.65,76.7,144307930,1.1,0.65,2003105,0.7,2307435,12561120
2026-04-13T13:18:14.210,NF,NIFTY13APR2624200CE,0.7,3.7,7.05,0.65,76.7,144310140,1.1,0.65,2014025,0.7,2301975,12561120
2026-04-13T13:18:16.013,NF,NIFTY13APR2624200CE,0.65,3.7,7.05,0.65,76.7,144326260,1.1,0.65,2006290,0.7,2295410,12561120
2026-04-13T13:18:17.620,NF,NIFTY13APR2624200CE,0.7,3.7,7.05,0.65,76.7,144350505,1.1,0.65,1997515,0.7,2309255,12561120
2026-04-13T13:18:19.256,NF,NIFTY13APR2624200CE,0.65,3.7,7.05,0.65,76.7,144356095,1.1,0.65,1996150,0.7,2268565,12561120
2026-04-13T13:18:21.007,NF,NIFTY13APR2624200CE,0.7,3.7,7.05,0.65,76.7,144363635,1.1,0.65,1998360,0.7,2270450,12561120
2026-04-13T13:18:22.614,NF,NIFTY13APR2624200CE,0.65,3.7,7.05,0.65,76.7,144366365,1.1,0.65,1990430,0.7,2273830,12561120
2026-04-13T13:18:24.223,NF,NIFTY13APR2624200CE,0.7,3.7,7.05,0.65,76.7,144369940,1.1,0.65,1990235,0.7,2266095,12561120
2026-04-13T13:18:26.016,NF,NIFTY13APR2624200CE,0.65,3.7,7.05,0.65,76.7,144378650,1.1,0.65,2066415,0.7,2264470,12561120
2026-04-13T13:18:27.629,NF,NIFTY13APR2624200CE,0.65,3.7,7.05,0.65,76.7,144380730,1.1,0.65,1983865,0.7,2290080,12561120
2026-04-13T13:18:29.230,NF,NIFTY13APR2624200CE,0.7,3.7,7.05,0.65,76.7,144381965,1.1,0.65,1997775,0.7,2287480,12561120
2026-04-13T13:18:31.034,NF,NIFTY13APR2624200CE,0.65,3.7,7.05,0.65,76.7,144382875,1.1,0.65,1967095,0.7,2289495,12561120
2026-04-13T13:18:34.231,NF,NIFTY13APR2624200CE,0.65,3.7,7.05,0.65,76.7,144384955,1.1,0.65,1986010,0.7,2293720,12561120
2026-04-13T13:18:36.056,NF,NIFTY13APR2624200CE,0.65,3.7,7.05,0.65,76.7,144386515,1.1,0.65,1986855,0.7,2291705,12561120
2026-04-13T13:18:37.647,NF,NIFTY13APR2624200CE,0.7,3.7,7.05,0.65,76.7,144396135,1.1,0.65,1968330,0.7,2272595,12561120
2026-04-13T13:18:39.242,NF,NIFTY13APR2624200CE,0.65,3.7,7.05,0.65,76.7,144397435,1.1,0.65,1976390,0.7,2293135,12561120
2026-04-13T13:18:40.845,NF,NIFTY13APR2624200CE,0.7,3.7,7.05,0.65,76.7,144406990,1.1,0.65,1990625,0.7,2307110,12561120
2026-04-13T13:18:42.448,NF,NIFTY13APR2624200CE,0.65,3.7,7.05,0.65,76.7,144409070,1.1,0.65,1985295,0.7,2307760,12561120
2026-04-13T13:18:44.255,NF,NIFTY13APR2624200CE,0.65,3.7,7.05,0.65,76.7,144411865,1.1,0.65,1987830,0.7,2325895,12561120
2026-04-13T13:18:45.852,NF,NIFTY13APR2624200CE,0.7,3.7,7.05,0.65,76.7,144417585,1.1,0.65,2024685,0.7,2281630,12561120
2026-04-13T13:18:47.459,NF,NIFTY13APR2624200CE,0.65,3.7,7.05,0.65,76.7,144422850,1.1,0.65,2010450,0.7,2323815,12561120
2026-04-13T13:18:49.258,NF,NIFTY13APR2624200CE,0.65,3.7,7.05,0.65,76.7,144430000,1.1,0.65,1973465,0.7,2355340,12561120
2026-04-13T13:18:50.874,NF,NIFTY13APR2624200CE,0.7,3.7,7.05,0.65,76.7,144437020,1.1,0.65,1958060,0.7,2360670,12561120
2026-04-13T13:18:54.268,NF,NIFTY13APR2624200CE,0.65,3.7,7.05,0.65,76.7,144440790,1.1,0.65,1979900,0.7,2352805,12561120
2026-04-13T13:18:55.870,NF,NIFTY13APR2624200CE,0.7,3.7,7.05,0.65,76.7,144451320,1.1,0.65,1957605,0.7,2349750,12561120
2026-04-13T13:18:57.472,NF,NIFTY13APR2624200CE,0.65,3.7,7.05,0.65,76.7,144503385,1.1,0.65,1916070,0.7,2348515,12561120
2026-04-13T13:18:59.276,NF,NIFTY13APR2624200CE,0.65,3.7,7.05,0.65,76.7,144510080,1.1,0.65,1911000,0.7,2345395,12561120
2026-04-13T13:19:00.882,NF,NIFTY13APR2624200CE,0.7,3.7,7.05,0.65,76.7,144520870,1.1,0.65,1915745,0.7,2338895,12561120
2026-04-13T13:19:02.491,NF,NIFTY13APR2624200CE,0.65,3.7,7.05,0.65,76.7,144527435,1.1,0.65,1919190,0.7,2339415,12561120
2026-04-13T13:19:04.282,NF,NIFTY13APR2624200CE,0.7,3.7,7.05,0.65,76.7,144533675,1.1,0.65,2057120,0.7,2297685,12561120
2026-04-13T13:19:05.888,NF,NIFTY13APR2624200CE,0.65,3.7,7.05,0.65,76.7,144537640,1.1,0.65,2053090,0.7,2301910,12561120
2026-04-13T13:19:07.490,NF,NIFTY13APR2624200CE,0.7,3.7,7.05,0.65,76.7,144539785,1.1,0.65,2051660,0.7,2296255,12561120
2026-04-13T13:19:09.311,NF,NIFTY13APR2624200CE,0.7,3.7,7.05,0.65,76.7,144548040,1.1,0.65,2132910,0.7,2319720,12561120
2026-04-13T13:19:10.898,NF,NIFTY13APR2624200CE,0.65,3.7,7.05,0.65,76.7,144553110,1.1,0.65,2230930,0.7,2318420,12561120
2026-04-13T13:19:12.503,NF,NIFTY13APR2624200CE,0.7,3.7,7.05,0.65,76.7,144556555,1.1,0.65,2148445,0.7,2318810,12561120
2026-04-13T13:19:14.299,NF,NIFTY13APR2624200CE,0.65,3.7,7.05,0.65,76.7,144559610,1.1,0.65,2147795,0.7,2315040,12561120
2026-04-13T13:19:15.904,NF,NIFTY13APR2624200CE,0.65,3.7,7.05,0.65,76.7,144561170,1.1,0.65,2151045,0.7,2315235,12561120
2026-04-13T13:19:17.509,NF,NIFTY13APR2624200CE,0.65,3.7,7.05,0.65,76.7,144561690,1.1,0.65,2101190,0.7,2358460,12561120
2026-04-13T13:19:19.311,NF,NIFTY13APR2624200CE,0.65,3.7,7.05,0.65,76.7,144740700,1.1,0.65,2157870,0.7,2396160,12561120
2026-04-13T13:19:20.987,NF,NIFTY13APR2624200CE,0.65,3.7,7.05,0.65,76.7,144742585,1.1,0.65,2143765,0.7,2468505,12561120
2026-04-13T13:19:22.518,NF,NIFTY13APR2624200CE,0.65,3.7,7.05,0.65,76.7,144746485,1.1,0.65,2160600,0.7,2488720,12561120
2026-04-13T13:19:24.318,NF,NIFTY13APR2624200CE,0.7,3.7,7.05,0.65,76.7,144748305,1.1,0.65,2152150,0.7,2488655,12561120
2026-04-13T13:19:25.927,NF,NIFTY13APR2624200CE,0.65,3.7,7.05,0.65,76.7,144752920,1.1,0.65,2223585,0.7,2506400,12561120
2026-04-13T13:19:27.544,NF,NIFTY13APR2624200CE,0.7,3.7,7.05,0.65,76.7,144756690,1.1,0.65,2142010,0.7,2508740,12561120
2026-04-13T13:19:29.324,NF,NIFTY13APR2624200CE,0.65,3.7,7.05,0.65,76.7,144760850,1.1,0.65,2162550,0.7,2509520,12561120
2026-04-13T13:19:30.939,NF,NIFTY13APR2624200CE,0.7,3.7,7.05,0.65,76.7,144761110,1.1,0.65,2148445,0.7,2510040,12561120
2026-04-13T13:19:32.533,NF,NIFTY13APR2624200CE,0.7,3.7,7.05,0.65,76.7,144761695,1.1,0.65,2164045,0.7,2507375,12561120
2026-04-13T13:19:34.332,NF,NIFTY13APR2624200CE,0.65,3.7,7.05,0.65,76.7,144768000,1.1,0.65,2141035,0.7,2507765,12561120
2026-04-13T13:19:35.969,NF,NIFTY13APR2624200CE,0.7,3.7,7.05,0.65,76.7,144768455,1.1,0.65,2177175,0.7,2506660,12561120
2026-04-13T13:19:37.543,NF,NIFTY13APR2624200CE,0.7,3.7,7.05,0.65,76.7,144769755,1.1,0.65,2218905,0.7,2505620,12561120
2026-04-13T13:19:39.146,NF,NIFTY13APR2624200CE,0.65,3.7,7.05,0.65,76.7,144778075,1.1,0.65,2402335,0.7,2467140,12561120
2026-04-13T13:19:40.744,NF,NIFTY13APR2624200CE,0.65,3.7,7.05,0.65,76.7,144780350,1.1,0.65,2337010,0.7,2469610,12561120
2026-04-13T13:19:42.545,NF,NIFTY13APR2624200CE,0.65,3.7,7.05,0.65,76.7,144784900,1.1,0.65,2210000,0.7,2470325,12561120
2026-04-13T13:19:44.155,NF,NIFTY13APR2624200CE,0.7,3.7,7.05,0.65,76.7,144786590,1.1,0.65,2180100,0.7,2468050,12561120
2026-04-13T13:19:45.754,NF,NIFTY13APR2624200CE,0.7,3.7,7.05,0.65,76.7,144790425,1.1,0.65,2159040,0.7,2468960,12561120
2026-04-13T13:19:47.552,NF,NIFTY13APR2624200CE,0.65,3.7,7.05,0.65,76.7,144795495,1.1,0.65,2207465,0.7,2458950,12561120
2026-04-13T13:19:49.156,NF,NIFTY13APR2624200CE,0.7,3.7,7.05,0.65,76.7,144800825,1.1,0.65,2242630,0.7,2455960,12561120
2026-04-13T13:19:50.760,NF,NIFTY13APR2624200CE,0.7,3.7,7.05,0.65,76.7,144801345,1.1,0.65,2251210,0.7,2456090,12561120
2026-04-13T13:19:52.560,NF,NIFTY13APR2624200CE,0.65,3.7,7.05,0.65,76.7,144894425,1.09,0.65,2232360,0.7,2284555,12561120
2026-04-13T13:19:54.183,NF,NIFTY13APR2624200CE,0.65,3.7,7.05,0.65,76.7,144894555,1.09,0.65,2286310,0.7,2301715,12561120
2026-04-13T13:19:55.775,NF,NIFTY13APR2624200CE,0.65,3.7,7.05,0.65,76.7,144903265,1.09,0.65,2303600,0.7,2337985,12561120
2026-04-13T13:19:57.568,NF,NIFTY13APR2624200CE,0.65,3.7,7.05,0.65,76.7,144915745,1.09,0.65,2231775,0.7,2346240,12561120
2026-04-13T13:19:59.171,NF,NIFTY13APR2624200CE,0.65,3.7,7.05,0.65,76.7,144936675,1.09,0.65,2275325,0.7,2346110,12561120
2026-04-13T13:20:00.775,NF,NIFTY13APR2624200CE,0.65,3.7,7.05,0.65,76.7,144954290,1.09,0.65,2297490,0.7,2332395,12561120
2026-04-13T13:20:02.579,NF,NIFTY13APR2624200CE,0.65,3.7,7.05,0.65,76.7,144966965,1.09,0.65,2267135,0.7,2356315,12561120
2026-04-13T13:20:04.179,NF,NIFTY13APR2624200CE,0.65,3.7,7.05,0.65,76.7,144968980,1.09,0.65,2248805,0.7,2371980,12561120
2026-04-13T13:20:05.796,NF,NIFTY13APR2624200CE,0.7,3.7,7.05,0.65,76.7,144969565,1.09,0.65,2239965,0.7,2377570,12561120
2026-04-13T13:20:07.582,NF,NIFTY13APR2624200CE,0.7,3.7,7.05,0.65,76.7,144971645,1.09,0.65,2248870,0.7,2379130,12561120
2026-04-13T13:20:09.187,NF,NIFTY13APR2624200CE,0.65,3.7,7.05,0.65,76.7,144974180,1.09,0.65,2233595,0.7,2380690,12561120
2026-04-13T13:20:10.788,NF,NIFTY13APR2624200CE,0.7,3.7,7.05,0.65,76.7,144975675,1.09,0.65,2234700,0.7,2381145,12561120
2026-04-13T13:20:12.590,NF,NIFTY13APR2624200CE,0.7,3.7,7.05,0.65,76.7,144977430,1.09,0.65,2212990,0.7,2389920,12561120
2026-04-13T13:20:14.195,NF,NIFTY13APR2624200CE,0.7,3.7,7.05,0.65,76.7,144978210,1.09,0.65,2225275,0.7,2387580,12561120
2026-04-13T13:20:15.805,NF,NIFTY13APR2624200CE,0.65,3.7,7.05,0.65,76.7,144985360,1.09,0.65,2217800,0.7,2385825,12561120
2026-04-13T13:20:17.599,NF,NIFTY13APR2624200CE,0.65,3.7,7.05,0.65,76.7,144989260,1.09,0.65,2209610,0.7,2379065,12717445
2026-04-13T13:20:19.202,NF,NIFTY13APR2624200CE,0.65,3.7,7.05,0.65,76.7,145019680,1.09,0.65,2193425,0.7,2380170,12717445
2026-04-13T13:20:20.819,NF,NIFTY13APR2624200CE,0.65,3.7,7.05,0.65,76.7,145035540,1.09,0.65,2176980,0.7,2418130,12717445
2026-04-13T13:20:22.613,NF,NIFTY13APR2624200CE,0.7,3.7,7.05,0.65,76.7,145037750,1.09,0.65,2202135,0.7,2415010,12717445
2026-04-13T13:20:24.212,NF,NIFTY13APR2624200CE,0.65,3.7,7.05,0.65,76.7,145040675,1.09,0.65,2180750,0.7,2416375,12717445
2026-04-13T13:20:25.815,NF,NIFTY13APR2624200CE,0.65,3.7,7.05,0.65,76.7,145041455,1.09,0.65,2178280,0.7,2417220,12717445
2026-04-13T13:20:27.703,NF,NIFTY13APR2624200CE,0.65,3.7,7.05,0.65,76.7,145044250,1.09,0.65,2163655,0.7,2426385,12717445
2026-04-13T13:20:30.827,NF,NIFTY13APR2624200CE,0.65,3.7,7.05,0.65,76.7,145049190,1.09,0.65,2172690,0.7,2425280,12717445
2026-04-13T13:20:32.630,NF,NIFTY13APR2624200CE,0.65,3.7,7.05,0.65,76.7,145049840,1.09,0.65,2180750,0.7,2425345,12717445
2026-04-13T13:20:34.224,NF,NIFTY13APR2624200CE,0.65,3.7,7.05,0.65,76.7,145052050,1.09,0.65,2179840,0.7,2421770,12717445
2026-04-13T13:20:35.826,NF,NIFTY13APR2624200CE,0.65,3.7,7.05,0.65,76.7,145053415,1.09,0.65,2164435,0.7,2423720,12717445
2026-04-13T13:20:37.631,NF,NIFTY13APR2624200CE,0.7,3.7,7.05,0.65,76.7,145063230,1.09,0.65,2098525,0.7,2422095,12717445
2026-04-13T13:20:39.234,NF,NIFTY13APR2624200CE,0.65,3.7,7.05,0.65,76.7,145065115,1.09,0.65,2091960,0.7,2422160,12717445
2026-04-13T13:20:41.035,NF,NIFTY13APR2624200CE,0.65,3.7,7.05,0.65,76.7,145065830,1.09,0.65,2098330,0.7,2422355,12717445
2026-04-13T13:20:42.639,NF,NIFTY13APR2624200CE,0.65,3.7,7.05,0.65,76.7,145542085,1.09,0.65,1332500,0.7,2259985,12717445
2026-04-13T13:20:44.241,NF,NIFTY13APR2624200CE,0.65,3.7,7.05,0.65,76.7,145580630,1.09,0.65,1421810,0.7,2259790,12717445
2026-04-13T13:20:46.048,NF,NIFTY13APR2624200CE,0.65,3.7,7.05,0.65,76.7,145581605,1.09,0.65,1456390,0.7,2260765,12717445
2026-04-13T13:20:47.645,NF,NIFTY13APR2624200CE,0.65,3.7,7.05,0.65,76.7,145582710,1.09,0.65,1435850,0.7,2260115,12717445
2026-04-13T13:20:49.257,NF,NIFTY13APR2624200CE,0.65,3.7,7.05,0.65,76.7,145601105,1.09,0.65,1661400,0.7,2339480,12717445
2026-04-13T13:20:51.060,NF,NIFTY13APR2624200CE,0.65,3.7,7.05,0.65,76.7,145601755,1.09,0.65,1660750,0.7,2340325,12717445
2026-04-13T13:20:52.660,NF,NIFTY13APR2624200CE,0.65,3.7,7.05,0.65,76.7,145606175,1.09,0.65,1732835,0.7,2332525,12717445
2026-04-13T13:20:54.255,NF,NIFTY13APR2624200CE,0.65,3.7,7.05,0.65,76.7,145611830,1.09,0.65,1660360,0.7,2330445,12717445
2026-04-13T13:20:56.068,NF,NIFTY13APR2624200CE,0.65,3.7,7.05,0.65,76.7,145616900,1.09,0.65,1654770,0.7,2345720,12717445
2026-04-13T13:20:57.667,NF,NIFTY13APR2624200CE,0.65,3.7,7.05,0.65,76.7,145617810,1.09,0.65,1720225,0.7,2347085,12717445
2026-04-13T13:21:01.076,NF,NIFTY13APR2624200CE,0.65,3.7,7.05,0.65,76.7,145619825,1.09,0.65,1723280,0.7,2345590,12717445
2026-04-13T13:21:02.667,NF,NIFTY13APR2624200CE,0.7,3.7,7.05,0.65,76.7,145619890,1.09,0.65,1748370,0.7,2343315,12717445
2026-04-13T13:21:04.274,NF,NIFTY13APR2624200CE,0.7,3.7,7.05,0.65,76.7,145620605,1.09,0.65,1748565,0.7,2341365,12717445
2026-04-13T13:21:06.084,NF,NIFTY13APR2624200CE,0.65,3.7,7.05,0.65,76.7,145624830,1.09,0.65,1660490,0.7,2341625,12717445
2026-04-13T13:21:07.676,NF,NIFTY13APR2624200CE,0.65,3.7,7.05,0.65,76.7,145630485,1.09,0.65,1653145,0.7,2342860,12717445
2026-04-13T13:21:09.279,NF,NIFTY13APR2624200CE,0.65,3.7,7.05,0.65,76.7,145635815,1.09,0.65,1649700,0.7,2342145,12717445
2026-04-13T13:21:11.081,NF,NIFTY13APR2624200CE,0.65,3.7,7.05,0.65,76.7,145641145,1.09,0.65,1672645,0.7,2369250,12717445
2026-04-13T13:21:12.685,NF,NIFTY13APR2624200CE,0.65,3.7,7.05,0.65,76.7,145642640,1.09,0.65,1620060,0.7,2377700,12717445
2026-04-13T13:21:14.289,NF,NIFTY13APR2624200CE,0.65,3.7,7.05,0.65,76.7,145657005,1.09,0.65,1635205,0.7,2349815,12717445
2026-04-13T13:21:16.094,NF,NIFTY13APR2624200CE,0.65,3.7,7.05,0.65,76.7,145665520,1.09,0.65,1675765,0.7,2348320,12717445
2026-04-13T13:21:17.692,NF,NIFTY13APR2624200CE,0.65,3.7,7.05,0.65,76.7,145676765,1.09,0.65,1847495,0.7,2343055,12717445
2026-04-13T13:21:19.303,NF,NIFTY13APR2624200CE,0.65,3.7,7.05,0.65,76.7,145680860,1.09,0.65,1855425,0.7,2342730,12717445
2026-04-13T13:21:21.095,NF,NIFTY13APR2624200CE,0.65,3.7,7.05,0.65,76.7,145693210,1.09,0.65,1832740,0.7,2366585,12717445
2026-04-13T13:21:22.697,NF,NIFTY13APR2624200CE,0.65,3.7,7.05,0.65,76.7,145698995,1.09,0.65,1846325,0.7,2364635,12717445
2026-04-13T13:21:24.301,NF,NIFTY13APR2624200CE,0.65,3.7,7.05,0.65,76.7,145700035,1.09,0.65,1846650,0.7,2362620,12717445
2026-04-13T13:21:26.101,NF,NIFTY13APR2624200CE,0.65,3.7,7.05,0.65,76.7,145700425,1.09,0.65,1915485,0.7,2363140,12717445
2026-04-13T13:21:27.705,NF,NIFTY13APR2624200CE,0.65,3.7,7.05,0.65,76.7,145702505,1.09,0.65,1906450,0.7,2363205,12717445
2026-04-13T13:21:29.315,NF,NIFTY13APR2624200CE,0.65,3.7,7.05,0.65,76.7,145702765,1.09,0.65,1908270,0.7,2363335,12717445
2026-04-13T13:21:31.129,NF,NIFTY13APR2624200CE,0.65,3.7,7.05,0.65,76.7,145704910,1.09,0.65,1967615,0.7,2364895,12717445
2026-04-13T13:21:32.712,NF,NIFTY13APR2624200CE,0.7,3.7,7.05,0.65,76.7,145705690,1.09,0.65,1907295,0.7,2365155,12717445
2026-04-13T13:21:34.318,NF,NIFTY13APR2624200CE,0.7,3.7,7.05,0.65,76.7,145707510,1.09,0.65,1933750,0.7,2364505,12717445
2026-04-13T13:21:36.124,NF,NIFTY13APR2624200CE,0.7,3.7,7.05,0.65,76.7,145712580,1.09,0.65,2067065,0.7,2361450,12717445
2026-04-13T13:21:39.128,NF,NIFTY13APR2624200CE,0.65,3.7,7.05,0.65,76.7,145713620,1.09,0.65,2059525,0.7,2365545,12717445
2026-04-13T13:21:40.737,NF,NIFTY13APR2624200CE,0.65,3.7,7.05,0.65,76.7,145715895,1.09,0.65,2083510,0.7,2358070,12717445
2026-04-13T13:21:42.371,NF,NIFTY13APR2624200CE,0.65,3.7,7.05,0.65,76.7,145742610,1.09,0.65,2023255,0.7,2356965,12717445
2026-04-13T13:21:44.127,NF,NIFTY13APR2624200CE,0.65,3.7,7.05,0.65,76.7,145743000,1.09,0.65,2038725,0.7,2358655,12717445
2026-04-13T13:21:45.731,NF,NIFTY13APR2624200CE,0.7,3.7,7.05,0.65,76.7,145748265,1.09,0.65,2079090,0.7,2349620,12717445
2026-04-13T13:21:47.333,NF,NIFTY13APR2624200CE,0.65,3.7,7.05,0.65,76.7,145752490,1.09,0.65,2021435,0.7,2346370,12717445
2026-04-13T13:21:48.940,NF,NIFTY13APR2624200CE,0.7,3.7,7.05,0.65,76.7,145759380,1.09,0.65,2097095,0.7,2345785,12717445
2026-04-13T13:21:50.738,NF,NIFTY13APR2624200CE,0.65,3.7,7.05,0.65,76.7,145759770,1.09,0.65,2104960,0.7,2344550,12717445
2026-04-13T13:21:52.349,NF,NIFTY13APR2624200CE,0.7,3.7,7.05,0.65,76.7,145759900,1.09,0.65,2077985,0.7,2345200,12717445
2026-04-13T13:21:53.942,NF,NIFTY13APR2624200CE,0.7,3.7,7.05,0.65,76.7,145760160,1.09,0.65,2130700,0.7,2345525,12717445
2026-04-13T13:21:55.547,NF,NIFTY13APR2624200CE,0.7,3.7,7.05,0.65,76.7,145779725,1.09,0.65,2066675,0.7,2342990,12717445
2026-04-13T13:21:57.361,NF,NIFTY13APR2624200CE,0.65,3.7,7.05,0.65,76.7,145785445,1.09,0.65,2071745,0.7,2345590,12717445
2026-04-13T13:21:58.968,NF,NIFTY13APR2624200CE,0.65,3.7,7.05,0.65,76.7,145792920,1.09,0.65,2080650,0.7,2345850,12717445
2026-04-13T13:22:00.559,NF,NIFTY13APR2624200CE,0.7,3.7,7.05,0.65,76.7,145796625,1.09,0.65,2052700,0.7,2346110,12717445
2026-04-13T13:22:02.363,NF,NIFTY13APR2624200CE,0.7,3.7,7.05,0.65,76.7,145796690,1.09,0.65,2060500,0.7,2348710,12717445
2026-04-13T13:22:03.955,NF,NIFTY13APR2624200CE,0.65,3.7,7.05,0.65,76.7,145804230,1.09,0.65,2065440,0.7,2347215,12717445
2026-04-13T13:22:05.558,NF,NIFTY13APR2624200CE,0.7,3.7,7.05,0.65,76.7,145804490,1.09,0.65,2060045,0.7,2344680,12717445
2026-04-13T13:22:08.969,NF,NIFTY13APR2624200CE,0.7,3.7,7.05,0.65,76.7,145804815,1.09,0.65,2116205,0.7,2347995,12717445
2026-04-13T13:22:10.580,NF,NIFTY13APR2624200CE,0.7,3.7,7.05,0.65,76.7,145812940,1.09,0.65,2117830,0.7,2340195,12717445
2026-04-13T13:22:12.170,NF,NIFTY13APR2624200CE,0.7,3.7,7.05,0.65,76.7,145813070,1.09,0.65,2065960,0.7,2340845,12717445
2026-04-13T13:22:13.975,NF,NIFTY13APR2624200CE,0.65,3.7,7.05,0.65,76.7,145813265,1.09,0.65,2118610,0.7,2343445,12717445
2026-04-13T13:22:15.573,NF,NIFTY13APR2624200CE,0.65,3.7,7.05,0.65,76.7,146018145,1.09,0.65,2034240,0.7,2469610,12717445
2026-04-13T13:22:17.190,NF,NIFTY13APR2624200CE,0.7,3.7,7.05,0.65,76.7,146018340,1.09,0.65,2032485,0.7,2468895,12717445
2026-04-13T13:22:18.787,NF,NIFTY13APR2624200CE,0.65,3.7,7.05,0.65,76.7,146019380,1.09,0.65,2023580,0.7,2507310,12717445
2026-04-13T13:22:20.587,NF,NIFTY13APR2624200CE,0.65,3.7,7.05,0.65,76.7,146027635,1.09,0.65,1969305,0.7,2555280,12717445
2026-04-13T13:22:22.188,NF,NIFTY13APR2624200CE,0.7,3.7,7.05,0.65,76.7,146030430,1.09,0.65,2030925,0.7,2553460,12717445
2026-04-13T13:22:23.787,NF,NIFTY13APR2624200CE,0.65,3.7,7.05,0.65,76.7,146030560,1.09,0.65,2032680,0.7,2551575,12717445
2026-04-13T13:22:25.393,NF,NIFTY13APR2624200CE,0.7,3.7,7.05,0.65,76.7,146038945,1.09,0.65,2031380,0.7,2551445,12717445
2026-04-13T13:22:27.190,NF,NIFTY13APR2624200CE,0.65,3.7,7.05,0.65,76.7,146039335,1.09,0.65,1968135,0.7,2551120,12717445
2026-04-13T13:22:28.791,NF,NIFTY13APR2624200CE,0.7,3.7,7.05,0.65,76.7,146040505,1.09,0.65,2029365,0.7,2549690,12717445
2026-04-13T13:22:30.397,NF,NIFTY13APR2624200CE,0.7,3.7,7.05,0.65,76.7,146046290,1.09,0.65,1953380,0.7,2541760,12717445
2026-04-13T13:22:31.997,NF,NIFTY13APR2624200CE,0.65,3.7,7.05,0.65,76.7,146047200,1.09,0.65,1954615,0.7,2555020,12717445
2026-04-13T13:22:33.599,NF,NIFTY13APR2624200CE,0.7,3.7,7.05,0.65,76.7,146050060,1.09,0.65,1970865,0.7,2555215,12717445
2026-04-13T13:22:35.398,NF,NIFTY13APR2624200CE,0.7,3.7,7.05,0.65,76.7,146053180,1.09,0.65,2030535,0.7,2553590,12717445
2026-04-13T13:22:37.003,NF,NIFTY13APR2624200CE,0.7,3.7,7.05,0.65,76.7,146054935,1.09,0.65,2004015,0.7,2574130,12717445
2026-04-13T13:22:39.008,NF,NIFTY13APR2624200CE,0.65,3.7,7.05,0.65,76.7,146057145,1.09,0.65,2026765,0.7,2570035,12717445
2026-04-13T13:22:40.624,NF,NIFTY13APR2624200CE,0.7,3.7,7.05,0.65,76.7,146063190,1.09,0.65,2057250,0.7,2568150,12717445
2026-04-13T13:22:42.416,NF,NIFTY13APR2624200CE,0.7,3.7,7.05,0.65,76.7,146064035,1.09,0.65,2057835,0.7,2567435,12717445
2026-04-13T13:22:44.016,NF,NIFTY13APR2624200CE,0.7,3.7,7.05,0.65,76.7,146067415,1.09,0.65,2039960,0.7,2573285,12717445
2026-04-13T13:22:45.632,NF,NIFTY13APR2624200CE,0.7,3.7,7.05,0.65,76.7,146111550,1.09,0.65,2051920,0.7,2526420,12717445
2026-04-13T13:22:47.420,NF,NIFTY13APR2624200CE,0.7,3.7,7.05,0.65,76.7,146114410,1.09,0.65,1971905,0.7,2526290,12717445
2026-04-13T13:22:50.627,NF,NIFTY13APR2624200CE,0.7,3.7,7.05,0.65,76.7,146122535,1.09,0.65,2025465,0.7,2514395,12717445
2026-04-13T13:22:52.430,NF,NIFTY13APR2624200CE,0.65,3.7,7.05,0.65,76.7,146124940,1.09,0.65,2023190,0.7,2517385,12717445
2026-04-13T13:22:54.030,NF,NIFTY13APR2624200CE,0.65,3.7,7.05,0.65,76.7,146156790,1.09,0.65,1912560,0.7,2521675,12717445
2026-04-13T13:22:55.642,NF,NIFTY13APR2624200CE,0.7,3.7,7.05,0.65,76.7,146169985,1.09,0.65,1917825,0.7,2508155,12717445
2026-04-13T13:22:57.239,NF,NIFTY13APR2624200CE,0.65,3.7,7.05,0.65,76.7,146170375,1.09,0.65,1918995,0.7,2508155,12717445
2026-04-13T13:22:59.042,NF,NIFTY13APR2624200CE,0.65,3.7,7.05,0.65,76.7,146183635,1.09,0.65,1942590,0.7,2505490,12717445
2026-04-13T13:23:00.653,NF,NIFTY13APR2624200CE,0.7,3.7,7.05,0.65,76.7,146184025,1.09,0.65,1986335,0.7,2512510,12717445
2026-04-13T13:23:02.246,NF,NIFTY13APR2624200CE,0.7,3.7,7.05,0.65,76.7,146190785,1.09,0.65,1975350,0.7,2523430,12717445
2026-04-13T13:23:04.050,NF,NIFTY13APR2624200CE,0.65,3.7,7.05,0.65,76.7,146197545,1.09,0.65,1939210,0.7,2513615,12717445
2026-04-13T13:23:05.653,NF,NIFTY13APR2624200CE,0.65,3.7,7.05,0.65,76.7,146319225,1.09,0.65,1829035,0.7,2419170,12717445
2026-04-13T13:23:07.258,NF,NIFTY13APR2624200CE,0.7,3.7,7.05,0.65,76.7,146323125,1.09,0.65,1876290,0.7,2405650,12717445
2026-04-13T13:23:09.055,NF,NIFTY13APR2624200CE,0.7,3.7,7.05,0.65,76.7,146331835,1.09,0.65,1877200,0.7,2406560,12717445
2026-04-13T13:23:10.662,NF,NIFTY13APR2624200CE,0.7,3.7,7.05,0.65,76.7,146335020,1.09,0.65,1872260,0.7,2405715,12717445
2026-04-13T13:23:12.277,NF,NIFTY13APR2624200CE,0.65,3.7,7.05,0.65,76.7,146340935,1.09,0.65,1860950,0.7,2421965,12717445
2026-04-13T13:23:13.900,NF,NIFTY13APR2624200CE,0.65,3.7,7.05,0.65,76.7,146349775,1.09,0.65,1920035,0.7,2394145,12717445
2026-04-13T13:23:15.665,NF,NIFTY13APR2624200CE,0.7,3.7,7.05,0.65,76.7,146349840,1.09,0.65,1915095,0.7,2394275,12717445
2026-04-13T13:23:17.269,NF,NIFTY13APR2624200CE,0.7,3.7,7.05,0.65,76.7,146351075,1.09,0.65,1885520,0.7,2389595,12717445
2026-04-13T13:23:18.875,NF,NIFTY13APR2624200CE,0.7,3.7,7.05,0.65,76.7,146351725,1.09,0.65,1891045,0.7,2443870,12795510
2026-04-13T13:23:20.683,NF,NIFTY13APR2624200CE,0.65,3.7,7.05,0.65,76.7,146364465,1.09,0.65,1900730,0.7,2444780,12795510
2026-04-13T13:23:22.281,NF,NIFTY13APR2624200CE,0.65,3.7,7.05,0.65,76.7,146367260,1.09,0.65,1915225,0.7,2439775,12795510
2026-04-13T13:23:23.880,NF,NIFTY13APR2624200CE,0.65,3.7,7.05,0.65,76.7,146374085,1.09,0.65,1969045,0.7,2433340,12795510
2026-04-13T13:23:25.682,NF,NIFTY13APR2624200CE,0.7,3.7,7.05,0.65,76.7,146379480,1.09,0.65,1931995,0.7,2426450,12795510
2026-04-13T13:23:27.291,NF,NIFTY13APR2624200CE,0.65,3.7,7.05,0.65,76.7,146381690,1.09,0.65,1900600,0.7,2425150,12795510
2026-04-13T13:23:28.888,NF,NIFTY13APR2624200CE,0.65,3.7,7.05,0.65,76.7,146382145,1.09,0.65,1908335,0.7,2425150,12795510
2026-04-13T13:23:30.693,NF,NIFTY13APR2624200CE,0.65,3.7,7.05,0.65,76.7,146389490,1.09,0.65,1937910,0.7,2423850,12795510
2026-04-13T13:23:32.298,NF,NIFTY13APR2624200CE,0.65,3.7,7.05,0.65,76.7,146389555,1.09,0.65,1935505,0.7,2420535,12795510
2026-04-13T13:23:33.900,NF,NIFTY13APR2624200CE,0.65,3.7,7.05,0.65,76.7,146391960,1.09,0.65,1918865,0.7,2423850,12795510
2026-04-13T13:23:35.716,NF,NIFTY13APR2624200CE,0.65,3.7,7.05,0.65,76.7,146406780,1.09,0.65,1896375,0.7,2424435,12795510
2026-04-13T13:23:37.301,NF,NIFTY13APR2624200CE,0.65,3.7,7.05,0.65,76.7,146406845,1.09,0.65,1961050,0.7,2420925,12795510
2026-04-13T13:23:38.918,NF,NIFTY13APR2624200CE,0.65,3.7,7.05,0.65,76.7,146408600,1.09,0.65,1956825,0.7,2421510,12795510
2026-04-13T13:23:40.512,NF,NIFTY13APR2624200CE,0.7,3.7,7.05,0.65,76.7,146417765,1.09,0.65,1953705,0.7,2419235,12795510
2026-04-13T13:23:43.711,NF,NIFTY13APR2624200CE,0.65,3.7,7.05,0.65,76.7,146419195,1.09,0.65,1940185,0.7,2419820,12795510
2026-04-13T13:23:45.318,NF,NIFTY13APR2624200CE,0.7,3.7,7.05,0.65,76.7,146429205,1.09,0.65,1978340,0.7,2418325,12795510
2026-04-13T13:23:46.923,NF,NIFTY13APR2624200CE,0.65,3.7,7.05,0.65,76.7,146431870,1.09,0.65,1916980,0.7,2416310,12795510
2026-04-13T13:23:48.519,NF,NIFTY13APR2624200CE,0.7,3.7,7.05,0.65,76.7,146433235,1.09,0.65,1911975,0.7,2414295,12795510
2026-04-13T13:23:50.120,NF,NIFTY13APR2624200CE,0.65,3.7,7.05,0.65,76.7,146434340,1.09,0.65,1959685,0.7,2413905,12795510
2026-04-13T13:23:51.921,NF,NIFTY13APR2624200CE,0.65,3.7,7.05,0.65,76.7,146437070,1.09,0.65,1910675,0.7,2411890,12795510
2026-04-13T13:23:53.532,NF,NIFTY13APR2624200CE,0.65,3.7,7.05,0.65,76.7,146437135,1.09,0.65,1915940,0.7,2410720,12795510
2026-04-13T13:23:55.138,NF,NIFTY13APR2624200CE,0.65,3.7,7.05,0.65,76.7,146437915,1.09,0.65,1960855,0.7,2410200,12795510
2026-04-13T13:23:56.740,NF,NIFTY13APR2624200CE,0.65,3.7,7.05,0.65,76.7,146444545,1.09,0.65,1903525,0.7,2406105,12795510
2026-04-13T13:23:59.933,NF,NIFTY13APR2624200CE,0.65,3.7,7.05,0.65,76.7,146446170,1.09,0.65,1949675,0.7,2403375,12795510
2026-04-13T13:24:01.549,NF,NIFTY13APR2624200CE,0.7,3.7,7.05,0.65,76.7,146457805,1.09,0.65,1987310,0.7,2392715,12795510
2026-04-13T13:24:03.141,NF,NIFTY13APR2624200CE,0.65,3.7,7.05,0.65,76.7,146458780,1.09,0.65,1900730,0.7,2390505,12795510
2026-04-13T13:24:04.759,NF,NIFTY13APR2624200CE,0.7,3.7,7.05,0.65,76.7,146471845,1.09,0.65,1909700,0.7,2379065,12795510
2026-04-13T13:24:07.947,NF,NIFTY13APR2624200CE,0.7,3.7,7.05,0.65,76.7,146504865,1.09,0.65,1901315,0.7,2382770,12795510
2026-04-13T13:24:09.553,NF,NIFTY13APR2624200CE,0.65,3.7,7.05,0.65,76.7,146505775,1.09,0.65,1947985,0.7,2380105,12795510
2026-04-13T13:24:11.152,NF,NIFTY13APR2624200CE,0.65,3.7,7.05,0.65,76.7,146509025,1.09,0.65,1972425,0.7,2382185,12795510
2026-04-13T13:24:12.754,NF,NIFTY13APR2624200CE,0.65,3.7,7.05,0.65,76.7,146510975,1.09,0.65,1893710,0.7,2380105,12795510
2026-04-13T13:24:14.364,NF,NIFTY13APR2624200CE,0.65,3.7,7.05,0.65,76.7,146511430,1.09,0.65,1954745,0.7,2379520,12795510
2026-04-13T13:24:15.966,NF,NIFTY13APR2624200CE,0.65,3.7,7.05,0.65,76.7,146518645,1.09,0.65,1951300,0.7,2374385,12795510
2026-04-13T13:24:17.766,NF,NIFTY13APR2624200CE,0.65,3.7,7.05,0.65,76.7,146520205,1.09,0.65,2043990,0.7,2375880,12795510
2026-04-13T13:24:19.381,NF,NIFTY13APR2624200CE,0.65,3.7,7.05,0.65,76.7,146520660,1.09,0.65,2043340,0.7,2373345,12795510
2026-04-13T13:24:20.969,NF,NIFTY13APR2624200CE,0.65,3.7,7.05,0.65,76.7,146523390,1.09,0.65,2046330,0.7,2369510,12795510
2026-04-13T13:24:22.827,NF,NIFTY13APR2624200CE,0.65,3.7,7.05,0.65,76.7,146538340,1.09,0.65,1949155,0.7,2371395,12795510
2026-04-13T13:24:24.417,NF,NIFTY13APR2624200CE,0.7,3.7,7.05,0.65,76.7,146540680,1.09,0.65,1973985,0.7,2367885,12795510
2026-04-13T13:24:25.985,NF,NIFTY13APR2624200CE,0.7,3.7,7.05,0.65,76.7,146543670,1.09,0.65,1961375,0.7,2365480,12795510
2026-04-13T13:24:27.780,NF,NIFTY13APR2624200CE,0.65,3.7,7.05,0.65,76.7,146547895,1.09,0.65,1959620,0.7,2371460,12795510
2026-04-13T13:24:29.388,NF,NIFTY13APR2624200CE,0.7,3.7,7.05,0.65,76.7,146549455,1.09,0.65,1968720,0.7,2366780,12795510
2026-04-13T13:24:30.998,NF,NIFTY13APR2624200CE,0.65,3.7,7.05,0.65,76.7,146554785,1.09,0.65,1971580,0.7,2361905,12795510
2026-04-13T13:24:32.791,NF,NIFTY13APR2624200CE,0.65,3.7,7.05,0.65,76.7,146555110,1.09,0.65,1971255,0.7,2358330,12795510
2026-04-13T13:24:34.389,NF,NIFTY13APR2624200CE,0.65,3.7,7.05,0.65,76.7,146555760,1.09,0.65,1967420,0.7,2358265,12795510
2026-04-13T13:24:35.991,NF,NIFTY13APR2624200CE,0.65,3.7,7.05,0.65,76.7,146558425,1.09,0.65,1961830,0.7,2356705,12795510
2026-04-13T13:24:37.604,NF,NIFTY13APR2624200CE,0.65,3.7,7.05,0.65,76.7,146561675,1.09,0.65,1976390,0.7,2358005,12795510
2026-04-13T13:24:39.398,NF,NIFTY13APR2624200CE,0.65,3.7,7.05,0.65,76.7,146563560,1.09,0.65,1957215,0.7,2355145,12795510
2026-04-13T13:24:40.999,NF,NIFTY13APR2624200CE,0.7,3.7,7.05,0.65,76.7,146568175,1.09,0.65,1966835,0.7,2352675,12795510
2026-04-13T13:24:42.604,NF,NIFTY13APR2624200CE,0.7,3.7,7.05,0.65,76.7,146568435,1.09,0.65,1963130,0.7,2367235,12795510
2026-04-13T13:24:44.405,NF,NIFTY13APR2624200CE,0.7,3.7,7.05,0.65,76.7,146568890,1.09,0.65,1964495,0.7,2368925,12795510
2026-04-13T13:24:46.009,NF,NIFTY13APR2624200CE,0.65,3.7,7.05,0.65,76.7,146575585,1.09,0.65,1961700,0.7,2368795,12795510
2026-04-13T13:24:47.613,NF,NIFTY13APR2624200CE,0.7,3.7,7.05,0.65,76.7,146575910,1.09,0.65,2035605,0.7,2346370,12795510
2026-04-13T13:24:49.414,NF,NIFTY13APR2624200CE,0.65,3.7,7.05,0.65,76.7,146577405,1.09,0.65,2047565,0.7,2348450,12795510
2026-04-13T13:24:51.016,NF,NIFTY13APR2624200CE,0.65,3.7,7.05,0.65,76.7,146582215,1.09,0.65,2035410,0.7,2342210,12795510
2026-04-13T13:24:52.620,NF,NIFTY13APR2624200CE,0.7,3.7,7.05,0.65,76.7,146582410,1.09,0.65,2198170,0.7,2341885,12795510
2026-04-13T13:24:54.420,NF,NIFTY13APR2624200CE,0.65,3.7,7.05,0.65,76.7,146582475,1.09,0.65,2221960,0.7,2338960,12795510
2026-04-13T13:24:56.026,NF,NIFTY13APR2624200CE,0.65,3.7,7.05,0.65,76.7,146587935,1.09,0.65,2222415,0.7,2358135,12795510
2026-04-13T13:24:57.627,NF,NIFTY13APR2624200CE,0.65,3.7,7.05,0.65,76.7,146600935,1.09,0.65,2137070,0.7,2344940,12795510
2026-04-13T13:24:59.431,NF,NIFTY13APR2624200CE,0.65,3.7,7.05,0.65,76.7,146606460,1.09,0.65,2122770,0.7,2347410,12795510
2026-04-13T13:25:01.042,NF,NIFTY13APR2624200CE,0.65,3.7,7.05,0.65,76.7,146608930,1.09,0.65,2147665,0.7,2342600,12795510
2026-04-13T13:25:02.641,NF,NIFTY13APR2624200CE,0.65,3.7,7.05,0.65,76.7,146610880,1.09,0.65,2123680,0.7,2342145,12795510
2026-04-13T13:25:04.446,NF,NIFTY13APR2624200CE,0.65,3.7,7.05,0.65,76.7,146611010,1.09,0.65,2120040,0.7,2344615,12795510
2026-04-13T13:25:06.042,NF,NIFTY13APR2624200CE,0.65,3.7,7.05,0.65,76.7,146613740,1.09,0.65,2187445,0.7,2343120,12795510
2026-04-13T13:25:07.650,NF,NIFTY13APR2624200CE,0.65,3.7,7.05,0.65,76.7,146613805,1.09,0.65,2169830,0.7,2343770,12795510
2026-04-13T13:25:09.449,NF,NIFTY13APR2624200CE,0.65,3.7,7.05,0.65,76.7,146613870,1.09,0.65,2176915,0.7,2340910,12795510
2026-04-13T13:25:11.055,NF,NIFTY13APR2624200CE,0.7,3.7,7.05,0.65,76.7,146618225,1.09,0.65,2182115,0.7,2336100,12795510
2026-04-13T13:25:12.661,NF,NIFTY13APR2624200CE,0.65,3.7,7.05,0.65,76.7,146619070,1.09,0.65,2176200,0.7,2336295,12795510
2026-04-13T13:25:14.459,NF,NIFTY13APR2624200CE,0.7,3.7,7.05,0.65,76.7,146635905,1.09,0.65,2153190,0.7,2335125,12795510
2026-04-13T13:25:16.072,NF,NIFTY13APR2624200CE,0.7,3.7,7.05,0.65,76.7,146636815,1.09,0.65,2178150,0.7,2334865,12795510
2026-04-13T13:25:17.660,NF,NIFTY13APR2624200CE,0.65,3.7,7.05,0.65,76.7,146636880,1.09,0.65,2153710,0.7,2335515,12795510
2026-04-13T13:25:19.462,NF,NIFTY13APR2624200CE,0.65,3.7,7.05,0.65,76.7,146636945,1.09,0.65,2156960,0.7,2337920,12795510
2026-04-13T13:25:21.081,NF,NIFTY13APR2624200CE,0.65,3.7,7.05,0.65,76.7,146639675,1.09,0.65,2140385,0.7,2359240,12795510
2026-04-13T13:25:22.679,NF,NIFTY13APR2624200CE,0.7,3.7,7.05,0.65,76.7,146644875,1.09,0.65,2147795,0.7,2342210,12795510
2026-04-13T13:25:24.475,NF,NIFTY13APR2624200CE,0.65,3.7,7.05,0.65,76.7,146651570,1.09,0.65,2125695,0.7,2341365,12795510
2026-04-13T13:25:26.075,NF,NIFTY13APR2624200CE,0.65,3.7,7.05,0.65,76.7,146663985,1.09,0.65,2064790,0.7,2362035,12795510
2026-04-13T13:25:27.696,NF,NIFTY13APR2624200CE,0.65,3.7,7.05,0.65,76.7,146665350,1.09,0.65,2071550,0.7,2355405,12795510
2026-04-13T13:25:29.478,NF,NIFTY13APR2624200CE,0.65,3.7,7.05,0.65,76.7,146665545,1.09,0.65,2066545,0.7,2374125,12795510
2026-04-13T13:25:31.094,NF,NIFTY13APR2624200CE,0.65,3.7,7.05,0.65,76.7,146668860,1.09,0.65,2066285,0.7,2371720,12795510
2026-04-13T13:25:34.491,NF,NIFTY13APR2624200CE,0.65,3.7,7.05,0.65,76.7,146675425,1.09,0.65,1924065,0.7,2382185,12795510
2026-04-13T13:25:36.091,NF,NIFTY13APR2624200CE,0.7,3.7,7.05,0.65,76.7,146678090,1.09,0.65,1932775,0.7,2403245,12795510
2026-04-13T13:25:37.697,NF,NIFTY13APR2624200CE,0.7,3.7,7.05,0.65,76.7,146680885,1.09,0.65,1925105,0.7,2385955,12795510
2026-04-13T13:25:39.495,NF,NIFTY13APR2624200CE,0.65,3.7,7.05,0.65,76.7,146680950,1.09,0.65,1914900,0.7,2389985,12795510
2026-04-13T13:25:41.101,NF,NIFTY13APR2624200CE,0.65,3.7,7.05,0.65,76.7,146685760,1.09,0.65,1912365,0.7,2387320,12795510
2026-04-13T13:25:42.704,NF,NIFTY13APR2624200CE,0.65,3.7,7.05,0.65,76.7,146687515,1.09,0.65,1909700,0.7,2397135,12795510
2026-04-13T13:25:44.504,NF,NIFTY13APR2624200CE,0.7,3.7,7.05,0.65,76.7,146687905,1.09,0.65,1911910,0.7,2400190,12795510
2026-04-13T13:25:46.116,NF,NIFTY13APR2624200CE,0.65,3.7,7.05,0.65,76.7,146688230,1.09,0.65,1918475,0.7,2401100,12795510
2026-04-13T13:25:47.711,NF,NIFTY13APR2624200CE,0.65,3.7,7.05,0.65,76.7,146688360,1.09,0.65,1920165,0.7,2402530,12795510
2026-04-13T13:25:49.511,NF,NIFTY13APR2624200CE,0.65,3.7,7.05,0.65,76.7,146688945,1.09,0.65,1920165,0.7,2397135,12795510
2026-04-13T13:25:51.117,NF,NIFTY13APR2624200CE,0.65,3.7,7.05,0.65,76.7,146691610,1.09,0.65,1919775,0.7,2392325,12795510
2026-04-13T13:25:52.720,NF,NIFTY13APR2624200CE,0.65,3.7,7.05,0.65,76.7,146691805,1.09,0.65,1918020,0.7,2393755,12795510
2026-04-13T13:25:54.520,NF,NIFTY13APR2624200CE,0.65,3.7,7.05,0.65,76.7,146692130,1.09,0.65,1917825,0.7,2402920,12795510
2026-04-13T13:25:56.126,NF,NIFTY13APR2624200CE,0.7,3.7,7.05,0.65,76.7,146694860,1.09,0.65,1917760,0.7,2392520,12795510
2026-04-13T13:25:57.729,NF,NIFTY13APR2624200CE,0.65,3.7,7.05,0.65,76.7,146694925,1.09,0.65,1970345,0.7,2392715,12795510
2026-04-13T13:25:59.543,NF,NIFTY13APR2624200CE,0.7,3.7,7.05,0.65,76.7,146702920,1.09,0.65,1944150,0.7,2380495,12795510
2026-04-13T13:26:01.133,NF,NIFTY13APR2624200CE,0.65,3.7,7.05,0.65,76.7,146703050,1.09,0.65,1923025,0.7,2379325,12795510
2026-04-13T13:26:02.737,NF,NIFTY13APR2624200CE,0.65,3.7,7.05,0.65,76.7,146703115,1.09,0.65,2000375,0.7,2378220,12795510
2026-04-13T13:26:04.348,NF,NIFTY13APR2624200CE,0.65,3.7,7.05,0.65,76.7,146712085,1.09,0.65,1911975,0.7,2378545,12795510
2026-04-13T13:26:06.162,NF,NIFTY13APR2624200CE,0.7,3.7,7.05,0.65,76.7,146712345,1.09,0.65,1935635,0.7,2382250,12795510
2026-04-13T13:26:07.754,NF,NIFTY13APR2624200CE,0.7,3.7,7.05,0.65,76.7,146712605,1.09,0.65,1925040,0.7,2380365,12795510
2026-04-13T13:26:09.356,NF,NIFTY13APR2624200CE,0.65,3.7,7.05,0.65,76.7,146718000,1.09,0.65,1901380,0.7,2398500,12795510
2026-04-13T13:26:10.966,NF,NIFTY13APR2624200CE,0.7,3.7,7.05,0.65,76.7,146725735,1.09,0.65,1921465,0.7,2378090,12795510
2026-04-13T13:26:12.554,NF,NIFTY13APR2624200CE,0.6,3.7,7.05,0.6,76.7,146913325,1.09,0.6,3226340,0.65,1817335,12795510
2026-04-13T13:26:14.158,NF,NIFTY13APR2624200CE,0.65,3.7,7.05,0.6,76.7,146927495,1.09,0.6,3282435,0.65,2129270,12795510
2026-04-13T13:26:15.760,NF,NIFTY13APR2624200CE,0.65,3.7,7.05,0.6,76.7,146947385,1.09,0.6,3308110,0.65,2116465,12795510
2026-04-13T13:26:17.387,NF,NIFTY13APR2624200CE,0.65,3.7,7.05,0.6,76.7,146977415,1.09,0.6,3342170,0.65,2080390,12795510
2026-04-13T13:26:18.964,NF,NIFTY13APR2624200CE,0.65,3.7,7.05,0.6,76.7,147012710,1.09,0.6,3288285,0.65,2063165,12795510
2026-04-13T13:26:20.614,NF,NIFTY13APR2624200CE,0.6,3.7,7.05,0.6,76.7,147014270,1.09,0.6,3259230,0.65,2066350,12843935
2026-04-13T13:26:22.385,NF,NIFTY13APR2624200CE,0.6,3.7,7.05,0.6,76.7,147014855,1.09,0.6,3285880,0.65,2072720,12843935
2026-04-13T13:26:23.971,NF,NIFTY13APR2624200CE,0.65,3.7,7.05,0.6,76.7,147026165,1.09,0.6,3337490,0.65,2060370,12843935
2026-04-13T13:26:25.577,NF,NIFTY13APR2624200CE,0.6,3.7,7.05,0.6,76.7,147036240,1.09,0.6,3342560,0.65,2071355,12843935
2026-04-13T13:26:27.178,NF,NIFTY13APR2624200CE,0.6,3.7,7.05,0.6,76.7,147047680,1.09,0.6,3277950,0.65,2160795,12843935
2026-04-13T13:26:28.796,NF,NIFTY13APR2624200CE,0.6,3.7,7.05,0.6,76.7,147048200,1.09,0.6,3285295,0.65,2170740,12843935
2026-04-13T13:26:30.385,NF,NIFTY13APR2624200CE,0.6,3.7,7.05,0.6,76.7,147050800,1.09,0.6,3254420,0.65,2187575,12843935
2026-04-13T13:26:33.788,NF,NIFTY13APR2624200CE,0.6,3.7,7.05,0.6,76.7,147066335,1.09,0.6,3149575,0.65,2220985,12843935
2026-04-13T13:26:35.399,NF,NIFTY13APR2624200CE,0.6,3.7,7.05,0.6,76.7,147067440,1.09,0.6,3149510,0.65,2222675,12843935
2026-04-13T13:26:37.004,NF,NIFTY13APR2624200CE,0.65,3.7,7.05,0.6,76.7,147069520,1.09,0.6,3151460,0.65,2221765,12843935
2026-04-13T13:26:38.598,NF,NIFTY13APR2624200CE,0.6,3.7,7.05,0.6,76.7,147078490,1.09,0.6,3135275,0.65,2267720,12843935
2026-04-13T13:26:40.204,NF,NIFTY13APR2624200CE,0.6,3.7,7.05,0.6,76.7,147082455,1.09,0.6,3079830,0.65,2246270,12843935
2026-04-13T13:26:41.802,NF,NIFTY13APR2624200CE,0.6,3.7,7.05,0.6,76.7,147083040,1.09,0.6,3067545,0.65,2248935,12843935
2026-04-13T13:26:43.607,NF,NIFTY13APR2624200CE,0.6,3.7,7.05,0.6,76.7,147085510,1.09,0.6,3064880,0.65,2247960,12843935
2026-04-13T13:26:45.228,NF,NIFTY13APR2624200CE,0.6,3.7,7.05,0.6,76.7,147087720,1.09,0.6,3070665,0.65,2257970,12843935
2026-04-13T13:26:46.811,NF,NIFTY13APR2624200CE,0.6,3.7,7.05,0.6,76.7,147088435,1.09,0.6,3078725,0.65,2266030,12843935
2026-04-13T13:26:48.612,NF,NIFTY13APR2624200CE,0.6,3.7,7.05,0.6,76.7,147093765,1.09,0.6,3144960,0.65,2264730,12843935
2026-04-13T13:26:50.216,NF,NIFTY13APR2624200CE,0.6,3.7,7.05,0.6,76.7,147094740,1.09,0.6,3143660,0.65,2262715,12843935
2026-04-13T13:26:51.820,NF,NIFTY13APR2624200CE,0.6,3.7,7.05,0.6,76.7,147096170,1.09,0.6,3062280,0.65,2267395,12843935
2026-04-13T13:26:53.619,NF,NIFTY13APR2624200CE,0.65,3.7,7.05,0.6,76.7,147106310,1.09,0.6,3063645,0.65,2254980,12843935
2026-04-13T13:26:55.231,NF,NIFTY13APR2624200CE,0.65,3.7,7.05,0.6,76.7,147113265,1.09,0.6,3059290,0.65,2257970,12843935
2026-04-13T13:26:56.831,NF,NIFTY13APR2624200CE,0.6,3.7,7.05,0.6,76.7,147122300,1.09,0.6,3049670,0.65,2264080,12843935
2026-04-13T13:26:58.627,NF,NIFTY13APR2624200CE,0.6,3.7,7.05,0.6,76.7,147127890,1.09,0.6,3044730,0.65,2266810,12843935
2026-04-13T13:27:00.230,NF,NIFTY13APR2624200CE,0.6,3.7,7.05,0.6,76.7,147129320,1.09,0.6,3022955,0.65,2292550,12843935
2026-04-13T13:27:01.844,NF,NIFTY13APR2624200CE,0.6,3.7,7.05,0.6,76.7,147134455,1.09,0.6,3027375,0.65,2276820,12843935
2026-04-13T13:27:03.636,NF,NIFTY13APR2624200CE,0.6,3.7,7.05,0.6,76.7,147139850,1.09,0.6,3019315,0.65,2284880,12843935
2026-04-13T13:27:05.244,NF,NIFTY13APR2624200CE,0.6,3.7,7.05,0.6,76.7,147141410,1.09,0.6,3014245,0.65,2287935,12843935
2026-04-13T13:27:06.847,NF,NIFTY13APR2624200CE,0.6,3.7,7.05,0.6,76.7,147142125,1.09,0.6,3012230,0.65,2289430,12843935
2026-04-13T13:27:08.648,NF,NIFTY13APR2624200CE,0.6,3.7,7.05,0.6,76.7,147158700,1.09,0.6,3006705,0.65,2287740,12843935
2026-04-13T13:27:10.245,NF,NIFTY13APR2624200CE,0.6,3.7,7.05,0.6,76.7,147224480,1.09,0.6,2938845,0.65,2305355,12843935
2026-04-13T13:27:11.849,NF,NIFTY13APR2624200CE,0.65,3.7,7.05,0.6,76.7,147252040,1.09,0.6,2887950,0.65,2280330,12843935
2026-04-13T13:27:13.675,NF,NIFTY13APR2624200CE,0.6,3.7,7.05,0.6,76.7,147255940,1.09,0.6,2901990,0.65,2305485,12843935
2026-04-13T13:27:15.266,NF,NIFTY13APR2624200CE,0.6,3.7,7.05,0.6,76.7,147257890,1.09,0.6,2935140,0.65,2277340,12843935
2026-04-13T13:27:16.857,NF,NIFTY13APR2624200CE,0.6,3.7,7.05,0.6,76.7,147259905,1.09,0.6,2931435,0.65,2272985,12843935
2026-04-13T13:27:18.704,NF,NIFTY13APR2624200CE,0.65,3.7,7.05,0.6,76.7,147260555,1.09,0.6,2918955,0.65,2259075,12843935
2026-04-13T13:27:20.271,NF,NIFTY13APR2624200CE,0.65,3.7,7.05,0.6,76.7,147265430,1.09,0.6,2897310,0.65,2258490,12843935
2026-04-13T13:27:21.868,NF,NIFTY13APR2624200CE,0.6,3.7,7.05,0.6,76.7,147267835,1.09,0.6,2884375,0.65,2266225,12843935
2026-04-13T13:27:23.699,NF,NIFTY13APR2624200CE,0.6,3.7,7.05,0.6,76.7,147275570,1.09,0.6,2906410,0.65,2250560,12843935
2026-04-13T13:27:25.270,NF,NIFTY13APR2624200CE,0.6,3.7,7.05,0.6,76.7,147278820,1.09,0.6,2870855,0.65,2259920,12843935
2026-04-13T13:27:26.873,NF,NIFTY13APR2624200CE,0.6,3.7,7.05,0.6,76.7,147280575,1.09,0.6,2870790,0.65,2251470,12843935
2026-04-13T13:27:28.693,NF,NIFTY13APR2624200CE,0.6,3.7,7.05,0.6,76.7,147281225,1.09,0.6,2885935,0.65,2256800,12843935
2026-04-13T13:27:30.278,NF,NIFTY13APR2624200CE,0.65,3.7,7.05,0.6,76.7,147285320,1.09,0.6,2918045,0.65,2267200,12843935
2026-04-13T13:27:31.881,NF,NIFTY13APR2624200CE,0.6,3.7,7.05,0.6,76.7,147289545,1.09,0.6,2869685,0.65,2266485,12843935
2026-04-13T13:27:33.690,NF,NIFTY13APR2624200CE,0.6,3.7,7.05,0.6,76.7,147291885,1.09,0.6,2848040,0.65,2262845,12843935
2026-04-13T13:27:35.297,NF,NIFTY13APR2624200CE,0.6,3.7,7.05,0.6,76.7,147291950,1.09,0.6,2878005,0.65,2248870,12843935
2026-04-13T13:27:36.888,NF,NIFTY13APR2624200CE,0.65,3.7,7.05,0.6,76.7,147303845,1.09,0.6,2914470,0.65,2236650,12843935
2026-04-13T13:27:38.692,NF,NIFTY13APR2624200CE,0.6,3.7,7.05,0.6,76.7,147307160,1.09,0.6,2880605,0.65,2235870,12843935
2026-04-13T13:27:40.295,NF,NIFTY13APR2624200CE,0.65,3.7,7.05,0.6,76.7,147312100,1.09,0.6,2907255,0.65,2231970,12843935
2026-04-13T13:27:42.101,NF,NIFTY13APR2624200CE,0.6,3.7,7.05,0.6,76.7,147312880,1.09,0.6,2885805,0.65,2234180,12843935
2026-04-13T13:27:43.699,NF,NIFTY13APR2624200CE,0.65,3.7,7.05,0.6,76.7,147313855,1.09,0.6,2849340,0.65,2250625,12843935
2026-04-13T13:27:45.313,NF,NIFTY13APR2624200CE,0.6,3.7,7.05,0.6,76.7,147314830,1.09,0.6,2863250,0.65,2236455,12843935
2026-04-13T13:27:47.103,NF,NIFTY13APR2624200CE,0.6,3.7,7.05,0.6,76.7,147316195,1.09,0.6,2879175,0.65,2233985,12843935
2026-04-13T13:27:48.710,NF,NIFTY13APR2624200CE,0.6,3.7,7.05,0.6,76.7,147318470,1.09,0.6,2854735,0.65,2243995,12843935
2026-04-13T13:27:50.316,NF,NIFTY13APR2624200CE,0.65,3.7,7.05,0.6,76.7,147318795,1.09,0.6,2864615,0.65,2240940,12843935
2026-04-13T13:27:52.111,NF,NIFTY13APR2624200CE,0.6,3.7,7.05,0.6,76.7,147336800,1.09,0.6,2850445,0.65,2234310,12843935
2026-04-13T13:27:53.717,NF,NIFTY13APR2624200CE,0.65,3.7,7.05,0.6,76.7,147337190,1.09,0.6,2845765,0.65,2232555,12843935
2026-04-13T13:27:55.318,NF,NIFTY13APR2624200CE,0.65,3.7,7.05,0.6,76.7,147343300,1.09,0.6,2866695,0.65,2225990,12843935
2026-04-13T13:27:57.119,NF,NIFTY13APR2624200CE,0.6,3.7,7.05,0.6,76.7,147345185,1.09,0.6,2831595,0.65,2221960,12843935
2026-04-13T13:27:58.724,NF,NIFTY13APR2624200CE,0.65,3.7,7.05,0.6,76.7,147355260,1.09,0.6,2855710,0.65,2215070,12843935
2026-04-13T13:28:00.335,NF,NIFTY13APR2624200CE,0.6,3.7,7.05,0.6,76.7,147627090,1.09,0.6,2838355,0.65,1641900,12843935
2026-04-13T13:28:02.127,NF,NIFTY13APR2624200CE,0.65,3.7,7.05,0.6,76.7,147630145,1.09,0.6,2837770,0.65,1782365,12843935
2026-04-13T13:28:03.734,NF,NIFTY13APR2624200CE,0.6,3.7,7.05,0.6,76.7,147631185,1.09,0.6,2832310,0.65,1780545,12843935
2026-04-13T13:28:05.342,NF,NIFTY13APR2624200CE,0.6,3.7,7.05,0.6,76.7,147631250,1.09,0.6,2899780,0.65,1777880,12843935
2026-04-13T13:28:06.945,NF,NIFTY13APR2624200CE,0.6,3.7,7.05,0.6,76.7,147631640,1.09,0.6,2895425,0.65,1775800,12843935
2026-04-13T13:28:08.744,NF,NIFTY13APR2624200CE,0.6,3.7,7.05,0.6,76.7,147635020,1.09,0.6,2927990,0.65,1774240,12843935
2026-04-13T13:28:10.352,NF,NIFTY13APR2624200CE,0.65,3.7,7.05,0.6,76.7,147638790,1.09,0.6,2921685,0.65,1772485,12843935
2026-04-13T13:28:11.948,NF,NIFTY13APR2624200CE,0.6,3.7,7.05,0.6,76.7,147639180,1.09,0.6,2900625,0.65,1854580,12843935
2026-04-13T13:28:13.747,NF,NIFTY13APR2624200CE,0.6,3.7,7.05,0.6,76.7,147639245,1.09,0.6,2893540,0.65,1859975,12843935
2026-04-13T13:28:15.406,NF,NIFTY13APR2624200CE,0.6,3.7,7.05,0.6,76.7,147639310,1.09,0.6,2896010,0.65,1857895,12843935
2026-04-13T13:28:16.961,NF,NIFTY13APR2624200CE,0.6,3.7,7.05,0.6,76.7,147646200,1.09,0.6,2925715,0.65,1867190,12843935
2026-04-13T13:28:18.559,NF,NIFTY13APR2624200CE,0.6,3.7,7.05,0.6,76.7,147648930,1.09,0.6,2980640,0.65,1868945,12843935
2026-04-13T13:28:20.164,NF,NIFTY13APR2624200CE,0.6,3.7,7.05,0.6,76.7,147649905,1.09,0.6,3023670,0.65,1869335,12843935
2026-04-13T13:28:21.958,NF,NIFTY13APR2624200CE,0.6,3.7,7.05,0.6,76.7,147654000,1.09,0.6,3076255,0.65,1867580,12843935
2026-04-13T13:28:23.561,NF,NIFTY13APR2624200CE,0.65,3.7,7.05,0.6,76.7,147654715,1.09,0.6,3030950,0.65,1865305,12843935
2026-04-13T13:28:25.175,NF,NIFTY13APR2624200CE,0.6,3.7,7.05,0.6,76.7,147655105,1.09,0.6,3037450,0.65,1864980,12843935
2026-04-13T13:28:26.775,NF,NIFTY13APR2624200CE,0.6,3.7,7.05,0.6,76.7,147662125,1.09,0.6,3018405,0.65,1863290,12843935
2026-04-13T13:28:28.571,NF,NIFTY13APR2624200CE,0.65,3.7,7.05,0.6,76.7,147668170,1.09,0.6,3028610,0.65,1861860,12843935
2026-04-13T13:28:30.183,NF,NIFTY13APR2624200CE,0.65,3.7,7.05,0.6,76.7,147669990,1.09,0.6,3027375,0.65,1859845,12843935
2026-04-13T13:28:31.781,NF,NIFTY13APR2624200CE,0.6,3.7,7.05,0.6,76.7,147672915,1.09,0.6,3015350,0.65,1852565,12843935
2026-04-13T13:28:33.380,NF,NIFTY13APR2624200CE,0.6,3.7,7.05,0.6,76.7,147675775,1.09,0.6,3014570,0.65,1852890,12843935
2026-04-13T13:28:35.182,NF,NIFTY13APR2624200CE,0.6,3.7,7.05,0.6,76.7,147678765,1.09,0.6,3023085,0.65,1852175,12843935
2026-04-13T13:28:36.791,NF,NIFTY13APR2624200CE,0.6,3.7,7.05,0.6,76.7,147688125,1.09,0.6,3041155,0.65,1843075,12843935
2026-04-13T13:28:38.385,NF,NIFTY13APR2624200CE,0.6,3.7,7.05,0.6,76.7,147691050,1.09,0.6,3029000,0.65,1845675,12843935
2026-04-13T13:28:39.798,NF,NIFTY13APR2624200CE,0.6,3.7,7.05,0.6,76.7,147696315,1.09,0.6,3044275,0.65,1840475,12843935
2026-04-13T13:28:41.387,NF,NIFTY13APR2624200CE,0.6,3.7,7.05,0.6,76.7,147702100,1.09,0.6,3042585,0.65,1837810,12843935
2026-04-13T13:28:43.200,NF,NIFTY13APR2624200CE,0.6,3.7,7.05,0.6,76.7,147702750,1.09,0.6,3035045,0.65,1837680,12843935
2026-04-13T13:28:44.795,NF,NIFTY13APR2624200CE,0.6,3.7,7.05,0.6,76.7,147703205,1.09,0.6,3007875,0.65,1924845,12843935
2026-04-13T13:28:46.396,NF,NIFTY13APR2624200CE,0.6,3.7,7.05,0.6,76.7,147705935,1.09,0.6,3003260,0.65,1997905,12843935
2026-04-13T13:28:48.199,NF,NIFTY13APR2624200CE,0.6,3.7,7.05,0.6,76.7,147706455,1.09,0.6,3007485,0.65,1934010,12843935
2026-04-13T13:28:49.799,NF,NIFTY13APR2624200CE,0.6,3.7,7.05,0.6,76.7,147707365,1.09,0.6,3003000,0.65,1945320,12843935
2026-04-13T13:28:51.405,NF,NIFTY13APR2624200CE,0.6,3.7,7.05,0.6,76.7,147713930,1.09,0.6,3021980,0.65,1914640,12843935
2026-04-13T13:28:53.206,NF,NIFTY13APR2624200CE,0.6,3.7,7.05,0.6,76.7,147713995,1.09,0.6,3087890,0.65,1918540,12843935
2026-04-13T13:28:54.807,NF,NIFTY13APR2624200CE,0.6,3.7,7.05,0.6,76.7,147714125,1.09,0.6,2996760,0.65,1923025,12843935
2026-04-13T13:28:56.411,NF,NIFTY13APR2624200CE,0.65,3.7,7.05,0.6,76.7,147728685,1.09,0.6,3075215,0.65,1923220,12843935
2026-04-13T13:28:58.219,NF,NIFTY13APR2624200CE,0.6,3.7,7.05,0.6,76.7,147729075,1.09,0.6,3020355,0.65,1907035,12843935
2026-04-13T13:28:59.821,NF,NIFTY13APR2624200CE,0.6,3.7,7.05,0.6,76.7,147729790,1.09,0.6,3022305,0.65,1906450,12843935
2026-04-13T13:29:01.425,NF,NIFTY13APR2624200CE,0.6,3.7,7.05,0.6,76.7,147735120,1.09,0.6,2992600,0.65,1911975,12843935
2026-04-13T13:29:03.259,NF,NIFTY13APR2624200CE,0.6,3.7,7.05,0.6,76.7,147735250,1.09,0.6,3098030,0.65,1912950,12843935
2026-04-13T13:29:04.840,NF,NIFTY13APR2624200CE,0.65,3.7,7.05,0.6,76.7,147736095,1.09,0.6,3100500,0.65,1914445,12843935
2026-04-13T13:29:06.436,NF,NIFTY13APR2624200CE,0.6,3.7,7.05,0.6,76.7,147736810,1.09,0.6,3005600,0.65,1914315,12843935
2026-04-13T13:29:08.237,NF,NIFTY13APR2624200CE,0.6,3.7,7.05,0.6,76.7,147738500,1.09,0.6,3016520,0.65,1916005,12843935
2026-04-13T13:29:09.832,NF,NIFTY13APR2624200CE,0.6,3.7,7.05,0.6,76.7,147741295,1.09,0.6,2992600,0.65,1931085,12843935
2026-04-13T13:29:11.435,NF,NIFTY13APR2624200CE,0.6,3.7,7.05,0.6,76.7,147773925,1.09,0.6,2949050,0.65,2028585,12843935
2026-04-13T13:29:13.238,NF,NIFTY13APR2624200CE,0.6,3.7,7.05,0.6,76.7,147817735,1.09,0.6,2904915,0.65,2098005,12843935
2026-04-13T13:29:14.860,NF,NIFTY13APR2624200CE,0.6,3.7,7.05,0.6,76.7,147853160,1.09,0.6,2869360,0.65,2133820,12843935
2026-04-13T13:29:16.444,NF,NIFTY13APR2624200CE,0.6,3.7,7.05,0.6,76.7,147888780,1.09,0.6,2835755,0.65,2133755,12843935
2026-04-13T13:29:18.240,NF,NIFTY13APR2624200CE,0.6,3.7,7.05,0.6,76.7,147917705,1.09,0.6,2762240,0.65,2130050,12843935
2026-04-13T13:29:19.918,NF,NIFTY13APR2624200CE,0.6,3.7,7.05,0.6,76.7,147919330,1.09,0.6,2757495,0.65,2129270,12843935
2026-04-13T13:29:21.449,NF,NIFTY13APR2624200CE,0.6,3.7,7.05,0.6,76.7,147961645,1.09,0.6,2631720,0.65,2132715,13005980
2026-04-13T13:29:23.112,NF,NIFTY13APR2624200CE,0.6,3.7,7.05,0.6,76.7,148005130,1.09,0.6,2516800,0.65,2138240,13005980
2026-04-13T13:29:24.864,NF,NIFTY13APR2624200CE,0.6,3.7,7.05,0.6,76.7,148453045,1.08,0.6,1709305,0.65,2143895,13005980
2026-04-13T13:29:26.460,NF,NIFTY13APR2624200CE,0.6,3.7,7.05,0.6,76.7,148726240,1.08,0.6,1664780,0.65,2344615,13005980
2026-04-13T13:29:28.136,NF,NIFTY13APR2624200CE,0.6,3.7,7.05,0.6,76.7,148820685,1.08,0.6,1566175,0.65,2450890,13005980
2026-04-13T13:29:29.661,NF,NIFTY13APR2624200CE,0.55,3.7,7.05,0.55,76.7,148990400,1.08,0.55,2588300,0.6,2130895,13005980
2026-04-13T13:29:31.532,NF,NIFTY13APR2624200CE,0.6,3.7,7.05,0.55,76.7,149039475,1.08,0.55,2536690,0.6,2389660,13005980
2026-04-13T13:29:33.138,NF,NIFTY13APR2624200CE,0.55,3.7,7.05,0.55,76.7,149080360,1.08,0.55,2593760,0.6,2523430,13005980
2026-04-13T13:29:34.676,NF,NIFTY13APR2624200CE,0.55,3.7,7.05,0.55,76.7,149120205,1.08,0.55,2550795,0.6,2643745,13005980
2026-04-13T13:29:36.498,NF,NIFTY13APR2624200CE,0.55,3.7,7.05,0.55,76.7,149160375,1.08,0.55,2511015,0.6,2645175,13005980
2026-04-13T13:29:38.073,NF,NIFTY13APR2624200CE,0.55,3.7,7.05,0.55,76.7,149197425,1.08,0.55,2474095,0.6,2764710,13005980
2026-04-13T13:29:39.279,NF,NIFTY13APR2624200CE,0.55,3.7,7.05,0.55,76.7,149221540,1.08,0.55,2401360,0.6,2764320,13005980
2026-04-13T13:29:41.081,NF,NIFTY13APR2624200CE,0.55,3.7,7.05,0.55,76.7,149271265,1.08,0.55,2356965,0.6,2760290,13005980
2026-04-13T13:29:42.707,NF,NIFTY13APR2624200CE,0.55,3.7,7.05,0.55,76.7,149305520,1.08,0.55,2319850,0.6,2767050,13005980
2026-04-13T13:29:44.281,NF,NIFTY13APR2624200CE,0.55,3.7,7.05,0.55,76.7,149342505,1.08,0.55,2291445,0.6,2767440,13005980
2026-04-13T13:29:45.894,NF,NIFTY13APR2624200CE,0.55,3.7,7.05,0.55,76.7,149383325,1.08,0.55,2298920,0.6,2764385,13005980
2026-04-13T13:29:47.693,NF,NIFTY13APR2624200CE,0.55,3.7,7.05,0.55,76.7,149438315,1.08,0.55,2134925,0.6,2748850,13005980
2026-04-13T13:29:49.292,NF,NIFTY13APR2624200CE,0.55,3.7,7.05,0.55,76.7,149756815,1.08,0.55,523965,0.6,2758795,13005980
2026-04-13T13:29:50.900,NF,NIFTY13APR2624200CE,0.5,3.7,7.05,0.5,76.7,150244185,1.08,0.5,2933320,0.55,2223845,13005980
2026-04-13T13:29:52.695,NF,NIFTY13APR2624200CE,0.5,3.7,7.05,0.5,76.7,150296575,1.08,0.5,2886715,0.55,2584920,13005980
2026-04-13T13:29:54.307,NF,NIFTY13APR2624200CE,0.5,3.7,7.05,0.5,76.7,150339930,1.08,0.5,2850445,0.55,2896010,13005980
2026-04-13T13:29:55.903,NF,NIFTY13APR2624200CE,0.5,3.7,7.05,0.5,76.7,150380425,1.08,0.5,2933320,0.55,2919995,13005980
2026-04-13T13:29:57.507,NF,NIFTY13APR2624200CE,0.5,3.7,7.05,0.5,76.7,150424170,1.08,0.5,2899260,0.55,3005600,13005980
2026-04-13T13:29:59.303,NF,NIFTY13APR2624200CE,0.55,3.7,7.05,0.5,76.7,150467330,1.08,0.5,2863445,0.55,2983760,13005980
2026-04-13T13:30:00.923,NF,NIFTY13APR2624200CE,0.5,3.7,7.05,0.5,76.7,150508605,1.08,0.5,2808065,0.55,3035500,13005980
2026-04-13T13:30:02.624,NF,NIFTY13APR2624200CE,0.5,3.7,7.05,0.5,76.7,150555925,1.08,0.5,2598895,0.55,3033615,13005980
2026-04-13T13:30:04.318,NF,NIFTY13APR2624200CE,0.5,3.7,7.05,0.5,76.7,151523450,1.07,0.45,2783625,0.5,672555,13005980
2026-04-13T13:30:05.916,NF,NIFTY13APR2624200CE,0.5,3.7,7.05,0.45,76.7,151547435,1.07,0.45,2639520,0.5,2021955,13005980
2026-04-13T13:30:07.519,NF,NIFTY13APR2624200CE,0.45,3.7,7.05,0.45,76.7,151559590,1.07,0.45,2691455,0.5,2191865,13005980
2026-04-13T13:30:09.123,NF,NIFTY13APR2624200CE,0.45,3.7,7.05,0.45,76.7,151700965,1.07,0.45,2690545,0.5,2229760,13005980
2026-04-13T13:30:10.929,NF,NIFTY13APR2624200CE,0.45,3.7,7.05,0.45,76.7,151716760,1.07,0.45,2809950,0.5,2276170,13005980
2026-04-13T13:30:12.534,NF,NIFTY13APR2624200CE,0.5,3.7,7.05,0.45,76.7,151721375,1.07,0.45,2975505,0.5,2349230,13005980
2026-04-13T13:30:14.139,NF,NIFTY13APR2624200CE,0.5,3.7,7.05,0.45,76.7,151732685,1.07,0.45,2988245,0.5,2416180,13005980
2026-04-13T13:30:15.749,NF,NIFTY13APR2624200CE,0.5,3.7,7.05,0.45,76.7,152216285,1.07,0.45,3119415,0.5,687310,13005980
2026-04-13T13:30:17.535,NF,NIFTY13APR2624200CE,0.5,3.7,7.05,0.45,76.7,152493250,1.07,0.5,3114020,0.55,2621775,13005980
2026-04-13T13:30:19.142,NF,NIFTY13APR2624200CE,0.55,3.7,7.05,0.45,76.7,152500400,1.07,0.5,3381170,0.55,2842970,13005980
2026-04-13T13:30:20.743,NF,NIFTY13APR2624200CE,0.5,3.7,7.05,0.45,76.7,152501635,1.07,0.5,3514225,0.55,2863965,13005980
2026-04-13T13:30:22.542,NF,NIFTY13APR2624200CE,0.5,3.7,7.05,0.45,76.7,152503000,1.07,0.5,3446170,0.55,2872480,13005980
2026-04-13T13:30:24.148,NF,NIFTY13APR2624200CE,0.5,3.7,7.05,0.45,76.7,152504950,1.07,0.5,3501680,0.55,2878395,13005980
2026-04-13T13:30:25.756,NF,NIFTY13APR2624200CE,0.5,3.7,7.05,0.45,76.7,152520680,1.07,0.5,3448120,0.55,2865395,13005980
2026-04-13T13:30:27.556,NF,NIFTY13APR2624200CE,0.5,3.7,7.05,0.45,76.7,152528025,1.07,0.5,3495765,0.55,2891460,13005980
2026-04-13T13:30:29.154,NF,NIFTY13APR2624200CE,0.5,3.7,7.05,0.45,76.7,152528610,1.07,0.5,3460275,0.55,2889055,13005980
2026-04-13T13:30:30.757,NF,NIFTY13APR2624200CE,0.5,3.7,7.05,0.45,76.7,152550255,1.07,0.5,3588390,0.55,2841930,13005980
2026-04-13T13:30:32.600,NF,NIFTY13APR2624200CE,0.55,3.7,7.05,0.45,76.7,152562475,1.07,0.5,3514290,0.55,2863835,13005980
2026-04-13T13:30:34.169,NF,NIFTY13APR2624200CE,0.5,3.7,7.05,0.45,76.7,152565660,1.07,0.5,3513250,0.55,2865005,13005980
2026-04-13T13:30:35.769,NF,NIFTY13APR2624200CE,0.55,3.7,7.05,0.45,76.7,152581975,1.07,0.5,3588780,0.55,2847520,13005980
2026-04-13T13:30:37.566,NF,NIFTY13APR2624200CE,0.55,3.7,7.05,0.45,76.7,152594390,1.07,0.5,3512275,0.55,2806115,13005980
2026-04-13T13:30:38.974,NF,NIFTY13APR2624200CE,0.5,3.7,7.05,0.45,76.7,152594975,1.07,0.5,3514680,0.55,2835560,13005980
2026-04-13T13:30:40.774,NF,NIFTY13APR2624200CE,0.5,3.7,7.05,0.45,76.7,152613825,1.07,0.5,3619655,0.55,2828735,13005980
2026-04-13T13:30:42.393,NF,NIFTY13APR2624200CE,0.5,3.7,7.05,0.45,76.7,152627280,1.07,0.5,3620240,0.55,2785835,13005980
2026-04-13T13:30:43.982,NF,NIFTY13APR2624200CE,0.5,3.7,7.05,0.45,76.7,152627735,1.07,0.5,3548675,0.55,2785705,13005980
2026-04-13T13:30:45.778,NF,NIFTY13APR2624200CE,0.55,3.7,7.05,0.45,76.7,152645025,1.07,0.5,3613935,0.55,2799615,13005980
2026-04-13T13:30:47.390,NF,NIFTY13APR2624200CE,0.55,3.7,7.05,0.45,76.7,152656140,1.07,0.5,3583580,0.55,2789540,13005980
2026-04-13T13:30:48.984,NF,NIFTY13APR2624200CE,0.5,3.7,7.05,0.45,76.7,152656855,1.07,0.5,3731325,0.55,2789085,13005980
2026-04-13T13:30:50.787,NF,NIFTY13APR2624200CE,0.5,3.7,7.05,0.45,76.7,152669010,1.07,0.5,3778060,0.55,2779205,13005980
2026-04-13T13:30:52.397,NF,NIFTY13APR2624200CE,0.55,3.7,7.05,0.45,76.7,152688250,1.07,0.5,3778515,0.55,2730195,13005980
2026-04-13T13:30:53.995,NF,NIFTY13APR2624200CE,0.5,3.7,7.05,0.45,76.7,152689680,1.07,0.5,3779945,0.55,2731235,13005980
2026-04-13T13:30:55.796,NF,NIFTY13APR2624200CE,0.55,3.7,7.05,0.45,76.7,152705865,1.07,0.5,3779035,0.55,2714855,13005980
2026-04-13T13:30:57.415,NF,NIFTY13APR2624200CE,0.5,3.7,7.05,0.45,76.7,152716720,1.07,0.5,3781310,0.55,2701140,13005980
2026-04-13T13:30:59.006,NF,NIFTY13APR2624200CE,0.5,3.7,7.05,0.45,76.7,152718085,1.07,0.5,3781505,0.55,2719925,13005980
2026-04-13T13:31:00.810,NF,NIFTY13APR2624200CE,0.5,3.7,7.05,0.45,76.7,152719645,1.07,0.5,3695510,0.55,2736695,13005980
2026-04-13T13:31:02.418,NF,NIFTY13APR2624200CE,0.5,3.7,7.05,0.45,76.7,152721400,1.07,0.5,3677180,0.55,2734810,13005980
2026-04-13T13:31:04.012,NF,NIFTY13APR2624200CE,0.55,3.7,7.05,0.45,76.7,152753705,1.07,0.5,3799640,0.55,2732990,13005980
2026-04-13T13:31:05.619,NF,NIFTY13APR2624200CE,0.5,3.7,7.05,0.45,76.7,152754160,1.07,0.5,3762590,0.55,2732275,13005980
2026-04-13T13:31:07.412,NF,NIFTY13APR2624200CE,0.5,3.7,7.05,0.45,76.7,152769565,1.07,0.5,3730480,0.55,2715765,13005980
2026-04-13T13:31:09.037,NF,NIFTY13APR2624200CE,0.5,3.7,7.05,0.45,76.7,152809735,1.07,0.5,3586830,0.55,2742220,13005980
2026-04-13T13:31:10.636,NF,NIFTY13APR2624200CE,0.55,3.7,7.05,0.45,76.7,152845875,1.07,0.5,3716245,0.55,2719275,13005980
2026-04-13T13:31:12.420,NF,NIFTY13APR2624200CE,0.55,3.7,7.05,0.45,76.7,152888060,1.07,0.5,3769545,0.55,2722200,13005980
2026-04-13T13:31:14.028,NF,NIFTY13APR2624200CE,0.5,3.7,7.05,0.45,76.7,152894300,1.07,0.5,3685045,0.55,2799355,13005980
2026-04-13T13:31:15.643,NF,NIFTY13APR2624200CE,0.5,3.7,7.05,0.45,76.7,152895275,1.07,0.5,3693300,0.55,2804360,13005980
2026-04-13T13:31:17.436,NF,NIFTY13APR2624200CE,0.55,3.7,7.05,0.45,76.7,152901255,1.07,0.5,3769415,0.55,2764645,13005980
2026-04-13T13:31:19.031,NF,NIFTY13APR2624200CE,0.55,3.7,7.05,0.45,76.7,152910095,1.07,0.5,3696225,0.55,2766140,13005980
2026-04-13T13:31:20.636,NF,NIFTY13APR2624200CE,0.55,3.7,7.05,0.45,76.7,152923225,1.07,0.5,3711110,0.55,2810730,13005980
2026-04-13T13:31:22.254,NF,NIFTY13APR2624200CE,0.5,3.7,7.05,0.45,76.7,152945000,1.07,0.5,3709030,0.55,2759900,13005980
2026-04-13T13:31:24.049,NF,NIFTY13APR2624200CE,0.55,3.7,7.05,0.45,76.7,152947730,1.07,0.5,3757910,0.55,2787005,13005980
2026-04-13T13:31:25.646,NF,NIFTY13APR2624200CE,0.55,3.7,7.05,0.45,76.7,152965280,1.07,0.5,3745430,0.55,2770105,13005980
2026-04-13T13:31:27.255,NF,NIFTY13APR2624200CE,0.5,3.7,7.05,0.45,76.7,152985755,1.07,0.5,3702205,0.55,2730390,13005980
2026-04-13T13:31:29.048,NF,NIFTY13APR2624200CE,0.55,3.7,7.05,0.45,76.7,152988225,1.07,0.5,3705390,0.55,2738905,13005980
2026-04-13T13:31:30.652,NF,NIFTY13APR2624200CE,0.55,3.7,7.05,0.45,76.7,153012015,1.07,0.5,3753685,0.55,2728635,13005980
2026-04-13T13:31:32.254,NF,NIFTY13APR2624200CE,0.55,3.7,7.05,0.45,76.7,153035155,1.07,0.5,3788200,0.55,2680730,13005980
2026-04-13T13:31:34.056,NF,NIFTY13APR2624200CE,0.55,3.7,7.05,0.45,76.7,153071035,1.07,0.5,3685955,0.55,2705885,13005980
2026-04-13T13:31:35.674,NF,NIFTY13APR2624200CE,0.55,3.7,7.05,0.45,76.7,153085335,1.07,0.5,3738735,0.55,2691975,13005980
2026-04-13T13:31:37.269,NF,NIFTY13APR2624200CE,0.55,3.7,7.05,0.45,76.7,153106720,1.07,0.5,3744715,0.55,2672280,13005980
2026-04-13T13:31:39.464,NF,NIFTY13APR2624200CE,0.5,3.7,7.05,0.45,76.7,153111335,1.07,0.5,3684590,0.55,2696135,13005980
2026-04-13T13:31:41.084,NF,NIFTY13APR2624200CE,0.55,3.7,7.05,0.45,76.7,153491195,1.07,0.5,3796975,0.55,1449240,13005980
2026-04-13T13:31:42.673,NF,NIFTY13APR2624200CE,0.55,3.7,7.05,0.45,76.7,153706020,1.06,0.5,3812120,0.55,2278055,13005980
2026-04-13T13:31:44.482,NF,NIFTY13APR2624200CE,0.55,3.7,7.05,0.45,76.7,153706995,1.06,0.5,3954730,0.55,2312440,13005980
2026-04-13T13:31:46.075,NF,NIFTY13APR2624200CE,0.55,3.7,7.05,0.45,76.7,153735010,1.06,0.5,4174235,0.55,2284490,13005980
2026-04-13T13:31:47.690,NF,NIFTY13APR2624200CE,0.5,3.7,7.05,0.45,76.7,153753340,1.06,0.5,4131335,0.55,2292030,13005980
2026-04-13T13:31:49.282,NF,NIFTY13APR2624200CE,0.55,3.7,7.05,0.45,76.7,153772515,1.06,0.5,4115800,0.55,2297035,13005980
2026-04-13T13:31:51.100,NF,NIFTY13APR2624200CE,0.55,3.7,7.05,0.45,76.7,153794160,1.06,0.5,4013815,0.55,2315560,13005980
2026-04-13T13:31:52.688,NF,NIFTY13APR2624200CE,0.55,3.7,7.05,0.45,76.7,153807745,1.06,0.5,4012190,0.55,2301845,13005980
2026-04-13T13:31:54.291,NF,NIFTY13APR2624200CE,0.55,3.7,7.05,0.45,76.7,153809240,1.06,0.5,4018950,0.55,2319330,13005980
2026-04-13T13:31:55.906,NF,NIFTY13APR2624200CE,0.55,3.7,7.05,0.45,76.7,153828415,1.06,0.5,4028895,0.55,2298790,13005980
2026-04-13T13:31:57.698,NF,NIFTY13APR2624200CE,0.5,3.7,7.05,0.45,76.7,153848305,1.06,0.5,4105660,0.55,2288000,13005980
2026-04-13T13:31:59.305,NF,NIFTY13APR2624200CE,0.55,3.7,7.05,0.45,76.7,153911680,1.06,0.5,4095845,0.55,2229175,13005980
2026-04-13T13:32:00.903,NF,NIFTY13APR2624200CE,0.55,3.7,7.05,0.45,76.7,153918635,1.06,0.5,4058535,0.55,2259205,13005980
2026-04-13T13:32:02.724,NF,NIFTY13APR2624200CE,0.55,3.7,7.05,0.45,76.7,153924420,1.06,0.5,4096170,0.55,2239770,13005980
2026-04-13T13:32:04.312,NF,NIFTY13APR2624200CE,0.55,3.7,7.05,0.45,76.7,153942880,1.06,0.5,4093310,0.55,2239120,13005980
2026-04-13T13:32:05.912,NF,NIFTY13APR2624200CE,0.55,3.7,7.05,0.45,76.7,153952760,1.06,0.5,4088630,0.55,2249975,13005980
2026-04-13T13:32:07.713,NF,NIFTY13APR2624200CE,0.55,3.7,7.05,0.45,76.7,153958480,1.06,0.5,4090710,0.55,2242630,13005980
2026-04-13T13:32:09.317,NF,NIFTY13APR2624200CE,0.55,3.7,7.05,0.45,76.7,153961405,1.06,0.5,4091815,0.55,2242500,13005980
2026-04-13T13:32:10.925,NF,NIFTY13APR2624200CE,0.55,3.7,7.05,0.45,76.7,153984740,1.06,0.5,4267185,0.55,2238795,13005980
2026-04-13T13:32:12.729,NF,NIFTY13APR2624200CE,0.55,3.7,7.05,0.45,76.7,154026080,1.06,0.5,4347720,0.55,2236130,13005980
2026-04-13T13:32:14.334,NF,NIFTY13APR2624200CE,0.55,3.7,7.05,0.45,76.7,154032775,1.06,0.5,4271150,0.55,2228460,13005980
2026-04-13T13:32:15.926,NF,NIFTY13APR2624200CE,0.5,3.7,7.05,0.45,76.7,154032905,1.06,0.5,4284410,0.55,2227095,13005980
2026-04-13T13:32:17.530,NF,NIFTY13APR2624200CE,0.55,3.7,7.05,0.45,76.7,154044020,1.06,0.5,4283045,0.55,2222935,13005980
2026-04-13T13:32:19.342,NF,NIFTY13APR2624200CE,0.5,3.7,7.05,0.45,76.7,154113505,1.06,0.5,4093570,0.55,2276430,13005980
2026-04-13T13:32:20.939,NF,NIFTY13APR2624200CE,0.55,3.7,7.05,0.45,76.7,154145745,1.06,0.5,4197895,0.55,2157155,13005980
2026-04-13T13:32:22.546,NF,NIFTY13APR2624200CE,0.55,3.7,7.05,0.45,76.7,154159265,1.06,0.5,4131075,0.55,2145325,12672140
2026-04-13T13:32:24.192,NF,NIFTY13APR2624200CE,0.55,3.7,7.05,0.45,76.7,154159460,1.06,0.5,4127370,0.55,2163525,12672140
2026-04-13T13:32:25.744,NF,NIFTY13APR2624200CE,0.55,3.7,7.05,0.45,76.7,154176100,1.06,0.5,4139850,0.55,2115230,12672140
2026-04-13T13:32:27.542,NF,NIFTY13APR2624200CE,0.55,3.7,7.05,0.45,76.7,154217310,1.06,0.5,4127890,0.55,2074475,12672140
2026-04-13T13:32:29.201,NF,NIFTY13APR2624200CE,0.55,3.7,7.05,0.45,76.7,154282375,1.06,0.5,4128020,0.55,1948635,12672140
2026-04-13T13:32:30.752,NF,NIFTY13APR2624200CE,0.55,3.7,7.05,0.45,76.7,154352250,1.06,0.5,4156425,0.55,1806870,12672140
2026-04-13T13:32:32.563,NF,NIFTY13APR2624200CE,0.55,3.7,7.05,0.45,76.7,154472565,1.06,0.5,4194775,0.55,1814735,12672140
2026-04-13T13:32:34.178,NF,NIFTY13APR2624200CE,0.6,3.7,7.05,0.45,76.7,154691810,1.06,0.55,1672710,0.6,2361710,12672140
2026-04-13T13:32:35.760,NF,NIFTY13APR2624200CE,0.6,3.7,7.05,0.45,76.7,154705850,1.06,0.55,1920945,0.6,2353260,12672140
2026-04-13T13:32:37.562,NF,NIFTY13APR2624200CE,0.6,3.7,7.05,0.45,76.7,154729900,1.06,0.55,1984970,0.6,2421575,12672140
2026-04-13T13:32:38.768,NF,NIFTY13APR2624200CE,0.6,3.7,7.05,0.45,76.7,154730485,1.06,0.55,1891370,0.6,2430740,12672140
2026-04-13T13:32:40.376,NF,NIFTY13APR2624200CE,0.6,3.7,7.05,0.45,76.7,154750830,1.06,0.55,1870830,0.6,2421055,12672140
2026-04-13T13:32:41.974,NF,NIFTY13APR2624200CE,0.6,3.7,7.05,0.45,76.7,154784305,1.06,0.55,1883960,0.6,2404675,12672140
2026-04-13T13:32:43.771,NF,NIFTY13APR2624200CE,0.55,3.7,7.05,0.45,76.7,154785930,1.06,0.55,1807585,0.6,2434835,12672140
2026-04-13T13:32:45.387,NF,NIFTY13APR2624200CE,0.6,3.7,7.05,0.45,76.7,154792040,1.06,0.55,1896440,0.6,2425930,12672140
2026-04-13T13:32:46.989,NF,NIFTY13APR2624200CE,0.55,3.7,7.05,0.45,76.7,154822395,1.06,0.55,1829815,0.6,2385695,12672140
2026-04-13T13:32:48.780,NF,NIFTY13APR2624200CE,0.6,3.7,7.05,0.45,76.7,154825190,1.06,0.55,1803165,0.6,2391090,12672140
2026-04-13T13:32:50.381,NF,NIFTY13APR2624200CE,0.6,3.7,7.05,0.45,76.7,154826490,1.06,0.55,1798160,0.6,2403245,12672140
2026-04-13T13:32:51.986,NF,NIFTY13APR2624200CE,0.55,3.7,7.05,0.45,76.7,154859380,1.06,0.55,1844570,0.6,2383225,12672140
2026-04-13T13:32:53.589,NF,NIFTY13APR2624200CE,0.6,3.7,7.05,0.45,76.7,154859835,1.06,0.55,1804725,0.6,2355535,12672140
2026-04-13T13:32:55.389,NF,NIFTY13APR2624200CE,0.6,3.7,7.05,0.45,76.7,154868025,1.06,0.55,1836250,0.6,2374970,12672140
2026-04-13T13:32:56.998,NF,NIFTY13APR2624200CE,0.6,3.7,7.05,0.45,76.7,154945375,1.06,0.55,1854190,0.6,2323165,12672140
2026-04-13T13:32:58.598,NF,NIFTY13APR2624200CE,0.55,3.7,7.05,0.45,76.7,154971180,1.06,0.55,1831700,0.6,2338440,12672140
2026-04-13T13:33:00.204,NF,NIFTY13APR2624200CE,0.55,3.7,7.05,0.45,76.7,154973780,1.06,0.55,1820910,0.6,2311790,12672140
2026-04-13T13:33:01.810,NF,NIFTY13APR2624200CE,0.6,3.7,7.05,0.45,76.7,154982490,1.06,0.55,1816035,0.6,2330835,12672140
2026-04-13T13:33:03.601,NF,NIFTY13APR2624200CE,0.55,3.7,7.05,0.45,76.7,154990160,1.06,0.55,1831050,0.6,2302625,12672140
2026-04-13T13:33:05.205,NF,NIFTY13APR2624200CE,0.55,3.7,7.05,0.45,76.7,154990355,1.06,0.55,1840410,0.6,2302235,12672140
2026-04-13T13:33:06.821,NF,NIFTY13APR2624200CE,0.6,3.7,7.05,0.45,76.7,154996335,1.06,0.55,2079350,0.6,2336425,12672140
2026-04-13T13:33:08.412,NF,NIFTY13APR2624200CE,0.6,3.7,7.05,0.45,76.7,155012325,1.06,0.55,2175940,0.6,2332980,12672140
2026-04-13T13:33:10.023,NF,NIFTY13APR2624200CE,0.6,3.7,7.05,0.45,76.7,155018240,1.06,0.55,2221570,0.6,2310360,12672140
2026-04-13T13:33:11.633,NF,NIFTY13APR2624200CE,0.55,3.7,7.05,0.45,76.7,155026300,1.06,0.55,2286960,0.6,2293460,12672140
2026-04-13T13:33:13.416,NF,NIFTY13APR2624200CE,0.6,3.7,7.05,0.45,76.7,155033580,1.06,0.55,2231515,0.6,2292355,12672140
2026-04-13T13:33:15.027,NF,NIFTY13APR2624200CE,0.55,3.7,7.05,0.45,76.7,155035725,1.06,0.55,2264730,0.6,2321670,12672140
2026-04-13T13:33:16.624,NF,NIFTY13APR2624200CE,0.6,3.7,7.05,0.45,76.7,155083955,1.06,0.55,2260570,0.6,2243670,12672140
2026-04-13T13:33:18.231,NF,NIFTY13APR2624200CE,0.6,3.7,7.05,0.45,76.7,155104755,1.06,0.55,2257710,0.6,2229435,12672140
2026-04-13T13:33:20.035,NF,NIFTY13APR2624200CE,0.55,3.7,7.05,0.45,76.7,155119185,1.06,0.55,2247765,0.6,2228525,12672140
2026-04-13T13:33:21.782,NF,NIFTY13APR2624200CE,0.6,3.7,7.05,0.45,76.7,155132835,1.06,0.55,2252835,0.6,2212665,12672140
2026-04-13T13:33:23.236,NF,NIFTY13APR2624200CE,0.6,3.7,7.05,0.45,76.7,155186200,1.06,0.55,2295930,0.6,1725230,12672140
2026-04-13T13:33:25.043,NF,NIFTY13APR2624200CE,0.6,3.7,7.05,0.45,76.7,155202450,1.06,0.55,2441335,0.6,1785680,12672140
2026-04-13T13:33:26.657,NF,NIFTY13APR2624200CE,0.55,3.7,7.05,0.45,76.7,155237940,1.06,0.55,2346955,0.6,1784250,12672140
2026-04-13T13:33:28.244,NF,NIFTY13APR2624200CE,0.55,3.7,7.05,0.45,76.7,155244895,1.06,0.55,2314780,0.6,1804075,12672140
2026-04-13T13:33:30.045,NF,NIFTY13APR2624200CE,0.55,3.7,7.05,0.45,76.7,155278045,1.06,0.55,2311075,0.6,1776060,12672140
2026-04-13T13:33:31.656,NF,NIFTY13APR2624200CE,0.55,3.7,7.05,0.45,76.7,155287860,1.06,0.55,2319330,0.6,1758185,12672140
2026-04-13T13:33:33.254,NF,NIFTY13APR2624200CE,0.6,3.7,7.05,0.45,76.7,155292020,1.06,0.55,2325375,0.6,1758510,12672140
2026-04-13T13:33:35.057,NF,NIFTY13APR2624200CE,0.6,3.7,7.05,0.45,76.7,155296895,1.06,0.55,2300935,0.6,1765335,12672140
2026-04-13T13:33:36.659,NF,NIFTY13APR2624200CE,0.55,3.7,7.05,0.45,76.7,155310350,1.06,0.55,2284360,0.6,1794845,12672140
2026-04-13T13:33:38.262,NF,NIFTY13APR2624200CE,0.6,3.7,7.05,0.45,76.7,155319580,1.06,0.55,2223065,0.6,1821755,12672140
2026-04-13T13:33:40.070,NF,NIFTY13APR2624200CE,0.6,3.7,7.05,0.45,76.7,155331540,1.06,0.55,2218450,0.6,1761500,12672140
2026-04-13T13:33:41.684,NF,NIFTY13APR2624200CE,0.55,3.7,7.05,0.45,76.7,155358515,1.06,0.55,2211950,0.6,1825525,12672140
2026-04-13T13:33:43.468,NF,NIFTY13APR2624200CE,0.55,3.7,7.05,0.45,76.7,155515815,1.06,0.55,1560065,0.6,1858025,12672140
2026-04-13T13:33:45.071,NF,NIFTY13APR2624200CE,0.55,3.7,7.05,0.45,76.7,155519585,1.06,0.55,1778140,0.6,1860495,12672140
2026-04-13T13:33:46.691,NF,NIFTY13APR2624200CE,0.6,3.7,7.05,0.45,76.7,155525695,1.06,0.55,1824095,0.6,1954290,12672140
2026-04-13T13:33:48.279,NF,NIFTY13APR2624200CE,0.6,3.7,7.05,0.45,76.7,155527710,1.06,0.55,2056795,0.6,1955720,12672140
2026-04-13T13:33:50.080,NF,NIFTY13APR2624200CE,0.55,3.7,7.05,0.45,76.7,155533755,1.06,0.55,2046850,0.6,1965860,12672140
2026-04-13T13:33:51.690,NF,NIFTY13APR2624200CE,0.6,3.7,7.05,0.45,76.7,155540450,1.06,0.55,2046850,0.6,1958970,12672140
2026-04-13T13:33:53.292,NF,NIFTY13APR2624200CE,0.6,3.7,7.05,0.45,76.7,155542465,1.06,0.55,2038335,0.6,2030925,12672140
2026-04-13T13:33:55.087,NF,NIFTY13APR2624200CE,0.6,3.7,7.05,0.45,76.7,155543960,1.06,0.55,2076815,0.6,2027935,12672140
2026-04-13T13:33:56.692,NF,NIFTY13APR2624200CE,0.6,3.7,7.05,0.45,76.7,155553905,1.06,0.55,2064985,0.6,2022605,12672140
2026-04-13T13:33:58.294,NF,NIFTY13APR2624200CE,0.6,3.7,7.05,0.45,76.7,155554750,1.06,0.55,2127515,0.6,2023775,12672140
2026-04-13T13:33:59.899,NF,NIFTY13APR2624200CE,0.55,3.7,7.05,0.45,76.7,155556765,1.06,0.55,2059005,0.6,2024360,12672140
2026-04-13T13:34:01.703,NF,NIFTY13APR2624200CE,0.6,3.7,7.05,0.45,76.7,155573080,1.06,0.55,2096900,0.6,2009150,12672140
2026-04-13T13:34:03.302,NF,NIFTY13APR2624200CE,0.6,3.7,7.05,0.45,76.7,155578735,1.06,0.55,2056795,0.6,2011880,12672140
2026-04-13T13:34:04.904,NF,NIFTY13APR2624200CE,0.6,3.7,7.05,0.45,76.7,155611560,1.06,0.55,2056145,0.6,2051400,12672140
2026-04-13T13:34:06.513,NF,NIFTY13APR2624200CE,0.6,3.7,7.05,0.45,76.7,155620335,1.06,0.55,2063035,0.6,2029365,12672140
2026-04-13T13:34:08.114,NF,NIFTY13APR2624200CE,0.6,3.7,7.05,0.45,76.7,155636715,1.06,0.55,2043275,0.6,2038855,12672140
2026-04-13T13:34:09.915,NF,NIFTY13APR2624200CE,0.6,3.7,7.05,0.45,76.7,155651925,1.06,0.55,2135120,0.6,2016690,12672140
2026-04-13T13:34:11.520,NF,NIFTY13APR2624200CE,0.6,3.7,7.05,0.45,76.7,155661805,1.06,0.55,2110875,0.6,2015520,12672140
2026-04-13T13:34:13.119,NF,NIFTY13APR2624200CE,0.6,3.7,7.05,0.45,76.7,155750140,1.06,0.55,2142855,0.6,1872780,12672140
2026-04-13T13:34:14.922,NF,NIFTY13APR2624200CE,0.6,3.7,7.05,0.45,76.7,155761580,1.06,0.55,2195115,0.6,1879475,12672140
2026-04-13T13:34:16.533,NF,NIFTY13APR2624200CE,0.6,3.7,7.05,0.45,76.7,155771850,1.06,0.55,2158130,0.6,1876160,12672140
2026-04-13T13:34:18.136,NF,NIFTY13APR2624200CE,0.6,3.7,7.05,0.45,76.7,155784785,1.06,0.55,2146235,0.6,1875705,12672140
2026-04-13T13:34:19.929,NF,NIFTY13APR2624200CE,0.6,3.7,7.05,0.45,76.7,155808315,1.06,0.55,2169960,0.6,1836835,12672140
2026-04-13T13:34:21.531,NF,NIFTY13APR2624200CE,0.6,3.7,7.05,0.45,76.7,155815335,1.06,0.55,2200575,0.6,1831440,12672140
2026-04-13T13:34:23.144,NF,NIFTY13APR2624200CE,0.6,3.7,7.05,0.45,76.7,155816765,1.06,0.55,2303990,0.6,1825850,12672140
2026-04-13T13:34:24.962,NF,NIFTY13APR2624200CE,0.6,3.7,7.05,0.45,76.7,155820600,1.06,0.55,2363010,0.6,1830920,12672140
2026-04-13T13:34:26.539,NF,NIFTY13APR2624200CE,0.6,3.7,7.05,0.45,76.7,155846145,1.06,0.55,2369770,0.6,1796405,12672140
2026-04-13T13:34:28.151,NF,NIFTY13APR2624200CE,0.6,3.7,7.05,0.45,76.7,155847705,1.06,0.55,2370745,0.6,1795430,12672140
2026-04-13T13:34:29.943,NF,NIFTY13APR2624200CE,0.6,3.7,7.05,0.45,76.7,155853685,1.06,0.55,2383160,0.6,1788735,12672140
2026-04-13T13:34:31.551,NF,NIFTY13APR2624200CE,0.6,3.7,7.05,0.45,76.7,155867530,1.06,0.55,2394990,0.6,1774435,12672140
2026-04-13T13:34:33.160,NF,NIFTY13APR2624200CE,0.6,3.7,7.05,0.45,76.7,155871625,1.06,0.55,2453165,0.6,1771900,12672140
2026-04-13T13:34:34.759,NF,NIFTY13APR2624200CE,0.6,3.7,7.05,0.45,76.7,155891190,1.06,0.55,2445170,0.6,1766310,12672140
2026-04-13T13:34:36.569,NF,NIFTY13APR2624200CE,0.6,3.7,7.05,0.45,76.7,155915240,1.06,0.55,2442115,0.6,1746160,12672140
2026-04-13T13:34:38.162,NF,NIFTY13APR2624200CE,0.6,3.7,7.05,0.45,76.7,155916540,1.06,0.55,2435550,0.6,1768910,12672140
2026-04-13T13:34:39.565,NF,NIFTY13APR2624200CE,0.55,3.7,7.05,0.45,76.7,155925640,1.06,0.55,2430155,0.6,1749150,12672140
2026-04-13T13:34:41.363,NF,NIFTY13APR2624200CE,0.6,3.7,7.05,0.45,76.7,155934935,1.06,0.55,2437240,0.6,1793480,12672140
2026-04-13T13:34:42.969,NF,NIFTY13APR2624200CE,0.55,3.7,7.05,0.45,76.7,155947350,1.06,0.55,2413710,0.6,1797250,12672140
2026-04-13T13:34:44.570,NF,NIFTY13APR2624200CE,0.6,3.7,7.05,0.45,76.7,155960350,1.06,0.55,2402140,0.6,1726140,12672140
2026-04-13T13:34:46.375,NF,NIFTY13APR2624200CE,0.6,3.7,7.05,0.45,76.7,155960740,1.06,0.55,2399085,0.6,1752075,12672140
2026-04-13T13:34:47.973,NF,NIFTY13APR2624200CE,0.55,3.7,7.05,0.45,76.7,155967045,1.06,0.55,2417935,0.6,1717885,12672140
2026-04-13T13:34:49.577,NF,NIFTY13APR2624200CE,0.6,3.7,7.05,0.45,76.7,155967305,1.06,0.55,2407600,0.6,1723280,12672140
2026-04-13T13:34:51.385,NF,NIFTY13APR2624200CE,0.6,3.7,7.05,0.45,76.7,155974325,1.06,0.55,2434510,0.6,1767545,12672140
2026-04-13T13:34:52.981,NF,NIFTY13APR2624200CE,0.55,3.7,7.05,0.45,76.7,155980110,1.06,0.55,2416830,0.6,1753960,12672140
2026-04-13T13:34:54.585,NF,NIFTY13APR2624200CE,0.55,3.7,7.05,0.45,76.7,155982450,1.06,0.55,2410655,0.6,1755910,12672140
2026-04-13T13:34:56.392,NF,NIFTY13APR2624200CE,0.55,3.7,7.05,0.45,76.7,155994800,1.06,0.55,2453035,0.6,1751230,12672140
2026-04-13T13:34:57.990,NF,NIFTY13APR2624200CE,0.55,3.7,7.05,0.45,76.7,156159575,1.06,0.55,2498340,0.6,1826760,12672140
2026-04-13T13:34:59.592,NF,NIFTY13APR2624200CE,0.55,3.7,7.05,0.45,76.7,156159965,1.06,0.55,2620410,0.6,1840930,12672140
2026-04-13T13:35:01.422,NF,NIFTY13APR2624200CE,0.55,3.7,7.05,0.45,76.7,156161850,1.06,0.55,2677740,0.6,1787175,12672140
2026-04-13T13:35:02.996,NF,NIFTY13APR2624200CE,0.55,3.7,7.05,0.45,76.7,156212940,1.06,0.55,2680145,0.6,1738425,12672140
2026-04-13T13:35:04.599,NF,NIFTY13APR2624200CE,0.55,3.7,7.05,0.45,76.7,156218205,1.06,0.55,2695485,0.6,1731470,12672140
2026-04-13T13:35:06.416,NF,NIFTY13APR2624200CE,0.55,3.7,7.05,0.45,76.7,156222105,1.06,0.55,2670135,0.6,1847040,12672140
2026-04-13T13:35:08.004,NF,NIFTY13APR2624200CE,0.55,3.7,7.05,0.45,76.7,156228800,1.06,0.55,2745080,0.6,1865240,12672140
2026-04-13T13:35:09.605,NF,NIFTY13APR2624200CE,0.6,3.7,7.05,0.45,76.7,156228995,1.06,0.55,2669940,0.6,1892215,12672140
2026-04-13T13:35:11.406,NF,NIFTY13APR2624200CE,0.6,3.7,7.05,0.45,76.7,156251875,1.06,0.55,2618785,0.6,1868035,12672140
2026-04-13T13:35:13.011,NF,NIFTY13APR2624200CE,0.6,3.7,7.05,0.45,76.7,156257465,1.06,0.55,2618980,0.6,1863875,12672140
2026-04-13T13:35:14.619,NF,NIFTY13APR2624200CE,0.55,3.7,7.05,0.45,76.7,156259480,1.06,0.55,2619695,0.6,1861145,12672140
2026-04-13T13:35:16.423,NF,NIFTY13APR2624200CE,0.6,3.7,7.05,0.45,76.7,156265070,1.06,0.55,2618395,0.6,1855100,12672140
2026-04-13T13:35:18.029,NF,NIFTY13APR2624200CE,0.6,3.7,7.05,0.45,76.7,156270140,1.06,0.55,2616900,0.6,1848795,12672140
2026-04-13T13:35:19.628,NF,NIFTY13APR2624200CE,0.55,3.7,7.05,0.45,76.7,156272545,1.06,0.55,2614040,0.6,1852435,12672140
2026-04-13T13:35:21.422,NF,NIFTY13APR2624200CE,0.6,3.7,7.05,0.45,76.7,156301795,1.06,0.55,2626130,0.6,1824745,12672140
2026-04-13T13:35:23.025,NF,NIFTY13APR2624200CE,0.6,3.7,7.05,0.45,76.7,156306930,1.06,0.55,2626910,0.6,1838265,12608180
2026-04-13T13:35:24.628,NF,NIFTY13APR2624200CE,0.6,3.7,7.05,0.45,76.7,156307320,1.06,0.55,2608515,0.6,1847495,12608180
2026-04-13T13:35:26.494,NF,NIFTY13APR2624200CE,0.6,3.7,7.05,0.45,76.7,156340990,1.06,0.55,2634775,0.6,1808820,12608180
2026-04-13T13:35:28.083,NF,NIFTY13APR2624200CE,0.6,3.7,7.05,0.45,76.7,156341575,1.06,0.55,2627625,0.6,1814410,12608180
2026-04-13T13:35:29.647,NF,NIFTY13APR2624200CE,0.55,3.7,7.05,0.45,76.7,156341640,1.06,0.55,2615860,0.6,1815840,12608180
2026-04-13T13:35:31.437,NF,NIFTY13APR2624200CE,0.6,3.7,7.05,0.45,76.7,156374335,1.06,0.55,2682030,0.6,1770665,12608180
2026-04-13T13:35:33.042,NF,NIFTY13APR2624200CE,0.6,3.7,7.05,0.45,76.7,156377585,1.06,0.55,2637245,0.6,1843660,12608180
2026-04-13T13:35:34.641,NF,NIFTY13APR2624200CE,0.6,3.7,7.05,0.45,76.7,156379600,1.06,0.55,2636010,0.6,1845935,12608180
2026-04-13T13:35:36.442,NF,NIFTY13APR2624200CE,0.6,3.7,7.05,0.45,76.7,156407420,1.06,0.55,2659215,0.6,1849315,12608180
2026-04-13T13:35:38.054,NF,NIFTY13APR2624200CE,0.6,3.7,7.05,0.45,76.7,156411320,1.06,0.55,2662140,0.6,1837680,12608180
2026-04-13T13:35:39.649,NF,NIFTY13APR2624200CE,0.55,3.7,7.05,0.45,76.7,156411450,1.06,0.55,2667665,0.6,1836445,12608180
2026-04-13T13:35:41.449,NF,NIFTY13APR2624200CE,0.6,3.7,7.05,0.45,76.7,156441805,1.06,0.55,2690545,0.6,1852630,12608180
2026-04-13T13:35:43.052,NF,NIFTY13APR2624200CE,0.55,3.7,7.05,0.45,76.7,156442455,1.06,0.55,2675205,0.6,1854515,12608180
2026-04-13T13:35:46.457,NF,NIFTY13APR2624200CE,0.6,3.7,7.05,0.45,76.7,156471640,1.06,0.55,2684630,0.6,1857180,12608180
2026-04-13T13:35:48.059,NF,NIFTY13APR2624200CE,0.6,3.7,7.05,0.45,76.7,156472290,1.06,0.55,2673840,0.6,1856855,12608180
2026-04-13T13:35:49.664,NF,NIFTY13APR2624200CE,0.55,3.7,7.05,0.45,76.7,156472550,1.06,0.55,2664480,0.6,1870310,12608180
2026-04-13T13:35:51.463,NF,NIFTY13APR2624200CE,0.55,3.7,7.05,0.45,76.7,156526305,1.06,0.55,2607410,0.6,1833260,12608180
2026-04-13T13:35:53.071,NF,NIFTY13APR2624200CE,0.6,3.7,7.05,0.45,76.7,156550550,1.06,0.55,2592005,0.6,1860560,12608180
2026-04-13T13:35:54.669,NF,NIFTY13APR2624200CE,0.55,3.7,7.05,0.45,76.7,156552825,1.06,0.55,2581605,0.6,1897090,12608180
2026-04-13T13:35:56.271,NF,NIFTY13APR2624200CE,0.55,3.7,7.05,0.45,76.7,156566800,1.06,0.55,2584855,0.6,1924260,12608180
2026-04-13T13:35:57.878,NF,NIFTY13APR2624200CE,0.6,3.7,7.05,0.45,76.7,156574210,1.06,0.55,2591095,0.6,1919450,12608180
2026-04-13T13:35:59.692,NF,NIFTY13APR2624200CE,0.6,3.7,7.05,0.45,76.7,156576420,1.06,0.55,2597920,0.6,1918280,12608180
2026-04-13T13:36:01.286,NF,NIFTY13APR2624200CE,0.55,3.7,7.05,0.45,76.7,156579410,1.06,0.55,2611375,0.6,1917305,12608180
2026-04-13T13:36:02.883,NF,NIFTY13APR2624200CE,0.55,3.7,7.05,0.45,76.7,156590720,1.06,0.55,2603835,0.6,1648595,12608180
2026-04-13T13:36:04.485,NF,NIFTY13APR2624200CE,0.6,3.7,7.05,0.45,76.7,156591045,1.06,0.55,2602015,0.6,1646580,12608180
2026-04-13T13:36:06.289,NF,NIFTY13APR2624200CE,0.6,3.7,7.05,0.45,76.7,156595010,1.06,0.55,2551120,0.6,1662765,12608180
2026-04-13T13:36:07.898,NF,NIFTY13APR2624200CE,0.6,3.7,7.05,0.45,76.7,156601445,1.06,0.55,2503865,0.6,1656525,12608180
2026-04-13T13:36:09.495,NF,NIFTY13APR2624200CE,0.55,3.7,7.05,0.45,76.7,156601770,1.06,0.55,2602600,0.6,1655420,12608180
2026-04-13T13:36:11.095,NF,NIFTY13APR2624200CE,0.55,3.7,7.05,0.45,76.7,156602030,1.06,0.55,2600390,0.6,1652690,12608180
2026-04-13T13:36:12.895,NF,NIFTY13APR2624200CE,0.6,3.7,7.05,0.45,76.7,156617695,1.06,0.55,2596165,0.6,1641185,12608180
2026-04-13T13:36:17.900,NF,NIFTY13APR2624200CE,0.55,3.7,7.05,0.45,76.7,156621075,1.06,0.55,2606890,0.6,1641640,12608180
2026-04-13T13:36:19.509,NF,NIFTY13APR2624200CE,0.55,3.7,7.05,0.45,76.7,156621335,1.06,0.55,2582060,0.6,1638585,12608180
2026-04-13T13:36:21.108,NF,NIFTY13APR2624200CE,0.6,3.7,7.05,0.45,76.7,156622700,1.06,0.55,2563600,0.6,1729000,12608180
2026-04-13T13:36:22.912,NF,NIFTY13APR2624200CE,0.6,3.7,7.05,0.45,76.7,156646945,1.06,0.55,2560025,0.6,1660165,12608180
2026-04-13T13:36:24.513,NF,NIFTY13APR2624200CE,0.55,3.7,7.05,0.45,76.7,156649935,1.06,0.55,2558465,0.6,1656070,12608180
2026-04-13T13:36:26.123,NF,NIFTY13APR2624200CE,0.6,3.7,7.05,0.45,76.7,156674570,1.06,0.55,2564705,0.6,1628965,12608180
2026-04-13T13:36:27.914,NF,NIFTY13APR2624200CE,0.6,3.7,7.05,0.45,76.7,156676780,1.06,0.55,2563405,0.6,1629875,12608180
2026-04-13T13:36:29.525,NF,NIFTY13APR2624200CE,0.55,3.7,7.05,0.45,76.7,156681720,1.06,0.55,2553525,0.6,1630200,12608180
2026-04-13T13:36:31.123,NF,NIFTY13APR2624200CE,0.6,3.7,7.05,0.45,76.7,156707720,1.06,0.55,2570620,0.6,1597180,12608180
2026-04-13T13:36:32.922,NF,NIFTY13APR2624200CE,0.55,3.7,7.05,0.45,76.7,156719940,1.06,0.55,2552485,0.6,1614535,12608180
2026-04-13T13:36:34.534,NF,NIFTY13APR2624200CE,0.6,3.7,7.05,0.45,76.7,156779480,1.05,0.55,2516150,0.6,1907230,12608180
2026-04-13T13:36:36.144,NF,NIFTY13APR2624200CE,0.55,3.7,7.05,0.45,76.7,156814840,1.05,0.55,2535260,0.6,1900015,12608180
2026-04-13T13:36:37.735,NF,NIFTY13APR2624200CE,0.55,3.7,7.05,0.45,76.7,156829205,1.05,0.55,2543060,0.6,1951690,12608180
2026-04-13T13:36:39.542,NF,NIFTY13APR2624200CE,0.55,3.7,7.05,0.45,76.7,156845455,1.05,0.55,2520765,0.6,1992575,12608180
2026-04-13T13:36:41.143,NF,NIFTY13APR2624200CE,0.55,3.7,7.05,0.45,76.7,156889265,1.05,0.55,2524015,0.6,1962675,12608180
2026-04-13T13:36:42.937,NF,NIFTY13APR2624200CE,0.55,3.7,7.05,0.45,76.7,156907270,1.05,0.55,2507830,0.6,1978405,12608180
2026-04-13T13:36:44.548,NF,NIFTY13APR2624200CE,0.55,3.7,7.05,0.45,76.7,156925860,1.05,0.55,2493400,0.6,1967420,12608180
2026-04-13T13:36:46.145,NF,NIFTY13APR2624200CE,0.55,3.7,7.05,0.45,76.7,156940680,1.05,0.55,2473510,0.6,1991795,12608180
2026-04-13T13:36:47.950,NF,NIFTY13APR2624200CE,0.55,3.7,7.05,0.45,76.7,156954070,1.05,0.55,2458105,0.6,1993680,12608180
2026-04-13T13:36:49.555,NF,NIFTY13APR2624200CE,0.55,3.7,7.05,0.45,76.7,156969930,1.05,0.55,2443740,0.6,1986595,12608180
2026-04-13T13:36:51.168,NF,NIFTY13APR2624200CE,0.55,3.7,7.05,0.45,76.7,156983970,1.05,0.55,2435680,0.6,1972035,12608180
2026-04-13T13:36:52.959,NF,NIFTY13APR2624200CE,0.55,3.7,7.05,0.45,76.7,156998075,1.05,0.55,2427360,0.6,1971840,12608180
2026-04-13T13:36:54.558,NF,NIFTY13APR2624200CE,0.6,3.7,7.05,0.45,76.7,157014520,1.05,0.55,2414880,0.6,1979900,12608180
2026-04-13T13:36:56.164,NF,NIFTY13APR2624200CE,0.55,3.7,7.05,0.45,76.7,157027390,1.05,0.55,2380235,0.6,1974960,12608180
2026-04-13T13:36:57.965,NF,NIFTY13APR2624200CE,0.55,3.7,7.05,0.45,76.7,157049555,1.05,0.55,2274480,0.6,1975415,12608180
2026-04-13T13:36:59.571,NF,NIFTY13APR2624200CE,0.55,3.7,7.05,0.45,76.7,157088555,1.05,0.55,2142400,0.6,2036840,12608180
2026-04-13T13:37:01.181,NF,NIFTY13APR2624200CE,0.55,3.7,7.05,0.45,76.7,157103310,1.05,0.55,2083120,0.6,1982825,12608180
2026-04-13T13:37:02.984,NF,NIFTY13APR2624200CE,0.55,3.7,7.05,0.45,76.7,157120665,1.05,0.55,2065440,0.6,1994655,12608180
2026-04-13T13:37:04.578,NF,NIFTY13APR2624200CE,0.55,3.7,7.05,0.45,76.7,157134575,1.05,0.55,2157805,0.6,1998360,12608180
2026-04-13T13:37:06.181,NF,NIFTY13APR2624200CE,0.55,3.7,7.05,0.45,76.7,157158755,1.05,0.55,2146105,0.6,1966965,12608180
2026-04-13T13:37:07.983,NF,NIFTY13APR2624200CE,0.55,3.7,7.05,0.45,76.7,157176630,1.05,0.55,2153840,0.6,1958060,12608180
2026-04-13T13:37:09.584,NF,NIFTY13APR2624200CE,0.55,3.7,7.05,0.45,76.7,157195805,1.05,0.55,2139865,0.6,1954420,12608180
2026-04-13T13:37:11.199,NF,NIFTY13APR2624200CE,0.55,3.7,7.05,0.45,76.7,157213160,1.05,0.55,2136355,0.6,1966510,12608180
2026-04-13T13:37:12.987,NF,NIFTY13APR2624200CE,0.55,3.7,7.05,0.45,76.7,157232010,1.05,0.55,2112370,0.6,1962675,12608180
2026-04-13T13:37:14.591,NF,NIFTY13APR2624200CE,0.55,3.7,7.05,0.45,76.7,157244100,1.05,0.55,2116790,0.6,1959230,12608180
2026-04-13T13:37:16.208,NF,NIFTY13APR2624200CE,0.55,3.7,7.05,0.45,76.7,157256385,1.05,0.55,2161380,0.6,1959945,12608180
2026-04-13T13:37:17.996,NF,NIFTY13APR2624200CE,0.55,3.7,7.05,0.45,76.7,157266980,1.05,0.55,2170155,0.6,1964300,12608180
2026-04-13T13:37:19.608,NF,NIFTY13APR2624200CE,0.55,3.7,7.05,0.45,76.7,157282840,1.05,0.55,2136810,0.6,1969240,12608180
2026-04-13T13:37:21.203,NF,NIFTY13APR2624200CE,0.55,3.7,7.05,0.45,76.7,157295320,1.05,0.55,2127125,0.6,1971840,12608180
2026-04-13T13:37:22.807,NF,NIFTY13APR2624200CE,0.6,3.7,7.05,0.45,76.7,157306370,1.05,0.55,2151760,0.6,1959490,12608180
2026-04-13T13:37:24.612,NF,NIFTY13APR2624200CE,0.6,3.7,7.05,0.45,76.7,157318850,1.05,0.55,2136160,0.6,1947985,12608180
2026-04-13T13:37:26.217,NF,NIFTY13APR2624200CE,0.6,3.7,7.05,0.45,76.7,157333280,1.05,0.55,2136030,0.6,1965470,12608180
2026-04-13T13:37:27.813,NF,NIFTY13APR2624200CE,0.55,3.7,7.05,0.45,76.7,157336140,1.05,0.55,2138500,0.6,1975610,12608180
2026-04-13T13:37:29.617,NF,NIFTY13APR2624200CE,0.55,3.7,7.05,0.45,76.7,157341795,1.05,0.55,2160990,0.6,1951690,12608180
2026-04-13T13:37:31.220,NF,NIFTY13APR2624200CE,0.6,3.7,7.05,0.45,76.7,157342250,1.05,0.55,2158780,0.6,1958710,12608180
2026-04-13T13:37:32.835,NF,NIFTY13APR2624200CE,0.55,3.7,7.05,0.45,76.7,157343940,1.05,0.55,2167750,0.6,1961700,12608180
2026-04-13T13:37:34.637,NF,NIFTY13APR2624200CE,0.55,3.7,7.05,0.45,76.7,157347385,1.05,0.55,2162615,0.6,1955200,12608180
2026-04-13T13:37:36.235,NF,NIFTY13APR2624200CE,0.6,3.7,7.05,0.45,76.7,157359540,1.05,0.55,2157545,0.6,1969045,12608180
2026-04-13T13:37:37.830,NF,NIFTY13APR2624200CE,0.55,3.7,7.05,0.45,76.7,157371240,1.05,0.55,2139605,0.6,1981200,12608180
2026-04-13T13:37:39.840,NF,NIFTY13APR2624200CE,0.55,3.7,7.05,0.45,76.7,157382875,1.05,0.55,2133820,0.6,1956305,12608180
2026-04-13T13:37:41.456,NF,NIFTY13APR2624200CE,0.55,3.7,7.05,0.45,76.7,157383005,1.05,0.55,2126540,0.6,1959880,12608180
2026-04-13T13:37:43.046,NF,NIFTY13APR2624200CE,0.6,3.7,7.05,0.45,76.7,157383655,1.05,0.55,2124460,0.6,1961310,12608180
2026-04-13T13:37:44.641,NF,NIFTY13APR2624200CE,0.6,3.7,7.05,0.45,76.7,157387880,1.05,0.55,2123160,0.6,1957605,12608180
2026-04-13T13:37:46.454,NF,NIFTY13APR2624200CE,0.55,3.7,7.05,0.45,76.7,157396135,1.05,0.55,2148640,0.6,1969045,12608180
2026-04-13T13:37:48.050,NF,NIFTY13APR2624200CE,0.6,3.7,7.05,0.45,76.7,157402115,1.05,0.55,2129270,0.6,1968525,12608180
2026-04-13T13:37:49.646,NF,NIFTY13APR2624200CE,0.6,3.7,7.05,0.45,76.7,157407315,1.05,0.55,2126085,0.6,1951950,12608180
2026-04-13T13:37:51.449,NF,NIFTY13APR2624200CE,0.6,3.7,7.05,0.45,76.7,157424215,1.05,0.55,2147275,0.6,1951300,12608180
2026-04-13T13:37:53.049,NF,NIFTY13APR2624200CE,0.6,3.7,7.05,0.45,76.7,157434420,1.05,0.55,2133495,0.6,1938560,12608180
2026-04-13T13:37:54.655,NF,NIFTY13APR2624200CE,0.6,3.7,7.05,0.45,76.7,157435720,1.05,0.55,2135315,0.6,1941680,12608180
2026-04-13T13:37:56.256,NF,NIFTY13APR2624200CE,0.6,3.7,7.05,0.45,76.7,157437865,1.05,0.55,2113670,0.6,1939795,12608180
2026-04-13T13:37:58.065,NF,NIFTY13APR2624200CE,0.6,3.7,7.05,0.45,76.7,157442610,1.05,0.55,2125630,0.6,1935830,12608180
2026-04-13T13:37:59.660,NF,NIFTY13APR2624200CE,0.6,3.7,7.05,0.45,76.7,157442675,1.05,0.55,2125565,0.6,1938560,12608180
2026-04-13T13:38:01.265,NF,NIFTY13APR2624200CE,0.55,3.7,7.05,0.45,76.7,157443260,1.05,0.55,2126865,0.6,1939990,12608180
2026-04-13T13:38:02.879,NF,NIFTY13APR2624200CE,0.6,3.7,7.05,0.45,76.7,157445535,1.05,0.55,2109965,0.6,1935050,12608180
2026-04-13T13:38:04.674,NF,NIFTY13APR2624200CE,0.55,3.7,7.05,0.45,76.7,157455090,1.05,0.55,2107170,0.6,1938040,12608180
2026-04-13T13:38:06.272,NF,NIFTY13APR2624200CE,0.55,3.7,7.05,0.45,76.7,157456455,1.05,0.55,2106390,0.6,1938950,12608180
2026-04-13T13:38:07.872,NF,NIFTY13APR2624200CE,0.6,3.7,7.05,0.45,76.7,157466595,1.05,0.55,2118675,0.6,1926535,12608180
2026-04-13T13:38:09.491,NF,NIFTY13APR2624200CE,0.55,3.7,7.05,0.45,76.7,157470690,1.05,0.55,2105870,0.6,1931215,12608180
2026-04-13T13:38:11.086,NF,NIFTY13APR2624200CE,0.6,3.7,7.05,0.45,76.7,157483495,1.05,0.55,2114580,0.6,1760005,12608180
2026-04-13T13:38:12.683,NF,NIFTY13APR2624200CE,0.55,3.7,7.05,0.45,76.7,157484275,1.05,0.55,2107430,0.6,1763125,12608180
2026-04-13T13:38:14.487,NF,NIFTY13APR2624200CE,0.55,3.7,7.05,0.45,76.7,157491295,1.05,0.55,2156960,0.6,1750515,12608180
2026-04-13T13:38:16.086,NF,NIFTY13APR2624200CE,0.55,3.7,7.05,0.45,76.7,157492140,1.05,0.55,2155790,0.6,1760460,12608180
2026-04-13T13:38:17.694,NF,NIFTY13APR2624200CE,0.55,3.7,7.05,0.45,76.7,157493440,1.05,0.55,2179645,0.6,1761825,12608180
2026-04-13T13:38:19.294,NF,NIFTY13APR2624200CE,0.55,3.7,7.05,0.45,76.7,157497015,1.05,0.55,2233855,0.6,1746550,12608180
2026-04-13T13:38:20.932,NF,NIFTY13APR2624200CE,0.6,3.7,7.05,0.45,76.7,157515995,1.05,0.55,2204020,0.6,1734395,12608180
2026-04-13T13:38:22.738,NF,NIFTY13APR2624200CE,0.55,3.7,7.05,0.45,76.7,157521975,1.05,0.55,2189330,0.6,1745640,12650950
2026-04-13T13:38:24.299,NF,NIFTY13APR2624200CE,0.55,3.7,7.05,0.45,76.7,157525745,1.05,0.55,2187380,0.6,1739010,12650950
2026-04-13T13:38:25.905,NF,NIFTY13APR2624200CE,0.55,3.7,7.05,0.45,76.7,157530035,1.05,0.55,2186015,0.6,1740180,12650950
2026-04-13T13:38:27.508,NF,NIFTY13APR2624200CE,0.55,3.7,7.05,0.45,76.7,157531790,1.05,0.55,2184715,0.6,1741025,12650950
2026-04-13T13:38:29.122,NF,NIFTY13APR2624200CE,0.6,3.7,7.05,0.45,76.7,157537380,1.05,0.55,2186470,0.6,1724385,12650950
2026-04-13T13:38:30.716,NF,NIFTY13APR2624200CE,0.55,3.7,7.05,0.45,76.7,157539525,1.05,0.55,2180750,0.6,1749215,12650950
2026-04-13T13:38:32.321,NF,NIFTY13APR2624200CE,0.55,3.7,7.05,0.45,76.7,157540955,1.05,0.55,2184520,0.6,1748760,12650950
2026-04-13T13:38:34.184,NF,NIFTY13APR2624200CE,0.6,3.7,7.05,0.45,76.7,157548755,1.05,0.55,2183480,0.6,1741285,12650950
2026-04-13T13:38:35.715,NF,NIFTY13APR2624200CE,0.55,3.7,7.05,0.45,76.7,157560455,1.05,0.55,2191735,0.6,1740765,12650950
2026-04-13T13:38:37.331,NF,NIFTY13APR2624200CE,0.55,3.7,7.05,0.45,76.7,157562080,1.05,0.55,2179450,0.6,1734720,12650950
2026-04-13T13:38:39.120,NF,NIFTY13APR2624200CE,0.6,3.7,7.05,0.45,76.7,157566890,1.05,0.55,2178280,0.6,1741155,12650950
2026-04-13T13:38:42.363,NF,NIFTY13APR2624200CE,0.55,3.7,7.05,0.45,76.7,157570465,1.05,0.55,2200510,0.6,1741480,12650950
2026-04-13T13:38:44.135,NF,NIFTY13APR2624200CE,0.55,3.7,7.05,0.45,76.7,157582490,1.05,0.55,2190045,0.6,1738555,12650950
2026-04-13T13:38:45.750,NF,NIFTY13APR2624200CE,0.6,3.7,7.05,0.45,76.7,157591980,1.05,0.55,2191605,0.6,1727375,12650950
2026-04-13T13:38:47.339,NF,NIFTY13APR2624200CE,0.55,3.7,7.05,0.45,76.7,157592045,1.05,0.55,2186860,0.6,1729975,12650950
2026-04-13T13:38:49.139,NF,NIFTY13APR2624200CE,0.6,3.7,7.05,0.45,76.7,157595945,1.05,0.55,2197780,0.6,1775280,12650950
2026-04-13T13:38:50.754,NF,NIFTY13APR2624200CE,0.6,3.7,7.05,0.45,76.7,157603160,1.05,0.55,2166450,0.6,1750905,12650950
2026-04-13T13:38:52.345,NF,NIFTY13APR2624200CE,0.55,3.7,7.05,0.45,76.7,157621165,1.05,0.55,2076230,0.6,1737710,12650950
2026-04-13T13:38:54.157,NF,NIFTY13APR2624200CE,0.55,3.7,7.05,0.45,76.7,157678560,1.05,0.55,2039765,0.6,1726075,12650950
2026-04-13T13:38:55.750,NF,NIFTY13APR2624200CE,0.6,3.7,7.05,0.45,76.7,157699035,1.05,0.55,2062125,0.6,1708460,12650950
2026-04-13T13:38:57.360,NF,NIFTY13APR2624200CE,0.55,3.7,7.05,0.45,76.7,157710150,1.05,0.55,2038920,0.6,1700270,12650950
2026-04-13T13:38:59.162,NF,NIFTY13APR2624200CE,0.6,3.7,7.05,0.45,76.7,157715870,1.05,0.55,2062125,0.6,1702480,12650950
2026-04-13T13:39:00.770,NF,NIFTY13APR2624200CE,0.55,3.7,7.05,0.45,76.7,157717235,1.05,0.55,2036905,0.6,1699425,12650950
2026-04-13T13:39:02.365,NF,NIFTY13APR2624200CE,0.6,3.7,7.05,0.45,76.7,157718210,1.05,0.55,2038465,0.6,1694680,12650950
2026-04-13T13:39:04.163,NF,NIFTY13APR2624200CE,0.6,3.7,7.05,0.45,76.7,157724255,1.05,0.55,2043600,0.6,1681420,12650950
2026-04-13T13:39:05.765,NF,NIFTY13APR2624200CE,0.55,3.7,7.05,0.45,76.7,157724450,1.05,0.55,2040935,0.6,1683695,12650950
2026-04-13T13:39:07.373,NF,NIFTY13APR2624200CE,0.6,3.7,7.05,0.45,76.7,157725620,1.05,0.55,2043860,0.6,1704235,12650950
2026-04-13T13:39:09.170,NF,NIFTY13APR2624200CE,0.6,3.7,7.05,0.45,76.7,157733940,1.05,0.55,2017990,0.6,1709955,12650950
2026-04-13T13:39:10.784,NF,NIFTY13APR2624200CE,0.6,3.7,7.05,0.45,76.7,157747850,1.05,0.55,2016560,0.6,1697475,12650950
2026-04-13T13:39:12.378,NF,NIFTY13APR2624200CE,0.6,3.7,7.05,0.45,76.7,157751945,1.05,0.55,2018445,0.6,1696630,12650950
2026-04-13T13:39:14.177,NF,NIFTY13APR2624200CE,0.6,3.7,7.05,0.45,76.7,157759680,1.05,0.55,2015845,0.6,1604135,12650950
2026-04-13T13:39:15.780,NF,NIFTY13APR2624200CE,0.55,3.7,7.05,0.45,76.7,157760395,1.05,0.55,2011620,0.6,1603095,12650950
2026-04-13T13:39:17.388,NF,NIFTY13APR2624200CE,0.55,3.7,7.05,0.45,76.7,157765725,1.05,0.55,2007850,0.6,1562145,12650950
2026-04-13T13:39:19.210,NF,NIFTY13APR2624200CE,0.6,3.7,7.05,0.45,76.7,157791465,1.05,0.55,2084745,0.6,1599455,12650950
2026-04-13T13:39:20.793,NF,NIFTY13APR2624200CE,0.55,3.7,7.05,0.45,76.7,157856790,1.05,0.55,1977495,0.6,1675830,12650950
2026-04-13T13:39:22.392,NF,NIFTY13APR2624200CE,0.55,3.7,7.05,0.45,76.7,157874210,1.05,0.55,1788540,0.6,1625910,12650950
2026-04-13T13:39:24.197,NF,NIFTY13APR2624200CE,0.6,3.7,7.05,0.45,76.7,157884155,1.05,0.55,1752985,0.6,1620320,12650950
2026-04-13T13:39:25.798,NF,NIFTY13APR2624200CE,0.6,3.7,7.05,0.45,76.7,157891760,1.05,0.55,1747200,0.6,1613235,12650950
2026-04-13T13:39:27.418,NF,NIFTY13APR2624200CE,0.55,3.7,7.05,0.45,76.7,157894360,1.05,0.55,1744600,0.6,1605110,12650950
2026-04-13T13:39:29.213,NF,NIFTY13APR2624200CE,0.55,3.7,7.05,0.45,76.7,157899105,1.05,0.55,1744990,0.6,1600885,12650950
2026-04-13T13:39:30.807,NF,NIFTY13APR2624200CE,0.55,3.7,7.05,0.45,76.7,157927575,1.05,0.55,1745055,0.6,1560975,12650950
2026-04-13T13:39:32.410,NF,NIFTY13APR2624200CE,0.55,3.7,7.05,0.45,76.7,157928680,1.05,0.55,1740570,0.6,1564030,12650950
2026-04-13T13:39:34.210,NF,NIFTY13APR2624200CE,0.55,3.7,7.05,0.45,76.7,157942330,1.05,0.55,1681745,0.6,1579305,12650950
2026-04-13T13:39:35.821,NF,NIFTY13APR2624200CE,0.55,3.7,7.05,0.45,76.7,157949610,1.05,0.55,1695265,0.6,1576770,12650950
2026-04-13T13:39:37.431,NF,NIFTY13APR2624200CE,0.55,3.7,7.05,0.45,76.7,157956045,1.05,0.55,1688830,0.6,1571635,12650950
2026-04-13T13:39:39.022,NF,NIFTY13APR2624200CE,0.6,3.7,7.05,0.45,76.7,157960465,1.05,0.55,1696695,0.6,1568385,12650950
2026-04-13T13:39:40.823,NF,NIFTY13APR2624200CE,0.55,3.7,7.05,0.45,76.7,157968330,1.05,0.55,1773655,0.6,1574495,12650950
2026-04-13T13:39:42.427,NF,NIFTY13APR2624200CE,0.6,3.7,7.05,0.45,76.7,157974050,1.05,0.55,1766440,0.6,1578265,12650950
2026-04-13T13:39:44.029,NF,NIFTY13APR2624200CE,0.55,3.7,7.05,0.45,76.7,157980680,1.05,0.55,1781455,0.6,1567930,12650950
2026-04-13T13:39:45.636,NF,NIFTY13APR2624200CE,0.6,3.7,7.05,0.45,76.7,157990300,1.05,0.55,1829620,0.6,1566760,12650950
2026-04-13T13:39:47.434,NF,NIFTY13APR2624200CE,0.55,3.7,7.05,0.45,76.7,157991210,1.05,0.55,1737645,0.6,1574235,12650950
2026-04-13T13:39:49.039,NF,NIFTY13APR2624200CE,0.55,3.7,7.05,0.45,76.7,157996150,1.05,0.55,1741610,0.6,1579825,12650950
2026-04-13T13:39:50.647,NF,NIFTY13APR2624200CE,0.6,3.7,7.05,0.45,76.7,158009540,1.05,0.55,1728610,0.6,1573975,12650950
2026-04-13T13:39:52.442,NF,NIFTY13APR2624200CE,0.55,3.7,7.05,0.45,76.7,158013180,1.05,0.55,1724970,0.6,1573130,12650950
2026-04-13T13:39:54.050,NF,NIFTY13APR2624200CE,0.6,3.7,7.05,0.45,76.7,158013440,1.05,0.55,1723215,0.6,1576575,12650950
2026-04-13T13:39:55.651,NF,NIFTY13APR2624200CE,0.55,3.7,7.05,0.45,76.7,158019160,1.05,0.55,1762865,0.6,1569620,12650950
2026-04-13T13:39:57.252,NF,NIFTY13APR2624200CE,0.55,3.7,7.05,0.45,76.7,158019290,1.05,0.55,1740050,0.6,1571310,12650950
2026-04-13T13:39:59.051,NF,NIFTY13APR2624200CE,0.55,3.7,7.05,0.45,76.7,158020135,1.05,0.55,1738295,0.6,1582815,12650950
2026-04-13T13:40:00.653,NF,NIFTY13APR2624200CE,0.55,3.7,7.05,0.45,76.7,158033005,1.05,0.55,1723800,0.6,1581060,12650950
2026-04-13T13:40:02.256,NF,NIFTY13APR2624200CE,0.6,3.7,7.05,0.45,76.7,158033070,1.05,0.55,1730625,0.6,1577940,12650950
2026-04-13T13:40:03.869,NF,NIFTY13APR2624200CE,0.6,3.7,7.05,0.45,76.7,158034695,1.05,0.55,1722370,0.6,1576835,12650950
2026-04-13T13:40:05.666,NF,NIFTY13APR2624200CE,0.55,3.7,7.05,0.45,76.7,158035475,1.05,0.55,1721720,0.6,1578915,12650950
2026-04-13T13:40:07.263,NF,NIFTY13APR2624200CE,0.55,3.7,7.05,0.45,76.7,158038075,1.05,0.55,1784120,0.6,1571635,12650950
2026-04-13T13:40:08.867,NF,NIFTY13APR2624200CE,0.55,3.7,7.05,0.45,76.7,158369575,1.05,0.5,4506775,0.55,1415245,12650950
2026-04-13T13:40:10.673,NF,NIFTY13APR2624200CE,0.55,3.7,7.05,0.45,76.7,158370745,1.05,0.5,4381065,0.55,1928290,12650950
2026-04-13T13:40:12.273,NF,NIFTY13APR2624200CE,0.55,3.7,7.05,0.45,76.7,158371070,1.05,0.5,4368975,0.55,1924975,12650950
2026-04-13T13:40:13.875,NF,NIFTY13APR2624200CE,0.55,3.7,7.05,0.45,76.7,158371330,1.05,0.5,4367350,0.55,1935765,12650950
2026-04-13T13:40:15.479,NF,NIFTY13APR2624200CE,0.55,3.7,7.05,0.45,76.7,158373865,1.05,0.5,4367545,0.55,1942460,12650950
2026-04-13T13:40:17.082,NF,NIFTY13APR2624200CE,0.6,3.7,7.05,0.45,76.7,158726685,1.05,0.55,2234830,0.6,1618695,12650950
2026-04-13T13:40:18.880,NF,NIFTY13APR2624200CE,0.6,3.7,7.05,0.45,76.7,158727010,1.05,0.55,2236585,0.6,1617135,12650950
2026-04-13T13:40:20.492,NF,NIFTY13APR2624200CE,0.6,3.7,7.05,0.45,76.7,158727920,1.05,0.55,2235935,0.6,1792050,12650950
2026-04-13T13:40:22.089,NF,NIFTY13APR2624200CE,0.6,3.7,7.05,0.45,76.7,158732730,1.05,0.55,2302105,0.6,1766050,12650950
2026-04-13T13:40:23.692,NF,NIFTY13APR2624200CE,0.6,3.7,7.05,0.45,76.7,158732860,1.05,0.55,2300285,0.6,1772875,12650950
2026-04-13T13:40:25.292,NF,NIFTY13APR2624200CE,0.6,3.7,7.05,0.45,76.7,158748980,1.05,0.55,2285075,0.6,1770730,12650950
2026-04-13T13:40:26.896,NF,NIFTY13APR2624200CE,0.55,3.7,7.05,0.45,76.7,158751840,1.05,0.55,2288000,0.6,1782105,12650950
2026-04-13T13:40:28.697,NF,NIFTY13APR2624200CE,0.6,3.7,7.05,0.45,76.7,158752035,1.05,0.55,2286115,0.6,1780610,12650950
2026-04-13T13:40:30.299,NF,NIFTY13APR2624200CE,0.6,3.7,7.05,0.45,76.7,158759445,1.05,0.55,2317445,0.6,1757600,12650950
2026-04-13T13:40:31.903,NF,NIFTY13APR2624200CE,0.55,3.7,7.05,0.45,76.7,158766010,1.05,0.55,2314390,0.6,1755390,12650950
2026-04-13T13:40:33.511,NF,NIFTY13APR2624200CE,0.55,3.7,7.05,0.45,76.7,158902900,1.05,0.55,2233335,0.6,1842620,12650950
2026-04-13T13:40:35.115,NF,NIFTY13APR2624200CE,0.55,3.7,7.05,0.45,76.7,158906735,1.05,0.55,2230020,0.6,1773915,12650950
2026-04-13T13:40:36.914,NF,NIFTY13APR2624200CE,0.6,3.7,7.05,0.45,76.7,158912000,1.05,0.55,2224430,0.6,1790815,12650950
2026-04-13T13:40:38.512,NF,NIFTY13APR2624200CE,0.6,3.7,7.05,0.45,76.7,158921685,1.05,0.55,2228070,0.6,1784510,12650950
2026-04-13T13:40:39.913,NF,NIFTY13APR2624200CE,0.55,3.7,7.05,0.45,76.7,158924415,1.05,0.55,2304575,0.6,1796535,12650950
2026-04-13T13:40:41.517,NF,NIFTY13APR2624200CE,0.55,3.7,7.05,0.45,76.7,158928640,1.05,0.55,2303730,0.6,1809600,12650950
2026-04-13T13:40:43.121,NF,NIFTY13APR2624200CE,0.55,3.7,7.05,0.45,76.7,158929420,1.05,0.55,2302820,0.6,1791660,12650950
2026-04-13T13:40:44.941,NF,NIFTY13APR2624200CE,0.55,3.7,7.05,0.45,76.7,158933125,1.05,0.55,2296840,0.6,1794585,12650950
2026-04-13T13:40:46.526,NF,NIFTY13APR2624200CE,0.55,3.7,7.05,0.45,76.7,158938520,1.05,0.55,2317705,0.6,1796665,12650950
2026-04-13T13:40:48.131,NF,NIFTY13APR2624200CE,0.55,3.7,7.05,0.45,76.7,158940210,1.05,0.55,2318940,0.6,1797705,12650950
2026-04-13T13:40:49.935,NF,NIFTY13APR2624200CE,0.6,3.7,7.05,0.45,76.7,158940730,1.05,0.55,2317120,0.6,1799070,12650950
2026-04-13T13:40:51.531,NF,NIFTY13APR2624200CE,0.55,3.7,7.05,0.45,76.7,158954120,1.05,0.55,2312180,0.6,1790360,12650950
2026-04-13T13:40:53.133,NF,NIFTY13APR2624200CE,0.55,3.7,7.05,0.45,76.7,158956850,1.05,0.55,2311465,0.6,1802450,12650950
2026-04-13T13:40:54.935,NF,NIFTY13APR2624200CE,0.6,3.7,7.05,0.45,76.7,158957760,1.05,0.55,2310490,0.6,1791335,12650950
2026-04-13T13:40:56.540,NF,NIFTY13APR2624200CE,0.55,3.7,7.05,0.45,76.7,158966535,1.05,0.55,2331420,0.6,1787565,12650950
2026-04-13T13:40:58.144,NF,NIFTY13APR2624200CE,0.55,3.7,7.05,0.45,76.7,158968485,1.05,0.55,2329535,0.6,1813565,12650950
2026-04-13T13:40:59.944,NF,NIFTY13APR2624200CE,0.6,3.7,7.05,0.45,76.7,158979340,1.05,0.55,2332850,0.6,1797380,12650950
2026-04-13T13:41:01.562,NF,NIFTY13APR2624200CE,0.6,3.7,7.05,0.45,76.7,158981030,1.05,0.55,2325440,0.6,1797965,12650950
2026-04-13T13:41:03.158,NF,NIFTY13APR2624200CE,0.55,3.7,7.05,0.45,76.7,158981680,1.05,0.55,2324725,0.6,1798420,12650950
2026-04-13T13:41:04.952,NF,NIFTY13APR2624200CE,0.6,3.7,7.05,0.45,76.7,158988050,1.05,0.55,2327845,0.6,1793155,12650950
2026-04-13T13:41:06.558,NF,NIFTY13APR2624200CE,0.55,3.7,7.05,0.45,76.7,158996695,1.05,0.55,2344095,0.6,1789710,12650950
2026-04-13T13:41:08.166,NF,NIFTY13APR2624200CE,0.55,3.7,7.05,0.45,76.7,158998515,1.05,0.55,2342275,0.6,1784120,12650950
2026-04-13T13:41:09.968,NF,NIFTY13APR2624200CE,0.55,3.7,7.05,0.45,76.7,158998840,1.05,0.55,2342210,0.6,1782040,12650950
2026-04-13T13:41:11.566,NF,NIFTY13APR2624200CE,0.55,3.7,7.05,0.45,76.7,159001115,1.05,0.55,2361125,0.6,1783795,12650950
2026-04-13T13:41:13.179,NF,NIFTY13APR2624200CE,0.6,3.7,7.05,0.45,76.7,159001570,1.05,0.55,2350270,0.6,1785680,12650950
2026-04-13T13:41:14.965,NF,NIFTY13APR2624200CE,0.6,3.7,7.05,0.45,76.7,159002675,1.05,0.55,2342795,0.6,1804465,12650950
2026-04-13T13:41:16.568,NF,NIFTY13APR2624200CE,0.55,3.7,7.05,0.45,76.7,159004690,1.05,0.55,2341040,0.6,1801345,12650950
2026-04-13T13:41:18.174,NF,NIFTY13APR2624200CE,0.55,3.7,7.05,0.45,76.7,159005275,1.05,0.55,2343965,0.6,1801800,12650950
2026-04-13T13:41:19.972,NF,NIFTY13APR2624200CE,0.6,3.7,7.05,0.45,76.7,159007550,1.05,0.55,2338570,0.6,1808625,12650950
2026-04-13T13:41:21.577,NF,NIFTY13APR2624200CE,0.55,3.7,7.05,0.45,76.7,159013075,1.05,0.55,2378675,0.6,1794520,12650950
2026-04-13T13:41:23.238,NF,NIFTY13APR2624200CE,0.6,3.7,7.05,0.45,76.7,159016000,1.05,0.55,2351180,0.6,1798290,12650950
2026-04-13T13:41:24.986,NF,NIFTY13APR2624200CE,0.55,3.7,7.05,0.45,76.7,159055715,1.05,0.55,1933295,0.6,1817010,12955475
2026-04-13T13:41:26.586,NF,NIFTY13APR2624200CE,0.55,3.7,7.05,0.45,76.7,159064100,1.05,0.55,2267460,0.6,1809990,12955475
2026-04-13T13:41:28.183,NF,NIFTY13APR2624200CE,0.6,3.7,7.05,0.45,76.7,159067545,1.05,0.55,2265445,0.6,1794715,12955475
2026-04-13T13:41:29.994,NF,NIFTY13APR2624200CE,0.6,3.7,7.05,0.45,76.7,159068000,1.05,0.55,2265250,0.6,1797510,12955475
2026-04-13T13:41:31.591,NF,NIFTY13APR2624200CE,0.55,3.7,7.05,0.45,76.7,159082365,1.05,0.55,2312115,0.6,2042885,12955475
2026-04-13T13:41:33.262,NF,NIFTY13APR2624200CE,0.55,3.7,7.05,0.45,76.7,159083860,1.05,0.55,2302300,0.6,2044575,12955475
2026-04-13T13:41:34.992,NF,NIFTY13APR2624200CE,0.6,3.7,7.05,0.45,76.7,159088930,1.05,0.55,2298010,0.6,2040935,12955475
2026-04-13T13:41:38.203,NF,NIFTY13APR2624200CE,0.55,3.7,7.05,0.45,76.7,159103750,1.05,0.55,2244385,0.6,2057380,12955475
2026-04-13T13:41:40.205,NF,NIFTY13APR2624200CE,0.55,3.7,7.05,0.45,76.7,159107195,1.05,0.55,2241460,0.6,2065050,12955475
2026-04-13T13:41:41.807,NF,NIFTY13APR2624200CE,0.55,3.7,7.05,0.45,76.7,159131895,1.05,0.55,2244840,0.6,2083120,12955475
2026-04-13T13:41:43.409,NF,NIFTY13APR2624200CE,0.55,3.7,7.05,0.45,76.7,159775005,1.05,0.55,1885390,0.6,1875770,12955475
2026-04-13T13:41:45.012,NF,NIFTY13APR2624200CE,0.55,3.7,7.05,0.45,76.7,159974815,1.04,0.5,4245345,0.55,1573260,12955475
2026-04-13T13:41:46.814,NF,NIFTY13APR2624200CE,0.5,3.7,7.05,0.45,76.7,159983785,1.04,0.5,4206150,0.55,1691625,12955475
2026-04-13T13:41:48.419,NF,NIFTY13APR2624200CE,0.5,3.7,7.05,0.45,76.7,159992690,1.04,0.5,4200170,0.55,1723280,12955475
2026-04-13T13:41:50.019,NF,NIFTY13APR2624200CE,0.55,3.7,7.05,0.45,76.7,159994380,1.04,0.5,4198545,0.55,1732315,12955475
2026-04-13T13:41:51.836,NF,NIFTY13APR2624200CE,0.5,3.7,7.05,0.45,76.7,160029155,1.04,0.5,4170530,0.55,1807390,12955475
2026-04-13T13:41:53.432,NF,NIFTY13APR2624200CE,0.5,3.7,7.05,0.45,76.7,160068870,1.04,0.5,4053985,0.55,2672540,12955475
2026-04-13T13:41:55.025,NF,NIFTY13APR2624200CE,0.55,3.7,7.05,0.45,76.7,160081155,1.04,0.5,3780335,0.55,2703545,12955475
2026-04-13T13:41:56.635,NF,NIFTY13APR2624200CE,0.5,3.7,7.05,0.45,76.7,160093830,1.04,0.5,3110575,0.55,2704780,12955475
2026-04-13T13:41:58.244,NF,NIFTY13APR2624200CE,0.5,3.7,7.05,0.45,76.7,160098510,1.04,0.5,3118115,0.55,2699840,12955475
2026-04-13T13:42:00.048,NF,NIFTY13APR2624200CE,0.55,3.7,7.05,0.45,76.7,160102085,1.04,0.5,3012945,0.55,2701985,12955475
2026-04-13T13:42:01.636,NF,NIFTY13APR2624200CE,0.5,3.7,7.05,0.45,76.7,160102930,1.04,0.5,2884440,0.55,2655315,12955475
2026-04-13T13:42:03.246,NF,NIFTY13APR2624200CE,0.5,3.7,7.05,0.45,76.7,160114760,1.04,0.5,2636335,0.55,2698410,12955475
2026-04-13T13:42:05.043,NF,NIFTY13APR2624200CE,0.5,3.7,7.05,0.45,76.7,160120285,1.04,0.5,2632825,0.55,2696395,12955475
2026-04-13T13:42:06.645,NF,NIFTY13APR2624200CE,0.55,3.7,7.05,0.45,76.7,160125810,1.04,0.5,2511340,0.55,2694380,12955475
2026-04-13T13:42:08.251,NF,NIFTY13APR2624200CE,0.5,3.7,7.05,0.45,76.7,160131010,1.04,0.5,2506140,0.55,2696720,12955475
2026-04-13T13:42:10.053,NF,NIFTY13APR2624200CE,0.5,3.7,7.05,0.45,76.7,160140630,1.04,0.5,2498080,0.55,2720705,12955475
2026-04-13T13:42:11.661,NF,NIFTY13APR2624200CE,0.5,3.7,7.05,0.45,76.7,160141930,1.04,0.5,2389985,0.55,2734745,12955475
2026-04-13T13:42:13.257,NF,NIFTY13APR2624200CE,0.5,3.7,7.05,0.45,76.7,160151810,1.04,0.5,2375100,0.55,2732925,12955475
2026-04-13T13:42:15.066,NF,NIFTY13APR2624200CE,0.5,3.7,7.05,0.45,76.7,160175210,1.04,0.5,2074605,0.55,2728245,12955475
2026-04-13T13:42:16.664,NF,NIFTY13APR2624200CE,0.5,3.7,7.05,0.45,76.7,160191525,1.04,0.5,2084355,0.55,2657980,12955475
2026-04-13T13:42:18.266,NF,NIFTY13APR2624200CE,0.5,3.7,7.05,0.45,76.7,160193215,1.04,0.5,2087865,0.55,2691390,12955475
2026-04-13T13:42:20.074,NF,NIFTY13APR2624200CE,0.5,3.7,7.05,0.45,76.7,160382235,1.04,0.5,3339115,0.55,2586870,12955475
2026-04-13T13:42:21.674,NF,NIFTY13APR2624200CE,0.5,3.7,7.05,0.45,76.7,160389320,1.04,0.5,3370900,0.55,2611180,12955475
2026-04-13T13:42:23.285,NF,NIFTY13APR2624200CE,0.5,3.7,7.05,0.45,76.7,160399005,1.04,0.5,3379090,0.55,2754635,12955475
2026-04-13T13:42:25.094,NF,NIFTY13APR2624200CE,0.55,3.7,7.05,0.45,76.7,160405440,1.04,0.5,3381950,0.55,2738775,12955475
2026-04-13T13:42:26.724,NF,NIFTY13APR2624200CE,0.55,3.7,7.05,0.45,76.7,160423965,1.04,0.5,3395795,0.55,2719275,12955475
2026-04-13T13:42:28.283,NF,NIFTY13APR2624200CE,0.5,3.7,7.05,0.45,76.7,160441840,1.04,0.5,3395665,0.55,2703675,12955475
2026-04-13T13:42:30.099,NF,NIFTY13APR2624200CE,0.5,3.7,7.05,0.45,76.7,160442165,1.04,0.5,3394625,0.55,2706795,12955475
2026-04-13T13:42:31.687,NF,NIFTY13APR2624200CE,0.5,3.7,7.05,0.45,76.7,160443335,1.04,0.5,3393910,0.55,2710630,12955475
2026-04-13T13:42:33.303,NF,NIFTY13APR2624200CE,0.5,3.7,7.05,0.45,76.7,160444375,1.04,0.5,3396055,0.55,2734225,12955475
2026-04-13T13:42:35.114,NF,NIFTY13APR2624200CE,0.55,3.7,7.05,0.45,76.7,160446455,1.04,0.5,3394885,0.55,2730325,12955475
2026-04-13T13:42:36.706,NF,NIFTY13APR2624200CE,0.55,3.7,7.05,0.45,76.7,160451655,1.04,0.5,3395210,0.55,2720185,12955475
2026-04-13T13:42:38.304,NF,NIFTY13APR2624200CE,0.5,3.7,7.05,0.45,76.7,160452760,1.04,0.5,3394300,0.55,2728050,12955475
2026-04-13T13:42:39.506,NF,NIFTY13APR2624200CE,0.55,3.7,7.05,0.45,76.7,160457115,1.04,0.5,3389490,0.55,2720380,12955475
2026-04-13T13:42:41.111,NF,NIFTY13APR2624200CE,0.5,3.7,7.05,0.45,76.7,160463420,1.04,0.5,3390465,0.55,2725580,12955475
2026-04-13T13:42:42.712,NF,NIFTY13APR2624200CE,0.5,3.7,7.05,0.45,76.7,160484350,1.04,0.5,3366935,0.55,2740205,12955475
2026-04-13T13:42:44.520,NF,NIFTY13APR2624200CE,0.55,3.7,7.05,0.45,76.7,160484415,1.04,0.5,3367000,0.55,2745860,12955475
2026-04-13T13:42:46.116,NF,NIFTY13APR2624200CE,0.55,3.7,7.05,0.45,76.7,160489485,1.04,0.5,3419065,0.55,2738060,12955475
2026-04-13T13:42:47.738,NF,NIFTY13APR2624200CE,0.5,3.7,7.05,0.45,76.7,160521075,1.04,0.5,3357575,0.55,2742870,12955475
2026-04-13T13:42:49.544,NF,NIFTY13APR2624200CE,0.55,3.7,7.05,0.45,76.7,160521270,1.04,0.5,3423810,0.55,2740205,12955475
2026-04-13T13:42:51.122,NF,NIFTY13APR2624200CE,0.55,3.7,7.05,0.45,76.7,160521530,1.04,0.5,3441555,0.55,2742025,12955475
2026-04-13T13:42:52.762,NF,NIFTY13APR2624200CE,0.5,3.7,7.05,0.45,76.7,160535115,1.04,0.5,3393130,0.55,2742610,12955475
2026-04-13T13:42:54.538,NF,NIFTY13APR2624200CE,0.55,3.7,7.05,0.45,76.7,160537910,1.04,0.5,3383705,0.55,2738905,12955475
2026-04-13T13:42:56.146,NF,NIFTY13APR2624200CE,0.55,3.7,7.05,0.45,76.7,160539535,1.04,0.5,3451955,0.55,2740920,12955475
2026-04-13T13:42:57.741,NF,NIFTY13APR2624200CE,0.55,3.7,7.05,0.45,76.7,160547270,1.04,0.5,3476135,0.55,2668055,12955475
2026-04-13T13:42:59.341,NF,NIFTY13APR2624200CE,0.5,3.7,7.05,0.45,76.7,160547465,1.04,0.5,3477695,0.55,2662790,12955475
2026-04-13T13:43:01.134,NF,NIFTY13APR2624200CE,0.5,3.7,7.05,0.45,76.7,160547790,1.04,0.5,4296305,0.55,2713815,12955475
2026-04-13T13:43:02.749,NF,NIFTY13APR2624200CE,0.55,3.7,7.05,0.45,76.7,160548115,1.04,0.5,4292795,0.55,2714530,12955475
2026-04-13T13:43:04.367,NF,NIFTY13APR2624200CE,0.55,3.7,7.05,0.45,76.7,160552535,1.04,0.5,4289740,0.55,2715635,12955475
2026-04-13T13:43:05.950,NF,NIFTY13APR2624200CE,0.55,3.7,7.05,0.45,76.7,160555265,1.04,0.5,4310345,0.55,2711280,12955475
2026-04-13T13:43:07.752,NF,NIFTY13APR2624200CE,0.55,3.7,7.05,0.45,76.7,160556240,1.04,0.5,4292015,0.55,2739360,12955475
2026-04-13T13:43:09.364,NF,NIFTY13APR2624200CE,0.55,3.7,7.05,0.45,76.7,160563260,1.04,0.5,4308915,0.55,2742610,12955475
2026-04-13T13:43:10.960,NF,NIFTY13APR2624200CE,0.55,3.7,7.05,0.45,76.7,160563585,1.04,0.5,3642730,0.55,2750540,12955475
2026-04-13T13:43:12.762,NF,NIFTY13APR2624200CE,0.5,3.7,7.05,0.45,76.7,160564300,1.04,0.5,3644160,0.55,2752425,12955475
2026-04-13T13:43:14.366,NF,NIFTY13APR2624200CE,0.5,3.7,7.05,0.45,76.7,160564365,1.04,0.5,3643900,0.55,2750800,12955475
2026-04-13T13:43:15.978,NF,NIFTY13APR2624200CE,0.55,3.7,7.05,0.45,76.7,160590105,1.04,0.5,3692195,0.55,2744495,12955475
2026-04-13T13:43:17.764,NF,NIFTY13APR2624200CE,0.5,3.7,7.05,0.45,76.7,160591080,1.04,0.5,3656315,0.55,2743910,12955475
2026-04-13T13:43:19.369,NF,NIFTY13APR2624200CE,0.55,3.7,7.05,0.45,76.7,160591600,1.04,0.5,3647540,0.55,2746900,12955475
2026-04-13T13:43:20.986,NF,NIFTY13APR2624200CE,0.55,3.7,7.05,0.45,76.7,160602975,1.04,0.5,3676140,0.55,2743455,12955475
2026-04-13T13:43:22.769,NF,NIFTY13APR2624200CE,0.55,3.7,7.05,0.45,76.7,160612725,1.04,0.5,3650140,0.55,2743585,12955475
2026-04-13T13:43:24.388,NF,NIFTY13APR2624200CE,0.5,3.7,7.05,0.45,76.7,160615975,1.04,0.5,3642795,0.55,2743650,12955475
2026-04-13T13:43:25.996,NF,NIFTY13APR2624200CE,0.55,3.7,7.05,0.45,76.7,160631835,1.04,0.5,3738280,0.55,2702115,12955475
2026-04-13T13:43:27.786,NF,NIFTY13APR2624200CE,0.5,3.7,7.05,0.45,76.7,160635215,1.04,0.5,3725865,0.55,2709655,12955475
2026-04-13T13:43:29.401,NF,NIFTY13APR2624200CE,0.55,3.7,7.05,0.45,76.7,160648540,1.04,0.5,3741725,0.55,2679885,12955475
2026-04-13T13:43:31.019,NF,NIFTY13APR2624200CE,0.55,3.7,7.05,0.45,76.7,160664725,1.04,0.5,3739970,0.55,2663050,12955475
2026-04-13T13:43:32.795,NF,NIFTY13APR2624200CE,0.5,3.7,7.05,0.45,76.7,160671875,1.04,0.5,3655405,0.55,2660775,12955475
2026-04-13T13:43:34.413,NF,NIFTY13APR2624200CE,0.5,3.7,7.05,0.45,76.7,160680455,1.04,0.5,3744390,0.55,2652325,12955475
2026-04-13T13:43:35.996,NF,NIFTY13APR2624200CE,0.55,3.7,7.05,0.45,76.7,160690270,1.04,0.5,3747965,0.55,2646345,12955475
2026-04-13T13:43:37.797,NF,NIFTY13APR2624200CE,0.55,3.7,7.05,0.45,76.7,160697615,1.04,0.5,3739190,0.55,2637895,12955475
2026-04-13T13:43:41.607,NF,NIFTY13APR2624200CE,0.55,3.7,7.05,0.45,76.7,160699695,1.04,0.5,3648385,0.55,2637245,12955475
2026-04-13T13:43:43.222,NF,NIFTY13APR2624200CE,0.55,3.7,7.05,0.45,76.7,160773470,1.04,0.5,3669575,0.55,2563925,12955475
2026-04-13T13:43:44.830,NF,NIFTY13APR2624200CE,0.5,3.7,7.05,0.45,76.7,160774315,1.04,0.5,3667105,0.55,2582320,12955475
2026-04-13T13:43:46.613,NF,NIFTY13APR2624200CE,0.55,3.7,7.05,0.45,76.7,160779775,1.04,0.5,3744585,0.55,2564185,12955475
2026-04-13T13:43:48.219,NF,NIFTY13APR2624200CE,0.55,3.7,7.05,0.45,76.7,160781140,1.04,0.5,3743480,0.55,2563015,12955475
2026-04-13T13:43:49.828,NF,NIFTY13APR2624200CE,0.5,3.7,7.05,0.45,76.7,160782440,1.04,0.5,3722680,0.55,2563860,12955475
2026-04-13T13:43:51.618,NF,NIFTY13APR2624200CE,0.55,3.7,7.05,0.45,76.7,160784455,1.04,0.5,3658915,0.55,2564185,12955475
2026-04-13T13:43:53.241,NF,NIFTY13APR2624200CE,0.5,3.7,7.05,0.45,76.7,160784845,1.04,0.5,3648255,0.55,2586415,12955475
2026-04-13T13:43:54.841,NF,NIFTY13APR2624200CE,0.5,3.7,7.05,0.45,76.7,160786275,1.04,0.5,3648710,0.55,2588170,12955475
2026-04-13T13:43:56.640,NF,NIFTY13APR2624200CE,0.55,3.7,7.05,0.45,76.7,160787705,1.04,0.5,3651310,0.55,2588170,12955475
2026-04-13T13:43:58.248,NF,NIFTY13APR2624200CE,0.5,3.7,7.05,0.45,76.7,160788355,1.04,0.5,3645395,0.55,2580110,12955475
2026-04-13T13:43:59.834,NF,NIFTY13APR2624200CE,0.5,3.7,7.05,0.45,76.7,160789330,1.04,0.5,3644485,0.55,2581215,12955475
2026-04-13T13:44:01.635,NF,NIFTY13APR2624200CE,0.55,3.7,7.05,0.45,76.7,160800380,1.04,0.5,3665935,0.55,2565615,12955475
2026-04-13T13:44:03.243,NF,NIFTY13APR2624200CE,0.55,3.7,7.05,0.45,76.7,160800640,1.04,0.5,3653065,0.55,2565680,12955475
2026-04-13T13:44:04.843,NF,NIFTY13APR2624200CE,0.55,3.7,7.05,0.45,76.7,160806100,1.04,0.5,3701360,0.55,2530060,12955475
2026-04-13T13:44:06.648,NF,NIFTY13APR2624200CE,0.55,3.7,7.05,0.45,76.7,160810130,1.04,0.5,3650465,0.55,2557620,12955475
2026-04-13T13:44:08.249,NF,NIFTY13APR2624200CE,0.5,3.7,7.05,0.45,76.7,160816760,1.04,0.5,3725215,0.55,2551575,12955475
2026-04-13T13:44:09.851,NF,NIFTY13APR2624200CE,0.55,3.7,7.05,0.45,76.7,160823195,1.04,0.5,3738735,0.55,2539615,12955475
2026-04-13T13:44:11.651,NF,NIFTY13APR2624200CE,0.55,3.7,7.05,0.45,76.7,160826835,1.04,0.5,3717285,0.55,2571530,12955475
2026-04-13T13:44:13.260,NF,NIFTY13APR2624200CE,0.55,3.7,7.05,0.45,76.7,160835610,1.04,0.5,3633240,0.55,2543320,12955475
2026-04-13T13:44:14.861,NF,NIFTY13APR2624200CE,0.5,3.7,7.05,0.45,76.7,160838405,1.04,0.5,3646110,0.55,2538445,12955475
2026-04-13T13:44:16.656,NF,NIFTY13APR2624200CE,0.55,3.7,7.05,0.45,76.7,160838535,1.04,0.5,3636230,0.55,2541175,12955475
2026-04-13T13:44:18.260,NF,NIFTY13APR2624200CE,0.5,3.7,7.05,0.45,76.7,160840420,1.04,0.5,3649945,0.55,2545530,12955475
2026-04-13T13:44:19.868,NF,NIFTY13APR2624200CE,0.5,3.7,7.05,0.45,76.7,160842305,1.04,0.5,3632590,0.55,2543840,12955475
2026-04-13T13:44:21.670,NF,NIFTY13APR2624200CE,0.55,3.7,7.05,0.45,76.7,160846595,1.04,0.5,3713710,0.55,2532400,12955475
2026-04-13T13:44:23.268,NF,NIFTY13APR2624200CE,0.55,3.7,7.05,0.45,76.7,160846725,1.04,0.5,3638570,0.55,2541630,12955475
2026-04-13T13:44:24.879,NF,NIFTY13APR2624200CE,0.5,3.7,7.05,0.45,76.7,160846855,1.04,0.5,3640065,0.55,2527785,12993370
2026-04-13T13:44:26.482,NF,NIFTY13APR2624200CE,0.55,3.7,7.05,0.45,76.7,160849325,1.04,0.5,3661645,0.55,2573675,12993370
2026-04-13T13:44:28.087,NF,NIFTY13APR2624200CE,0.5,3.7,7.05,0.45,76.7,160849520,1.04,0.5,3663205,0.55,2569970,12993370
2026-04-13T13:44:29.883,NF,NIFTY13APR2624200CE,0.5,3.7,7.05,0.45,76.7,160860830,1.04,0.5,3648450,0.55,2594280,12993370
2026-04-13T13:44:31.504,NF,NIFTY13APR2624200CE,0.5,3.7,7.05,0.45,76.7,160860960,1.04,0.5,3648320,0.55,2594670,12993370
2026-04-13T13:44:33.117,NF,NIFTY13APR2624200CE,0.5,3.7,7.05,0.45,76.7,160861805,1.04,0.5,3651700,0.55,2576860,12993370
2026-04-13T13:44:34.885,NF,NIFTY13APR2624200CE,0.55,3.7,7.05,0.45,76.7,160864860,1.04,0.5,3649295,0.55,2581865,12993370
2026-04-13T13:44:36.554,NF,NIFTY13APR2624200CE,0.5,3.7,7.05,0.45,76.7,160864990,1.04,0.5,3661060,0.55,2550665,12993370
2026-04-13T13:44:38.191,NF,NIFTY13APR2624200CE,0.5,3.7,7.05,0.45,76.7,160867135,1.04,0.5,3650790,0.55,2575820,12993370
2026-04-13T13:44:39.894,NF,NIFTY13APR2624200CE,0.5,3.7,7.05,0.45,76.7,160867785,1.04,0.5,3648385,0.55,2581410,12993370
2026-04-13T13:44:41.508,NF,NIFTY13APR2624200CE,0.55,3.7,7.05,0.45,76.7,160867850,1.04,0.5,3641365,0.55,2608970,12993370
2026-04-13T13:44:43.101,NF,NIFTY13APR2624200CE,0.5,3.7,7.05,0.45,76.7,160869150,1.04,0.5,3643120,0.55,2602015,12993370
2026-04-13T13:44:44.900,NF,NIFTY13APR2624200CE,0.5,3.7,7.05,0.45,76.7,160869215,1.04,0.5,3644810,0.55,2580955,12993370
2026-04-13T13:44:46.508,NF,NIFTY13APR2624200CE,0.55,3.7,7.05,0.45,76.7,160871035,1.04,0.5,3643575,0.55,2579005,12993370
2026-04-13T13:44:48.111,NF,NIFTY13APR2624200CE,0.55,3.7,7.05,0.45,76.7,160872725,1.04,0.5,3639090,0.55,2579980,12993370
2026-04-13T13:44:49.907,NF,NIFTY13APR2624200CE,0.55,3.7,7.05,0.45,76.7,160874025,1.04,0.5,3640390,0.55,2583750,12993370
2026-04-13T13:44:51.521,NF,NIFTY13APR2624200CE,0.5,3.7,7.05,0.45,76.7,160874090,1.04,0.5,3640325,0.55,2642445,12993370
2026-04-13T13:44:53.114,NF,NIFTY13APR2624200CE,0.55,3.7,7.05,0.45,76.7,160876625,1.04,0.5,3638050,0.55,2589275,12993370
2026-04-13T13:44:54.914,NF,NIFTY13APR2624200CE,0.5,3.7,7.05,0.45,76.7,160880590,1.04,0.5,3637465,0.55,2580565,12993370
2026-04-13T13:44:56.518,NF,NIFTY13APR2624200CE,0.5,3.7,7.05,0.45,76.7,160890145,1.04,0.5,3628235,0.55,2608255,12993370
2026-04-13T13:44:58.121,NF,NIFTY13APR2624200CE,0.5,3.7,7.05,0.45,76.7,160890470,1.04,0.5,3629340,0.55,2636270,12993370
2026-04-13T13:44:59.923,NF,NIFTY13APR2624200CE,0.55,3.7,7.05,0.45,76.7,160895150,1.04,0.5,3628170,0.55,2643550,12993370
2026-04-13T13:45:01.525,NF,NIFTY13APR2624200CE,0.5,3.7,7.05,0.45,76.7,160895540,1.04,0.5,3627780,0.55,2615860,12993370
2026-04-13T13:45:03.142,NF,NIFTY13APR2624200CE,0.55,3.7,7.05,0.45,76.7,160895605,1.04,0.5,3625700,0.55,2643485,12993370
2026-04-13T13:45:04.931,NF,NIFTY13APR2624200CE,0.5,3.7,7.05,0.45,76.7,160896255,1.04,0.5,3627195,0.55,2654340,12993370
2026-04-13T13:45:06.534,NF,NIFTY13APR2624200CE,0.55,3.7,7.05,0.45,76.7,160897815,1.04,0.5,3627195,0.55,2642250,12993370
2026-04-13T13:45:08.139,NF,NIFTY13APR2624200CE,0.5,3.7,7.05,0.45,76.7,160902495,1.04,0.5,3624725,0.55,2608385,12993370
2026-04-13T13:45:09.955,NF,NIFTY13APR2624200CE,0.55,3.7,7.05,0.45,76.7,160907955,1.04,0.5,3624465,0.55,2645110,12993370
2026-04-13T13:45:13.144,NF,NIFTY13APR2624200CE,0.55,3.7,7.05,0.45,76.7,160950270,1.04,0.5,3578900,0.55,2628860,12993370
2026-04-13T13:45:14.948,NF,NIFTY13APR2624200CE,0.5,3.7,7.05,0.45,76.7,160954690,1.04,0.5,3666260,0.55,2552355,12993370
2026-04-13T13:45:16.560,NF,NIFTY13APR2624200CE,0.5,3.7,7.05,0.45,76.7,160968275,1.04,0.5,3577795,0.55,2543190,12993370
2026-04-13T13:45:18.156,NF,NIFTY13APR2624200CE,0.55,3.7,7.05,0.45,76.7,160970095,1.04,0.5,3585790,0.55,2551835,12993370
2026-04-13T13:45:19.957,NF,NIFTY13APR2624200CE,0.5,3.7,7.05,0.45,76.7,160975230,1.04,0.5,3575260,0.55,2544035,12993370
2026-04-13T13:45:21.563,NF,NIFTY13APR2624200CE,0.5,3.7,7.05,0.45,76.7,160975295,1.04,0.5,3576300,0.55,2540655,12993370
2026-04-13T13:45:23.159,NF,NIFTY13APR2624200CE,0.5,3.7,7.05,0.45,76.7,160977635,1.04,0.5,3573700,0.55,2545920,12993370
2026-04-13T13:45:24.966,NF,NIFTY13APR2624200CE,0.5,3.7,7.05,0.45,76.7,160982640,1.04,0.5,3568630,0.55,2567305,12993370
2026-04-13T13:45:26.566,NF,NIFTY13APR2624200CE,0.5,3.7,7.05,0.45,76.7,160985955,1.04,0.5,3565055,0.55,2569125,12993370
2026-04-13T13:45:28.166,NF,NIFTY13APR2624200CE,0.5,3.7,7.05,0.45,76.7,160994080,1.04,0.5,3557580,0.55,2588235,12993370
2026-04-13T13:45:29.771,NF,NIFTY13APR2624200CE,0.55,3.7,7.05,0.45,76.7,160995120,1.04,0.5,3555500,0.55,2566005,12993370
2026-04-13T13:45:31.572,NF,NIFTY13APR2624200CE,0.55,3.7,7.05,0.45,76.7,161005325,1.04,0.5,3549000,0.55,2567825,12993370
2026-04-13T13:45:33.174,NF,NIFTY13APR2624200CE,0.55,3.7,7.05,0.45,76.7,161006300,1.04,0.5,3548935,0.55,2563015,12993370
2026-04-13T13:45:34.780,NF,NIFTY13APR2624200CE,0.55,3.7,7.05,0.45,76.7,161010330,1.04,0.5,3545620,0.55,2623985,12993370
2026-04-13T13:45:36.577,NF,NIFTY13APR2624200CE,0.5,3.7,7.05,0.45,76.7,161038150,1.04,0.5,3515850,0.55,2625025,12993370
2026-04-13T13:45:38.187,NF,NIFTY13APR2624200CE,0.55,3.7,7.05,0.45,76.7,161038865,1.04,0.5,3515850,0.55,2623270,12993370
2026-04-13T13:45:39.779,NF,NIFTY13APR2624200CE,0.5,3.7,7.05,0.45,76.7,161039125,1.04,0.5,3517345,0.55,2623270,12993370
2026-04-13T13:45:41.585,NF,NIFTY13APR2624200CE,0.55,3.7,7.05,0.45,76.7,161064085,1.04,0.5,3511560,0.55,2567500,12993370
2026-04-13T13:45:43.196,NF,NIFTY13APR2624200CE,0.55,3.7,7.05,0.45,76.7,161064735,1.04,0.5,3511040,0.55,2558790,12993370
2026-04-13T13:45:44.788,NF,NIFTY13APR2624200CE,0.5,3.7,7.05,0.45,76.7,161066425,1.04,0.5,3509350,0.55,2568605,12993370
2026-04-13T13:45:46.599,NF,NIFTY13APR2624200CE,0.5,3.7,7.05,0.45,76.7,161082935,1.04,0.5,3493165,0.55,2560740,12993370
2026-04-13T13:45:48.191,NF,NIFTY13APR2624200CE,0.5,3.7,7.05,0.45,76.7,161084105,1.04,0.5,3492905,0.55,2558920,12993370
2026-04-13T13:45:49.805,NF,NIFTY13APR2624200CE,0.5,3.7,7.05,0.45,76.7,161085730,1.04,0.5,3491280,0.55,2618525,12993370
2026-04-13T13:45:51.398,NF,NIFTY13APR2624200CE,0.55,3.7,7.05,0.45,76.7,161098795,1.04,0.5,2145390,0.55,2620215,12993370
2026-04-13T13:45:53.198,NF,NIFTY13APR2624200CE,0.5,3.7,7.05,0.45,76.7,161103020,1.04,0.5,2071030,0.55,2616250,12993370
2026-04-13T13:45:54.805,NF,NIFTY13APR2624200CE,0.5,3.7,7.05,0.45,76.7,161104320,1.04,0.5,2070315,0.55,2582385,12993370
2026-04-13T13:45:56.414,NF,NIFTY13APR2624200CE,0.5,3.7,7.05,0.45,76.7,161106855,1.04,0.5,2071030,0.55,2614170,12993370
2026-04-13T13:45:58.212,NF,NIFTY13APR2624200CE,0.55,3.7,7.05,0.45,76.7,161107895,1.04,0.5,2071810,0.55,2572375,12993370
2026-04-13T13:45:59.822,NF,NIFTY13APR2624200CE,0.5,3.7,7.05,0.45,76.7,161240560,1.04,0.45,3402945,0.5,688935,12993370
2026-04-13T13:46:01.427,NF,NIFTY13APR2624200CE,0.5,3.7,7.05,0.45,76.7,161250570,1.04,0.45,3392870,0.5,1867580,12993370
2026-04-13T13:46:03.221,NF,NIFTY13APR2624200CE,0.5,3.7,7.05,0.45,76.7,161252195,1.04,0.45,3397420,0.5,1945255,12993370
2026-04-13T13:46:04.836,NF,NIFTY13APR2624200CE,0.5,3.7,7.05,0.45,76.7,161261685,1.04,0.45,3398070,0.5,1951690,12993370
2026-04-13T13:46:06.422,NF,NIFTY13APR2624200CE,0.5,3.7,7.05,0.45,76.7,161270135,1.04,0.45,3395470,0.5,1942655,12993370
2026-04-13T13:46:08.027,NF,NIFTY13APR2624200CE,0.5,3.7,7.05,0.45,76.7,161277025,1.04,0.45,3403140,0.5,1941030,12993370
2026-04-13T13:46:09.831,NF,NIFTY13APR2624200CE,0.5,3.7,7.05,0.45,76.7,161283980,1.04,0.45,3393130,0.5,1935180,12993370
2026-04-13T13:46:11.433,NF,NIFTY13APR2624200CE,0.45,3.7,7.05,0.45,76.7,161285670,1.04,0.45,3388450,0.5,1937195,12993370
2026-04-13T13:46:13.030,NF,NIFTY13APR2624200CE,0.5,3.7,7.05,0.45,76.7,161288270,1.04,0.45,3392155,0.5,1935830,12993370
2026-04-13T13:46:14.830,NF,NIFTY13APR2624200CE,0.5,3.7,7.05,0.45,76.7,161314270,1.04,0.45,3424070,0.5,1944085,12993370
2026-04-13T13:46:16.439,NF,NIFTY13APR2624200CE,0.5,3.7,7.05,0.45,76.7,161319145,1.04,0.45,3422445,0.5,1941680,12993370
2026-04-13T13:46:18.034,NF,NIFTY13APR2624200CE,0.5,3.7,7.05,0.45,76.7,161319470,1.04,0.45,3417960,0.5,1911910,12993370
2026-04-13T13:46:19.642,NF,NIFTY13APR2624200CE,0.5,3.7,7.05,0.45,76.7,161319795,1.04,0.45,3415360,0.5,1939990,12993370
2026-04-13T13:46:21.446,NF,NIFTY13APR2624200CE,0.5,3.7,7.05,0.45,76.7,161320250,1.04,0.45,3414580,0.5,1940770,12993370
2026-04-13T13:46:23.055,NF,NIFTY13APR2624200CE,0.5,3.7,7.05,0.45,76.7,161328180,1.04,0.45,3400085,0.5,1943110,12993370
2026-04-13T13:46:24.644,NF,NIFTY13APR2624200CE,0.45,3.7,7.05,0.45,76.7,161345340,1.04,0.45,3384550,0.5,1978470,12993370
2026-04-13T13:46:26.294,NF,NIFTY13APR2624200CE,0.5,3.7,7.05,0.45,76.7,161347940,1.04,0.45,3419455,0.5,1988155,12993370
2026-04-13T13:46:29.652,NF,NIFTY13APR2624200CE,0.5,3.7,7.05,0.45,76.7,161349240,1.04,0.45,3427645,0.5,1955200,12993370
2026-04-13T13:46:31.256,NF,NIFTY13APR2624200CE,0.45,3.7,7.05,0.45,76.7,161350865,1.04,0.45,3418090,0.5,1986075,12993370
2026-04-13T13:46:32.857,NF,NIFTY13APR2624200CE,0.45,3.7,7.05,0.45,76.7,161356585,1.04,0.45,3412825,0.5,1984060,12993370
2026-04-13T13:46:34.466,NF,NIFTY13APR2624200CE,0.45,3.7,7.05,0.45,76.7,161444595,1.04,0.45,3264365,0.5,2025790,12993370
2026-04-13T13:46:36.074,NF,NIFTY13APR2624200CE,0.45,3.7,7.05,0.45,76.7,161451810,1.04,0.45,3282890,0.5,2060955,12993370
2026-04-13T13:46:37.866,NF,NIFTY13APR2624200CE,0.5,3.7,7.05,0.45,76.7,161453825,1.04,0.45,3167125,0.5,2109315,12993370
2026-04-13T13:46:39.286,NF,NIFTY13APR2624200CE,0.45,3.7,7.05,0.45,76.7,161455450,1.04,0.45,3161470,0.5,2112890,12993370
2026-04-13T13:46:40.870,NF,NIFTY13APR2624200CE,0.5,3.7,7.05,0.45,76.7,161456360,1.04,0.45,3165305,0.5,2107430,12993370
2026-04-13T13:46:42.486,NF,NIFTY13APR2624200CE,0.5,3.7,7.05,0.45,76.7,161456555,1.04,0.45,3163680,0.5,2098590,12993370
2026-04-13T13:46:44.078,NF,NIFTY13APR2624200CE,0.45,3.7,7.05,0.45,76.7,161457855,1.04,0.45,3154125,0.5,2106845,12993370
2026-04-13T13:46:45.883,NF,NIFTY13APR2624200CE,0.45,3.7,7.05,0.45,76.7,161460000,1.04,0.45,3147170,0.5,2106780,12993370
2026-04-13T13:46:47.490,NF,NIFTY13APR2624200CE,0.45,3.7,7.05,0.45,76.7,161461105,1.04,0.45,3150550,0.5,2058875,12993370
2026-04-13T13:46:49.099,NF,NIFTY13APR2624200CE,0.5,3.7,7.05,0.45,76.7,161471115,1.04,0.45,3186755,0.5,2034370,12993370
2026-04-13T13:46:52.492,NF,NIFTY13APR2624200CE,0.5,3.7,7.05,0.45,76.7,161471895,1.04,0.45,3185780,0.5,2039960,12993370
2026-04-13T13:46:54.094,NF,NIFTY13APR2624200CE,0.5,3.7,7.05,0.45,76.7,161471960,1.04,0.45,3185650,0.5,2090465,12993370
2026-04-13T13:46:55.694,NF,NIFTY13APR2624200CE,0.45,3.7,7.05,0.45,76.7,161474040,1.04,0.45,3177200,0.5,2099305,12993370
2026-04-13T13:46:57.297,NF,NIFTY13APR2624200CE,0.5,3.7,7.05,0.45,76.7,161483010,1.04,0.45,3173885,0.5,2098265,12993370
2026-04-13T13:46:58.906,NF,NIFTY13APR2624200CE,0.5,3.7,7.05,0.45,76.7,161485220,1.04,0.45,3172520,0.5,2114840,12993370
2026-04-13T13:47:00.700,NF,NIFTY13APR2624200CE,0.45,3.7,7.05,0.45,76.7,161486585,1.04,0.45,3168490,0.5,2055755,12993370
2026-04-13T13:47:02.302,NF,NIFTY13APR2624200CE,0.45,3.7,7.05,0.45,76.7,161486910,1.04,0.45,3257280,0.5,2118220,12993370
2026-04-13T13:47:03.908,NF,NIFTY13APR2624200CE,0.45,3.7,7.05,0.45,76.7,161544825,1.04,0.45,3189290,0.5,2128815,12993370
2026-04-13T13:47:07.111,NF,NIFTY13APR2624200CE,0.45,3.7,7.05,0.45,76.7,161544890,1.04,0.45,3196505,0.5,2779985,12993370
2026-04-13T13:47:08.910,NF,NIFTY13APR2624200CE,0.5,3.7,7.05,0.45,76.7,161545020,1.04,0.45,3200275,0.5,2799095,12993370
2026-04-13T13:47:10.514,NF,NIFTY13APR2624200CE,0.5,3.7,7.05,0.45,76.7,161545085,1.04,0.45,3198455,0.5,2809820,12993370
2026-04-13T13:47:12.122,NF,NIFTY13APR2624200CE,0.5,3.7,7.05,0.45,76.7,161546775,1.04,0.45,3216005,0.5,2748785,12993370
2026-04-13T13:47:13.920,NF,NIFTY13APR2624200CE,0.5,3.7,7.05,0.45,76.7,161547360,1.04,0.45,3207035,0.5,2769130,12993370
2026-04-13T13:47:15.530,NF,NIFTY13APR2624200CE,0.45,3.7,7.05,0.45,76.7,161558280,1.04,0.45,3163420,0.5,2809495,12993370
2026-04-13T13:47:17.143,NF,NIFTY13APR2624200CE,0.5,3.7,7.05,0.45,76.7,161558800,1.04,0.45,3292120,0.5,2761720,12993370
2026-04-13T13:47:18.931,NF,NIFTY13APR2624200CE,0.5,3.7,7.05,0.45,76.7,161559840,1.04,0.45,3298815,0.5,2761005,12993370
2026-04-13T13:47:22.145,NF,NIFTY13APR2624200CE,0.45,3.7,7.05,0.45,76.7,161560620,1.04,0.45,3164330,0.5,2745925,12993370
2026-04-13T13:47:23.739,NF,NIFTY13APR2624200CE,0.45,3.7,7.05,0.45,76.7,161562505,1.04,0.45,3162835,0.5,2746835,12993370
2026-04-13T13:47:25.538,NF,NIFTY13APR2624200CE,0.45,3.7,7.05,0.45,76.7,161563155,1.04,0.45,3177655,0.5,2758990,12993370
2026-04-13T13:47:28.818,NF,NIFTY13APR2624200CE,0.5,3.7,7.05,0.45,76.7,161565690,1.04,0.45,3101735,0.5,2741440,13029445
2026-04-13T13:47:32.007,NF,NIFTY13APR2624200CE,0.5,3.7,7.05,0.45,76.7,161566795,1.04,0.45,3089515,0.5,2742675,13029445
2026-04-13T13:47:33.753,NF,NIFTY13APR2624200CE,0.45,3.7,7.05,0.45,76.7,161567510,1.04,0.45,3093935,0.5,2743065,13029445
2026-04-13T13:47:35.381,NF,NIFTY13APR2624200CE,0.5,3.7,7.05,0.45,76.7,161568485,1.04,0.45,3094910,0.5,2751125,13029445
2026-04-13T13:47:36.965,NF,NIFTY13APR2624200CE,0.45,3.7,7.05,0.45,76.7,161571150,1.04,0.45,3086200,0.5,2756390,13029445
2026-04-13T13:47:38.567,NF,NIFTY13APR2624200CE,0.45,3.7,7.05,0.45,76.7,161574530,1.04,0.45,3296475,0.5,2751905,13029445
2026-04-13T13:47:40.375,NF,NIFTY13APR2624200CE,0.45,3.7,7.05,0.45,76.7,161574595,1.04,0.45,3347305,0.5,2753595,13029445
2026-04-13T13:47:42.162,NF,NIFTY13APR2624200CE,0.5,3.7,7.05,0.45,76.7,161575375,1.04,0.45,3358420,0.5,2755740,13029445
2026-04-13T13:47:43.779,NF,NIFTY13APR2624200CE,0.45,3.7,7.05,0.45,76.7,161575635,1.04,0.45,3328325,0.5,2755675,13029445
2026-04-13T13:47:47.170,NF,NIFTY13APR2624200CE,0.45,3.7,7.05,0.45,76.7,161602480,1.04,0.45,3264625,0.5,2805465,13029445
2026-04-13T13:47:48.781,NF,NIFTY13APR2624200CE,0.45,3.7,7.05,0.45,76.7,161603130,1.04,0.45,3275545,0.5,2807090,13029445
2026-04-13T13:47:50.380,NF,NIFTY13APR2624200CE,0.5,3.7,7.05,0.45,76.7,161603260,1.04,0.45,3314935,0.5,2795585,13029445
2026-04-13T13:47:53.787,NF,NIFTY13APR2624200CE,0.5,3.7,7.05,0.45,76.7,161603650,1.04,0.45,3289065,0.5,2811185,13029445
2026-04-13T13:47:55.385,NF,NIFTY13APR2624200CE,0.5,3.7,7.05,0.45,76.7,161603845,1.04,0.45,3253315,0.5,2800330,13029445
2026-04-13T13:47:57.188,NF,NIFTY13APR2624200CE,0.45,3.7,7.05,0.45,76.7,161612490,1.04,0.45,3286140,0.5,2804620,13029445
2026-04-13T13:47:58.788,NF,NIFTY13APR2624200CE,0.5,3.7,7.05,0.45,76.7,161614310,1.04,0.45,3250520,0.5,2799680,13029445
2026-04-13T13:48:02.200,NF,NIFTY13APR2624200CE,0.45,3.7,7.05,0.45,76.7,161614440,1.04,0.45,3245840,0.5,2911025,13029445
2026-04-13T13:48:03.799,NF,NIFTY13APR2624200CE,0.45,3.7,7.05,0.45,76.7,161627570,1.04,0.45,3251105,0.5,2913300,13029445
2026-04-13T13:48:05.400,NF,NIFTY13APR2624200CE,0.45,3.7,7.05,0.45,76.7,161627895,1.04,0.45,3240380,0.5,2923375,13029445
2026-04-13T13:48:08.815,NF,NIFTY13APR2624200CE,0.45,3.7,7.05,0.45,76.7,161628025,1.04,0.45,3238430,0.5,2930395,13029445
2026-04-13T13:48:10.413,NF,NIFTY13APR2624200CE,0.45,3.7,7.05,0.45,76.7,161628090,1.04,0.45,3240315,0.5,2930070,13029445
2026-04-13T13:48:13.809,NF,NIFTY13APR2624200CE,0.5,3.7,7.05,0.45,76.7,161628350,1.04,0.45,3248180,0.5,2919215,13029445
2026-04-13T13:48:17.222,NF,NIFTY13APR2624200CE,0.5,3.7,7.05,0.45,76.7,161633420,1.04,0.45,3309280,0.5,2915835,13029445
2026-04-13T13:48:18.820,NF,NIFTY13APR2624200CE,0.5,3.7,7.05,0.45,76.7,161633680,1.04,0.45,3258905,0.5,2915965,13029445
2026-04-13T13:48:20.419,NF,NIFTY13APR2624200CE,0.5,3.7,7.05,0.45,76.7,161635045,1.04,0.45,3256045,0.5,2915250,13029445
2026-04-13T13:48:22.223,NF,NIFTY13APR2624200CE,0.45,3.7,7.05,0.45,76.7,161635110,1.04,0.45,3256695,0.5,2914795,13029445
2026-04-13T13:48:23.831,NF,NIFTY13APR2624200CE,0.5,3.7,7.05,0.45,76.7,161635760,1.04,0.45,3280290,0.5,2914275,13029445
2026-04-13T13:48:25.427,NF,NIFTY13APR2624200CE,0.45,3.7,7.05,0.45,76.7,161644145,1.04,0.45,3254030,0.5,2909465,13029445
2026-04-13T13:48:27.241,NF,NIFTY13APR2624200CE,0.5,3.7,7.05,0.45,76.7,161648630,1.04,0.45,3244930,0.5,2908295,13029445
2026-04-13T13:48:28.835,NF,NIFTY13APR2624200CE,0.45,3.7,7.05,0.45,76.7,161650385,1.04,0.45,3244930,0.5,2912065,13029445
2026-04-13T13:48:30.439,NF,NIFTY13APR2624200CE,0.45,3.7,7.05,0.45,76.7,161653895,1.04,0.45,3232255,0.5,2908230,13029445
2026-04-13T13:48:32.247,NF,NIFTY13APR2624200CE,0.45,3.7,7.05,0.45,76.7,161657990,1.04,0.45,3229135,0.5,2919410,13029445
2026-04-13T13:48:33.859,NF,NIFTY13APR2624200CE,0.45,3.7,7.05,0.45,76.7,161658055,1.04,0.45,3229070,0.5,2922920,13029445
2026-04-13T13:48:35.441,NF,NIFTY13APR2624200CE,0.45,3.7,7.05,0.45,76.7,161658770,1.04,0.45,3258710,0.5,2911675,13029445
2026-04-13T13:48:37.245,NF,NIFTY13APR2624200CE,0.45,3.7,7.05,0.45,76.7,161667415,1.04,0.45,3221985,0.5,2920385,13029445
2026-04-13T13:48:43.664,NF,NIFTY13APR2624200CE,0.5,3.7,7.05,0.45,76.7,161668845,1.04,0.45,3254420,0.5,2906735,13029445
2026-04-13T13:48:45.266,NF,NIFTY13APR2624200CE,0.5,3.7,7.05,0.45,76.7,161674435,1.04,0.45,3261570,0.5,2900885,13029445
2026-04-13T13:48:47.055,NF,NIFTY13APR2624200CE,0.5,3.7,7.05,0.45,76.7,161675540,1.04,0.45,3249155,0.5,2900170,13029445
2026-04-13T13:48:48.677,NF,NIFTY13APR2624200CE,0.45,3.7,7.05,0.45,76.7,161675800,1.04,0.45,3233100,0.5,2905370,13029445
2026-04-13T13:48:50.262,NF,NIFTY13APR2624200CE,0.5,3.7,7.05,0.45,76.7,161696275,1.04,0.45,3270150,0.5,2878850,13029445
2026-04-13T13:48:52.063,NF,NIFTY13APR2624200CE,0.45,3.7,7.05,0.45,76.7,161696535,1.04,0.45,3308500,0.5,2880865,13029445
2026-04-13T13:48:53.671,NF,NIFTY13APR2624200CE,0.5,3.7,7.05,0.45,76.7,161702840,1.04,0.45,3304210,0.5,2871440,13029445
2026-04-13T13:48:55.272,NF,NIFTY13APR2624200CE,0.5,3.7,7.05,0.45,76.7,161703035,1.04,0.45,3289910,0.5,2870920,13029445
2026-04-13T13:48:56.875,NF,NIFTY13APR2624200CE,0.45,3.7,7.05,0.45,76.7,161703165,1.04,0.45,3284580,0.5,2872220,13029445
2026-04-13T13:48:58.684,NF,NIFTY13APR2624200CE,0.5,3.7,7.05,0.45,76.7,161705115,1.04,0.45,3342300,0.5,2878200,13029445
2026-04-13T13:49:00.276,NF,NIFTY13APR2624200CE,0.5,3.7,7.05,0.45,76.7,161717205,1.04,0.45,3331055,0.5,2872415,13029445
2026-04-13T13:49:01.893,NF,NIFTY13APR2624200CE,0.45,3.7,7.05,0.45,76.7,161721755,1.04,0.45,3410030,0.5,2842125,13029445
2026-04-13T13:49:03.679,NF,NIFTY13APR2624200CE,0.45,3.7,7.05,0.45,76.7,161722145,1.04,0.45,3323775,0.5,2860000,13029445
2026-04-13T13:49:05.292,NF,NIFTY13APR2624200CE,0.45,3.7,7.05,0.45,76.7,161722795,1.04,0.45,3315130,0.5,2866890,13029445
2026-04-13T13:49:06.894,NF,NIFTY13APR2624200CE,0.5,3.7,7.05,0.45,76.7,161723965,1.04,0.45,3348670,0.5,2859935,13029445
2026-04-13T13:49:08.689,NF,NIFTY13APR2624200CE,0.45,3.7,7.05,0.45,76.7,161724355,1.04,0.45,3316950,0.5,2861950,13029445
2026-04-13T13:49:11.894,NF,NIFTY13APR2624200CE,0.45,3.7,7.05,0.45,76.7,161725655,1.04,0.45,3309085,0.5,2874365,13029445
2026-04-13T13:49:13.694,NF,NIFTY13APR2624200CE,0.45,3.7,7.05,0.45,76.7,161726305,1.04,0.45,3308240,0.5,2872545,13029445
2026-04-13T13:49:15.302,NF,NIFTY13APR2624200CE,0.45,3.7,7.05,0.45,76.7,161726565,1.04,0.45,3306225,0.5,2874040,13029445
2026-04-13T13:49:16.903,NF,NIFTY13APR2624200CE,0.45,3.7,7.05,0.45,76.7,161726760,1.04,0.45,3355820,0.5,2876380,13029445
2026-04-13T13:49:18.717,NF,NIFTY13APR2624200CE,0.45,3.7,7.05,0.45,76.7,161730400,1.04,0.45,3348345,0.5,2903940,13029445
2026-04-13T13:49:20.307,NF,NIFTY13APR2624200CE,0.45,3.7,7.05,0.45,76.7,161733975,1.04,0.45,3348670,0.5,2903550,13029445
2026-04-13T13:49:21.911,NF,NIFTY13APR2624200CE,0.45,3.7,7.05,0.45,76.7,161736185,1.04,0.45,3350035,0.5,2905110,13029445
2026-04-13T13:49:23.513,NF,NIFTY13APR2624200CE,0.45,3.7,7.05,0.45,76.7,161736250,1.04,0.45,3344770,0.5,2905760,13029445
2026-04-13T13:49:25.131,NF,NIFTY13APR2624200CE,0.5,3.7,7.05,0.45,76.7,161739240,1.04,0.45,3391895,0.5,2900950,13029445
2026-04-13T13:49:26.726,NF,NIFTY13APR2624200CE,0.5,3.7,7.05,0.45,76.7,161747365,1.04,0.45,3344380,0.5,2901470,13029445
2026-04-13T13:49:28.527,NF,NIFTY13APR2624200CE,0.5,3.7,7.05,0.45,76.7,161750550,1.04,0.45,3366090,0.5,2900170,13029445
2026-04-13T13:49:30.125,NF,NIFTY13APR2624200CE,0.5,3.7,7.05,0.45,76.7,161752435,1.04,0.45,3341780,0.5,2902510,13029445
2026-04-13T13:49:31.732,NF,NIFTY13APR2624200CE,0.5,3.7,7.05,0.45,76.7,161758480,1.04,0.45,3352635,0.5,2890550,13029445
2026-04-13T13:49:33.332,NF,NIFTY13APR2624200CE,0.5,3.7,7.05,0.45,76.7,161760430,1.04,0.45,3384030,0.5,2889315,13029445
2026-04-13T13:49:34.933,NF,NIFTY13APR2624200CE,0.5,3.7,7.05,0.45,76.7,161761925,1.04,0.45,3376815,0.5,2887170,13029445
2026-04-13T13:49:36.734,NF,NIFTY13APR2624200CE,0.5,3.7,7.05,0.45,76.7,161762380,1.04,0.45,3348800,0.5,2892695,13029445
2026-04-13T13:49:38.339,NF,NIFTY13APR2624200CE,0.45,3.7,7.05,0.45,76.7,161764330,1.04,0.45,3352180,0.5,2896465,13029445
2026-04-13T13:49:39.946,NF,NIFTY13APR2624200CE,0.45,3.7,7.05,0.45,76.7,161768425,1.04,0.45,3347825,0.5,2890485,13029445
2026-04-13T13:49:41.553,NF,NIFTY13APR2624200CE,0.5,3.7,7.05,0.45,76.7,161770310,1.04,0.45,3379220,0.5,2877940,13029445
2026-04-13T13:49:43.344,NF,NIFTY13APR2624200CE,0.5,3.7,7.05,0.45,76.7,161771610,1.04,0.45,3426735,0.5,2878460,13029445
2026-04-13T13:49:44.953,NF,NIFTY13APR2624200CE,0.5,3.7,7.05,0.45,76.7,161774145,1.04,0.45,3345745,0.5,2896140,13029445
2026-04-13T13:49:46.553,NF,NIFTY13APR2624200CE,0.5,3.7,7.05,0.45,76.7,161776225,1.04,0.45,3381105,0.5,2878915,13029445
2026-04-13T13:49:48.352,NF,NIFTY13APR2624200CE,0.5,3.7,7.05,0.45,76.7,161777590,1.04,0.45,3350165,0.5,2883205,13029445
2026-04-13T13:49:49.953,NF,NIFTY13APR2624200CE,0.5,3.7,7.05,0.45,76.7,161777720,1.04,0.45,3360695,0.5,2882880,13029445
2026-04-13T13:49:51.557,NF,NIFTY13APR2624200CE,0.5,3.7,7.05,0.45,76.7,161779475,1.04,0.45,3358225,0.5,2890160,13029445
2026-04-13T13:49:53.364,NF,NIFTY13APR2624200CE,0.45,3.7,7.05,0.45,76.7,161783960,1.04,0.45,3331575,0.5,2932215,13029445
2026-04-13T13:49:54.964,NF,NIFTY13APR2624200CE,0.45,3.7,7.05,0.45,76.7,161790265,1.04,0.45,3325985,0.5,2912325,13029445
2026-04-13T13:49:58.172,NF,NIFTY13APR2624200CE,0.45,3.7,7.05,0.45,76.7,161795985,1.04,0.45,3332225,0.5,2906475,13029445
2026-04-13T13:49:59.969,NF,NIFTY13APR2624200CE,0.45,3.7,7.05,0.45,76.7,161797285,1.04,0.45,3328845,0.5,2911805,13029445
2026-04-13T13:50:01.573,NF,NIFTY13APR2624200CE,0.5,3.7,7.05,0.45,76.7,161798195,1.04,0.45,3342690,0.5,2904070,13029445
2026-04-13T13:50:03.187,NF,NIFTY13APR2624200CE,0.5,3.7,7.05,0.45,76.7,161800730,1.04,0.45,3329950,0.5,2904850,13029445
2026-04-13T13:50:04.980,NF,NIFTY13APR2624200CE,0.45,3.7,7.05,0.45,76.7,161800860,1.04,0.45,3323840,0.5,2908100,13029445
2026-04-13T13:50:06.583,NF,NIFTY13APR2624200CE,0.45,3.7,7.05,0.45,76.7,161804630,1.04,0.45,3335020,0.5,2898610,13029445
2026-04-13T13:50:08.207,NF,NIFTY13APR2624200CE,0.5,3.7,7.05,0.45,76.7,161806190,1.04,0.45,3329105,0.5,2902380,13029445
2026-04-13T13:50:09.995,NF,NIFTY13APR2624200CE,0.45,3.7,7.05,0.45,76.7,161807750,1.04,0.45,3327740,0.5,2903875,13029445
2026-04-13T13:50:11.590,NF,NIFTY13APR2624200CE,0.5,3.7,7.05,0.45,76.7,161812560,1.04,0.45,3336905,0.5,2894190,13029445
2026-04-13T13:50:13.193,NF,NIFTY13APR2624200CE,0.5,3.7,7.05,0.45,76.7,161817565,1.04,0.45,3344510,0.5,2895815,13029445
2026-04-13T13:50:14.793,NF,NIFTY13APR2624200CE,0.45,3.7,7.05,0.45,76.7,161818995,1.04,0.45,3321760,0.5,2899390,13029445
2026-04-13T13:50:16.597,NF,NIFTY13APR2624200CE,0.45,3.7,7.05,0.45,76.7,161819515,1.04,0.45,3371485,0.5,2896270,13029445
2026-04-13T13:50:18.197,NF,NIFTY13APR2624200CE,0.45,3.7,7.05,0.45,76.7,161819580,1.04,0.45,3322020,0.5,2896205,13029445
2026-04-13T13:50:19.800,NF,NIFTY13APR2624200CE,0.5,3.7,7.05,0.45,76.7,161820360,1.04,0.45,3332680,0.5,2892305,13029445
2026-04-13T13:50:21.604,NF,NIFTY13APR2624200CE,0.45,3.7,7.05,0.45,76.7,161821465,1.04,0.45,3351140,0.5,2892500,13029445
2026-04-13T13:50:23.205,NF,NIFTY13APR2624200CE,0.5,3.7,7.05,0.45,76.7,161825300,1.04,0.45,3405935,0.5,2881125,13029445
2026-04-13T13:50:24.808,NF,NIFTY13APR2624200CE,0.45,3.7,7.05,0.45,76.7,161831800,1.04,0.45,3319940,0.5,2895360,13029445
2026-04-13T13:50:26.611,NF,NIFTY13APR2624200CE,0.45,3.7,7.05,0.45,76.7,161832125,1.04,0.45,3321175,0.5,2933840,13023140
2026-04-13T13:50:28.211,NF,NIFTY13APR2624200CE,0.45,3.7,7.05,0.45,76.7,161832190,1.04,0.45,3405675,0.5,2931045,13023140
2026-04-13T13:50:29.821,NF,NIFTY13APR2624200CE,0.45,3.7,7.05,0.45,76.7,161836935,1.04,0.45,3318900,0.5,2933580,13023140
2026-04-13T13:50:31.539,NF,NIFTY13APR2624200CE,0.45,3.7,7.05,0.45,76.7,161837130,1.04,0.45,3399565,0.5,2931435,13023140
2026-04-13T13:50:33.223,NF,NIFTY13APR2624200CE,0.5,3.7,7.05,0.45,76.7,161842850,1.04,0.45,3402620,0.5,2931825,13023140
2026-04-13T13:50:34.833,NF,NIFTY13APR2624200CE,0.45,3.7,7.05,0.45,76.7,161854290,1.04,0.45,3435250,0.5,2923115,13023140
2026-04-13T13:50:36.429,NF,NIFTY13APR2624200CE,0.5,3.7,7.05,0.45,76.7,161854355,1.04,0.45,3367715,0.5,2923700,13023140
2026-04-13T13:50:38.031,NF,NIFTY13APR2624200CE,0.45,3.7,7.05,0.45,76.7,161878925,1.04,0.45,3349840,0.5,2927405,13023140
2026-04-13T13:50:39.832,NF,NIFTY13APR2624200CE,0.45,3.7,7.05,0.45,76.7,161905575,1.04,0.45,3322865,0.5,2950350,13023140
2026-04-13T13:50:41.657,NF,NIFTY13APR2624200CE,0.5,3.7,7.05,0.45,76.7,161948735,1.04,0.45,3101735,0.5,2950740,13023140
2026-04-13T13:50:43.238,NF,NIFTY13APR2624200CE,0.5,3.7,7.05,0.45,76.7,161993325,1.04,0.45,3095950,0.5,2937415,13023140
2026-04-13T13:50:44.841,NF,NIFTY13APR2624200CE,0.5,3.7,7.05,0.45,76.7,162018935,1.04,0.45,3075670,0.5,2927080,13023140
2026-04-13T13:50:46.458,NF,NIFTY13APR2624200CE,0.45,3.7,7.05,0.45,76.7,162025630,1.04,0.45,3069300,0.5,2995850,13023140
2026-04-13T13:50:48.247,NF,NIFTY13APR2624200CE,0.5,3.7,7.05,0.45,76.7,162027125,1.04,0.45,3039465,0.5,3029260,13023140
2026-04-13T13:50:49.856,NF,NIFTY13APR2624200CE,0.45,3.7,7.05,0.45,76.7,162030115,1.04,0.45,3048955,0.5,3034720,13023140
2026-04-13T13:50:51.456,NF,NIFTY13APR2624200CE,0.45,3.7,7.05,0.45,76.7,162031675,1.04,0.45,2988375,0.5,3042390,13023140
2026-04-13T13:50:53.258,NF,NIFTY13APR2624200CE,0.5,3.7,7.05,0.45,76.7,162032195,1.04,0.45,2888405,0.5,3034005,13023140
2026-04-13T13:50:54.859,NF,NIFTY13APR2624200CE,0.45,3.7,7.05,0.45,76.7,162037070,1.04,0.45,2878395,0.5,3052400,13023140
2026-04-13T13:50:56.461,NF,NIFTY13APR2624200CE,0.5,3.7,7.05,0.45,76.7,162038435,1.04,0.45,2963870,0.5,3035955,13023140
2026-04-13T13:50:58.262,NF,NIFTY13APR2624200CE,0.5,3.7,7.05,0.45,76.7,162048120,1.04,0.45,2861105,0.5,3037320,13023140
2026-04-13T13:50:59.865,NF,NIFTY13APR2624200CE,0.5,3.7,7.05,0.45,76.7,162049160,1.04,0.45,2874950,0.5,3037840,13023140
2026-04-13T13:51:01.478,NF,NIFTY13APR2624200CE,0.5,3.7,7.05,0.45,76.7,162084780,1.04,0.45,2793830,0.5,3008525,13023140
2026-04-13T13:51:03.290,NF,NIFTY13APR2624200CE,0.5,3.7,7.05,0.45,76.7,162085820,1.04,0.45,2815085,0.5,3001310,13023140
2026-04-13T13:51:04.894,NF,NIFTY13APR2624200CE,0.5,3.7,7.05,0.45,76.7,162090955,1.04,0.45,2895035,0.5,3000920,13023140
2026-04-13T13:51:06.481,NF,NIFTY13APR2624200CE,0.45,3.7,7.05,0.45,76.7,162091540,1.04,0.45,2812355,0.5,3000270,13023140
2026-04-13T13:51:09.889,NF,NIFTY13APR2624200CE,0.5,3.7,7.05,0.45,76.7,162092320,1.04,0.45,2825160,0.5,2997150,13023140
2026-04-13T13:51:11.484,NF,NIFTY13APR2624200CE,0.5,3.7,7.05,0.45,76.7,162092385,1.04,0.45,2890030,0.5,2995720,13023140
2026-04-13T13:51:13.286,NF,NIFTY13APR2624200CE,0.5,3.7,7.05,0.45,76.7,162093295,1.04,0.45,2983435,0.5,2994810,13023140
2026-04-13T13:51:16.491,NF,NIFTY13APR2624200CE,0.5,3.7,7.05,0.45,76.7,162099470,1.04,0.45,3153345,0.5,2991430,13023140
2026-04-13T13:51:18.295,NF,NIFTY13APR2624200CE,0.45,3.7,7.05,0.45,76.7,162209190,1.04,0.45,2916745,0.5,3067610,13023140
2026-04-13T13:51:19.897,NF,NIFTY13APR2624200CE,0.45,3.7,7.05,0.45,76.7,162297135,1.04,0.45,2834065,0.5,3135600,13023140
2026-04-13T13:51:21.500,NF,NIFTY13APR2624200CE,0.5,3.7,7.05,0.45,76.7,162417775,1.04,0.45,2770040,0.5,3119805,13023140
2026-04-13T13:51:23.316,NF,NIFTY13APR2624200CE,0.5,3.7,7.05,0.45,76.7,162418815,1.04,0.45,2774525,0.5,3118440,13023140
2026-04-13T13:51:24.909,NF,NIFTY13APR2624200CE,0.5,3.7,7.05,0.45,76.7,162426615,1.04,0.45,2763735,0.5,3099200,13023140
2026-04-13T13:51:26.519,NF,NIFTY13APR2624200CE,0.5,3.7,7.05,0.45,76.7,162428045,1.04,0.45,2829125,0.5,3097640,13023140
2026-04-13T13:51:28.309,NF,NIFTY13APR2624200CE,0.5,3.7,7.05,0.45,76.7,162429865,1.04,0.45,2831790,0.5,3094910,13023140
2026-04-13T13:51:29.914,NF,NIFTY13APR2624200CE,0.45,3.7,7.05,0.45,76.7,162432010,1.04,0.45,2829710,0.5,3168360,13023140
2026-04-13T13:51:31.530,NF,NIFTY13APR2624200CE,0.5,3.7,7.05,0.45,76.7,162434675,1.04,0.45,2856295,0.5,3169530,13023140
2026-04-13T13:51:33.321,NF,NIFTY13APR2624200CE,0.45,3.7,7.05,0.45,76.7,162498180,1.04,0.45,2696460,0.5,3200860,13023140
2026-04-13T13:51:34.935,NF,NIFTY13APR2624200CE,0.5,3.7,7.05,0.45,76.7,162509750,1.04,0.45,2652130,0.5,3178825,13023140
2026-04-13T13:51:36.528,NF,NIFTY13APR2624200CE,0.45,3.7,7.05,0.45,76.7,162511570,1.04,0.45,2853890,0.5,3173690,13023140
2026-04-13T13:51:38.332,NF,NIFTY13APR2624200CE,0.45,3.7,7.05,0.45,76.7,162511700,1.04,0.45,2776410,0.5,3175250,13023140
2026-04-13T13:51:39.528,NF,NIFTY13APR2624200CE,0.5,3.7,7.05,0.45,76.7,162513715,1.04,0.45,2783495,0.5,3177005,13023140
2026-04-13T13:51:41.333,NF,NIFTY13APR2624200CE,0.5,3.7,7.05,0.45,76.7,162515730,1.04,0.45,2836340,0.5,3288805,13023140
2026-04-13T13:51:42.932,NF,NIFTY13APR2624200CE,0.5,3.7,7.05,0.45,76.7,162517615,1.04,0.45,2863445,0.5,3280420,13023140
2026-04-13T13:51:44.539,NF,NIFTY13APR2624200CE,0.45,3.7,7.05,0.45,76.7,162518915,1.04,0.45,2862210,0.5,3279965,13023140
2026-04-13T13:51:46.138,NF,NIFTY13APR2624200CE,0.5,3.7,7.05,0.45,76.7,162519890,1.04,0.45,2889835,0.5,3277300,13023140
2026-04-13T13:51:49.348,NF,NIFTY13APR2624200CE,0.45,3.7,7.05,0.45,76.7,162519955,1.04,0.45,2906020,0.5,3277040,13023140
2026-04-13T13:51:51.158,NF,NIFTY13APR2624200CE,0.5,3.7,7.05,0.45,76.7,162520020,1.04,0.45,3015350,0.5,3276715,13023140
2026-04-13T13:51:52.749,NF,NIFTY13APR2624200CE,0.45,3.7,7.05,0.45,76.7,162521320,1.04,0.45,2940080,0.5,3276520,13023140
2026-04-13T13:51:54.364,NF,NIFTY13APR2624200CE,0.45,3.7,7.05,0.45,76.7,162521385,1.04,0.45,2941900,0.5,3308110,13023140
2026-04-13T13:51:56.164,NF,NIFTY13APR2624200CE,0.5,3.7,7.05,0.45,76.7,162522100,1.04,0.45,2985775,0.5,3308760,13023140
2026-04-13T13:51:57.758,NF,NIFTY13APR2624200CE,0.45,3.7,7.05,0.45,76.7,162525675,1.04,0.45,2984410,0.5,3307070,13023140
2026-04-13T13:51:59.404,NF,NIFTY13APR2624200CE,0.5,3.7,7.05,0.45,76.7,162531655,1.04,0.45,3791125,0.5,3299140,13023140
2026-04-13T13:52:01.163,NF,NIFTY13APR2624200CE,0.5,3.7,7.05,0.45,76.7,162539715,1.04,0.45,4183140,0.5,3282890,13023140
2026-04-13T13:52:02.777,NF,NIFTY13APR2624200CE,0.5,3.7,7.05,0.45,76.7,162777160,1.04,0.45,4123210,0.5,2783040,13023140
2026-04-13T13:52:04.370,NF,NIFTY13APR2624200CE,0.5,3.7,7.05,0.45,76.7,163017790,1.03,0.45,4917705,0.5,2813915,13023140
2026-04-13T13:52:06.171,NF,NIFTY13APR2624200CE,0.45,3.7,7.05,0.45,76.7,163020325,1.03,0.45,4908280,0.5,2860325,13023140
2026-04-13T13:52:07.785,NF,NIFTY13APR2624200CE,0.5,3.7,7.05,0.45,76.7,163024615,1.03,0.45,4933240,0.5,2845050,13023140
2026-04-13T13:52:09.385,NF,NIFTY13APR2624200CE,0.5,3.7,7.05,0.45,76.7,163031635,1.03,0.45,4899635,0.5,2839135,13023140
2026-04-13T13:52:10.992,NF,NIFTY13APR2624200CE,0.5,3.7,7.05,0.45,76.7,163032415,1.03,0.45,3610490,0.5,2837055,13023140
2026-04-13T13:52:12.788,NF,NIFTY13APR2624200CE,0.5,3.7,7.05,0.45,76.7,163034235,1.03,0.45,3603795,0.5,2835300,13023140
2026-04-13T13:52:14.389,NF,NIFTY13APR2624200CE,0.5,3.7,7.05,0.45,76.7,163040020,1.03,0.45,3600545,0.5,2828930,13023140
2026-04-13T13:52:16.001,NF,NIFTY13APR2624200CE,0.5,3.7,7.05,0.45,76.7,163040410,1.03,0.45,3600025,0.5,2828670,13023140
2026-04-13T13:52:17.794,NF,NIFTY13APR2624200CE,0.45,3.7,7.05,0.45,76.7,163041515,1.03,0.45,3588195,0.5,2829905,13023140
2026-04-13T13:52:19.414,NF,NIFTY13APR2624200CE,0.5,3.7,7.05,0.45,76.7,163068165,1.03,0.45,3590405,0.5,2805270,13023140
2026-04-13T13:52:20.999,NF,NIFTY13APR2624200CE,0.5,3.7,7.05,0.45,76.7,163070960,1.03,0.45,3625635,0.5,2752880,13023140
2026-04-13T13:52:22.807,NF,NIFTY13APR2624200CE,0.5,3.7,7.05,0.45,76.7,163442175,1.03,0.45,3623945,0.5,2341950,13023140
2026-04-13T13:52:24.404,NF,NIFTY13APR2624200CE,0.5,3.7,7.05,0.45,76.7,163545525,1.03,0.45,3840980,0.5,2335385,13023140
2026-04-13T13:52:26.029,NF,NIFTY13APR2624200CE,0.5,3.7,7.05,0.45,76.7,163790575,1.03,0.45,4017910,0.5,1846780,13023140
2026-04-13T13:52:27.834,NF,NIFTY13APR2624200CE,0.55,3.7,7.05,0.45,76.7,164128770,1.03,0.5,1241110,0.55,2478320,13023140
2026-04-13T13:52:29.412,NF,NIFTY13APR2624200CE,0.5,3.7,7.05,0.45,76.7,164132020,1.03,0.5,2824575,0.55,2466945,13023140
2026-04-13T13:52:31.030,NF,NIFTY13APR2624200CE,0.55,3.7,7.05,0.45,76.7,164135400,1.03,0.5,2779400,0.55,2817425,13023140
2026-04-13T13:52:32.821,NF,NIFTY13APR2624200CE,0.55,3.7,7.05,0.45,76.7,164141965,1.03,0.5,2818790,0.55,3152500,13023140
2026-04-13T13:52:34.423,NF,NIFTY13APR2624200CE,0.5,3.7,7.05,0.45,76.7,164146905,1.03,0.5,2867410,0.55,3155360,13023140
2026-04-13T13:52:36.037,NF,NIFTY13APR2624200CE,0.55,3.7,7.05,0.45,76.7,164333065,1.03,0.5,2749370,0.55,3464435,13023140
2026-04-13T13:52:37.845,NF,NIFTY13APR2624200CE,0.55,3.7,7.05,0.45,76.7,164337290,1.03,0.5,2516735,0.55,3479515,13023140
2026-04-13T13:52:38.827,NF,NIFTY13APR2624200CE,0.5,3.7,7.05,0.45,76.7,164348990,1.03,0.5,2500615,0.55,3493230,13023140
2026-04-13T13:52:40.430,NF,NIFTY13APR2624200CE,0.55,3.7,7.05,0.45,76.7,164441680,1.03,0.5,2173795,0.55,3480620,13023140
2026-04-13T13:52:42.239,NF,NIFTY13APR2624200CE,0.5,3.7,7.05,0.45,76.7,164568625,1.03,0.5,1345175,0.55,3462095,13023140
2026-04-13T13:52:43.840,NF,NIFTY13APR2624200CE,0.5,3.7,7.05,0.45,76.7,164924890,1.03,0.45,4260945,0.5,2368860,13023140
2026-04-13T13:52:45.452,NF,NIFTY13APR2624200CE,0.45,3.7,7.05,0.45,76.7,164927360,1.03,0.45,4259775,0.5,2450045,13023140
2026-04-13T13:52:47.241,NF,NIFTY13APR2624200CE,0.5,3.7,7.05,0.45,76.7,164932495,1.03,0.45,4252820,0.5,2642315,13023140
2026-04-13T13:52:48.844,NF,NIFTY13APR2624200CE,0.5,3.7,7.05,0.45,76.7,164936460,1.03,0.45,4277260,0.5,2620670,13023140
2026-04-13T13:52:50.457,NF,NIFTY13APR2624200CE,0.45,3.7,7.05,0.45,76.7,164999120,1.03,0.45,4255225,0.5,2619175,13023140
2026-04-13T13:52:52.052,NF,NIFTY13APR2624200CE,0.5,3.7,7.05,0.45,76.7,165045790,1.03,0.45,4304560,0.5,2632565,13023140
2026-04-13T13:52:53.862,NF,NIFTY13APR2624200CE,0.5,3.7,7.05,0.45,76.7,165059895,1.03,0.45,4423185,0.5,2632435,13023140
2026-04-13T13:52:55.458,NF,NIFTY13APR2624200CE,0.45,3.7,7.05,0.45,76.7,165086090,1.03,0.45,4274335,0.5,2711410,13023140
2026-04-13T13:52:57.059,NF,NIFTY13APR2624200CE,0.5,3.7,7.05,0.45,76.7,165282390,1.03,0.45,4224870,0.5,2397590,13023140
2026-04-13T13:52:58.858,NF,NIFTY13APR2624200CE,0.5,3.7,7.05,0.45,76.7,165787440,1.03,0.45,4268420,0.5,1734265,13023140
2026-04-13T13:53:00.470,NF,NIFTY13APR2624200CE,0.5,3.7,7.05,0.45,76.7,166012080,1.02,0.45,4061980,0.5,1531595,13023140
2026-04-13T13:53:02.078,NF,NIFTY13APR2624200CE,0.5,3.7,7.05,0.45,76.7,166252450,1.02,0.5,2618525,0.55,3412240,13023140
2026-04-13T13:53:03.871,NF,NIFTY13APR2624200CE,0.5,3.7,7.05,0.45,76.7,166254140,1.02,0.5,2462460,0.55,3456635,13023140
2026-04-13T13:53:05.472,NF,NIFTY13APR2624200CE,0.5,3.7,7.05,0.45,76.7,166503480,1.02,0.5,2145260,0.55,3500445,13023140
2026-04-13T13:53:07.077,NF,NIFTY13APR2624200CE,0.5,3.7,7.05,0.45,76.7,166801830,1.02,0.45,4209010,0.5,1226550,13023140
2026-04-13T13:53:08.879,NF,NIFTY13APR2624200CE,0.5,3.7,7.05,0.45,76.7,166808460,1.02,0.45,4083820,0.5,2524925,13023140
2026-04-13T13:53:10.481,NF,NIFTY13APR2624200CE,0.45,3.7,7.05,0.45,76.7,166822695,1.02,0.45,4138550,0.5,2527590,13023140
2026-04-13T13:53:12.084,NF,NIFTY13APR2624200CE,0.45,3.7,7.05,0.45,76.7,166877100,1.02,0.45,4086160,0.5,2502565,13023140
2026-04-13T13:53:13.884,NF,NIFTY13APR2624200CE,0.5,3.7,7.05,0.45,76.7,166912655,1.02,0.45,4070950,0.5,2519140,13023140
2026-04-13T13:53:15.494,NF,NIFTY13APR2624200CE,0.45,3.7,7.05,0.45,76.7,166918960,1.02,0.45,4072120,0.5,2520635,13023140
2026-04-13T13:53:17.091,NF,NIFTY13APR2624200CE,0.5,3.7,7.05,0.45,76.7,166937225,1.02,0.45,4119310,0.5,2600585,13023140
2026-04-13T13:53:18.696,NF,NIFTY13APR2624200CE,0.45,3.7,7.05,0.45,76.7,166942360,1.02,0.45,4103840,0.5,2582385,13023140
2026-04-13T13:53:20.302,NF,NIFTY13APR2624200CE,0.45,3.7,7.05,0.45,76.7,166948470,1.02,0.45,4297475,0.5,2560805,13023140
2026-04-13T13:53:22.096,NF,NIFTY13APR2624200CE,0.45,3.7,7.05,0.45,76.7,166995790,1.02,0.45,4373785,0.5,2592850,13023140
2026-04-13T13:53:23.705,NF,NIFTY13APR2624200CE,0.45,3.7,7.05,0.45,76.7,166997155,1.02,0.45,4375020,0.5,2729740,13023140
2026-04-13T13:53:25.359,NF,NIFTY13APR2624200CE,0.45,3.7,7.05,0.45,76.7,167007750,1.02,0.45,4378985,0.5,2793700,13023140
2026-04-13T13:53:28.721,NF,NIFTY13APR2624200CE,0.45,3.7,7.05,0.45,76.7,167040380,1.02,0.45,4208100,0.5,2901730,12607855
2026-04-13T13:53:30.324,NF,NIFTY13APR2624200CE,0.45,3.7,7.05,0.45,76.7,167060595,1.02,0.45,4161690,0.5,3025880,12607855
2026-04-13T13:53:31.925,NF,NIFTY13APR2624200CE,0.5,3.7,7.05,0.45,76.7,167069240,1.02,0.45,4120350,0.5,3186235,12607855
2026-04-13T13:53:33.732,NF,NIFTY13APR2624200CE,0.5,3.7,7.05,0.45,76.7,167088155,1.02,0.45,4129905,0.5,3221140,12607855
2026-04-13T13:53:35.322,NF,NIFTY13APR2624200CE,0.5,3.7,7.05,0.45,76.7,167094070,1.02,0.45,4093700,0.5,3215420,12607855
2026-04-13T13:53:36.926,NF,NIFTY13APR2624200CE,0.5,3.7,7.05,0.45,76.7,167095305,1.02,0.45,4090385,0.5,3401970,12607855
2026-04-13T13:53:38.738,NF,NIFTY13APR2624200CE,0.45,3.7,7.05,0.45,76.7,167169535,1.02,0.45,4087590,0.5,3338335,12607855
2026-04-13T13:53:40.348,NF,NIFTY13APR2624200CE,0.5,3.7,7.05,0.45,76.7,167171875,1.02,0.45,4100850,0.5,3325855,12607855
2026-04-13T13:53:41.934,NF,NIFTY13APR2624200CE,0.5,3.7,7.05,0.45,76.7,167246170,1.02,0.45,4038840,0.5,3359590,12607855
2026-04-13T13:53:43.732,NF,NIFTY13APR2624200CE,0.45,3.7,7.05,0.45,76.7,167246950,1.02,0.45,4030390,0.5,3398655,12607855
2026-04-13T13:53:45.344,NF,NIFTY13APR2624200CE,0.5,3.7,7.05,0.45,76.7,167247600,1.02,0.45,4044560,0.5,3398720,12607855
2026-04-13T13:53:46.947,NF,NIFTY13APR2624200CE,0.45,3.7,7.05,0.45,76.7,167250135,1.02,0.45,4019600,0.5,3414645,12607855
2026-04-13T13:53:48.739,NF,NIFTY13APR2624200CE,0.5,3.7,7.05,0.45,76.7,167256960,1.02,0.45,4014465,0.5,3419845,12607855
2026-04-13T13:53:50.352,NF,NIFTY13APR2624200CE,0.45,3.7,7.05,0.45,76.7,167257675,1.02,0.45,3943745,0.5,3423745,12607855
2026-04-13T13:53:51.951,NF,NIFTY13APR2624200CE,0.5,3.7,7.05,0.45,76.7,167259820,1.02,0.45,3950180,0.5,3419780,12607855
2026-04-13T13:53:53.746,NF,NIFTY13APR2624200CE,0.5,3.7,7.05,0.45,76.7,167260600,1.02,0.45,3957460,0.5,3404375,12607855
2026-04-13T13:53:55.370,NF,NIFTY13APR2624200CE,0.45,3.7,7.05,0.45,76.7,167262550,1.02,0.45,3948750,0.5,3404115,12607855
2026-04-13T13:53:56.959,NF,NIFTY13APR2624200CE,0.5,3.7,7.05,0.45,76.7,167271195,1.02,0.45,3986710,0.5,3401840,12607855
2026-04-13T13:53:58.762,NF,NIFTY13APR2624200CE,0.45,3.7,7.05,0.45,76.7,167272625,1.02,0.45,3985280,0.5,3404570,12607855
2026-04-13T13:54:00.360,NF,NIFTY13APR2624200CE,0.5,3.7,7.05,0.45,76.7,167281465,1.02,0.45,4003285,0.5,3422055,12607855
2026-04-13T13:54:01.975,NF,NIFTY13APR2624200CE,0.5,3.7,7.05,0.45,76.7,167295830,1.02,0.45,4027660,0.5,3410745,12607855
2026-04-13T13:54:03.761,NF,NIFTY13APR2624200CE,0.5,3.7,7.05,0.45,76.7,167296415,1.02,0.45,4019470,0.5,3414580,12607855
2026-04-13T13:54:05.368,NF,NIFTY13APR2624200CE,0.5,3.7,7.05,0.45,76.7,167327225,1.02,0.45,3235570,0.5,3432780,12607855
2026-04-13T13:54:06.970,NF,NIFTY13APR2624200CE,0.45,3.7,7.05,0.45,76.7,167328265,1.02,0.45,3288805,0.5,3447210,12607855
2026-04-13T13:54:08.770,NF,NIFTY13APR2624200CE,0.5,3.7,7.05,0.45,76.7,167328850,1.02,0.45,3297970,0.5,3438955,12607855
2026-04-13T13:54:10.376,NF,NIFTY13APR2624200CE,0.45,3.7,7.05,0.45,76.7,167329760,1.02,0.45,3326245,0.5,3449810,12607855
2026-04-13T13:54:11.976,NF,NIFTY13APR2624200CE,0.5,3.7,7.05,0.45,76.7,167333075,1.02,0.45,3380585,0.5,3447405,12607855
2026-04-13T13:54:13.779,NF,NIFTY13APR2624200CE,0.45,3.7,7.05,0.45,76.7,167334245,1.02,0.45,3473275,0.5,3462420,12607855
2026-04-13T13:54:15.385,NF,NIFTY13APR2624200CE,0.5,3.7,7.05,0.45,76.7,167334700,1.02,0.45,3459235,0.5,3464630,12607855
2026-04-13T13:54:16.990,NF,NIFTY13APR2624200CE,0.5,3.7,7.05,0.45,76.7,167336195,1.02,0.45,3480555,0.5,3462745,12607855
2026-04-13T13:54:18.815,NF,NIFTY13APR2624200CE,0.5,3.7,7.05,0.45,76.7,167337690,1.02,0.45,3428100,0.5,3451630,12607855
2026-04-13T13:54:20.386,NF,NIFTY13APR2624200CE,0.45,3.7,7.05,0.45,76.7,167343280,1.02,0.45,3515265,0.5,3442270,12607855
2026-04-13T13:54:21.997,NF,NIFTY13APR2624200CE,0.5,3.7,7.05,0.45,76.7,167378575,1.02,0.45,3468075,0.5,3408015,12607855
2026-04-13T13:54:23.794,NF,NIFTY13APR2624200CE,0.45,3.7,7.05,0.45,76.7,167390145,1.02,0.45,3572075,0.5,3396835,12607855
2026-04-13T13:54:25.479,NF,NIFTY13APR2624200CE,0.45,3.7,7.05,0.45,76.7,167392615,1.02,0.45,3566030,0.5,3392870,12607855
2026-04-13T13:54:27.001,NF,NIFTY13APR2624200CE,0.5,3.7,7.05,0.45,76.7,167394045,1.02,0.45,3621930,0.5,3419975,12607855
2026-04-13T13:54:28.797,NF,NIFTY13APR2624200CE,0.5,3.7,7.05,0.45,76.7,167396450,1.02,0.45,3689920,0.5,3411980,12607855
2026-04-13T13:54:30.404,NF,NIFTY13APR2624200CE,0.45,3.7,7.05,0.45,76.7,167400740,1.02,0.45,3722875,0.5,3415230,12607855
2026-04-13T13:54:32.003,NF,NIFTY13APR2624200CE,0.5,3.7,7.05,0.45,76.7,167441235,1.02,0.45,3703830,0.5,3400150,12607855
2026-04-13T13:54:33.803,NF,NIFTY13APR2624200CE,0.5,3.7,7.05,0.45,76.7,167451765,1.02,0.45,3709030,0.5,3416205,12607855
2026-04-13T13:54:35.415,NF,NIFTY13APR2624200CE,0.5,3.7,7.05,0.45,76.7,167468665,1.02,0.45,3838120,0.5,3380455,12607855
2026-04-13T13:54:37.012,NF,NIFTY13APR2624200CE,0.45,3.7,7.05,0.45,76.7,168039560,1.02,0.45,3781115,0.5,2442505,12607855
2026-04-13T13:54:39.013,NF,NIFTY13APR2624200CE,0.45,3.7,7.05,0.45,76.7,168059710,1.02,0.45,3851445,0.5,2614820,12607855
2026-04-13T13:54:40.618,NF,NIFTY13APR2624200CE,0.5,3.7,7.05,0.45,76.7,168115285,1.02,0.45,3861650,0.5,2639910,12607855
2026-04-13T13:54:42.227,NF,NIFTY13APR2624200CE,0.5,3.7,7.05,0.45,76.7,168161435,1.02,0.45,3886415,0.5,2756390,12607855
2026-04-13T13:54:44.040,NF,NIFTY13APR2624200CE,0.45,3.7,7.05,0.45,76.7,168209210,1.02,0.45,3859375,0.5,2814630,12607855
2026-04-13T13:54:45.626,NF,NIFTY13APR2624200CE,0.5,3.7,7.05,0.45,76.7,168374830,1.02,0.45,3917290,0.5,2822820,12607855
2026-04-13T13:54:47.233,NF,NIFTY13APR2624200CE,0.45,3.7,7.05,0.45,76.7,168421890,1.02,0.45,3802175,0.5,2816320,12607855
2026-04-13T13:54:49.032,NF,NIFTY13APR2624200CE,0.45,3.7,7.05,0.45,76.7,168473890,1.02,0.45,3782480,0.5,2814890,12607855
2026-04-13T13:54:50.650,NF,NIFTY13APR2624200CE,0.45,3.7,7.05,0.45,76.7,168505675,1.02,0.45,3805815,0.5,2816320,12607855
2026-04-13T13:54:52.258,NF,NIFTY13APR2624200CE,0.45,3.7,7.05,0.45,76.7,168575290,1.02,0.45,3750630,0.5,2828930,12607855
2026-04-13T13:54:54.042,NF,NIFTY13APR2624200CE,0.5,3.7,7.05,0.45,76.7,168658295,1.02,0.45,3798795,0.5,2766465,12607855
2026-04-13T13:54:55.644,NF,NIFTY13APR2624200CE,0.5,3.7,7.05,0.45,76.7,169081835,1.01,0.45,3767985,0.5,1449045,12607855
2026-04-13T13:54:57.246,NF,NIFTY13APR2624200CE,0.45,3.7,7.05,0.45,76.7,169558675,1.01,0.45,3861585,0.5,1518140,12607855
2026-04-13T13:54:59.048,NF,NIFTY13APR2624200CE,0.45,3.7,7.05,0.45,76.7,169712660,1.01,0.45,3910790,0.5,1754545,12607855
2026-04-13T13:55:00.653,NF,NIFTY13APR2624200CE,0.45,3.7,7.05,0.45,76.7,169716040,1.01,0.45,4047290,0.5,1891695,12607855
2026-04-13T13:55:02.275,NF,NIFTY13APR2624200CE,0.5,3.7,7.05,0.45,76.7,169720590,1.01,0.45,3996850,0.5,2237040,12607855
2026-04-13T13:55:04.068,NF,NIFTY13APR2624200CE,0.5,3.7,7.05,0.45,76.7,169724685,1.01,0.45,4011800,0.5,2646345,12607855
2026-04-13T13:55:05.676,NF,NIFTY13APR2624200CE,0.5,3.7,7.05,0.45,76.7,169753740,1.01,0.45,4017910,0.5,2672670,12607855
2026-04-13T13:55:07.263,NF,NIFTY13APR2624200CE,0.45,3.7,7.05,0.45,76.7,169758095,1.01,0.45,4057105,0.5,2704845,12607855
2026-04-13T13:55:09.066,NF,NIFTY13APR2624200CE,0.45,3.7,7.05,0.45,76.7,169772200,1.01,0.45,3965065,0.5,2701010,12607855
2026-04-13T13:55:10.668,NF,NIFTY13APR2624200CE,0.45,3.7,7.05,0.45,76.7,169798720,1.01,0.45,3949205,0.5,2775565,12607855
2026-04-13T13:55:12.278,NF,NIFTY13APR2624200CE,0.45,3.7,7.05,0.45,76.7,169850655,1.01,0.45,3908645,0.5,2773290,12607855
2026-04-13T13:55:14.072,NF,NIFTY13APR2624200CE,0.45,3.7,7.05,0.45,76.7,169897650,1.01,0.45,3899870,0.5,2822690,12607855
2026-04-13T13:55:15.676,NF,NIFTY13APR2624200CE,0.45,3.7,7.05,0.45,76.7,169946010,1.01,0.45,3901495,0.5,2821715,12607855
2026-04-13T13:55:17.279,NF,NIFTY13APR2624200CE,0.45,3.7,7.05,0.45,76.7,169982345,1.01,0.45,3922295,0.5,2826330,12607855
2026-04-13T13:55:19.095,NF,NIFTY13APR2624200CE,0.5,3.7,7.05,0.45,76.7,170006200,1.01,0.45,3988920,0.5,2803710,12607855
2026-04-13T13:55:20.689,NF,NIFTY13APR2624200CE,0.5,3.7,7.05,0.45,76.7,170012960,1.01,0.45,3958955,0.5,2835950,12607855
2026-04-13T13:55:22.301,NF,NIFTY13APR2624200CE,0.45,3.7,7.05,0.45,76.7,170018550,1.01,0.45,3985670,0.5,2969200,12607855
2026-04-13T13:55:24.088,NF,NIFTY13APR2624200CE,0.45,3.7,7.05,0.45,76.7,170019265,1.01,0.45,4112550,0.5,3026920,12607855
2026-04-13T13:55:25.710,NF,NIFTY13APR2624200CE,0.5,3.7,7.05,0.45,76.7,170023880,1.01,0.45,4217915,0.5,3019835,12607855
2026-04-13T13:55:27.323,NF,NIFTY13APR2624200CE,0.45,3.7,7.05,0.45,76.7,170036490,1.01,0.45,4192500,0.5,3131505,12607855
2026-04-13T13:55:29.097,NF,NIFTY13APR2624200CE,0.5,3.7,7.05,0.45,76.7,170108965,1.01,0.45,4374240,0.5,3142100,12607855
2026-04-13T13:55:30.712,NF,NIFTY13APR2624200CE,0.5,3.7,7.05,0.45,76.7,170377675,1.01,0.45,4424745,0.5,2537990,12607855
2026-04-13T13:55:32.308,NF,NIFTY13APR2624200CE,0.5,3.7,7.05,0.45,76.7,170421615,1.01,0.45,4530955,0.5,2331095,12607855
2026-04-13T13:55:34.105,NF,NIFTY13APR2624200CE,0.5,3.7,7.05,0.45,76.7,170435265,1.01,0.45,4475055,0.5,2312245,12607855
2026-04-13T13:55:35.716,NF,NIFTY13APR2624200CE,0.45,3.7,7.05,0.45,76.7,170514825,1.01,0.45,4445545,0.5,2359175,12607855
2026-04-13T13:55:37.319,NF,NIFTY13APR2624200CE,0.5,3.7,7.05,0.45,76.7,170532570,1.01,0.45,4463095,0.5,2357095,12607855
2026-04-13T13:55:38.914,NF,NIFTY13APR2624200CE,0.5,3.7,7.05,0.45,76.7,170541800,1.01,0.45,4503265,0.5,2350985,12607855
2026-04-13T13:55:40.533,NF,NIFTY13APR2624200CE,0.5,3.7,7.05,0.45,76.7,170545310,1.01,0.45,4519645,0.5,2349295,12607855
2026-04-13T13:55:42.327,NF,NIFTY13APR2624200CE,0.45,3.7,7.05,0.45,76.7,170546090,1.01,0.45,4503525,0.5,2380430,12607855
2026-04-13T13:55:43.928,NF,NIFTY13APR2624200CE,0.45,3.7,7.05,0.45,76.7,170551420,1.01,0.45,4472845,0.5,2436265,12607855
2026-04-13T13:55:45.534,NF,NIFTY13APR2624200CE,0.5,3.7,7.05,0.45,76.7,170554540,1.01,0.45,4519775,0.5,2429960,12607855
2026-04-13T13:55:47.332,NF,NIFTY13APR2624200CE,0.5,3.7,7.05,0.45,76.7,170730170,1.01,0.45,4461470,0.5,1803360,12607855
2026-04-13T13:55:48.932,NF,NIFTY13APR2624200CE,0.45,3.7,7.05,0.45,76.7,171101060,1.01,0.45,4359875,0.5,1431495,12607855
2026-04-13T13:55:50.536,NF,NIFTY13APR2624200CE,0.5,3.7,7.05,0.45,76.7,171250625,1.01,0.5,2648880,0.55,3334955,12607855
2026-04-13T13:55:52.336,NF,NIFTY13APR2624200CE,0.5,3.7,7.05,0.45,76.7,171287415,1.01,0.5,3138655,0.55,2761330,12607855
2026-04-13T13:55:53.948,NF,NIFTY13APR2624200CE,0.5,3.7,7.05,0.45,76.7,171293720,1.01,0.5,3166605,0.55,2782520,12607855
2026-04-13T13:55:55.543,NF,NIFTY13APR2624200CE,0.5,3.7,7.05,0.45,76.7,171447770,1.01,0.5,1720095,0.55,2680860,12607855
2026-04-13T13:55:57.347,NF,NIFTY13APR2624200CE,0.5,3.7,7.05,0.45,76.7,171476955,1.01,0.5,2368730,0.55,2574455,12607855
2026-04-13T13:55:58.964,NF,NIFTY13APR2624200CE,0.5,3.7,7.05,0.45,76.7,171499315,1.01,0.5,2354430,0.55,2597725,12607855
2026-04-13T13:56:00.553,NF,NIFTY13APR2624200CE,0.5,3.7,7.05,0.45,76.7,171537405,1.01,0.5,2337530,0.55,2613585,12607855
2026-04-13T13:56:02.157,NF,NIFTY13APR2624200CE,0.55,3.7,7.05,0.45,76.7,171861755,1.01,0.5,786695,0.55,2573155,12607855
2026-04-13T13:56:03.956,NF,NIFTY13APR2624200CE,0.5,3.7,7.05,0.45,76.7,172140995,1.01,0.5,2802865,0.55,3107780,12607855
2026-04-13T13:56:05.571,NF,NIFTY13APR2624200CE,0.5,3.7,7.05,0.45,76.7,172161210,1.01,0.5,2781935,0.55,3144375,12607855
2026-04-13T13:56:07.163,NF,NIFTY13APR2624200CE,0.55,3.7,7.05,0.45,76.7,172228225,1.01,0.5,2750865,0.55,3151135,12607855
2026-04-13T13:56:08.775,NF,NIFTY13APR2624200CE,0.5,3.7,7.05,0.45,76.7,172578770,1.0,0.5,2432170,0.55,3229200,12607855
2026-04-13T13:56:10.599,NF,NIFTY13APR2624200CE,0.5,3.7,7.05,0.45,76.7,172660540,1.0,0.5,2482350,0.55,3029455,12607855
2026-04-13T13:56:12.171,NF,NIFTY13APR2624200CE,0.55,3.7,7.05,0.45,76.7,172662425,1.0,0.5,2493530,0.55,2850900,12607855
2026-04-13T13:56:13.785,NF,NIFTY13APR2624200CE,0.5,3.7,7.05,0.45,76.7,172675100,1.0,0.5,2505100,0.55,2839200,12607855
2026-04-13T13:56:15.574,NF,NIFTY13APR2624200CE,0.55,3.7,7.05,0.45,76.7,172704090,1.0,0.5,2501135,0.55,2873520,12607855
2026-04-13T13:56:17.190,NF,NIFTY13APR2624200CE,0.55,3.7,7.05,0.45,76.7,172835910,1.0,0.5,2376010,0.55,3106025,12607855
2026-04-13T13:56:18.786,NF,NIFTY13APR2624200CE,0.55,3.7,7.05,0.45,76.7,172867500,1.0,0.5,2438410,0.55,3077555,12607855
2026-04-13T13:56:20.589,NF,NIFTY13APR2624200CE,0.5,3.7,7.05,0.45,76.7,172895385,1.0,0.5,2414490,0.55,3121885,12607855
2026-04-13T13:56:22.189,NF,NIFTY13APR2624200CE,0.5,3.7,7.05,0.45,76.7,172984110,1.0,0.5,2297620,0.55,3330795,12607855
2026-04-13T13:56:23.794,NF,NIFTY13APR2624200CE,0.5,3.7,7.05,0.45,76.7,172995355,1.0,0.5,2279875,0.55,3479775,12607855
2026-04-13T13:56:25.592,NF,NIFTY13APR2624200CE,0.5,3.7,7.05,0.45,76.7,173025385,1.0,0.5,2257775,0.55,3617380,12607855
2026-04-13T13:56:27.193,NF,NIFTY13APR2624200CE,0.5,3.7,7.05,0.45,76.7,173086290,1.0,0.5,2188095,0.55,3625375,12607855
2026-04-13T13:56:28.802,NF,NIFTY13APR2624200CE,0.5,3.7,7.05,0.45,76.7,173402515,1.0,0.5,1557790,0.55,3556085,12263810
2026-04-13T13:56:30.598,NF,NIFTY13APR2624200CE,0.45,3.7,7.05,0.45,76.7,173641780,1.0,0.45,4372940,0.5,2468245,12263810
2026-04-13T13:56:32.204,NF,NIFTY13APR2624200CE,0.5,3.7,7.05,0.45,76.7,173672915,1.0,0.45,4448925,0.5,2463890,12263810
2026-04-13T13:56:33.821,NF,NIFTY13APR2624200CE,0.5,3.7,7.05,0.45,76.7,173680065,1.0,0.45,4421560,0.5,2460250,12263810
2026-04-13T13:56:35.608,NF,NIFTY13APR2624200CE,0.45,3.7,7.05,0.45,76.7,173717960,1.0,0.45,4511780,0.5,3194360,12263810
2026-04-13T13:56:37.210,NF,NIFTY13APR2624200CE,0.45,3.7,7.05,0.45,76.7,174233020,1.0,0.45,4487925,0.5,2368990,12263810
2026-04-13T13:56:38.813,NF,NIFTY13APR2624200CE,0.5,3.7,7.05,0.45,76.7,174671640,1.0,0.45,4427345,0.5,2015000,12263810
2026-04-13T13:56:40.423,NF,NIFTY13APR2624200CE,0.5,3.7,7.05,0.45,76.7,174699655,1.0,0.45,4467320,0.5,2013635,12263810
2026-04-13T13:56:42.099,NF,NIFTY13APR2624200CE,0.5,3.7,7.05,0.45,76.7,174854290,1.0,0.45,4428580,0.5,1437410,12263810
2026-04-13T13:56:43.822,NF,NIFTY13APR2624200CE,0.45,3.7,7.05,0.45,76.7,174953220,1.0,0.45,4450745,0.5,1885780,12263810
2026-04-13T13:56:45.424,NF,NIFTY13APR2624200CE,0.45,3.7,7.05,0.45,76.7,174972135,1.0,0.45,4490200,0.5,2028455,12263810
2026-04-13T13:56:47.039,NF,NIFTY13APR2624200CE,0.55,3.7,7.05,0.45,76.7,175690905,1.0,0.5,907075,0.55,3131765,12263810
2026-04-13T13:56:48.637,NF,NIFTY13APR2624200CE,0.55,3.7,7.05,0.45,76.7,175739395,1.0,0.5,2262000,0.55,3148730,12263810
2026-04-13T13:56:50.434,NF,NIFTY13APR2624200CE,0.5,3.7,7.05,0.45,76.7,175758830,1.0,0.5,2331485,0.55,3445390,12263810
2026-04-13T13:56:52.041,NF,NIFTY13APR2624200CE,0.55,3.7,7.05,0.45,76.7,175767150,0.99,0.5,2322970,0.55,3440255,12263810
2026-04-13T13:56:53.638,NF,NIFTY13APR2624200CE,0.55,3.7,7.05,0.45,76.7,175769035,0.99,0.5,2232035,0.55,3435510,12263810
2026-04-13T13:56:55.451,NF,NIFTY13APR2624200CE,0.55,3.7,7.05,0.45,76.7,175806800,0.99,0.5,2259400,0.55,2757170,12263810
2026-04-13T13:56:57.044,NF,NIFTY13APR2624200CE,0.5,3.7,7.05,0.45,76.7,175842550,0.99,0.5,2200120,0.55,2848690,12263810
2026-04-13T13:56:58.650,NF,NIFTY13APR2624200CE,0.55,3.7,7.05,0.45,76.7,175849700,0.99,0.5,2391935,0.55,2832310,12263810
2026-04-13T13:57:00.449,NF,NIFTY13APR2624200CE,0.5,3.7,7.05,0.45,76.7,175879340,0.99,0.5,2285855,0.55,2896140,12263810
2026-04-13T13:57:02.055,NF,NIFTY13APR2624200CE,0.55,3.7,7.05,0.45,76.7,175886360,0.99,0.5,2273960,0.55,2896205,12263810
2026-04-13T13:57:03.656,NF,NIFTY13APR2624200CE,0.5,3.7,7.05,0.45,76.7,175889870,0.99,0.5,2235935,0.55,2896465,12263810
2026-04-13T13:57:05.475,NF,NIFTY13APR2624200CE,0.5,3.7,7.05,0.45,76.7,176112235,0.99,0.5,1630785,0.55,2898155,12263810
2026-04-13T13:57:07.059,NF,NIFTY13APR2624200CE,0.5,3.7,7.05,0.45,76.7,176338305,0.99,0.45,5553015,0.5,1884350,12263810
2026-04-13T13:57:08.664,NF,NIFTY13APR2624200CE,0.5,3.7,7.05,0.45,76.7,176359820,0.99,0.45,5586295,0.5,2228655,12263810
2026-04-13T13:57:10.476,NF,NIFTY13APR2624200CE,0.45,3.7,7.05,0.45,76.7,176870655,0.99,0.45,5732415,0.5,1139515,12263810
2026-04-13T13:57:12.068,NF,NIFTY13APR2624200CE,0.55,3.7,7.05,0.45,76.7,176965685,0.99,0.5,2261285,0.55,3120195,12263810
2026-04-13T13:57:13.671,NF,NIFTY13APR2624200CE,0.5,3.7,7.05,0.45,76.7,176995390,0.99,0.5,2706015,0.55,3027830,12263810
2026-04-13T13:57:15.471,NF,NIFTY13APR2624200CE,0.55,3.7,7.05,0.45,76.7,177045375,0.99,0.5,2898415,0.55,2877550,12263810
2026-04-13T13:57:17.076,NF,NIFTY13APR2624200CE,0.55,3.7,7.05,0.45,76.7,177155615,0.99,0.5,3024320,0.55,2730585,12263810
2026-04-13T13:57:18.685,NF,NIFTY13APR2624200CE,0.5,3.7,7.05,0.45,76.7,177157305,0.99,0.5,3112915,0.55,2752490,12263810
2026-04-13T13:57:20.486,NF,NIFTY13APR2624200CE,0.5,3.7,7.05,0.45,76.7,177183240,0.99,0.5,3131245,0.55,2735330,12263810
2026-04-13T13:57:22.083,NF,NIFTY13APR2624200CE,0.55,3.7,7.05,0.45,76.7,177187595,0.99,0.5,3091790,0.55,2824185,12263810
2026-04-13T13:57:23.688,NF,NIFTY13APR2624200CE,0.55,3.7,7.05,0.45,76.7,177199295,0.99,0.5,3183505,0.55,2750085,12263810
2026-04-13T13:57:25.488,NF,NIFTY13APR2624200CE,0.5,3.7,7.05,0.45,76.7,177223865,0.99,0.5,3102970,0.55,2767830,12263810
2026-04-13T13:57:27.094,NF,NIFTY13APR2624200CE,0.55,3.7,7.05,0.45,76.7,177233290,0.99,0.5,3280875,0.55,2763020,12263810
2026-04-13T13:57:28.708,NF,NIFTY13APR2624200CE,0.5,3.7,7.05,0.45,76.7,177244275,0.99,0.5,3318640,0.55,2746575,12263810
2026-04-13T13:57:30.497,NF,NIFTY13APR2624200CE,0.55,3.7,7.05,0.45,76.7,177259615,0.99,0.5,3325530,0.55,2740205,12263810
2026-04-13T13:57:32.101,NF,NIFTY13APR2624200CE,0.5,3.7,7.05,0.45,76.7,177267935,0.99,0.5,3335475,0.55,2724930,12263810
2026-04-13T13:57:33.708,NF,NIFTY13APR2624200CE,0.55,3.7,7.05,0.45,76.7,177336185,0.99,0.5,3350815,0.55,2664415,12263810
2026-04-13T13:57:35.504,NF,NIFTY13APR2624200CE,0.55,3.7,7.05,0.45,76.7,177420165,0.99,0.5,3408535,0.55,2617290,12263810
2026-04-13T13:57:37.111,NF,NIFTY13APR2624200CE,0.55,3.7,7.05,0.45,76.7,177445385,0.99,0.5,3407430,0.55,2507570,12263810
2026-04-13T13:57:38.712,NF,NIFTY13APR2624200CE,0.55,3.7,7.05,0.45,76.7,177451820,0.99,0.5,3378505,0.55,2504775,12263810
2026-04-13T13:57:40.518,NF,NIFTY13APR2624200CE,0.5,3.7,7.05,0.45,76.7,177481135,0.99,0.5,3386370,0.55,2513290,12263810
2026-04-13T13:57:42.126,NF,NIFTY13APR2624200CE,0.55,3.7,7.05,0.45,76.7,177549060,0.99,0.5,3356340,0.55,2546960,12263810
2026-04-13T13:57:43.722,NF,NIFTY13APR2624200CE,0.5,3.7,7.05,0.45,76.7,177566545,0.99,0.5,3375060,0.55,2567695,12263810
2026-04-13T13:57:45.521,NF,NIFTY13APR2624200CE,0.55,3.7,7.05,0.45,76.7,177618025,0.99,0.5,3368560,0.55,2569255,12263810
2026-04-13T13:57:47.123,NF,NIFTY13APR2624200CE,0.55,3.7,7.05,0.45,76.7,177640515,0.99,0.5,3388580,0.55,2561845,12263810
2026-04-13T13:57:48.732,NF,NIFTY13APR2624200CE,0.55,3.7,7.05,0.45,76.7,177651045,0.99,0.5,3407820,0.55,2534415,12263810
2026-04-13T13:57:50.529,NF,NIFTY13APR2624200CE,0.55,3.7,7.05,0.45,76.7,177663330,0.99,0.5,3404180,0.55,2536755,12263810
2026-04-13T13:57:52.162,NF,NIFTY13APR2624200CE,0.55,3.7,7.05,0.45,76.7,177728460,0.99,0.5,3438890,0.55,2496650,12263810
2026-04-13T13:57:53.768,NF,NIFTY13APR2624200CE,0.55,3.7,7.05,0.45,76.7,177753160,0.99,0.5,3416465,0.55,2491125,12263810
2026-04-13T13:57:55.549,NF,NIFTY13APR2624200CE,0.55,3.7,7.05,0.45,76.7,177784815,0.99,0.5,3416335,0.55,2479230,12263810
2026-04-13T13:57:57.143,NF,NIFTY13APR2624200CE,0.5,3.7,7.05,0.45,76.7,177810165,0.99,0.5,3403855,0.55,2099045,12263810
2026-04-13T13:57:58.756,NF,NIFTY13APR2624200CE,0.55,3.7,7.05,0.45,76.7,177973510,0.99,0.5,3343925,0.55,2210065,12263810
2026-04-13T13:58:00.558,NF,NIFTY13APR2624200CE,0.5,3.7,7.05,0.45,76.7,177997170,0.99,0.5,3311035,0.55,2277990,12263810
2026-04-13T13:58:02.157,NF,NIFTY13APR2624200CE,0.55,3.7,7.05,0.45,76.7,178004970,0.99,0.5,3307655,0.55,2256215,12263810
2026-04-13T13:58:03.756,NF,NIFTY13APR2624200CE,0.5,3.7,7.05,0.45,76.7,178010560,0.99,0.5,3336645,0.55,2226770,12263810
2026-04-13T13:58:05.553,NF,NIFTY13APR2624200CE,0.55,3.7,7.05,0.45,76.7,178020310,0.99,0.5,3373760,0.55,2202850,12263810
2026-04-13T13:58:07.161,NF,NIFTY13APR2624200CE,0.5,3.7,7.05,0.45,76.7,178025250,0.99,0.5,3357900,0.55,2275650,12263810
2026-04-13T13:58:08.765,NF,NIFTY13APR2624200CE,0.55,3.7,7.05,0.45,76.7,178032010,0.99,0.5,3351725,0.55,2209350,12263810
2026-04-13T13:58:10.569,NF,NIFTY13APR2624200CE,0.5,3.7,7.05,0.45,76.7,178292790,0.99,0.5,3466905,0.55,1904630,12263810
2026-04-13T13:58:12.167,NF,NIFTY13APR2624200CE,0.5,3.7,7.05,0.45,76.7,178319310,0.99,0.5,3502590,0.55,1885975,12263810
2026-04-13T13:58:13.771,NF,NIFTY13APR2624200CE,0.55,3.7,7.05,0.45,76.7,178339590,0.99,0.5,3600220,0.55,1866150,12263810
2026-04-13T13:58:15.577,NF,NIFTY13APR2624200CE,0.55,3.7,7.05,0.45,76.7,178377810,0.99,0.5,3652740,0.55,1842165,12263810
2026-04-13T13:58:17.185,NF,NIFTY13APR2624200CE,0.55,3.7,7.05,0.45,76.7,178430005,0.99,0.5,3658200,0.55,1778985,12263810
2026-04-13T13:58:18.778,NF,NIFTY13APR2624200CE,0.55,3.7,7.05,0.45,76.7,178468940,0.99,0.5,3672500,0.55,1753050,12263810
2026-04-13T13:58:20.588,NF,NIFTY13APR2624200CE,0.55,3.7,7.05,0.45,76.7,178583340,0.99,0.55,1531270,0.6,2603770,12263810
2026-04-13T13:58:22.211,NF,NIFTY13APR2624200CE,0.6,3.7,7.05,0.45,76.7,178611680,0.99,0.55,1989845,0.6,2085330,12263810
2026-04-13T13:58:23.787,NF,NIFTY13APR2624200CE,0.6,3.7,7.05,0.45,76.7,178630270,0.99,0.55,1993225,0.6,2096445,12263810
2026-04-13T13:58:25.595,NF,NIFTY13APR2624200CE,0.6,3.7,7.05,0.45,76.7,178654710,0.99,0.55,2052180,0.6,2063035,12263810
2026-04-13T13:58:27.208,NF,NIFTY13APR2624200CE,0.6,3.7,7.05,0.45,76.7,178712690,0.99,0.55,2038400,0.6,2037815,12263810
2026-04-13T13:58:28.802,NF,NIFTY13APR2624200CE,0.6,3.7,7.05,0.45,76.7,178743565,0.99,0.55,2044965,0.6,2080260,12263810
2026-04-13T13:58:30.609,NF,NIFTY13APR2624200CE,0.55,3.7,7.05,0.45,76.7,178941815,0.99,0.55,1732965,0.6,2099110,12263810
2026-04-13T13:58:32.206,NF,NIFTY13APR2624200CE,0.6,3.7,7.05,0.45,76.7,179060180,0.99,0.55,1372735,0.6,2074410,12263810
2026-04-13T13:58:33.809,NF,NIFTY13APR2624200CE,0.55,3.7,7.05,0.45,76.7,179114715,0.99,0.55,1557270,0.6,2079870,12263810
2026-04-13T13:58:35.610,NF,NIFTY13APR2624200CE,0.55,3.7,7.05,0.45,76.7,179134475,0.99,0.55,1465490,0.6,2082145,12263810
2026-04-13T13:58:37.213,NF,NIFTY13APR2624200CE,0.55,3.7,7.05,0.45,76.7,179151635,0.99,0.55,1403155,0.6,2094690,12263810
2026-04-13T13:58:39.018,NF,NIFTY13APR2624200CE,0.5,3.7,7.05,0.45,76.7,179371140,0.99,0.5,3994250,0.55,2076815,12263810
2026-04-13T13:58:40.612,NF,NIFTY13APR2624200CE,0.5,3.7,7.05,0.45,76.7,179373155,0.99,0.5,4003675,0.55,2143700,12263810
2026-04-13T13:58:42.216,NF,NIFTY13APR2624200CE,0.5,3.7,7.05,0.45,76.7,179381540,0.99,0.5,4003285,0.55,2045810,12263810
2026-04-13T13:58:44.017,NF,NIFTY13APR2624200CE,0.55,3.7,7.05,0.45,76.7,179874760,0.98,0.55,1721850,0.6,2318420,12263810
2026-04-13T13:58:45.622,NF,NIFTY13APR2624200CE,0.55,3.7,7.05,0.45,76.7,179883145,0.98,0.55,1889875,0.6,2311335,12263810
2026-04-13T13:58:47.233,NF,NIFTY13APR2624200CE,0.55,3.7,7.05,0.45,76.7,179887500,0.98,0.55,2179515,0.6,2322060,12263810
2026-04-13T13:58:48.827,NF,NIFTY13APR2624200CE,0.6,3.7,7.05,0.45,76.7,179888670,0.98,0.55,2160535,0.6,2627755,12263810
2026-04-13T13:58:50.630,NF,NIFTY13APR2624200CE,0.6,3.7,7.05,0.45,76.7,180287965,0.98,0.55,1765335,0.6,2629315,12263810
2026-04-13T13:58:52.235,NF,NIFTY13APR2624200CE,0.6,3.7,7.05,0.45,76.7,180358035,0.98,0.55,1827605,0.6,2602795,12263810
2026-04-13T13:58:53.843,NF,NIFTY13APR2624200CE,0.55,3.7,7.05,0.45,76.7,180362520,0.98,0.55,1789515,0.6,2617290,12263810
2026-04-13T13:58:55.636,NF,NIFTY13APR2624200CE,0.55,3.7,7.05,0.45,76.7,180504025,0.98,0.5,4319185,0.55,1430130,12263810
2026-04-13T13:58:57.250,NF,NIFTY13APR2624200CE,0.5,3.7,7.05,0.45,76.7,180765325,0.98,0.5,4287790,0.55,1685060,12263810
2026-04-13T13:58:58.854,NF,NIFTY13APR2624200CE,0.5,3.7,7.05,0.45,76.7,180777220,0.98,0.5,4290910,0.55,1872260,12263810
2026-04-13T13:59:00.645,NF,NIFTY13APR2624200CE,0.55,3.7,7.05,0.45,76.7,180855415,0.98,0.5,4273425,0.55,2006160,12263810
2026-04-13T13:59:02.251,NF,NIFTY13APR2624200CE,0.55,3.7,7.05,0.45,76.7,180856520,0.98,0.5,4274855,0.55,2011880,12263810
2026-04-13T13:59:03.894,NF,NIFTY13APR2624200CE,0.55,3.7,7.05,0.45,76.7,180863475,0.98,0.5,4277975,0.55,1939470,12263810
2026-04-13T13:59:05.654,NF,NIFTY13APR2624200CE,0.55,3.7,7.05,0.45,76.7,180881870,0.98,0.5,4247750,0.55,1923285,12263810
2026-04-13T13:59:07.282,NF,NIFTY13APR2624200CE,0.55,3.7,7.05,0.45,76.7,181029745,0.98,0.55,1601470,0.6,2353780,12263810
2026-04-13T13:59:08.862,NF,NIFTY13APR2624200CE,0.55,3.7,7.05,0.45,76.7,181367940,0.98,0.5,3673085,0.55,1989650,12263810
2026-04-13T13:59:10.662,NF,NIFTY13APR2624200CE,0.55,3.7,7.05,0.45,76.7,181704380,0.98,0.5,3672045,0.55,2081430,12263810
2026-04-13T13:59:12.267,NF,NIFTY13APR2624200CE,0.55,3.7,7.05,0.45,76.7,181743445,0.98,0.5,3744715,0.55,2078375,12263810
2026-04-13T13:59:13.869,NF,NIFTY13APR2624200CE,0.55,3.7,7.05,0.45,76.7,181761125,0.98,0.5,3735940,0.55,2076165,12263810
2026-04-13T13:59:15.673,NF,NIFTY13APR2624200CE,0.55,3.7,7.05,0.45,76.7,181769380,0.98,0.5,3763175,0.55,2101515,12263810
2026-04-13T13:59:17.278,NF,NIFTY13APR2624200CE,0.55,3.7,7.05,0.45,76.7,181846015,0.98,0.5,3765255,0.55,2051010,12263810
2026-04-13T13:59:18.885,NF,NIFTY13APR2624200CE,0.55,3.7,7.05,0.45,76.7,181859470,0.98,0.5,3763435,0.55,2057770,12263810
2026-04-13T13:59:20.485,NF,NIFTY13APR2624200CE,0.55,3.7,7.05,0.45,76.7,181894180,0.98,0.5,3887000,0.55,2031640,12263810
2026-04-13T13:59:22.282,NF,NIFTY13APR2624200CE,0.55,3.7,7.05,0.45,76.7,181927460,0.98,0.5,3915665,0.55,2031120,12263810
2026-04-13T13:59:23.897,NF,NIFTY13APR2624200CE,0.55,3.7,7.05,0.45,76.7,181930580,0.98,0.5,3971240,0.55,2032485,12263810
2026-04-13T13:59:25.531,NF,NIFTY13APR2624200CE,0.55,3.7,7.05,0.45,76.7,181955540,0.98,0.5,3924700,0.55,2055755,12263810
2026-04-13T13:59:27.290,NF,NIFTY13APR2624200CE,0.5,3.7,7.05,0.45,76.7,181983425,0.98,0.5,3916965,0.55,2049385,12263810
2026-04-13T13:59:28.909,NF,NIFTY13APR2624200CE,0.55,3.7,7.05,0.45,76.7,181990640,0.98,0.5,3920020,0.55,2070250,12263810
2026-04-13T13:59:30.511,NF,NIFTY13APR2624200CE,0.55,3.7,7.05,0.45,76.7,182007995,0.98,0.5,3927235,0.55,2056860,11831170
2026-04-13T13:59:32.176,NF,NIFTY13APR2624200CE,0.55,3.7,7.05,0.45,76.7,182026195,0.98,0.5,3860805,0.55,2050100,11831170
2026-04-13T13:59:33.904,NF,NIFTY13APR2624200CE,0.5,3.7,7.05,0.45,76.7,182028080,0.98,0.5,3854240,0.55,2074215,11831170
2026-04-13T13:59:35.506,NF,NIFTY13APR2624200CE,0.55,3.7,7.05,0.45,76.7,182040755,0.98,0.5,3859570,0.55,2073045,11831170
2026-04-13T13:59:37.118,NF,NIFTY13APR2624200CE,0.55,3.7,7.05,0.45,76.7,182068575,0.98,0.5,3945825,0.55,2104570,11831170
2026-04-13T13:59:38.728,NF,NIFTY13APR2624200CE,0.5,3.7,7.05,0.45,76.7,182074295,0.98,0.5,3841890,0.55,2292615,11831170
2026-04-13T13:59:40.340,NF,NIFTY13APR2624200CE,0.55,3.7,7.05,0.45,76.7,182079885,0.98,0.5,3792815,0.55,2332590,11831170
2026-04-13T13:59:42.117,NF,NIFTY13APR2624200CE,0.55,3.7,7.05,0.45,76.7,182132860,0.98,0.5,3674905,0.55,2331810,11831170
2026-04-13T13:59:43.721,NF,NIFTY13APR2624200CE,0.55,3.7,7.05,0.45,76.7,182136240,0.98,0.5,3758690,0.55,2323685,11831170
2026-04-13T13:59:45.334,NF,NIFTY13APR2624200CE,0.55,3.7,7.05,0.45,76.7,182139945,0.98,0.5,3783650,0.55,2110680,11831170
2026-04-13T13:59:47.124,NF,NIFTY13APR2624200CE,0.5,3.7,7.05,0.45,76.7,182186810,0.98,0.5,3775785,0.55,2079415,11831170
2026-04-13T13:59:48.735,NF,NIFTY13APR2624200CE,0.55,3.7,7.05,0.45,76.7,182187590,0.98,0.5,3766815,0.55,2081625,11831170
2026-04-13T13:59:50.345,NF,NIFTY13APR2624200CE,0.55,3.7,7.05,0.45,76.7,182207480,0.98,0.5,3810105,0.55,2058420,11831170
2026-04-13T13:59:52.137,NF,NIFTY13APR2624200CE,0.55,3.7,7.05,0.45,76.7,182248820,0.98,0.5,3867825,0.55,2010255,11831170
2026-04-13T13:59:53.737,NF,NIFTY13APR2624200CE,0.55,3.7,7.05,0.45,76.7,182253695,0.98,0.5,3887000,0.55,2008110,11831170
2026-04-13T13:59:55.340,NF,NIFTY13APR2624200CE,0.55,3.7,7.05,0.45,76.7,182259220,0.98,0.5,3885440,0.55,2002455,11831170
2026-04-13T13:59:57.157,NF,NIFTY13APR2624200CE,0.5,3.7,7.05,0.45,76.7,182294970,0.98,0.5,3813680,0.55,1975480,11831170
2026-04-13T13:59:58.765,NF,NIFTY13APR2624200CE,0.55,3.7,7.05,0.45,76.7,182297245,0.98,0.5,3795350,0.55,1994980,11831170
2026-04-13T14:00:00.373,NF,NIFTY13APR2624200CE,0.55,3.7,7.05,0.45,76.7,182302835,0.98,0.5,3810170,0.55,1994135,11831170
2026-04-13T14:00:02.162,NF,NIFTY13APR2624200CE,0.5,3.7,7.05,0.45,76.7,182309985,0.98,0.5,3764800,0.55,1991145,11831170
2026-04-13T14:00:03.765,NF,NIFTY13APR2624200CE,0.55,3.7,7.05,0.45,76.7,182312260,0.98,0.5,3768895,0.55,1989130,11831170
2026-04-13T14:00:05.360,NF,NIFTY13APR2624200CE,0.55,3.7,7.05,0.45,76.7,182317720,0.98,0.5,3780660,0.55,1984710,11831170
2026-04-13T14:00:06.957,NF,NIFTY13APR2624200CE,0.55,3.7,7.05,0.45,76.7,182328055,0.98,0.5,3833700,0.55,1954225,11831170
2026-04-13T14:00:08.759,NF,NIFTY13APR2624200CE,0.55,3.7,7.05,0.45,76.7,182766220,0.98,0.5,4429945,0.55,1854710,11831170
2026-04-13T14:00:10.367,NF,NIFTY13APR2624200CE,0.55,3.7,7.05,0.45,76.7,182910195,0.98,0.55,1971840,0.6,2570685,11831170
2026-04-13T14:00:11.969,NF,NIFTY13APR2624200CE,0.55,3.7,7.05,0.45,76.7,182917085,0.98,0.55,1998295,0.6,2294565,11831170
2026-04-13T14:00:13.772,NF,NIFTY13APR2624200CE,0.55,3.7,7.05,0.45,76.7,183049490,0.98,0.55,2046525,0.6,2283840,11831170
2026-04-13T14:00:15.384,NF,NIFTY13APR2624200CE,0.55,3.7,7.05,0.45,76.7,183070290,0.98,0.55,2117115,0.6,2380235,11831170
2026-04-13T14:00:16.976,NF,NIFTY13APR2624200CE,0.6,3.7,7.05,0.45,76.7,183077895,0.98,0.55,2185560,0.6,2380365,11831170
2026-04-13T14:00:18.779,NF,NIFTY13APR2624200CE,0.55,3.7,7.05,0.45,76.7,183490840,0.98,0.55,2228395,0.6,1519505,11831170
2026-04-13T14:00:20.414,NF,NIFTY13APR2624200CE,0.55,3.7,7.05,0.45,76.7,183565525,0.98,0.55,2184845,0.6,1705340,11831170
2026-04-13T14:00:21.991,NF,NIFTY13APR2624200CE,0.55,3.7,7.05,0.45,76.7,183611545,0.98,0.55,2208635,0.6,1715350,11831170
2026-04-13T14:00:23.802,NF,NIFTY13APR2624200CE,0.5,3.7,7.05,0.45,76.7,183968460,0.97,0.5,4048135,0.55,1923285,11831170
2026-04-13T14:00:25.393,NF,NIFTY13APR2624200CE,0.55,3.7,7.05,0.45,76.7,183976780,0.97,0.5,4056455,0.55,1917500,11831170
2026-04-13T14:00:27.000,NF,NIFTY13APR2624200CE,0.5,3.7,7.05,0.45,76.7,183994005,0.97,0.5,4056585,0.55,2017665,11831170
2026-04-13T14:00:28.799,NF,NIFTY13APR2624200CE,0.55,3.7,7.05,0.45,76.7,184100800,0.97,0.5,3905785,0.55,2040935,11831170
2026-04-13T14:00:30.402,NF,NIFTY13APR2624200CE,0.55,3.7,7.05,0.45,76.7,184109445,0.97,0.5,3916120,0.55,2032615,11831170
2026-04-13T14:00:32.004,NF,NIFTY13APR2624200CE,0.5,3.7,7.05,0.45,76.7,184163590,0.97,0.5,3955640,0.55,2001675,11831170
2026-04-13T14:00:33.807,NF,NIFTY13APR2624200CE,0.5,3.7,7.05,0.45,76.7,184227225,0.97,0.5,3958565,0.55,1961245,11831170
2026-04-13T14:00:35.419,NF,NIFTY13APR2624200CE,0.55,3.7,7.05,0.45,76.7,184234700,0.97,0.5,4016285,0.55,1948050,11831170
2026-04-13T14:00:37.008,NF,NIFTY13APR2624200CE,0.55,3.7,7.05,0.45,76.7,184263560,0.97,0.5,3982485,0.55,1926275,11831170
2026-04-13T14:00:40.420,NF,NIFTY13APR2624200CE,0.55,3.7,7.05,0.45,76.7,184275910,0.97,0.5,3986905,0.55,1917240,11831170
2026-04-13T14:00:42.020,NF,NIFTY13APR2624200CE,0.55,3.7,7.05,0.45,76.7,184294630,0.97,0.5,3997435,0.55,1897025,11831170
2026-04-13T14:00:43.631,NF,NIFTY13APR2624200CE,0.55,3.7,7.05,0.45,76.7,184294825,0.97,0.5,3986060,0.55,1721070,11831170
2026-04-13T14:00:45.437,NF,NIFTY13APR2624200CE,0.55,3.7,7.05,0.45,76.7,184300740,0.97,0.5,4036630,0.55,1781780,11831170
2026-04-13T14:00:47.030,NF,NIFTY13APR2624200CE,0.55,3.7,7.05,0.45,76.7,184316535,0.97,0.5,3983460,0.55,1767870,11831170
2026-04-13T14:00:48.630,NF,NIFTY13APR2624200CE,0.55,3.7,7.05,0.45,76.7,184320955,0.97,0.5,3963310,0.55,1958580,11831170
2026-04-13T14:00:50.431,NF,NIFTY13APR2624200CE,0.55,3.7,7.05,0.45,76.7,184334605,0.97,0.5,3938090,0.55,1946100,11831170
2026-04-13T14:00:52.038,NF,NIFTY13APR2624200CE,0.55,3.7,7.05,0.45,76.7,184356380,0.97,0.5,3934385,0.55,1924715,11831170
2026-04-13T14:00:53.638,NF,NIFTY13APR2624200CE,0.5,3.7,7.05,0.45,76.7,184357355,0.97,0.5,3932695,0.55,1866670,11831170
2026-04-13T14:00:55.443,NF,NIFTY13APR2624200CE,0.55,3.7,7.05,0.45,76.7,184407470,0.97,0.5,3963180,0.55,1886040,11831170
2026-04-13T14:00:57.045,NF,NIFTY13APR2624200CE,0.55,3.7,7.05,0.45,76.7,184416635,0.97,0.5,4020900,0.55,1877720,11831170
2026-04-13T14:00:58.650,NF,NIFTY13APR2624200CE,0.55,3.7,7.05,0.45,76.7,184421640,0.97,0.5,4029155,0.55,1873560,11831170
2026-04-13T14:01:00.449,NF,NIFTY13APR2624200CE,0.5,3.7,7.05,0.45,76.7,184425475,0.97,0.5,4020185,0.55,1869335,11831170
2026-04-13T14:01:02.052,NF,NIFTY13APR2624200CE,0.55,3.7,7.05,0.45,76.7,184433535,0.97,0.5,4036435,0.55,1909375,11831170
2026-04-13T14:01:03.660,NF,NIFTY13APR2624200CE,0.55,3.7,7.05,0.45,76.7,184441010,0.97,0.5,4028440,0.55,1904240,11831170
2026-04-13T14:01:05.485,NF,NIFTY13APR2624200CE,0.55,3.7,7.05,0.45,76.7,184444195,0.97,0.5,4025645,0.55,1907945,11831170
2026-04-13T14:01:07.074,NF,NIFTY13APR2624200CE,0.55,3.7,7.05,0.45,76.7,184458560,0.97,0.5,4167345,0.55,1899170,11831170
2026-04-13T14:01:08.668,NF,NIFTY13APR2624200CE,0.55,3.7,7.05,0.45,76.7,184465580,0.97,0.5,4146415,0.55,1907555,11831170
2026-04-13T14:01:10.482,NF,NIFTY13APR2624200CE,0.5,3.7,7.05,0.45,76.7,184573740,0.97,0.5,4004585,0.55,1906710,11831170
2026-04-13T14:01:12.087,NF,NIFTY13APR2624200CE,0.55,3.7,7.05,0.45,76.7,184613000,0.97,0.5,3960450,0.55,1972685,11831170
2026-04-13T14:01:13.672,NF,NIFTY13APR2624200CE,0.55,3.7,7.05,0.45,76.7,184679235,0.97,0.5,3895125,0.55,2032940,11831170
2026-04-13T14:01:15.478,NF,NIFTY13APR2624200CE,0.5,3.7,7.05,0.45,76.7,184695095,0.97,0.5,3996135,0.55,2016495,11831170
2026-04-13T14:01:17.077,NF,NIFTY13APR2624200CE,0.5,3.7,7.05,0.45,76.7,184738515,0.97,0.5,3885570,0.55,2020850,11831170
2026-04-13T14:01:18.687,NF,NIFTY13APR2624200CE,0.5,3.7,7.05,0.45,76.7,184772315,0.97,0.5,3834415,0.55,2020460,11831170
2026-04-13T14:01:20.480,NF,NIFTY13APR2624200CE,0.55,3.7,7.05,0.45,76.7,184790450,0.97,0.5,3831555,0.55,2002455,11831170
2026-04-13T14:01:22.086,NF,NIFTY13APR2624200CE,0.55,3.7,7.05,0.45,76.7,184797275,0.97,0.5,3833115,0.55,2050620,11831170
2026-04-13T14:01:23.696,NF,NIFTY13APR2624200CE,0.55,3.7,7.05,0.45,76.7,184800330,0.97,0.5,3901170,0.55,2083640,11831170
2026-04-13T14:01:25.489,NF,NIFTY13APR2624200CE,0.55,3.7,7.05,0.45,76.7,184809235,0.97,0.5,3895450,0.55,2085980,11831170
2026-04-13T14:01:27.091,NF,NIFTY13APR2624200CE,0.5,3.7,7.05,0.45,76.7,184812095,0.97,0.5,3831230,0.55,2087150,11831170
2026-04-13T14:01:28.698,NF,NIFTY13APR2624200CE,0.5,3.7,7.05,0.45,76.7,184824640,0.97,0.5,3822260,0.55,2075385,11831170
2026-04-13T14:01:30.495,NF,NIFTY13APR2624200CE,0.55,3.7,7.05,0.45,76.7,184838550,0.97,0.5,3817125,0.55,2064790,11831170
2026-04-13T14:01:32.106,NF,NIFTY13APR2624200CE,0.55,3.7,7.05,0.45,76.7,184844075,0.97,0.5,3803605,0.55,2058550,11831170
2026-04-13T14:01:33.722,NF,NIFTY13APR2624200CE,0.5,3.7,7.05,0.45,76.7,184844725,0.97,0.5,3794960,0.55,2060630,11831170
2026-04-13T14:01:35.500,NF,NIFTY13APR2624200CE,0.55,3.7,7.05,0.45,76.7,184852915,0.97,0.5,3798600,0.55,2052960,11831170
2026-04-13T14:01:37.111,NF,NIFTY13APR2624200CE,0.55,3.7,7.05,0.45,76.7,184857790,0.97,0.5,3786835,0.55,2051855,11831170
2026-04-13T14:01:39.107,NF,NIFTY13APR2624200CE,0.5,3.7,7.05,0.45,76.7,184864030,0.97,0.5,3779880,0.55,2050945,11831170
2026-04-13T14:01:40.712,NF,NIFTY13APR2624200CE,0.55,3.7,7.05,0.45,76.7,184877940,0.97,0.5,3792295,0.55,2033915,11831170
2026-04-13T14:01:42.311,NF,NIFTY13APR2624200CE,0.55,3.7,7.05,0.45,76.7,184878850,0.97,0.5,3780790,0.55,2034630,11831170
2026-04-13T14:01:44.118,NF,NIFTY13APR2624200CE,0.5,3.7,7.05,0.45,76.7,184887105,0.97,0.5,3777150,0.55,2027610,11831170
2026-04-13T14:01:45.731,NF,NIFTY13APR2624200CE,0.55,3.7,7.05,0.45,76.7,184924610,0.97,0.5,3808545,0.55,1990820,11831170
2026-04-13T14:01:47.332,NF,NIFTY13APR2624200CE,0.55,3.7,7.05,0.45,76.7,184933255,0.97,0.5,3809585,0.55,2015195,11831170
2026-04-13T14:01:48.929,NF,NIFTY13APR2624200CE,0.5,3.7,7.05,0.45,76.7,184941315,0.97,0.5,3818620,0.55,2007460,11831170
2026-04-13T14:01:50.524,NF,NIFTY13APR2624200CE,0.55,3.7,7.05,0.45,76.7,184949830,0.97,0.5,3801265,0.55,2001610,11831170
2026-04-13T14:01:52.153,NF,NIFTY13APR2624200CE,0.5,3.7,7.05,0.45,76.7,184962960,0.97,0.5,3791190,0.55,2015065,11831170
2026-04-13T14:01:53.935,NF,NIFTY13APR2624200CE,0.5,3.7,7.05,0.45,76.7,184966925,0.97,0.5,3786380,0.55,1990300,11831170
2026-04-13T14:01:55.532,NF,NIFTY13APR2624200CE,0.55,3.7,7.05,0.45,76.7,184983890,0.97,0.5,3758560,0.55,1973075,11831170
2026-04-13T14:01:57.141,NF,NIFTY13APR2624200CE,0.5,3.7,7.05,0.45,76.7,185164395,0.97,0.5,3233360,0.55,1947530,11831170
2026-04-13T14:01:58.740,NF,NIFTY13APR2624200CE,0.5,3.7,7.05,0.45,76.7,185175120,0.97,0.5,3147690,0.55,1994460,11831170
2026-04-13T14:02:00.551,NF,NIFTY13APR2624200CE,0.5,3.7,7.05,0.45,76.7,185249285,0.97,0.5,3086525,0.55,1990755,11831170
2026-04-13T14:02:02.159,NF,NIFTY13APR2624200CE,0.5,3.7,7.05,0.45,76.7,185253315,0.97,0.5,3083470,0.55,2036190,11831170
2026-04-13T14:02:03.749,NF,NIFTY13APR2624200CE,0.55,3.7,7.05,0.45,76.7,185256955,0.97,0.5,2959580,0.55,2095600,11831170
2026-04-13T14:02:05.372,NF,NIFTY13APR2624200CE,0.55,3.7,7.05,0.45,76.7,185267030,0.97,0.5,2959190,0.55,2094625,11831170
2026-04-13T14:02:06.953,NF,NIFTY13APR2624200CE,0.5,3.7,7.05,0.45,76.7,185268200,0.97,0.5,2868645,0.55,2082340,11831170
2026-04-13T14:02:08.555,NF,NIFTY13APR2624200CE,0.5,3.7,7.05,0.45,76.7,185278990,0.97,0.5,2840240,0.55,2116140,11831170
2026-04-13T14:02:10.160,NF,NIFTY13APR2624200CE,0.5,3.7,7.05,0.45,76.7,185323970,0.97,0.5,2671045,0.55,2248415,11831170
2026-04-13T14:02:11.761,NF,NIFTY13APR2624200CE,0.55,3.7,7.05,0.45,76.7,185395275,0.97,0.5,2651415,0.55,2085720,11831170
2026-04-13T14:02:13.376,NF,NIFTY13APR2624200CE,0.5,3.7,7.05,0.45,76.7,185452995,0.97,0.5,2639000,0.55,2095470,11831170
2026-04-13T14:02:14.965,NF,NIFTY13APR2624200CE,0.55,3.7,7.05,0.45,76.7,185520725,0.97,0.5,2635295,0.55,2003690,11831170
2026-04-13T14:02:16.569,NF,NIFTY13APR2624200CE,0.5,3.7,7.05,0.45,76.7,185562975,0.97,0.5,2609165,0.55,1977495,11831170
2026-04-13T14:02:18.211,NF,NIFTY13APR2624200CE,0.55,3.7,7.05,0.45,76.7,185608345,0.97,0.5,2724540,0.55,1968200,11831170
2026-04-13T14:02:19.997,NF,NIFTY13APR2624200CE,0.55,3.7,7.05,0.45,76.7,185738280,0.97,0.5,2705365,0.55,1838915,11831170
2026-04-13T14:02:21.576,NF,NIFTY13APR2624200CE,0.5,3.7,7.05,0.45,76.7,185833245,0.97,0.5,2737280,0.55,1789710,11831170
2026-04-13T14:02:23.189,NF,NIFTY13APR2624200CE,0.55,3.7,7.05,0.45,76.7,186236700,0.97,0.55,1238315,0.6,2025660,11831170
2026-04-13T14:02:24.792,NF,NIFTY13APR2624200CE,0.55,3.7,7.05,0.45,76.7,186352400,0.97,0.5,2650505,0.55,1545830,11831170
2026-04-13T14:02:26.383,NF,NIFTY13APR2624200CE,0.55,3.7,7.05,0.45,76.7,186560985,0.97,0.55,787345,0.6,2030080,11831170
2026-04-13T14:02:28.034,NF,NIFTY13APR2624200CE,0.55,3.7,7.05,0.45,76.7,186571970,0.97,0.55,781755,0.6,1968525,11831170
2026-04-13T14:02:29.607,NF,NIFTY13APR2624200CE,0.6,3.7,7.05,0.45,76.7,186666415,0.97,0.55,1801540,0.6,1870310,11831170
2026-04-13T14:02:32.994,NF,NIFTY13APR2624200CE,0.6,3.7,7.05,0.45,76.7,186905420,0.97,0.55,1811485,0.6,780325,12003160
2026-04-13T14:02:34.616,NF,NIFTY13APR2624200CE,0.6,3.7,7.05,0.45,76.7,187208515,0.97,0.6,1238185,0.65,1905605,12003160
2026-04-13T14:02:36.198,NF,NIFTY13APR2624200CE,0.65,3.7,7.05,0.45,76.7,187298150,0.97,0.6,1437735,0.65,1893190,12003160
2026-04-13T14:02:38.007,NF,NIFTY13APR2624200CE,0.6,3.7,7.05,0.45,76.7,187346770,0.97,0.6,1402765,0.65,1889225,12003160
2026-04-13T14:02:39.212,NF,NIFTY13APR2624200CE,0.65,3.7,7.05,0.45,76.7,187428865,0.97,0.6,1454960,0.65,1127750,12003160
2026-04-13T14:02:40.805,NF,NIFTY13APR2624200CE,0.65,3.7,7.05,0.45,76.7,187583305,0.97,0.65,2051725,0.7,1439035,12003160
2026-04-13T14:02:42.476,NF,NIFTY13APR2624200CE,0.65,3.7,7.05,0.45,76.7,187672875,0.97,0.65,2380495,0.7,1446055,12003160
2026-04-13T14:02:44.084,NF,NIFTY13APR2624200CE,0.65,3.7,7.05,0.45,76.7,187690945,0.97,0.65,2367170,0.7,1468675,12003160
2026-04-13T14:02:45.611,NF,NIFTY13APR2624200CE,0.7,3.7,7.05,0.45,76.7,187725590,0.97,0.65,2350920,0.7,1488565,12003160
2026-04-13T14:02:47.420,NF,NIFTY13APR2624200CE,0.65,3.7,7.05,0.45,76.7,187753020,0.97,0.65,2387905,0.7,1487460,12003160
2026-04-13T14:02:49.023,NF,NIFTY13APR2624200CE,0.65,3.7,7.05,0.45,76.7,187798195,0.97,0.65,2529735,0.7,1483885,12003160
2026-04-13T14:02:50.622,NF,NIFTY13APR2624200CE,0.65,3.7,7.05,0.45,76.7,187824130,0.97,0.65,2429895,0.7,1523210,12003160
2026-04-13T14:02:52.417,NF,NIFTY13APR2624200CE,0.65,3.7,7.05,0.45,76.7,187841485,0.97,0.65,2004535,0.7,1548690,12003160
2026-04-13T14:02:54.036,NF,NIFTY13APR2624200CE,0.65,3.7,7.05,0.45,76.7,187857995,0.97,0.65,2061735,0.7,1517230,12003160
2026-04-13T14:02:55.635,NF,NIFTY13APR2624200CE,0.65,3.7,7.05,0.45,76.7,187861310,0.97,0.65,2059070,0.7,1510080,12003160
2026-04-13T14:02:57.444,NF,NIFTY13APR2624200CE,0.65,3.7,7.05,0.45,76.7,187882565,0.97,0.65,2240810,0.7,1492205,12003160
2026-04-13T14:02:59.029,NF,NIFTY13APR2624200CE,0.65,3.7,7.05,0.45,76.7,187916105,0.97,0.65,2125695,0.7,1558765,12003160
2026-04-13T14:03:00.640,NF,NIFTY13APR2624200CE,0.65,3.7,7.05,0.45,76.7,187929105,0.97,0.65,2205775,0.7,1541540,12003160
2026-04-13T14:03:02.437,NF,NIFTY13APR2624200CE,0.7,3.7,7.05,0.45,76.7,187934110,0.97,0.65,2207725,0.7,1531400,12003160
2026-04-13T14:03:04.038,NF,NIFTY13APR2624200CE,0.65,3.7,7.05,0.45,76.7,187945550,0.97,0.65,2214745,0.7,1532505,12003160
2026-04-13T14:03:05.636,NF,NIFTY13APR2624200CE,0.7,3.7,7.05,0.45,76.7,187951335,0.97,0.65,2204150,0.7,1529710,12003160
2026-04-13T14:03:07.441,NF,NIFTY13APR2624200CE,0.65,3.7,7.05,0.45,76.7,187957705,0.97,0.65,2184455,0.7,1536730,12003160
2026-04-13T14:03:09.052,NF,NIFTY13APR2624200CE,0.65,3.7,7.05,0.45,76.7,187962580,0.97,0.65,2099175,0.7,1577875,12003160
2026-04-13T14:03:10.658,NF,NIFTY13APR2624200CE,0.65,3.7,7.05,0.45,76.7,188011980,0.97,0.65,2253030,0.7,1506700,12003160
2026-04-13T14:03:12.448,NF,NIFTY13APR2624200CE,0.7,3.7,7.05,0.45,76.7,188023550,0.97,0.65,2249130,0.7,1511380,12003160
2026-04-13T14:03:14.055,NF,NIFTY13APR2624200CE,0.7,3.7,7.05,0.45,76.7,188030505,0.97,0.65,2260180,0.7,1512550,12003160
2026-04-13T14:03:15.655,NF,NIFTY13APR2624200CE,0.65,3.7,7.05,0.45,76.7,188093360,0.97,0.65,2105090,0.7,1538940,12003160
2026-04-13T14:03:17.466,NF,NIFTY13APR2624200CE,0.65,3.7,7.05,0.45,76.7,188125405,0.97,0.65,2076295,0.7,1516255,12003160
2026-04-13T14:03:19.058,NF,NIFTY13APR2624200CE,0.7,3.7,7.05,0.45,76.7,188137885,0.97,0.65,2069665,0.7,1520090,12003160
2026-04-13T14:03:20.663,NF,NIFTY13APR2624200CE,0.7,3.7,7.05,0.45,76.7,188254105,0.97,0.65,2327910,0.7,1195090,12003160
2026-04-13T14:03:22.465,NF,NIFTY13APR2624200CE,0.65,3.7,7.05,0.45,76.7,188261840,0.97,0.65,2316535,0.7,1333735,12003160
2026-04-13T14:03:24.074,NF,NIFTY13APR2624200CE,0.65,3.7,7.05,0.45,76.7,188268795,0.97,0.65,2299635,0.7,1381770,12003160
2026-04-13T14:03:25.677,NF,NIFTY13APR2624200CE,0.65,3.7,7.05,0.45,76.7,188293170,0.97,0.65,2323360,0.7,1398475,12003160
